1 0.34175 0.3996994735576923 0.3385 0.4068369639423077 0.34099999999999997 0.4218632596153846 0.34525 0.42599549278846155 0.357 0.42787377884615385 0.361 0.42036063221153847 0.358 0.40608564903846156 0.34975 0.39894815865384614 0.34175 0.3996994735576923
1 0.2825 0.4511645384615385 0.27325 0.4432757331730769 0.26025 0.44778362019230766 0.2525 0.4714500384615385 0.256 0.47520661057692304 0.26625 0.46806912019230773 0.28325 0.4733283245192308 0.286 0.4654395192307692 0.2825 0.4511645384615385
1 0.481 0.5067618341346154 0.484 0.5097670913461538 0.48700000000000004 0.5067618341346154 0.48750000000000004 0.48347107451923077 0.48275 0.48009015865384613 0.481 0.5067618341346154
1 0.49575 0.48009015865384613 0.49225 0.47933884374999997 0.4905 0.4819684447115385 0.4905 0.5127723509615385 0.49275 0.5154019543269232 0.499 0.5150262956730769 0.50475 0.5123966947115385 0.5065000000000001 0.5037565745192307 0.5015 0.48722764903846155 0.49575 0.48009015865384613
1 0.08324999999999999 0.4169797139423077 0.07225000000000001 0.4207362884615385 0.0665 0.4316303533653846 0.067 0.4436513894230769 0.07625 0.4552967692307692 0.089 0.45792637019230764 0.0925 0.45492111298076926 0.0945 0.4481592788461538 0.0925 0.4271224639423077 0.08324999999999999 0.4169797139423077
1 0.19849999999999998 0.2738542451923077 0.19425 0.2682193846153846 0.18075 0.2667167548076923 0.17350000000000002 0.27761081971153845 0.17250000000000001 0.2843726514423077 0.17575 0.2930127716346154 0.19225 0.3027798653846154 0.2005 0.3031555216346154 0.20400000000000001 0.3009015769230769 0.20400000000000001 0.29263711538461534 0.2 0.28512396634615383 0.19849999999999998 0.2738542451923077
1 0.52175 0.21337340384615383 0.516 0.22426746874999998 0.517 0.22802404326923076 0.538 0.2430503389423077 0.541 0.24004507932692307 0.5395 0.21825694951923078 0.53175 0.21036814423076924 0.52175 0.21337340384615383
1 0.73175 0.2742299014423077 0.7264999999999999 0.28362133653846155 0.728 0.29489106009615385 0.7372500000000001 0.30127723557692304 0.74575 0.3117956418269231 0.7494999999999999 0.3114199855769231 0.752 0.29338843028846157 0.75 0.28136739182692305 0.7412500000000001 0.27272727163461535 0.73175 0.2742299014423077
1 0.81575 0.16078136778846153 0.8037500000000001 0.15702479326923077 0.796 0.16416228365384616 0.79375 0.17806160817307692 0.8200000000000001 0.18895567307692307 0.821 0.18294515384615384 0.8185 0.17843726442307692 0.8190000000000001 0.1701728028846154 0.81575 0.16078136778846153
1 0.95125 0.1472577019230769 0.94125 0.14199849759615385 0.9335 0.1513899326923077 0.9315 0.15890307932692307 0.9315 0.17468069230769231 0.9345 0.17693463461538464 0.9427500000000001 0.17355371875 0.955 0.16265965384615383 0.9555 0.15890307932692307 0.95125 0.1472577019230769
3 0.0955 0.5225394447115385 0.0975 0.5127723509615385 0.0945 0.48948159375 0.09050000000000001 0.4812171298076923 0.08375 0.4763335841346154 0.07875 0.4778362139423077 0.07025 0.46882043509615384 0.06575 0.4703230649038461 0.062000000000000006 0.4782118701923077 0.074 0.4962434254807692 0.0735 0.5195341850961538 0.069 0.5428249447115385 0.0705 0.5661157019230769 0.075 0.5811419975961538 0.07899999999999999 0.5856498870192308 0.082 0.5773854254807692 0.0825 0.5525920360576924 0.087 0.5368144254807692 0.0955 0.5225394447115385
3 0.29700000000000004 0.5097670913461538 0.295 0.5015026298076923 0.29025 0.49586776923076925 0.27875 0.4951164543269231 0.26875 0.51014275 0.2645 0.5127723509615385 0.2555 0.5368144254807692 0.256 0.5525920360576924 0.26075 0.5559729519230769 0.2615 0.5300525913461539 0.264 0.5210368149038461 0.27225 0.5093914350961538 0.27975 0.5056348605769231 0.28325 0.5056348605769231 0.28850000000000003 0.5112697211538462 0.2895 0.5315552211538461 0.2805 0.5540946658653846 0.2765 0.5728775360576923 0.27275 0.5807663413461538 0.26525 0.5852742307692307 0.258 0.5954169807692308 0.2715 0.6164537932692308 0.27725 0.6100676177884615 0.29825 0.60180315625 0.302 0.5954169807692308 0.29700000000000004 0.5097670913461538
3 0.17725000000000002 0.39744552884615386 0.1835 0.3940646129807692 0.185 0.3805409471153846 0.183 0.36551465144230766 0.188 0.34598046634615387 0.186 0.33020285576923075 0.18275 0.32381668028846156 0.17675000000000002 0.32456799278846155 0.17275000000000001 0.3200601057692308 0.165 0.31893313221153846 0.1655 0.33095417067307686 0.16249999999999998 0.34823441105769226 0.165 0.35499624278846154 0.163 0.36326070673076927 0.1595 0.36551465144230766 0.1605 0.37227648317307693 0.1575 0.3775356875 0.15850000000000003 0.38504883653846156 0.15475 0.3861758076923077 0.15325 0.38091660336538463 0.1525 0.38880540865384616 0.157 0.3918106682692307 0.157 0.40308039182692307 0.1595 0.40308039182692307 0.16475 0.39819684375000003 0.16875 0.4027047331730769 0.17124999999999999 0.39444027163461537 0.17725000000000002 0.39744552884615386
3 0.5389999999999999 0.26558978125 0.533 0.2610818942307692 0.5325 0.2903831706730769 0.52875 0.29601803125 0.5205 0.2888805408653846 0.5195 0.27084898557692305 0.513 0.2603305793269231 0.514 0.2535687451923077 0.50625 0.2531930889423077 0.5045000000000001 0.2603305793269231 0.5065000000000001 0.2648384663461539 0.5065000000000001 0.2888805408653846 0.502 0.29789631971153846 0.4985 0.3249436514423077 0.50075 0.3283245673076923 0.50575 0.32907588221153844 0.508 0.3241923365384615 0.5085 0.30540946634615385 0.51375 0.30202855048076926 0.516 0.3256949663461538 0.52025 0.33658903125 0.5275 0.3392186322115384 0.5375 0.3317054855769231 0.537 0.31217130048076924 0.5399999999999999 0.29188580048076923 0.5389999999999999 0.26558978125
3 0.8125 0.26634109615384616 0.8130000000000001 0.25281743028846154 0.81175 0.2464312548076923 0.8037500000000001 0.24793388461538463 0.798 0.24154770913461537 0.8 0.2227648389423077 0.8089999999999999 0.21224643028846155 0.8085 0.20924117307692305 0.80125 0.204357625 0.79825 0.19834710817307694 0.79225 0.19609316346153843 0.78525 0.19984973798076922 0.7825 0.20999248798076925 0.783 0.26784372596153844 0.78425 0.2704733293269231 0.8052499999999999 0.2704733293269231 0.8065 0.27310293028846155 0.8047500000000001 0.27573253125 0.7847500000000001 0.27498121634615386 0.782 0.2821187067307692 0.7815 0.29489106009615385 0.7857500000000001 0.2975206610576923 0.79625 0.2915101418269231 0.801 0.29789631971153846 0.80825 0.29526671634615387 0.8109999999999999 0.29113448557692306 0.8095 0.2723516153846154 0.8125 0.26634109615384616
3 0.9655 0.1957175048076923 0.9597499999999999 0.19083395913461537 0.9590000000000001 0.24981217067307693 0.9595 0.2603305793269231 0.962 0.26558978125 0.9655 0.25281743028846154 0.965 0.23328324519230767 0.969 0.2069872283653846 0.9655 0.1957175048076923
3 0.94975 0.19759579326923077 0.9447500000000001 0.19759579326923077 0.93775 0.19008264423076923 0.93375 0.1923365889423077 0.925 0.21675431971153847 0.9255 0.22501878365384617 0.9297500000000001 0.23290758894230768 0.93475 0.23290758894230768 0.93775 0.224643125 0.9415 0.2257700985576923 0.9425 0.24981217067307693 0.948 0.2535687451923077 0.9444999999999999 0.2595792644230769 0.9495 0.2603305793269231 0.954 0.24680691105769229 0.9555 0.19797144951923076 0.95375 0.18782869951923079 0.94975 0.19759579326923077
2 0.06525 0.7280240432692308 0.05925 0.7272727283653846 0.0555 0.7411720504807692 0.057249999999999995 0.7453042836538462 0.0795 0.744928625 0.08975 0.7407963942307692 0.09050000000000001 0.7314049591346153 0.07075 0.7227648389423076 0.06525 0.7280240432692308
2 0.27449999999999997 0.759954920673077 0.27399999999999997 0.7749812163461538 0.27899999999999997 0.7764838461538462 0.28850000000000003 0.7719759567307692 0.2895 0.7592036057692308 0.28675 0.7528174302884616 0.27449999999999997 0.759954920673077
2 0.24525 0.7580766346153845 0.23925000000000002 0.7513148004807693 0.22675 0.7610818942307692 0.224 0.7659654399038461 0.22675 0.7723516153846154 0.23575000000000002 0.7791134495192308 0.2445 0.780240420673077 0.25175 0.7783621346153846 0.2575 0.7727272716346154 0.25325000000000003 0.7565740048076923 0.24525 0.7580766346153845