1 0.29277637740384616 0.15392923076923076 0.278381875 0.10886638461538461 0.25250938221153846 0.12002964663461538 0.24095043990384615 0.14171075961538462 0.2654563365384615 0.1571317091346154 0.29277637740384616 0.15392923076923076
1 0.39088090384615387 0.25015801682692307 0.37721017307692306 0.20907556490384616 0.3506139086538462 0.2162584326923077 0.3318981899038462 0.23268062019230767 0.33479327884615384 0.2486021875 0.35214239663461544 0.2587642115384615 0.38285988221153844 0.25719610096153844 0.39088090384615387 0.25015801682692307
1 0.23007716346153848 0.3035620480769231 0.20709975240384615 0.3306468798076923 0.22091095432692306 0.35545193269230774 0.24469307692307693 0.36689249038461536 0.3191940625 0.2992135408653846 0.26809189903846153 0.2909754639423077 0.23007716346153848 0.3035620480769231
1 0.3187131225961538 0.3988681322115385 0.28668856009615384 0.3761980600961538 0.24686439423076922 0.37883366586538464 0.24867382211538464 0.38878464663461537 0.2758533942307692 0.4018595673076923 0.3187131225961538 0.3988681322115385
1 0.26735143028846153 0.5085522403846153 0.2713321778846154 0.5304443966346154 0.29814986298076923 0.5415291225961538 0.3254699014423077 0.538326641826923 0.3190964230769231 0.4862257139423077 0.28606714903846153 0.49213005048076924 0.26735143028846153 0.5085522403846153
1 0.36227992548076926 0.6214142572115384 0.3388596850961539 0.6119638966346154 0.3366074278846154 0.5654777259615384 0.2871742235576923 0.5834680288461539 0.2790127259615385 0.6067835072115385 0.29780939182692306 0.6249063125000001 0.3235414134615385 0.6300204495192308 0.36227992548076926 0.6214142572115384
1 0.2859313966346154 0.8153320072115384 0.29222393028846155 0.8328879399038461 0.3295958389423077 0.8508659567307693 0.36031332451923076 0.8492978437500001 0.3683343485576923 0.8422597644230769 0.33486224278846155 0.8116289086538462 0.3442498653846154 0.7780066177884616 0.33673120192307693 0.7707574951923076 0.3031995721153846 0.7909490360576924 0.2859313966346154 0.8153320072115384
1 0.4685618197115385 1 0.48372846394230773 0.9994729663461539 0.48632119471153845 0.9625819447115384 0.444547125 0.9715439687499999 0.44513042788461543 0.9918017596153846 0.45854315625 1 0.4685618197115385 1
2 0.9223086370192307 0.4277123798076923 0.9526642379807692 0.4241540721153846 0.9418886009615384 0.39899318509615384 0.9202777932692308 0.3994938076923077 0.9223086370192307 0.4277123798076923
2 0.8260336658653846 1 0.8552333966346153 0.9965771826923077 0.8571833004807693 0.9902507644230769 0.8557357548076923 0.9822899807692308 0.8516145360576922 0.9766752211538462 0.8425078533653847 0.9777427139423077 0.8367986225961539 0.9804445745192307 0.8371605072115386 0.9824347692307692 0.8112880096153846 0.9935980312499999 0.8123736682692309 0.9995686177884615 0.8118820384615385 1 0.8260336658653846 1
2 0.8199518629807692 0.9559953485576924 0.7910438028846154 0.9675144423076923 0.7958887956730769 0.9771095889423077 0.8360748485576923 0.9764641826923076 0.8331797596153846 0.9605426129807693 0.8290585408653846 0.9549278557692307 0.8199518629807692 0.9559953485576924
2 0.8672946923076924 0.9606088653846154 0.8764013749999999 0.9595413725961539 0.8783512740384616 0.953214954326923 0.8761799567307692 0.9412737788461538 0.8788536322115384 0.9389277500000001 0.8774060889423076 0.9309669687500001 0.8732848701923076 0.9253522091346155 0.8581070697115384 0.9271313653846154 0.8497241610576923 0.93217925 0.8606402740384616 0.9410627355769231 0.8610021586538461 0.9430529326923077 0.8556548125 0.9477449855769231 0.85261925 0.9481008173076924 0.8631734759615385 0.954994108173077 0.8672946923076924 0.9606088653846154