1 0.6591797788461539 0.5755834423076923 0.6480922163461538 0.5954528725961539 0.6292291370192308 0.6348274182692308 0.6296612596153845 0.6385098533653846 0.6468696466346154 0.6422119519230769 0.6634298509615385 0.6403903966346154 0.6669579543269231 0.6418673052884615 0.7097984254807692 0.6352900384615385 0.7239819663461537 0.6132150793269231 0.7216053028846154 0.5929616778846154 0.7033166129807692 0.580053485576923 0.6856761057692308 0.572668951923077 0.6753078629807692 0.570079451923077 0.6653717403846154 0.5711723846153846 0.6591797788461539 0.5755834423076923
1 0.678767483173077 0.685327923076923 0.6725755240384615 0.6897389807692308 0.6714240865384615 0.7085154759615384 0.6683281057692307 0.7107210024038462 0.6521288846153847 0.7442075865384615 0.66292925 0.7504795240384615 0.6697693966346154 0.7515921225961539 0.699577764423077 0.7483133197115385 0.7026737427884615 0.7461077860576922 0.7126098677884615 0.7450148557692308 0.7283058317307692 0.7358284254807692 0.734065670673077 0.7277349278846154 0.7312568870192308 0.7037990889423077 0.7275127235576923 0.7004809663461539 0.7063441153846154 0.6916195216346155 0.6858236850961539 0.6882817355769231 0.678767483173077 0.685327923076923
1 0.6655246322115385 0.8583631225961538 0.6593326730769231 0.8627741802884615 0.66084509375 0.8756627115384615 0.6648053173076923 0.8808220528846153 0.6617093365384614 0.8830275817307692 0.6621414567307693 0.8867100192307693 0.6725097019230769 0.8892995216346153 0.69878996875 0.8845438149038463 0.7080779086538461 0.8779272235576923 0.7074297283653846 0.8724035697115385 0.7105257091346153 0.8701980384615384 0.7067815480769231 0.8668799134615385 0.7059173052884616 0.8595150408653847 0.6953330024038462 0.8550843221153847 0.6655246322115385 0.8583631225961538
2 0.29997755048076924 0.945196451923077 0.3066016298076923 0.9444678293269231 0.3096976105769231 0.9422623004807692 0.3196337355769231 0.9411693677884615 0.31812131250000003 0.9282808365384615 0.3011289855769231 0.9264199567307692 0.29450490384615385 0.9271485793269231 0.29140892307692307 0.929354108173077 0.2924892235576923 0.9385601995192308 0.2964494471153846 0.9437195432692308 0.29997755048076924 0.945196451923077
2 0.21516084375 0.9657158557692308 0.21602508653846153 0.9730807307692307 0.21292910576923077 0.9752862596153846 0.21444153125 0.9881747884615385 0.21134554807692307 0.9903803173076924 0.21508970913461536 0.9936984447115385 0.21534488701923077 0.9958729951923077 0.25047011778846157 0.9950924326923077 0.2682984278846154 0.9897106802884615 0.25332178125 0.9764381754807693 0.23258529326923078 0.9712591730769231 0.22509696875 0.964622920673077 0.2182568269230769 0.9635103269230769 0.21516084375 0.9657158557692308
2 0.12393346394230768 0.9030161250000001 0.1316378485576923 0.9114935937499999 0.1384779879807692 0.9126061899038462 0.14157397115384615 0.9104006610576924 0.17138233894230767 0.9071218581730769 0.14848524759615384 0.8835306682692308 0.1271005769230769 0.8728280072115384 0.12047649759615385 0.8735566322115385 0.11759657692307691 0.8776033798076923 0.1195411201923077 0.8941743461538461 0.12306922115384615 0.89565125 0.12393346394230768 0.9030161250000001
2 0.14438010096153847 0.8485475192307692 0.14805312740384616 0.8798482331730769 0.15158123076923077 0.8813251394230769 0.1681414326923077 0.8795035817307693 0.17080529326923077 0.8736156153846154 0.17721331730769233 0.8710457764423077 0.17613301201923076 0.8618396826923077 0.15719614423076925 0.8434078389423078 0.15654796153846154 0.8378841826923077 0.14992387740384616 0.8386128052884616 0.14682789903846155 0.8408183341346154 0.14747608173076923 0.8463419903846153 0.14438010096153847 0.8485475192307692
2 0.1752687716346154 0.8544748076923077 0.1759169519230769 0.8599984639423077 0.18650125721153848 0.8644291826923076 0.1867173173076923 0.8662704038461538 0.19643737980769232 0.8633362524038461 0.20262934134615385 0.8589251947115385 0.20219722115384617 0.8552427572115384 0.17994830769230769 0.8371752235576922 0.1733242283653846 0.8379038461538462 0.1746205889423077 0.84895115625 0.1717406682692308 0.8529979038461538 0.1752687716346154 0.8544748076923077
2 0.13350063221153846 0.6128912331730769 0.13566123557692308 0.6313034182692309 0.13918933653846152 0.6327803245192307 0.14379774278846155 0.6434633245192308 0.1506378846153846 0.6445759182692308 0.1537338653846154 0.6423703918269231 0.16698202884615385 0.6409131442307692 0.18311011298076924 0.6354091514423076 0.17936594951923077 0.6320910240384615 0.17871777163461539 0.6265673701923077 0.15423711778846153 0.6180702403846153 0.14653273798076924 0.6095927716346154 0.13659661298076922 0.6106857067307693 0.13350063221153846 0.6128912331730769
2 0.07077463461538461 0.1927094783653846 0.02642173798076923 0.18639821634615383 0.021094021634615382 0.19817414903846153 0.03211044471153846 0.20628730769230771 0.053062992788461535 0.21330752884615387 0.06940713701923076 0.20964475721153847 0.07077463461538461 0.1927094783653846
2 0.09446483413461539 0.2516481274038461 0.05140829807692308 0.25638417548076925 0.056448822115384614 0.2707496105769231 0.09288127403846154 0.2667421875 0.10238527644230769 0.2619668173076923 0.09446483413461539 0.2516481274038461