3 0.0949432596153846 0.2779919110576923 0.10879931730769231 0.32799982451923076 0.10633870673076923 0.34797391826923074 0.17293660576923076 0.4181019663461539 0.1988117932692308 0.42767335576923077 0.2084518701923077 0.40355990384615387 0.24004982692307691 0.4178243581730769 0.2443937980769231 0.4276924134615384 0.2588241298076923 0.42788115625 0.2609068798076923 0.40193746153846155 0.2497196875 0.3573519831730769 0.17697304086538462 0.2438597764423077 0.15980541826923078 0.2297840673076923 0.13317679807692306 0.20827292788461538 0.08568951923076923 0.2026527019230769 0.08821955048076924 0.2844434519230769 0.0949432596153846 0.2779919110576923
0 0.098573125 0.3207471490384615 0.08001722836538461 0.32396839423076923 0.0784789735576923 0.3364518341346154 0.08274436298076923 0.34997384375 0.08602614663461537 0.3504005600961539 0.09105443990384615 0.36374036057692305 0.10304676442307693 0.3596656826923077 0.1013889951923077 0.3309801658653846 0.098573125 0.3207471490384615
1 0.02707610576923077 0.21967962019230772 0.033551622596153845 0.2363089567307692 0.03722142548076923 0.2305867908653846 0.050283115384615384 0.22383204807692308 0.06418857692307692 0.21324060576923076 0.07878783653846154 0.19399894711538462 0.08237676682692308 0.19193127884615385 0.06308775 0.15897581009615386 0.04935120913461539 0.15013685576923078 0.030944615384615386 0.15816813701923077 0.021533100961538463 0.18344115144230771 0.02707610576923077 0.21967962019230772
2 0.3230324471153846 0.6628137427884616 0.31842066105769234 0.700266997596154 0.3266936971153846 0.7094765721153846 0.36644830528846156 0.6818059615384615 0.34523156490384616 0.66310640625 0.3273903894230769 0.6100406682692308 0.3102711057692308 0.6448902139423077 0.3230324471153846 0.6628137427884616
1 0.5725427043269231 0.2548049519230769 0.5761131177884615 0.23032354326923077 0.6099128413461539 0.21316310817307693 0.5884310288461538 0.15286042067307692 0.5588860408653846 0.14901119471153848 0.5414506009615384 0.18225679567307693 0.5460028221153845 0.21752138221153847 0.5725427043269231 0.2548049519230769
2 0.7408267764423078 0.7617078605769231 0.7147034014423077 0.7752173461538461 0.7191366033653845 0.8159631249999999 0.7255484326923077 0.818066951923077 0.7522371153846154 0.8135104062499999 0.7567149927884615 0.7997178100961538 0.7408267764423078 0.7617078605769231
2 0.7306363990384616 0.6187344326923078 0.7248791105769231 0.6564612692307693 0.745319548076923 0.7297358028846154 0.7581431971153846 0.7339434519230769 0.7691519206730769 0.7167734855769231 0.7559117620192308 0.6617727836538462 0.7306363990384616 0.6187344326923078
1 0.8084416706730769 0.009435115384615386 0.7749989975961539 0.010151966346153847 0.7660432427884616 0.03773715865384615 0.7686466225961539 0.07528478365384615 0.7835083557692308 0.10808711778846154 0.7846836370192308 0.07145461538461538 0.8110301586538462 0.06516219951923077 0.8164155024038462 0.06205841105769231 0.8269481538461538 0.06681322596153846 0.8084416706730769 0.009435115384615386
2 0.8443086971153846 0.6842828509615385 0.8756984014423076 0.6731507740384616 0.8706254927884616 0.6443721129807692 0.8712800913461538 0.61422553125 0.8609705793269231 0.61668778125 0.8418392259615385 0.6230745697115385 0.8474774375 0.6608061730769231 0.8443086971153846 0.6842828509615385
2 0.2531410769230769 0.65461965625 0.24262331490384614 0.6316853798076922 0.21937113701923078 0.6354211778846154 0.21981742307692306 0.6498553125 0.21898430048076925 0.6882236875000001 0.2543758125 0.685223798076923 0.2531410769230769 0.65461965625
0 0.5885423245192307 0.5063551562499999 0.5811784134615384 0.47812365865384615 0.5762616947115384 0.4683923918269231 0.5666365072115385 0.47432638461538457 0.5644942524038462 0.5030106754807693 0.5611023653846154 0.5192702884615384 0.5719548437499999 0.5530301658653847 0.5949764326923077 0.55116703125 0.5988294951923077 0.53116209375 0.6011874543269231 0.5187846033653846 0.5885423245192307 0.5063551562499999
0 0.7417494663461538 0.3343537644230769 0.7454091153846154 0.34075008173076926 0.7543350865384616 0.3495238076923077 0.7566260889423078 0.34897663942307694 0.7630528052884615 0.3329010072115385 0.7699258100961538 0.33125950721153846 0.7715324903846154 0.32724059855769233 0.7681108774038462 0.30988188942307693 0.7697175576923077 0.3058629807692308 0.7665339831730769 0.27754187740384617 0.76355865625 0.2746173004807692 0.7406486394230769 0.2800889663461538 0.7390419591346155 0.2841078774038462 0.7383278557692308 0.31699505528846156 0.7417494663461538 0.3343537644230769
0 0.9247618028846154 0.3379017403846154 0.9295520600961538 0.3622039326923077 0.9368713533653845 0.3749965673076923 0.9437443581730769 0.3733550697115385 0.9485643966346153 0.36129834375 0.9508553990384615 0.3607511754807692 0.9533844350961539 0.3492416153846154 0.945856889423077 0.3110524543269231 0.9428815673076923 0.3081278774038462 0.9337175576923078 0.31031654567307687 0.9321108774038461 0.31433545673076924 0.9229468701923077 0.31652412259615387 0.9176805432692308 0.3141467115384616 0.9174425096153846 0.32510910576923074 0.9247618028846154 0.3379017403846154
0 0.9730215312499999 0.42452560576923076 0.97073053125 0.4250727716346154 0.9714148533653847 0.42854451201923077 0.9737058557692309 0.42799734615384616 0.9730215312499999 0.42452560576923076
3 0.5531732043269231 0.41210861298076923 0.5817577764423076 0.47019509615384614 0.5865825216346153 0.37297223317307693 0.6129177259615385 0.45963772355769233 0.6435635408653847 0.5177517475961538 0.7177979615384615 0.49275176201923077 0.7180657788461539 0.4454304495192308 0.7400534399038462 0.44744943509615387 0.7195237692307692 0.3432971730769231 0.6632604254807692 0.24040893509615383 0.6156254519230769 0.22997464903846154 0.5706979903846153 0.26978625 0.5695375985576923 0.28823929567307693 0.5521104375 0.31109720913461536 0.5531732043269231 0.41210861298076923
3 0.7545137764423077 0.13137029086538463 0.7397560649038462 0.25122069951923076 0.7399643173076923 0.2766172259615385 0.7548409374999999 0.29124010576923076 0.7649273028846154 0.2815607860576923 0.7882446298076923 0.2572961057692308 0.7945585336538462 0.3414766177884615 0.8133952860576923 0.39358118028846156 0.90161375 0.35433580048076924 0.9023278533653846 0.321448625 0.9149432548076923 0.3002597451923077 0.9428815673076923 0.3081278774038462 0.9250891850961539 0.21786259134615385 0.8997096899038461 0.16212597596153847 0.8718011634615385 0.11789892307692308 0.8246422620192307 0.08553985576923077 0.8049456009615384 0.08297370432692307 0.7545137764423077 0.13137029086538463