1 0.6650670697115384 0.9028364519230769 0.6716858774038462 0.8762724278846155 0.663610985576923 0.8076975288461538 0.659707201923077 0.7956442692307693 0.6546639423076923 0.7901442427884615 0.6473417379807693 0.7977506995192307 0.6496453293269231 0.8132561105769232 0.6432445600961538 0.8270647331730768 0.5933466274038461 0.8610012572115384 0.5690764158653846 0.8683151995192309 0.5725194807692308 0.8772673774038461 0.5796236514423077 0.882416329326923 0.6011788389423077 0.913719670673077 0.6213518701923076 0.9357197644230768 0.6300562307692308 0.9374165600961538 0.6460828004807693 0.9315069038461539 0.6550051971153846 0.920448295673077 0.6650670697115384 0.9028364519230769
1 0.8226879014423076 0.6979304230769231 0.8302527908653846 0.7061804591346154 0.8506438605769231 0.7154251466346153 0.8650702331730769 0.7129676442307692 0.8797146490384615 0.6977547403846154 0.8845152259615384 0.6873982740384614 0.8847332620192307 0.6746428725961539 0.8822116346153847 0.6718928605769231 0.8773864110576923 0.6536374326923077 0.8659177403846154 0.6333341394230769 0.8558312259615384 0.6223340913461539 0.8480483004807693 0.6268394615384616 0.8466907884615384 0.6461481057692308 0.8318283389423077 0.6741164134615385 0.8240454134615385 0.6786217836538462 0.8148803341346155 0.6738239038461539 0.8086976009615385 0.6748771177884615 0.8100797548076923 0.6841803677884616 0.8155837331730769 0.6927814711538461 0.8201662740384615 0.6951804134615384 0.8206269927884615 0.6982814927884615 0.8226879014423076 0.6979304230769231
1 0.8782585625 0.6026158173076923 0.8761976538461538 0.602966889423077 0.8789619615384615 0.6215733846153846 0.894552451923077 0.6411745408653846 0.9037175336538461 0.6459724182692308 0.9222657307692308 0.6428127740384616 0.9295879374999999 0.6352063221153846 0.9359887067307693 0.6213977043269231 0.9366674615384615 0.6117433798076923 0.9343638725961539 0.59623796875 0.9371035384615385 0.5862325745192307 0.9357213822115384 0.5769293245192307 0.9331997524038461 0.5741793149038462 0.9270170192307692 0.5752325288461538 0.9254168293269232 0.5786846826923078 0.9263382668269231 0.5848868485576924 0.9194767764423077 0.5955943870192308 0.9071113125000001 0.5977008173076923 0.9055111201923077 0.60115296875 0.8993283894230769 0.6022061850961539 0.8968067596153847 0.5994561730769231 0.8885631177884614 0.6008604615384615 0.8814589495192308 0.5957115096153847 0.8793980360576923 0.5960625817307692 0.8782585625 0.6026158173076923
1 1 0.4938756682692308 0.9951958293269231 0.4936679783653846 0.9915347211538462 0.4974712067307693 0.9887950576923077 0.5074765985576923 0.9764295937499999 0.5095830264423077 0.9672645120192308 0.5047851490384615 0.9631426923076922 0.5054872908653846 0.961542497596154 0.5089394471153846 0.9629246538461539 0.5182426947115385 0.9739326057692307 0.53544490625 0.98355840625 0.5433438677884616 0.9902018557692307 0.5453917403846154 1 0.5437226466346154 1 0.4938756682692308
0 0.35347525721153844 0.4980580096153846 0.35255381971153843 0.49185584134615384 0.3339809807692308 0.4664035961538462 0.2964238677884615 0.4696218028846154 0.2895623798076923 0.48032933894230767 0.2914052548076923 0.4927336706730769 0.29392688221153845 0.4954836802884615 0.2966911923076923 0.5140901826923077 0.32879361298076926 0.5594946490384616 0.3390981682692308 0.5577392908653847 0.34389874519230773 0.5473828269230769 0.34595965625 0.5470317548076923 0.3521177451923077 0.5173666514423076 0.34981415384615383 0.5018612355769231 0.35347525721153844 0.4980580096153846
0 0.4615640528846154 0.48600445192307695 0.4565207932692308 0.48050442788461534 0.45606007451923075 0.47740334615384616 0.44437336778846154 0.46985545432692305 0.40567678125 0.4796268966346154 0.3910323701923077 0.4948398028846154 0.3942573966346154 0.5165473846153846 0.4043439134615384 0.5275474326923077 0.4318391538461538 0.5419410697115384 0.44718696153846155 0.5456857355769231 0.4554306057692308 0.5442814495192307 0.46115262019230774 0.5401271514423077 0.4650317596153846 0.5235685216346154 0.4657105168269231 0.5139141995192308 0.4615640528846154 0.48600445192307695
0 0.6839490192307692 0.4894560120192307 0.6734017836538461 0.47535488461538467 0.6672190504807692 0.4764080985576923 0.6646974206730769 0.4736580889423077 0.6523319591346154 0.47576451682692306 0.650731766826923 0.47921667067307694 0.6424881225961538 0.48062095673076927 0.6408879278846153 0.4840731129807692 0.6438702788461538 0.48992420673076925 0.6466345865384615 0.5085307043269232 0.6500776538461538 0.5174828822115385 0.6645040264423077 0.5150253822115385 0.6832702620192308 0.49911033173076924 0.6848704543269231 0.49565817548076924 0.6839490192307692 0.4894560120192307
0 0.7897342211538461 0.46189703846153846 0.7821693341346154 0.45364700721153844 0.7663608052884616 0.44680125480769234 0.7631604182692308 0.4537055649038461 0.7610995096153845 0.45405663461538465 0.7599600360576922 0.460609875 0.762263625 0.4761152908653846 0.7723501442307692 0.48711533653846156 0.7826546971153847 0.48535997836538464 0.7874552740384615 0.47500351201923074 0.7931772860576923 0.4708492139423077 0.7917951322115384 0.4615459663461538 0.7897342211538461 0.46189703846153846
0 0.8826685985576923 0.4047315192307692 0.8886332932692308 0.4164337091346154 0.8932158341346154 0.41883264903846157 0.9035203870192308 0.41707729086538464 0.9092424014423077 0.41292299519230774 0.9186255192307692 0.40496546875 0.9163219278846154 0.3894600528846154 0.9082963221153846 0.37810893509615384 0.8881479350961539 0.38472073557692305 0.8828866370192308 0.39197611538461535 0.8826685985576923 0.4047315192307692
0 0.9194976682692307 0.35394385336538464 0.9156185288461539 0.37050248557692306 0.9170006826923077 0.379805733173077 0.9195223124999999 0.38255574519230773 0.9458534350961538 0.37489073076923074 0.9474536250000001 0.3714385745192308 0.9446893149038461 0.35283207692307694 0.9412462524038462 0.3438798990384615 0.9396460576923077 0.34733205288461544 0.9288807884615384 0.3459863293269231 0.9194976682692307 0.35394385336538464
2 0.20161822355769232 0.21550867307692306 0.2642721610576923 0.36699355048076926 0.3260748389423077 0.3278495120192308 0.32881450721153843 0.3178441201923077 0.24855845192307693 0.20433294471153846 0.22656718990384617 0.1985404110576923 0.20161822355769232 0.21550867307692306
2 0.5971689807692308 0.24669400240384617 0.5639024375 0.17923087740384616 0.5176409663461539 0.18075228365384616 0.5552966490384615 0.2919816466346154 0.5855561971153846 0.32498178125 0.6331751826923077 0.30415173076923074 0.6278892451923077 0.28279521874999997 0.5971689807692308 0.24669400240384617
2 0.6635295552884616 0.18133700721153845 0.6184075552884616 0.1763051826923077 0.5966589735576924 0.18636913461538462 0.626700485576923 0.23212467788461538 0.67322928125 0.27507164423076924 0.7396391442307693 0.26693843509615384 0.7389357427884615 0.24798086778846157 0.6635295552884616 0.18133700721153845
2 0.828525627403846 0.29631073798076923 0.7925194230769231 0.23885300480769228 0.7799016033653847 0.21626222596153846 0.80123996875 0.21706277403846153 0.8027993341346153 0.20848575480769233 0.781947545673077 0.19613998557692308 0.7423295240384615 0.19970926201923078 0.7852465048076923 0.30368324038461536 0.828525627403846 0.29631073798076923
2 0.8529645913461539 0.21901760576923077 0.8495215264423077 0.21006543028846153 0.8462964951923078 0.18835784615384615 0.819965375 0.19602286298076924 0.8270941899038462 0.22978370432692305 0.8378841033653845 0.25974132211538464 0.8463704254807692 0.27419351923076923 0.8477525817307693 0.2834967692307692 0.861960920673077 0.2937946706730769 0.8827880625 0.27752855048076924 0.8889707956730769 0.2764753365384615 0.8843882572115385 0.2740763966346154 0.8529645913461539 0.21901760576923077
2 0.9008508990384616 0.24265593028846155 0.9185023004807692 0.2619060144230769 0.9306497307692307 0.2725549879807692 0.9372931802884616 0.27460285576923077 0.9475977355769231 0.2728475 0.9533197475961538 0.2686932019230769 0.9775899591346153 0.2613792572115385 0.9771292403846155 0.2582781754807692 0.94917328125 0.2407834519230769 0.9102093725961539 0.20608651923076923 0.8896002668269231 0.2095972331730769 0.8863998798076923 0.21650154567307694 0.8877820360576922 0.22580479326923075 0.893286014423077 0.23440589903846154 0.8978685528846154 0.23680483653846154 0.9008508990384616 0.24265593028846155
2 0.5069496225961538 0.2652422355769231 0.5067069447115384 0.24938575000000002 0.4906557307692308 0.2266835120192308 0.44757 0.19268872115384614 0.40247264663461535 0.21626878365384616 0.4369033004807692 0.30579056009615385 0.46757428125 0.28466799759615385 0.47926099038461534 0.2922158918269231 0.5069496225961538 0.2652422355769231