1 0.113038 0.42514133413461536 0.116184 0.42159466586538463 0.113288 0.41520533413461536 0.113288 0.3984906658653846 0.11257199999999999 0.3770026658653846 0.103616 0.3555146658653846 0.093946 0.3383226658653846 0.07532 0.3306826658653846 0.05132 0.3354586658653846 0.031618 0.358856 0.026604 0.383688 0.024096000000000003 0.4027893341346154 0.031618 0.40422133413461536 0.031978 0.420936 0.040216 0.4228453341346154 0.054186 0.4280986658653846 0.064574 0.414728 0.078902 0.412816 0.089848 0.4147866658653846 0.09972800000000001 0.41998133413461536 0.106988 0.42643200000000003 0.113038 0.42514133413461536
1 0.145668 0.436112 0.14663600000000002 0.45288533413461535 0.147846 0.4667573341346154 0.146878 0.4725653341346154 0.151234 0.4835333341346154 0.159462 0.47449866586538464 0.16914 0.4648213341346154 0.16793 0.4567573341346154 0.18003000000000002 0.4519173341346154 0.18971 0.4554666658653846 0.20302 0.4544986658653846 0.21294 0.450304 0.218264 0.4474026658653846 0.21366600000000002 0.4425626658653846 0.208342 0.42998133413461537 0.200116 0.41256 0.19382400000000002 0.4051413341346154 0.18728999999999998 0.3996586658653846 0.182368 0.3970773341346154 0.168898 0.39869066586538465 0.156316 0.40675466586538456 0.147846 0.4167546658653846 0.145668 0.436112
1 0.222624 0.4559173341346154 0.22119 0.464656 0.21893800000000002 0.47339466586538465 0.218528 0.4777653341346154 0.229384 0.476128 0.24536200000000002 0.47421599999999997 0.26093 0.4755813341346154 0.27506600000000003 0.4753066658653846 0.284078 0.4755813341346154 0.283464 0.4720293341346154 0.27527 0.4687546658653846 0.274656 0.4594693341346154 0.269944 0.44690666586538463 0.261546 0.43379733413461535 0.25499 0.42970133413461536 0.24862 0.42799466586538465 0.23798799999999998 0.4307946658653846 0.22918 0.43926133413461543 0.224672 0.44772533413461535 0.222624 0.4559173341346154
1 0.310524 0.43339200000000005 0.308924 0.4409786658653846 0.306612 0.4509333341346154 0.306612 0.4580453341346154 0.30821200000000004 0.4675253341346154 0.31603600000000004 0.46705066586538463 0.31977 0.46231199999999995 0.33523800000000004 0.46231199999999995 0.350174 0.460416 0.35781999999999997 0.46136266586538466 0.362622 0.45757066586538464 0.36031 0.45140800000000003 0.35533200000000004 0.4376586658653846 0.34981999999999996 0.42770400000000003 0.34306200000000003 0.41893333413461536 0.3388 0.4165626658653846 0.330082 0.41727466586538464 0.323326 0.418696 0.31745799999999996 0.42462133413461534 0.310524 0.43339200000000005
1 0.483216 0.4364453341346154 0.47788200000000003 0.4305173341346154 0.47272600000000004 0.42388266586538464 0.46348 0.42269599999999996 0.451922 0.43288800000000005 0.44285399999999997 0.442608 0.440186 0.45706666586538464 0.440186 0.4696293341346154 0.446766 0.47128800000000004 0.451744 0.4698666658653846 0.46170199999999995 0.4698666658653846 0.47966 0.4698666658653846 0.4906 0.4688293341346154 0.48943800000000004 0.4556453341346154 0.488016 0.4487706658653846 0.483216 0.4364453341346154
1 0.584044 0.4331253341346154 0.57942 0.42814933413461537 0.5696399999999999 0.42554133413461537 0.564306 0.4331253341346154 0.557194 0.44071200000000005 0.5548839999999999 0.45303733413461533 0.556926 0.45790400000000003 0.5584399999999999 0.460384 0.55915 0.45611733413461536 0.571596 0.45682933413461535 0.584222 0.457304 0.5914 0.45656266586538463 0.589556 0.445688 0.587956 0.43857866586538463 0.584044 0.4331253341346154
1 0.6449459999999999 0.41605866586538465 0.6396120000000001 0.4248293341346154 0.637656 0.4286213341346154 0.637834 0.44 0.637834 0.4528 0.6380119999999999 0.4558826658653846 0.647436 0.4528 0.6597040000000001 0.44924533413461537 0.669484 0.44829600000000003 0.67624 0.4430826658653846 0.681396 0.4414213341346154 0.677662 0.42577866586538465 0.67535 0.42459199999999997 0.6716 0.418696 0.6623720000000001 0.4113173341346154 0.657214 0.407288 0.650992 0.40800000000000003 0.6449459999999999 0.41605866586538465
1 0.772612 0.429808 0.771544 0.421984 0.7687 0.415112 0.764966 0.4094213341346154 0.759632 0.402312 0.7537640000000001 0.397808 0.7413179999999999 0.3973333341346154 0.7359840000000001 0.400888 0.727626 0.40894933413461537 0.724426 0.426488 0.7205140000000001 0.4288586658653846 0.719446 0.438104 0.723714 0.438104 0.7406060000000001 0.439288 0.757854 0.43857866586538463 0.770714 0.4421333341346154 0.772434 0.4352586658653846 0.772612 0.429808
1 0.8246899999999999 0.48097866586538457 0.826292 0.4710213341346154 0.8277140000000001 0.45845866586538464 0.826114 0.442104 0.823446 0.4342826658653846 0.8179339999999999 0.4257493341346154 0.808866 0.4198213341346154 0.798554 0.4167413341346154 0.789662 0.41911200000000004 0.7816620000000001 0.427408 0.773482 0.43925866586538465 0.7674380000000001 0.4532453341346154 0.765482 0.45395466586538463 0.7594360000000001 0.4546666658653846 0.755168 0.45940800000000004 0.76228 0.4627253341346154 0.775616 0.46343733413461535 0.7884180000000001 0.463912 0.806022 0.4724453341346154 0.806022 0.4819253341346154 0.815978 0.4952 0.8188 0.48749600000000004 0.82238 0.4888 0.825402 0.4885626658653846 0.8246899999999999 0.48097866586538457
1 0.833736 0.4265013341346154 0.83159 0.43479199999999996 0.8238679999999999 0.4365066658653846 0.828802 0.440224 0.842314 0.442512 0.862046 0.44279733413461536 0.8631200000000001 0.42764266586538463 0.8631200000000001 0.411632 0.863978 0.40591200000000005 0.856042 0.4010533341346154 0.85068 0.39762133413461537 0.85066 0.38957866586538464 0.844674 0.39390400000000003 0.8393120000000001 0.399624 0.8356659999999999 0.410488 0.833736 0.4265013341346154
1 0.853896 0.36674133413461535 0.851108 0.38246666586538464 0.85218 0.39704799999999996 0.8680519999999999 0.4084853341346154 0.893576 0.4079146658653846 0.9118060000000001 0.407056 0.921458 0.430672 0.9557760000000001 0.4300986658653846 0.9744360000000001 0.41408799999999996 0.9688599999999999 0.40693866586538463 0.953416 0.408656 0.929824 0.4066533341346154 0.9278919999999999 0.39836266586538466 0.9399040000000001 0.3955013341346154 0.952558 0.3880693341346154 0.965212 0.3803493341346154 0.9740059999999999 0.37949066586538466 0.9750800000000001 0.36719466586538463 0.9707899999999999 0.3649066658653846 0.962424 0.3426053341346154 0.95363 0.3217333341346154 0.930252 0.299144 0.903442 0.2962853341346154 0.8812979999999999 0.3007973341346154 0.8734139999999999 0.31327200000000005 0.863978 0.32613866586538465 0.8549680000000001 0.3510133341346154 0.853896 0.36674133413461535
2 0.214444 0.9778213341346155 0.21753599999999998 0.9819466658653847 0.23299999999999998 0.98532 0.24396600000000002 0.9838186658653847 0.252682 0.977448 0.253524 0.9665786658653845 0.24256 0.9572080000000001 0.23806 0.954584 0.23356200000000002 0.941464 0.200104 0.9403413341346153 0.19898 0.9590826658653846 0.19841599999999998 0.9688266658653847 0.20629000000000003 0.9703253341346154 0.214444 0.9778213341346155
2 0.239956 0.9427760000000001 0.241782 0.9500746658653847 0.248854 0.9470346658653847 0.255016 0.956464 0.26596800000000004 0.959808 0.282852 0.9567680000000001 0.28559 0.9528133341346153 0.28559 0.9406453341346155 0.27829000000000004 0.9388213341346153 0.26688 0.9324319999999999 0.257168 0.922624 0.25136400000000003 0.930608 0.239728 0.9357786658653846 0.239956 0.9427760000000001
2 0.308344 0.9385173341346154 0.325684 0.9391253341346153 0.330704 0.9379066658653846 0.333442 0.9290853341346155 0.32933599999999996 0.9230026658653846 0.324544 0.9157013341346154 0.321578 0.9053599999999999 0.32112199999999996 0.8992773341346154 0.311538 0.9001893341346154 0.30743 0.9056639999999999 0.301726 0.9120533341346154 0.299444 0.9096186658653846 0.29515199999999997 0.907224 0.297392 0.918136 0.30127000000000004 0.9239146658653846 0.303552 0.9324319999999999 0.308344 0.9385173341346154
2 0.350612 0.9005626658653847 0.36537000000000003 0.901984 0.369638 0.9100453341346154 0.385462 0.9100453341346154 0.39381999999999995 0.909808 0.394708 0.9038826658653847 0.39043999999999995 0.897008 0.380484 0.8939253341346153 0.370704 0.8818373341346154 0.365014 0.886816 0.34901200000000004 0.8884453341346153 0.34299999999999997 0.8821626658653846 0.34118800000000005 0.887288 0.33798799999999996 0.8929786658653847 0.340478 0.9024586658653846 0.350612 0.9005626658653847
2 0.45321 0.912376 0.460204 0.9170373341346154 0.474194 0.915872 0.47485 0.9047999999999999 0.474412 0.8946 0.47178800000000004 0.893144 0.469856 0.8887733341346155 0.45867399999999997 0.897224 0.4484 0.89868 0.449274 0.90888 0.45321 0.912376
2 0.5102599999999999 0.9080053341346154 0.510916 0.9126666658653846 0.519222 0.9135413341346154 0.52884 0.9176213341346154 0.539114 0.915872 0.541736 0.9126666658653846 0.541736 0.904216 0.534304 0.8969306658653846 0.526436 0.8957653341346153 0.5244679999999999 0.8846933341346154 0.520752 0.8846933341346154 0.513758 0.8954746658653847 0.506762 0.9004293341346153 0.497582 0.89868 0.490018 0.8913946658653846 0.49015 0.897224 0.489932 0.90888 0.5028279999999999 0.9080053341346154 0.5102599999999999 0.9080053341346154
2 0.526388 0.8375413341346154 0.5404340000000001 0.8349333341346153 0.544524 0.8287706658653846 0.548792 0.8247413341346154 0.561416 0.8261626658653847 0.5603480000000001 0.8202373341346154 0.547368 0.817392 0.54239 0.815496 0.5382 0.8144293341346154 0.531722 0.8209493341346155 0.526566 0.8254506658653846 0.525676 0.8328 0.526388 0.8375413341346154
2 0.60037 0.8415706658653845 0.6103259999999999 0.8427546658653846 0.612638 0.838488 0.6142380000000001 0.8287706658653846 0.6105039999999999 0.8247413341346154 0.60837 0.819288 0.6069479999999999 0.8145493341346154 0.598058 0.8181039999999999 0.594858 0.827584 0.587746 0.8240293341346153 0.5861999999999999 0.8208293341346155 0.586322 0.8304293341346154 0.59148 0.8294826658653847 0.59628 0.8354079999999999 0.60037 0.8415706658653845
2 0.611542 0.8568880000000001 0.61012 0.8680293341346155 0.61012 0.8725333341346153 0.625944 0.8727706658653845 0.631456 0.864712 0.63199 0.858312 0.639458 0.858312 0.6433700000000001 0.8481173341346153 0.64657 0.8426666658653846 0.646748 0.8395840000000001 0.633946 0.8374506658653846 0.624166 0.8386373341346154 0.620966 0.8341333341346153 0.6216 0.829896 0.619722 0.8348453341346154 0.618298 0.8424293341346154 0.61741 0.8490666658653846 0.611542 0.8568880000000001
2 0.696746 0.8708746658653846 0.701012 0.8746666658653847 0.712214 0.8744293341346154 0.71257 0.8675546658653845 0.712392 0.8552293341346153 0.70777 0.853808 0.7040360000000001 0.8490666658653846 0.7040360000000001 0.8462213341346154 0.7040360000000001 0.843616 0.694256 0.843616 0.694434 0.850016 0.692478 0.8516746658653845 0.688566 0.8526213341346154 0.685544 0.8507253341346155 0.6832 0.849896 0.6837660000000001 0.8585493341346153 0.6887439999999999 0.859496 0.6908779999999999 0.8654213341346153 0.696746 0.8708746658653846
2 0.700052 0.9048586658653845 0.694006 0.9077040000000001 0.69294 0.9145786658653846 0.693652 0.921216 0.710542 0.924296 0.7242339999999999 0.9223999999999999 0.729034 0.9188453341346154 0.736324 0.914816 0.737926 0.9228746658653846 0.748238 0.9228746658653846 0.75126 0.9195546658653846 0.755706 0.914104 0.7525060000000001 0.8958506658653846 0.7386360000000001 0.896088 0.7304579999999999 0.8920586658653846 0.7292 0.8896293341346154 0.7212120000000001 0.8932453341346154 0.716054 0.8986959999999999 0.706986 0.9041493341346154 0.700052 0.9048586658653845
2 0.7437459999999999 0.9656346658653846 0.74448 0.9788479999999999 0.7569619999999999 0.981784 0.777154 0.979336 0.795508 0.979336 0.796242 0.9724853341346154 0.785596 0.9695493341346153 0.776786 0.9617173341346154 0.772748 0.9548666658653846 0.7705460000000001 0.9514426658653845 0.757718 0.9558453341346154 0.749988 0.9602506658653845 0.745582 0.9626986658653846 0.7437459999999999 0.9656346658653846
2 0.73824 0.9426319999999999 0.737872 0.9504613341346153 0.741544 0.956824 0.7496200000000001 0.956824 0.7635700000000001 0.9524213341346154 0.770178 0.9494826658653845 0.775318 0.9411653341346154 0.7800900000000001 0.9411653341346154 0.7808240000000001 0.9303973341346155 0.7808240000000001 0.919632 0.769444 0.9206106658653846 0.75843 0.9235466658653846 0.7573059999999999 0.9134533341346154 0.7569619999999999 0.9181626658653846 0.7540260000000001 0.925504 0.7463160000000001 0.9328453341346153 0.73824 0.9426319999999999