1 0.33824552403846153 0.19294081490384615 0.37626668028846155 0.21248890144230767 0.39228704326923075 0.1979386826923077 0.39405249278846155 0.17004628605769231 0.34939620432692303 0.15990445192307692 0.33688256490384616 0.1667630721153846 0.33824552403846153 0.19294081490384615
1 0.5118800889423076 0.4554880024038462 0.49187277163461535 0.4376058701923077 0.43296157692307696 0.4141218557692307 0.3816701586538462 0.4133862764423077 0.3321200144230769 0.4328514951923077 0.3154691370192308 0.45736328365384615 0.32520849759615383 0.4943355769230769 0.3508421153846154 0.51874996875 0.4141427572115385 0.5205961850961539 0.51074515625 0.4734188269230769 0.5118800889423076 0.4554880024038462
1 0.12551884615384615 0.5480110288461538 0.18596746874999998 0.4994940745192308 0.1505703076923077 0.48620058894230767 0.11729273076923077 0.4871309663461538 0.09713512980769232 0.5193343509615385 0.12551884615384615 0.5480110288461538
1 0.2297220528846154 0.8101489903846153 0.21571935096153846 0.7928221802884615 0.16455403846153846 0.7900942860576923 0.12151291826923077 0.8021455673076924 0.11386895913461538 0.8274903341346154 0.12774556009615384 0.8468094567307692 0.18115655769230768 0.8617688990384615 0.20567942307692308 0.8560209182692307 0.2249542956730769 0.8377637307692307 0.2297220528846154 0.8101489903846153
1 0.11432501442307694 0.9157074783653846 0.11543576682692308 0.9458698485576923 0.15446574999999999 0.9494794206730769 0.1811323798076923 0.9098620985576923 0.17863448798076925 0.9016151826923077 0.14535690865384615 0.9025455552884616 0.11432501442307694 0.9157074783653846
1 0.1297873966346154 0.7668392307692307 0.14028337980769232 0.791857639423077 0.21584545432692306 0.7908298677884615 0.21084967067307694 0.7743360336538461 0.17033062259615386 0.746541033653846 0.15819529326923076 0.7474227115384615 0.1297873966346154 0.7668392307692307
1 0.20302604086538462 0.6593858293269231 0.17275077163461539 0.6605938653846154 0.1716158389423077 0.6785246899038462 0.19538208413461539 0.6847305961538462 0.20302604086538462 0.6593858293269231
1 0.24462645673076924 0.52696271875 0.28640654086538464 0.5348345769230769 0.28829809375 0.5049498629807693 0.2644057451923077 0.5007362740384615 0.24576138942307693 0.5090318894230769 0.24462645673076924 0.52696271875
1 0.2985764591346154 0.9628070697115384 0.2994591850961539 0.9488608725961538 0.27869524759615383 0.9429326274038462 0.2088855769230769 0.9485003461538462 0.2055049591346154 0.9541996322115385 0.2985764591346154 0.9628070697115384
0 0.5109300288461539 0.8521874855769231 0.4916551538461539 0.870444670673077 0.4994010384615385 0.8912007908653846 0.5172887740384615 0.8948590625 0.5667128173076923 0.8773861562499999 0.5374463725961538 0.8626556754807692 0.538076889423077 0.8526941057692308 0.5109300288461539 0.8521874855769231
0 0.44989925240384615 0.8144796129807692 0.5135782067307693 0.8103488870192308 0.49944939903846153 0.795014391826923 0.4630434110576923 0.7976594206730769 0.44439905288461534 0.8059550360576923 0.44989925240384615 0.8144796129807692
0 0.4609238293269231 0.7834355625 0.48231828605769234 0.7794022355769231 0.46556548317307694 0.7578131370192308 0.44729943509615383 0.7601318100961538 0.4312790769230769 0.7746820264423077 0.4609238293269231 0.7834355625
0 0.42393568028846157 0.6998557620192307 0.4477019254807692 0.7060616682692308 0.4660940745192308 0.7017506826923078 0.46773342307692306 0.6758505961538461 0.44696948557692306 0.6699223509615385 0.41919210576923077 0.6793773028846153 0.42393568028846157 0.6998557620192307
0 0.7227445961538461 0.3206829855769231 0.7188595624999999 0.3343515240384616 0.6973390024038462 0.34037716586538463 0.70533709375 0.3571486586538462 0.73722753125 0.3781337403846154 0.7521129615384615 0.3815143485576923 0.7647527043269231 0.37266341586538465 0.7722705600961538 0.34931096394230765 0.7405062259615385 0.32633356971153843 0.7227445961538461 0.3206829855769231
0 0.8121263461538462 0.3618685120192308 0.7662491538461539 0.3423413677884615 0.7673376153846154 0.37056583653846153 0.7532006874999999 0.39004567307692306 0.7886263197115385 0.3982136153846154 0.8056212427884616 0.39183556490384613 0.8152459471153846 0.3853891177884616 0.8175005576923078 0.3788722836538462 0.8121263461538462 0.3618685120192308
2 0.7723345360576922 0.9685456225961538 0.8510250216346154 0.9658031947115385 0.8471641706730769 0.9313785360576923 0.7872441442307692 0.92383303125 0.7658496875 0.9278663581730769 0.7723345360576922 0.9685456225961538
2 0.6062713942307693 0.8249332716346154 0.6067758076923077 0.816964014423077 0.6038996033653846 0.8146940384615384 0.6047823293269231 0.8007478413461538 0.6020322307692307 0.7964855528846153 0.5962798245192308 0.7919456057692307 0.5964059278846153 0.7899532908653846 0.5846489110576922 0.7848580264423077 0.5755158870192308 0.7860173605769231 0.5721352692307693 0.7917166442307693 0.5750114711538461 0.7939866177884615 0.574380954326923 0.8039481899038462 0.5771310552884615 0.8082104783653846 0.5941360649038462 0.8258149471153846 0.6031429831730769 0.8266479254807693 0.6062713942307693 0.8249332716346154
2 0.6008134375 0.7624956129807692 0.590840983173077 0.7810680240384615 0.6062584399038461 0.7874937836538461 0.6125297403846154 0.7955726466346154 0.6239247524038463 0.7941255168269231 0.6249313100961539 0.7782228629807691 0.6181925384615384 0.7656018413461538 0.6008134375 0.7624956129807692
2 0.6395973317307693 0.7278164927884615 0.6606134759615384 0.729760110576923 0.6880125432692308 0.7262821009615384 0.7262859038461538 0.7418455600961539 0.7385473389423077 0.7389715673076923 0.7366799639423077 0.7207630817307693 0.7195488509615384 0.7051509254807692 0.6985327067307693 0.7032073100961539 0.6807710721153846 0.6975567259615385 0.6506219062499999 0.6967724471153847 0.6474934975961539 0.6984871009615384 0.6354842716346153 0.6973764639423077 0.6050828966346153 0.7005768100961538 0.5989521778846154 0.7020138076923076 0.5986999711538462 0.7059984350961539 0.6100786778846155 0.7170706442307692 0.6395973317307693 0.7278164927884615
2 0.6864993004807692 0.7501898725961538 0.6953801153846153 0.7530151658653845 0.6985085264423077 0.7513005096153846 0.7075154471153847 0.7521334879807693 0.7085242740384616 0.7361949735576924 0.6970194639423077 0.7271150817307692 0.6881386490384614 0.7242897884615385 0.6850102379807693 0.7260044423076923 0.6730010120192307 0.7248938052884615 0.6634896778846154 0.7320300841346155 0.6574850624999999 0.7314747644230769 0.6543566562500001 0.7331894206730769 0.6662397764423077 0.7362923701923076 0.6812513076923078 0.7376806682692307 0.6867515072115384 0.7462052427884616 0.6864993004807692 0.7501898725961538
2 1 0.5074532980769231 0.9462056899038462 0.5116871225961538 0.9444402403846154 0.5395795192307692 1 0.5447177980769231 1 0.5074532980769231
2 1 0.3856973245192308 0.9823059062499999 0.37073943509615387 0.9171378918269231 0.3506847283653846 0.9327557596153846 0.39020465625 0.9621483076923076 0.4029428221153846 0.984653516826923 0.4290718653846154 1 0.43307917788461536 1 0.3856973245192308
2 1 0.24517158173076922 0.9428440456730769 0.2308195216346154 0.9300782019230769 0.2416627668269231 0.9313150576923076 0.2698328245192308 1 0.2887179663461538 1 0.24517158173076922