1 0.003802980769230769 0.25670125240384617 0.00545459375 0.3681851514423077 0.014408144230769231 0.37387005048076927 0.05852237980769231 0.3325161177884616 0.1262065625 0.3361652572115385 0.08770006250000001 0.2876069879807692 0.05423452403846153 0.25351354567307693 0.003802980769230769 0.25670125240384617
1 0.25846272596153846 0.3869393581730769 0.23816245913461537 0.39657837259615386 0.23073355528846154 0.41933025240384614 0.24328215865384614 0.46010215144230765 0.2984177379807692 0.42297939182692307 0.2862706346153846 0.4036074134615385 0.25846272596153846 0.3869393581730769
1 0.4383756682692308 0.3160049903846154 0.4175663173076923 0.31346376442307694 0.40498886778846155 0.3309704975961539 0.4026009230769231 0.3681872019230769 0.4565819014423077 0.37420227403846157 0.45186370192307695 0.3320784158653846 0.4383756682692308 0.3160049903846154
1 0.5278086298076923 0.2974968798076923 0.5136750817307693 0.3367415240384615 0.5662075432692307 0.35527482692307694 0.5602560024038461 0.30722984375 0.5434694375 0.2947929591346154 0.5278086298076923 0.2974968798076923
1 0.5685954879807692 0.318058125 0.5702303341346154 0.34537916826923076 0.6417221298076924 0.3575720072115385 0.6268144278846154 0.29573818028846155 0.5872609134615385 0.2810980625 0.5685954879807692 0.318058125
1 0.7973408653846155 0.24789368028846154 0.7734481586538462 0.23054964423076924 0.7512978774038461 0.2313069735576923 0.7115003461538462 0.29338484615384613 0.7772269278846153 0.2973719735576923 0.8101833822115385 0.31928517788461536 0.8111228125000001 0.2945867067307692 0.7973408653846155 0.24789368028846154
1 0.8935073221153846 0.15461417788461537 0.8274291346153846 0.23656471634615384 0.9126241394230769 0.24639162259615383 0.96443234375 0.2711840384615385 0.9409988269230769 0.15868265865384615 0.9319350793269231 0.15411349038461536 0.8935073221153846 0.15461417788461537
2 0.43483248557692306 1 0.4337128221153846 0.9946246370192308 0.4259900048076923 0.9867569182692308 0.4253733341346154 0.9837963581730769 0.4125019711538461 0.9706834951923077 0.4040548966346154 0.9690748918269231 0.38817891826923073 0.9902181706730769 0.3868379879807692 0.9935167211538461 0.3880713317307692 0.9994378509615385 0.3886231274038462 1 0.43483248557692306 1
2 0.4305507235576923 0.9307628725961539 0.4422963269230769 0.9287349302884615 0.44363725721153846 0.9254363750000001 0.4514676610576923 0.9240844158653847 0.45414951923076924 0.9174873100961538 0.4522995048076923 0.9086056225961539 0.44972523317307694 0.9059830504807693 0.4438524302884615 0.9069970216346154 0.43674628365384616 0.9020898629807692 0.41727786298076924 0.8962500889423077 0.4159369326923077 0.8995486418269232 0.4201460480769231 0.9294922572115384 0.4279764495192308 0.9281402956730769 0.4305507235576923 0.9307628725961539
2 0.49794099278846154 0.9037924110576923 0.5012395240384616 0.9001558701923076 0.5179473461538462 0.8635337956730769 0.5173306730769232 0.8605732355769231 0.5095002716346154 0.8619251947115385 0.4905409350961539 0.8682656610576923 0.48981667788461536 0.8745247764423076 0.48311203125 0.8910175384615384 0.48238777403846156 0.89727665625 0.48557871874999997 0.9028597908653846 0.49011058894230775 0.9051443725961538 0.49794099278846154 0.9037924110576923
2 0.5659479350961538 0.8797825168269231 0.5633736610576923 0.8771599447115384 0.5609069759615385 0.8653176947115385 0.5393733677884616 0.8690355841346153 0.5443067403846154 0.8927200865384616 0.5526462307692308 0.9035483677884616 0.5637751610576923 0.8985598653846154 0.5664570192307692 0.8919627572115385 0.5646070048076923 0.8830810721153846 0.5659479350961538 0.8797825168269231
2 0.6101697548076923 0.8292089086538461 0.6220229447115385 0.8179612884615385 0.6189395865384615 0.8031584735576923 0.6168743990384615 0.8127161418269231 0.6031711971153846 0.8150820745192308 0.5960650504807693 0.8101749182692307 0.5882346466346153 0.8115268774038462 0.5777223846153846 0.8194759447115385 0.5750405264423077 0.8260730504807692 0.5762738701923077 0.8319941754807693 0.5788481418269231 0.8346167475961538 0.5866785432692307 0.8332647884615384 0.5892528173076923 0.835887358173077 0.6101697548076923 0.8292089086538461
2 0.6338184447115385 0.9232709326923078 0.635776045673077 0.9229329423076924 0.6409245889423077 0.9281780865384615 0.6565853942307692 0.9254741658653847 0.6592672548076923 0.9188770625 0.6768856634615384 0.9158351490384615 0.6815251201923077 0.9089000552884615 0.687397923076923 0.9078860817307692 0.69007978125 0.9012889807692308 0.6863797524038462 0.8835256009615384 0.6838054783653846 0.8809030288461539 0.6551657259615384 0.8797137668269231 0.6506338533653846 0.8774291826923076 0.6433125360576923 0.8909613846153845 0.6393973317307692 0.8916373653846155 0.6255865432692308 0.9032229735576922 0.6254789567307693 0.9124426514423077 0.6338184447115385 0.9232709326923078
2 0.7193362091346154 0.9054388076923078 0.7092542908653846 0.8765091586538462 0.70520265625 0.9446834495192308 0.707052670673077 0.9535651346153846 0.7090102716346153 0.9532271466346154 0.7141588173076923 0.9584722908653845 0.72198921875 0.9571203317307693 0.7245634927884615 0.9597429038461538 0.7363090961538461 0.9577149615384616 0.7376500264423077 0.9544164110576923 0.7454804302884616 0.9530644495192307 0.7462046875 0.9468053341346153 0.7481622860576922 0.94646734375 0.7496108028846155 0.9339491129807692 0.747868375 0.9158477451923077 0.7492093028846154 0.9125491971153846 0.7455092740384616 0.8947858173076924 0.742318329326923 0.8892026826923077 0.7390198004807692 0.8928392259615384 0.7396364711538461 0.8957997884615385 0.7356136850961538 0.9056954471153845 0.7303575552884615 0.9096699807692308 0.7277832812499999 0.90704740625 0.7238680793269231 0.9077233870192308 0.7193362091346154 0.9054388076923078
2 0.7830763437499999 0.9680425576923077 0.7856506153846153 0.9706651298076923 0.8345906346153846 0.9622153774038461 0.8295496754807693 0.9477505552884615 0.7991674951923078 0.9284599254807693 0.7932946899038461 0.9294738942307692 0.7880385600961539 0.9334484278846154 0.78267484375 0.9466426394230769 0.7832915144230769 0.9496031995192307 0.78060965625 0.9562003076923078 0.7830763437499999 0.9680425576923077