1 0.5063289495192308 0.6887748004807693 0.5043360745192308 0.6809407524038461 0.49713128125 0.6783441442307693 0.4660894927884615 0.6849462307692308 0.46087757692307696 0.6901836706730768 0.45777339663461536 0.6908438798076924 0.45355791586538463 0.6999983413461539 0.4550525697115385 0.7058738774038461 0.46325380048076925 0.7123875048076923 0.4730645552884616 0.7123653942307692 0.4787746923076923 0.7090864639423077 0.4918044951923077 0.6959928629807692 0.5063289495192308 0.6887748004807693
1 0.34703886778846155 0.5972570264423077 0.35052639903846156 0.6109666081730769 0.3613335889423077 0.614861516826923 0.37474674038461536 0.6161377067307693 0.39287359375 0.6102179447115385 0.39547955528846157 0.6075992235576924 0.3903825 0.6004253870192308 0.38367592548076923 0.5997872932692307 0.38317770673076923 0.59782878125 0.37597291346153844 0.5952321754807692 0.37447825721153843 0.5893566394230769 0.3875080576923077 0.5762630408653846 0.39682059375 0.5742824134615385 0.39632237499999995 0.5723239014423077 0.3891175793269231 0.5697272956730769 0.3735966875 0.5730283389423076 0.3590722307692307 0.5802464014423078 0.34864838942307697 0.5907212836538461 0.34703886778846155 0.5972570264423077
1 0.3304440408653846 0.49343380048076924 0.3268416442307692 0.4921354951923077 0.3269565120192308 0.4797242163461538 0.3399863100961538 0.46663061538461537 0.34209405288461536 0.4620533870192308 0.34059939663461536 0.45617785096153846 0.33439103846153845 0.4574982692307692 0.31155048798076923 0.4706139807692308 0.3120487043269231 0.47257249278846153 0.30683678365384615 0.4778099326923077 0.31132075000000003 0.49543653846153846 0.31852554567307695 0.4980331442307693 0.3278380817307692 0.4960525192307692 0.3304440408653846 0.49343380048076924
1 0.28602647355769234 0.3831411682692308 0.2767139375 0.3851217932692308 0.2657918798076923 0.39363816105769234 0.2656770096153846 0.4060494399038461 0.2743764591346154 0.41452158173076925 0.27748063942307694 0.41386137259615385 0.2846854326923077 0.4164579783653846 0.29039557211538464 0.41317905048076925 0.2833056466346154 0.39817116586538465 0.28752112740384617 0.3890167043269231 0.28602647355769234 0.3831411682692308
1 0.2320324783653846 0.30791687980769233 0.24544563221153848 0.3091930697115384 0.2578623461538462 0.30655223557692307 0.2630742644230769 0.3013147980769231 0.2611962596153846 0.2810694735576923 0.263304 0.2764922427884616 0.26081290625000003 0.2666996826923077 0.25363339663461537 0.2676754350961538 0.24903325240384613 0.27080292788461535 0.23713504807692307 0.273153875 0.23076756009615387 0.2772187908653846 0.2229496778846154 0.28507494951923074 0.21873419471153846 0.29422941346153847 0.2197306298076923 0.2981464375 0.22333303125 0.2994447403846154 0.22482768749999998 0.3053202740384615 0.2320324783653846 0.30791687980769233
0 0.3387851418269231 0.2388545456730769 0.34338397596153847 0.24406987259615384 0.36821740625 0.23878820432692308 0.37082336298076923 0.23616948317307693 0.3683322716346154 0.22637692548076924 0.36162569711538467 0.22573883173076922 0.3461048028846154 0.22903987499999998 0.3377887043269231 0.23493752403846152 0.3387851418269231 0.2388545456730769
0 0.4005568317307692 0.42437697115384615 0.39695443509615386 0.42307866586538456 0.3907460769230769 0.42439908653846153 0.3855341586538461 0.42963652644230765 0.38653059375 0.43355354807692303 0.3973377860576923 0.4374484567307692 0.41596285576923075 0.43348720673076924 0.4185688197115385 0.4308684879807692 0.4170741634615384 0.4249929519230769 0.4129735456730769 0.42173613701923074 0.4005568317307692 0.42437697115384615
2 0.4976297788461539 0.222065625 0.4932856201923077 0.22838609375000002 0.49094491826923076 0.23380975721153846 0.4853848918269231 0.2416791201923077 0.5108632187500001 0.24482373557692305 0.5345737884615385 0.24588140384615384 0.5492329879807692 0.2479268798076923 0.5604753365384615 0.2511656370192308 0.5666847764423077 0.2463250625 0.5739246225961538 0.23821610576923075 0.5776710865384616 0.22662622115384617 0.5723754254807693 0.22188734855769232 0.5660462500000001 0.22041751923076922 0.5582404254807692 0.22630160576923078 0.5507708485576923 0.22765491346153846 0.5374853798076923 0.2295432451923077 0.5236585120192307 0.22638347355769228 0.5078527692307693 0.22129726682692308 0.4976297788461539 0.222065625
2 0.56299171875 0.21426265865384617 0.557667875 0.21234572596153845 0.5456952379807692 0.21794134134615384 0.5379603004807693 0.22263773076923077 0.5282252211538462 0.22552988461538462 0.5345615721153846 0.2282884855769231 0.5453198173076923 0.22670436778846154 0.5570120072115384 0.22585888461538461 0.5636321225961539 0.22116631490384617 0.5646625288461539 0.21789793509615382 0.56299171875 0.21426265865384617
2 0.5370285096153846 0.34814332211538457 0.55445934375 0.34328202163461535 0.5754832692307692 0.33096144471153843 0.5743776610576923 0.3194249543269231 0.5721545817307692 0.3164356442307692 0.5662637956730769 0.31630325480769234 0.5497242764423077 0.3246683293269231 0.5165692668269231 0.33102826201923075 0.49275669951923073 0.3323994639423077 0.4778256009615385 0.3355750673076923 0.4740142596153846 0.3479260889423077 0.4782984735576923 0.3590177620192308 0.4919536057692308 0.3565759783653846 0.5093279903846154 0.35195584375 0.5370285096153846 0.34814332211538457
2 0.5032014567307692 0.37177306730769233 0.5138906538461538 0.3763103509615385 0.5321635024038461 0.3686749254807692 0.5523174879807692 0.3606394158653846 0.5658687067307693 0.35625848317307696 0.5779139038461538 0.35219579086538466 0.5793673581730769 0.34388888942307694 0.5753783822115385 0.3359901009615385 0.5659758221153847 0.3379898725961539 0.5609991562500001 0.3417982115384615 0.5453148701923077 0.34713241346153845 0.5286490312500001 0.3501773653846154 0.5120434735576923 0.3534592956730769 0.5028820552884615 0.3564069855769231 0.5044643485576923 0.36107061778846156 0.5032014567307692 0.37177306730769233
2 0.5305534975961538 0.4559358557692308 0.554573423076923 0.4583253798076923 0.5880122740384615 0.4542131610576923 0.6020787572115385 0.4549705360576923 0.6083440048076922 0.44688924999999996 0.6094383629807693 0.4371578509615385 0.6082517043269231 0.41691619471153846 0.600653516826923 0.4135320480769231 0.5963208942307692 0.41520293269230774 0.5962662956730769 0.42121390625 0.5925998822115385 0.4317421442307693 0.5709738798076923 0.4370910456730769 0.5404471274038462 0.43083546153846153 0.5289254062500001 0.4322867379807693 0.5262843269230769 0.4468455889423077 0.5305534975961538 0.4559358557692308
2 0.6048919038461539 0.4770525408653846 0.6221281009615385 0.4731368798076923 0.627105266826923 0.46933050240384616 0.6215968605769231 0.46325368028846153 0.6101488221153846 0.46343821634615384 0.5971983653846153 0.4639422908653846 0.5810425961538461 0.46587955288461536 0.5671296682692307 0.46883860576923075 0.5587243341346154 0.47712525 0.5688845961538461 0.4819628966346154 0.5720131153846154 0.4817971153846154 0.5870528605769231 0.4785984038461538 0.6048919038461539 0.4770525408653846
2 0.6434866346153847 0.5268702572115385 0.6458352644230769 0.5442449639423077 0.6639874567307692 0.5437886057692307 0.6692056105769232 0.5324658317307692 0.6651767716346153 0.519278079326923 0.6570765264423077 0.5086594399038462 0.6506726057692307 0.5100214519230769 0.6420719423076923 0.5186593100961538 0.6434866346153847 0.5268702572115385
2 0.6709182860576923 0.5657215408653846 0.683540923076923 0.5596325937500001 0.68340825 0.5511489831730769 0.6750528076923078 0.5448395024038462 0.6559735528846153 0.5467709423076923 0.6504706610576924 0.5543246730769231 0.6545258004807692 0.5684647475961538 0.6709182860576923 0.5657215408653846
0 0.486968375 0.5203127259615384 0.49807275240384613 0.5137993461538461 0.49692481490384616 0.5044374927884616 0.48104948798076924 0.5002868461538461 0.4686298100961538 0.5016297524038461 0.45633568509615385 0.5034662043269231 0.44606136298076926 0.5116218485576923 0.4433597620192308 0.5205018149038462 0.46331026682692306 0.5147020528846153 0.4747474951923077 0.5143464014423077 0.4807469975961538 0.5185206201923077 0.486968375 0.5203127259615384
0 0.4807155817307692 0.5426692668269231 0.4877893509615384 0.5364928846153846 0.49263265384615385 0.5328677500000001 0.5044101009615385 0.5306209375000001 0.5090151658653845 0.5244514254807693 0.5070457716346154 0.5199382524038462 0.5045092908653847 0.5132087043269231 0.49963415384615384 0.5134672620192308 0.4919186514423077 0.5187416971153846 0.4797222427884615 0.5241908461538461 0.47395926923076925 0.5290500120192307 0.4644167908653846 0.535233264423077 0.46949188942307696 0.5383075985576923 0.4752172860576923 0.5404653149038462 0.4807155817307692 0.5426692668269231
0 0.48075438221153843 0.6189825745192308 0.48545105528846155 0.6195402836538462 0.4894661923076923 0.6207631899038462 0.4939806442307692 0.6174660552884615 0.5072831610576923 0.6050328894230769 0.49826733173076926 0.6035749927884615 0.48321109134615386 0.6091141995192307 0.47790201923076925 0.6141369495192308 0.48075438221153843 0.6189825745192308
0 0.3657386778846154 0.3620587259615385 0.3729434735576923 0.36465533413461537 0.3817577908653846 0.3607161947115385 0.37876847836538463 0.3489651274038461 0.3751660817307692 0.3476668245192308 0.36585354567307693 0.34964744951923077 0.3632475841346154 0.352266170673077 0.36113984374999997 0.3568433990384615 0.3657386778846154 0.3620587259615385
0 0.3906496033653846 0.45998430528846157 0.3973561826923077 0.4606224014423077 0.41287707211538466 0.45732135817307695 0.4154830360576923 0.4547026394230769 0.4139883798076923 0.44882710576923074 0.4103859783653846 0.4475288004807692 0.3979692668269231 0.4501696346153846 0.39015138701923074 0.45802579567307694 0.3906496033653846 0.45998430528846157
3 0.4723560649038462 0.6139580600961538 0.47496202644230767 0.6113393389423076 0.5028996346153846 0.6053974639423078 0.5081115504807692 0.6001600240384616 0.5064632812500001 0.5550921442307692 0.5028608822115385 0.5537938389423077 0.40352716826923074 0.5749205096153847 0.39831524999999995 0.5801579471153846 0.3960926418269231 0.5971464591346154 0.4221909903846154 0.6225628822115384 0.4320017451923077 0.6225407692307693 0.45733339182692306 0.6192176129807693 0.45993935096153843 0.6165988942307692 0.4723560649038462 0.6139580600961538