1 0.2879520048076923 0.7734640961538461 0.30402519471153844 0.7934898245192308 0.3227608725961538 0.7988072403846154 0.34501890384615386 0.7933717307692307 0.334700625 0.7459070721153847 0.30479446875 0.7565946466346154 0.2879520048076923 0.7734640961538461
1 0.1883591658653846 0.1266399903846154 0.18853266586538464 0.14091607692307692 0.2187858293269231 0.1587806706730769 0.25195790865384615 0.14963856250000002 0.22419373557692307 0.10278956730769231 0.20236563221153844 0.11020276923076923 0.1883591658653846 0.1266399903846154
2 0.8645787115384616 0.4608278269230769 0.8693079230769231 0.48258246394230764 0.9081519927884615 0.4725759014423077 0.8968909350961538 0.4477303293269231 0.8645787115384616 0.4608278269230769
3 0.4970986153846154 0.4820998341346154 0.3496268918269231 0.5045756298076923 0.3357939254807692 0.5352889350961538 0.3370837115384615 0.5412220168269231 0.3573655985576923 0.540174125 0.5360332620192307 0.5129438341346154 0.5731576177884615 0.49502649519230774 0.5749602524038462 0.47636279086538463 0.5485764447115384 0.47629744471153845 0.5284680576923078 0.4916214254807692 0.4970986153846154 0.4820998341346154
2 0.8591708100961538 0.5168189350961538 0.8542757524038461 0.5482132548076923 0.8686292307692308 0.5603282067307692 0.9079032283653846 0.5522993365384615 0.9250021177884615 0.5231314975961538 0.9182967692307693 0.5057644759615385 0.8591708100961538 0.5168189350961538
3 0.3964201322115385 0.11331890624999999 0.3171857860576923 0.13969734615384616 0.3288767716346154 0.16652061057692308 0.41722253125 0.15509927403846155 0.4211748076923077 0.1463240408653846 0.532638454326923 0.13342258413461539 0.5459585721153846 0.12730606009615386 0.5438089326923077 0.1174175889423077 0.5220637524038462 0.09825631490384615 0.3964201322115385 0.11331890624999999
0 0.6486668125 0.9636746778846154 0.6606971466346153 0.9516250745192308 0.6450538846153846 0.9335770408653846 0.6114518774038461 0.9407414543269231 0.6279549951923078 0.9627448774038462 0.6486668125 0.9636746778846154
3 0.27921689423076923 0.2885093846153846 0.28359910096153845 0.28171184615384615 0.28187938701923076 0.27380106971153845 0.2210337139423077 0.27694475 0.16955588221153844 0.28274713942307694 0.15752554807692307 0.2947967451923077 0.16053504807692306 0.3086406057692308 0.27921689423076923 0.2885093846153846
3 0.4093639423076923 0.5771999951923077 0.38186385336538464 0.5854776514423077 0.36742745432692303 0.5999371802884615 0.3835006466346154 0.61996290625 0.3989704014423077 0.6237348557692308 0.5748020697115385 0.5969367908653846 0.6051381538461539 0.5882269110576923 0.6053945817307692 0.575928516826923 0.5836493990384615 0.5567672427884616 0.5020919086538462 0.5589811225961538 0.4093639423076923 0.5771999951923077
1 0.23842732932692307 0.5726037379807692 0.22571064423076923 0.5949740408653846 0.2592297283653846 0.6143841033653846 0.28277754326923077 0.6148816778846153 0.2630085048076923 0.5913327860576924 0.2707395528846154 0.5595062379807693 0.23842732932692307 0.5726037379807692
3 0.5303041562499999 1 0.5783703822115385 0.9907341322115385 0.5780233725961538 0.9621819567307692 0.5446777932692307 0.9570479807692307 0.44627783413461536 0.9761313100961538 0.40485419951923074 0.9742717067307692 0.40431775480769233 1 0.5303041562499999 1
3 0.47358144230769234 0.7513024326923077 0.6129751057692308 0.7321010144230768 0.6339433509615385 0.7207324206730769 0.6401281875 0.6952711850961539 0.5262584735576923 0.7105825625000001 0.41702738942307693 0.7067980144230769 0.3999285 0.7359658533653846 0.40577399278846155 0.7493774855769231 0.47358144230769234 0.7513024326923077
3 0.326998875 0.2791838317307692 0.33207509375 0.32949064182692306 0.3520176370192308 0.36731562019230773 0.3751355216346154 0.3658355 0.3766817331730769 0.35947018990384616 0.35501947596153843 0.31373443509615384 0.3535561875 0.2935252668269231 0.3726312139423077 0.25996981009615383 0.36566943990384615 0.2549011826923077 0.326998875 0.2791838317307692
3 0.3042879375 0.08036651923076922 0.5272981514423077 0.027989122596153847 0.5258348653846154 0.007779954326923077 0.29715265865384616 0.06102180288461538 0.3042879375 0.08036651923076922
1 0.045119122596153846 0.33031729326923076 0.021073521634615382 0.3556156706730769 0.023882257211538464 0.40301307451923074 0.04856621394230769 0.4135638894230769 0.07409016105769231 0.4096738485576923 0.04237371153846154 0.37160008413461537 0.0376445 0.3498454495192308 0.05380061057692308 0.3432966995192308 0.045119122596153846 0.33031729326923076
3 0.6122964134615384 0.8098467572115384 0.6389366466346154 0.7976137115384615 0.6132391923076923 0.7872276658653846 0.40259865384615384 0.7886825817307692 0.3986463774038462 0.7974578149038462 0.42537718990384615 0.8260753341346153 0.5303089927884616 0.8100829423076923 0.6122964134615384 0.8098467572115384
2 0.8943789663461538 0.2744395985576923 0.8838042644230769 0.23927332692307693 0.8391147019230769 0.2358682596153846 0.8468534086538462 0.27146675721153846 0.8745270024038461 0.27746518509615387 0.8943789663461538 0.2744395985576923
2 0.8385941923076923 0.19304000000000002 0.8038759038461538 0.2085474206730769 0.8066289759615385 0.23468967307692307 0.8491688966346154 0.22820626923076923 0.8753792019230769 0.21399552884615383 0.8702200625000001 0.19026319951923076 0.8385941923076923 0.19304000000000002
2 0.8256886826923077 0.06628413221153846 0.8235390384615384 0.05639565865384615 0.8170071947115385 0.05330472355769231 0.8109052764423077 0.05219148317307692 0.8023972932692308 0.053488165865384615 0.7991313677884615 0.051942697115384615 0.7825453317307692 0.05651375240384615 0.7803127668269231 0.07319975961538462 0.7835786923076923 0.07474522836538461 0.7892506802884616 0.07388077163461539 0.8042905096153846 0.07567502884615385 0.8213064783653846 0.07308166586538462 0.8256886826923077 0.06628413221153846
2 0.8319564447115385 0.014248413461538462 0.8343625096153846 0.01183849278846154 0.8331305360576924 0.006171336538461539 0.8096530817307692 0.005997430288461538 0.8112446225961538 0.013318612980769232 0.8088385576923076 0.015728533653846154 0.8164037644230769 0.037050942307692306 0.8281776682692308 0.03729973076923077 0.8349659423076923 0.02809227403846154 0.8319564447115385 0.014248413461538462
2 0.939891423076923 0.7129247956730769 0.94839940625 0.7116281153846155 0.9508054759615384 0.7092181947115385 0.95045846875 0.6806660216346153 0.9478788990384615 0.6687998557692307 0.9446129759615385 0.6672543870192308 0.9389409855769231 0.66811884375 0.9264807259615384 0.6781907548076924 0.9066287620192307 0.6812163437500001 0.8998404927884616 0.690423798076923 0.9041397764423077 0.7102007403846154 0.9106716201923077 0.7132916754807692 0.9196095336538461 0.7139726899038461 0.9366255 0.7113793293269232 0.939891423076923 0.7129247956730769