1 0.21459 0.5520613341346153 0.215892 0.5290106658653846 0.19680199999999998 0.5379253341346154 0.19389199999999998 0.5583440000000001 0.203236 0.569728 0.217892 0.5716773341346154 0.21459 0.5520613341346153
1 0.249034 0.549536 0.258 0.552 0.252 0.5306666658653846 0.24146399999999998 0.518744 0.22443200000000002 0.5177333341346154 0.21497 0.5359066658653846 0.216484 0.5535733341346154 0.23427199999999998 0.5505466658653846 0.24297799999999997 0.5480213341346154 0.249034 0.549536
1 0.296062 0.567584 0.298712 0.5549626658653847 0.290764 0.5408293341346154 0.28584200000000004 0.5292186658653846 0.270702 0.5352746658653846 0.258 0.5466666658653846 0.258212 0.5655626658653846 0.262754 0.578688 0.28168000000000004 0.5706106658653846 0.296062 0.567584
1 0.19197599999999998 0.5897946658653846 0.20673799999999998 0.5867653341346154 0.204844 0.574144 0.191598 0.552944 0.16999999999999998 0.552 0.15399999999999997 0.5760000000000001 0.15639799999999998 0.5998906658653846 0.166994 0.5988800000000001 0.17645799999999998 0.5958506658653846 0.19197599999999998 0.5897946658653846
1 0.178 0.5466666658653846 0.17380800000000002 0.533256 0.16 0.5173333341346154 0.13558 0.5256853341346154 0.13 0.552 0.135202 0.5670773341346154 0.147314 0.5615253341346154 0.178 0.5466666658653846
1 0.36145799999999995 0.5746506658653846 0.369028 0.5650586658653846 0.367514 0.5645546658653846 0.35805000000000003 0.5564773341346154 0.34556 0.5554666658653846 0.336476 0.5716213341346154 0.337234 0.58424 0.34556 0.594336 0.36145799999999995 0.5746506658653846
1 0.60911 0.5733866658653846 0.6159239999999999 0.5804533341346154 0.614 0.5653333341346154 0.604568 0.561272 0.598134 0.5728826658653846 0.597376 0.5779306658653847 0.603812 0.5733866658653846 0.60911 0.5733866658653846
1 0.524892 0.5602613341346154 0.515808 0.556224 0.511444 0.5615253341346154 0.506524 0.5746506658653846 0.51997 0.57692 0.526026 0.5749013341346154 0.524892 0.5602613341346154
2 0.28645200000000004 0.9798746658653846 0.287868 0.969152 0.26522 0.960088 0.264452 0.937208 0.236452 0.9425413341346154 0.230792 0.9788186658653846 0.238452 0.985208 0.276544 0.986672 0.28645200000000004 0.9798746658653846
1 0.439152 0.5418373341346154 0.431582 0.5342666658653846 0.41606400000000004 0.5272 0.407736 0.5398186658653846 0.40206 0.5544586658653846 0.412 0.574848 0.421362 0.5711173341346154 0.439152 0.5418373341346154
1 0.856 0.6026666658653845 0.845492 0.596104 0.838578 0.6028426658653846 0.8383120000000001 0.611 0.840972 0.6145466658653846 0.8547999999999999 0.6127733341346153 0.856 0.6026666658653845
1 0.8498140000000001 0.5828053341346154 0.849282 0.5732293341346154 0.839826 0.5693493341346154 0.8364199999999999 0.5733866658653846 0.8317300000000001 0.5813866658653846 0.83604 0.5885306658653846 0.846888 0.5881253341346153 0.8498140000000001 0.5828053341346154
2 0.48536799999999997 0.8156986658653846 0.470872 0.8120746658653846 0.452752 0.81872 0.455018 0.8283866658653847 0.45799999999999996 0.8373333341346154 0.487632 0.8314079999999999 0.48536799999999997 0.8156986658653846
2 0.881854 0.8073786658653846 0.8895660000000001 0.8080879999999999 0.8893 0.7960293341346154 0.888502 0.7907093341346154 0.8749399999999999 0.7889360000000001 0.8741420000000001 0.7988666658653846 0.86457 0.80064 0.864266 0.8063973341346155 0.881854 0.8073786658653846
2 0.44142800000000004 0.821136 0.412 0.824 0.414 0.8426666658653846 0.43508600000000003 0.8392613341346155 0.448222 0.8308026658653845 0.44142800000000004 0.821136
2 0.33090200000000003 0.8332186658653846 0.307346 0.8380533341346154 0.308706 0.85376 0.344038 0.8507386658653846 0.33950800000000003 0.8422826658653846 0.33090200000000003 0.8332186658653846
0 0.491006 0.5130640000000001 0.48268 0.518112 0.476244 0.532752 0.486 0.5413333341346154 0.49857599999999996 0.5191226658653846 0.491006 0.5130640000000001
2 0.316858 0.90028 0.32003 0.8894053341346153 0.30281600000000003 0.8869893341346154 0.299192 0.8851760000000001 0.295116 0.8869893341346154 0.274278 0.8894053341346153 0.275184 0.902696 0.276 0.9013333341346154 0.30281600000000003 0.9033013341346153 0.316858 0.90028
2 0.236228 0.9455893341346153 0.237134 0.9365279999999999 0.21213 0.9368960000000001 0.209956 0.971568 0.215392 0.9770053341346153 0.230792 0.975192 0.236228 0.9455893341346153
2 0.8987200000000001 0.8039653341346155 0.9064300000000001 0.8046746658653846 0.906164 0.792616 0.905368 0.787296 0.896214 0.7829066658653846 0.8893 0.7907093341346154 0.891008 0.7954533341346154 0.8900980000000001 0.796384 0.8898320000000001 0.8017040000000001 0.8987200000000001 0.8039653341346155