1 0.738 0.368 0.738 0.392 0.772 0.3893333341346154 0.762 0.3573333341346154 0.738 0.368
1 0.44999999999999996 0.36266666586538465 0.448 0.4 0.486 0.384 0.47200000000000003 0.36 0.44999999999999996 0.36266666586538465
1 0.32399999999999995 0.3866666658653846 0.311936 0.379816 0.302 0.3946666658653846 0.302 0.41333333413461537 0.33 0.41066666586538464 0.331156 0.39049866586538456 0.32399999999999995 0.3866666658653846
1 0.148 0.45866666586538457 0.15 0.432 0.14 0.41866666586538465 0.126 0.41333333413461537 0.114 0.424 0.108 0.4373333341346154 0.112 0.4533333341346154 0.134 0.464 0.148 0.45866666586538457
1 0.12400000000000001 0.3786666658653846 0.11438999999999999 0.376256 0.10200000000000001 0.3866666658653846 0.10200000000000001 0.40533333413461536 0.132 0.40266666586538463 0.12933999999999998 0.38978666586538463 0.12400000000000001 0.3786666658653846
1 0.075948 0.3983306658653846 0.066 0.40533333413461536 0.064 0.424 0.09 0.41866666586538465 0.084 0.40266666586538463 0.075948 0.3983306658653846
1 0.276 0.3946666658653846 0.26602000000000003 0.39049866586538456 0.256 0.4 0.256 0.41333333413461537 0.28 0.41600000000000004 0.283638 0.40616266586538463 0.276 0.3946666658653846
1 0.352512 0.4261013341346154 0.348 0.41866666586538465 0.33399999999999996 0.41866666586538465 0.328488 0.4246773341346154 0.33 0.43466666586538466 0.352 0.4373333341346154 0.352512 0.4261013341346154
1 0.394 0.41866666586538465 0.38348 0.4204053341346154 0.376 0.42666666586538465 0.374 0.44266666586538467 0.39682799999999996 0.44604 0.4027 0.433224 0.394 0.41866666586538465
2 0.49613399999999996 0.7330053341346154 0.49600000000000005 0.7253333341346154 0.474 0.7253333341346154 0.476 0.7466666658653847 0.514 0.7493333341346153 0.5105500000000001 0.7351413341346155 0.49613399999999996 0.7330053341346154
2 0.412844 0.7330053341346154 0.41000000000000003 0.7226666658653845 0.403234 0.7166266658653846 0.38799999999999996 0.7173333341346153 0.384548 0.7216133341346154 0.394 0.7386666658653845 0.424 0.7413333341346154 0.412844 0.7330053341346154
2 0.322 0.672 0.31 0.6773333341346154 0.304 0.6853333341346153 0.30799999999999994 0.696 0.33199999999999996 0.6906666658653846 0.322 0.672
2 0.282 0.6693333341346153 0.262 0.672 0.260146 0.6724800000000001 0.26335000000000003 0.68672 0.296 0.6826666658653846 0.282 0.6693333341346153
2 0.304 0.6826666658653846 0.312 0.6986666658653846 0.33 0.6906666658653846 0.32 0.672 0.304 0.6826666658653846
2 0.16137400000000002 0.754368 0.157636 0.7394133341346154 0.146 0.7333333341346153 0.133076 0.7372773341346155 0.126 0.7466666658653847 0.141086 0.7572159999999999 0.16137400000000002 0.754368
2 0.11 0.768 0.113322 0.7579279999999999 0.11 0.744 0.1 0.7466666658653847 0.09089799999999999 0.7479600000000001 0.09196599999999999 0.762912 0.09997400000000001 0.7721706658653846 0.11 0.768
2 0.07061 0.673192 0.063668 0.6667839999999999 0.05 0.6693333341346153 0.056 0.6853333341346153 0.070076 0.69028 0.076 0.6826666658653846 0.07061 0.673192