1 0.2787327884615384 0.4051024423076923 0.2742198485576923 0.3814763293269231 0.2485879831730769 0.37548876923076924 0.24476101682692308 0.40887064903846154 0.2787327884615384 0.4051024423076923
1 0.56571934375 0.35844648076923075 0.556730375 0.3220708221153846 0.5345716634615385 0.3235825576923077 0.5253027019230769 0.3498412235576923 0.56571934375 0.35844648076923075
1 0.6958682932692307 0.3129915649038461 0.6852804254807693 0.32200401201923073 0.6789564711538462 0.32712192307692306 0.6838868341346154 0.34675836538461535 0.7119520745192307 0.3441183966346154 0.7084420120192308 0.3257425264423077 0.6958682932692307 0.3129915649038461
1 0.9074427908653846 0.33126492788461537 0.8990290745192309 0.3192675432692308 0.8852102644230769 0.3110235168269231 0.8724312379807693 0.3189063100961539 0.8650942115384616 0.3339123221153846 0.8720774278846153 0.3597874855769231 0.8868622067307693 0.3624051850961539 0.9065137283653846 0.3477678293269231 0.9074427908653846 0.33126492788461537
1 0.8896674110576923 0.27234065625 0.8806604182692308 0.27652082211538465 0.8774946009615385 0.2884717211538462 0.877297983173077 0.30165125240384616 0.9073320673076922 0.29863520673076926 0.9038220048076924 0.2802593365384615 0.8896674110576923 0.27234065625
1 0.92455021875 0.29262537740384614 0.9216523149038461 0.3095043557692308 0.9482501490384615 0.3098655889423077 0.9427712427884616 0.2918658004807692 0.9316614423076923 0.28684283413461537 0.92455021875 0.29262537740384614
1 0.7430777524038461 0.31487381009615384 0.7340369711538461 0.32085350961538467 0.72867965625 0.33360666346153844 0.7341107860576923 0.34260665865384615 0.7572354663461538 0.33546859615384617 0.7547282788461539 0.32234297596153844 0.7430777524038461 0.31487381009615384
1 0.6676715600961539 0.3580184399038462 0.6646278581730769 0.3661857211538461 0.6672439375000001 0.37714646634615384 0.6883997740384615 0.3703844807692308 0.6880098341346154 0.36026645432692306 0.6814534591346154 0.3553858918269231 0.6676715600961539 0.3580184399038462
1 0.6330712211538461 0.36640164903846156 0.6223881682692307 0.3666682379807692 0.6165610504807693 0.38263473076923077 0.6247514807692307 0.39414691346153846 0.6465895384615384 0.38653357451923076 0.6416120697115384 0.37115890625000003 0.6330712211538461 0.36640164903846156
2 0.5796424951923077 0.6877374975961538 0.5809532163461538 0.6953151754807692 0.5671634495192308 0.7001286706730769 0.5664358461538461 0.7147483149038462 0.6033424230769231 0.7049777043269232 0.6012997668269231 0.6836006346153846 0.5796424951923077 0.6877374975961538
2 0.6844557067307692 0.6595539014423076 0.6693261466346154 0.6617228293269231 0.6638013076923077 0.6689410096153845 0.6629456875 0.6796533990384616 0.6535294687500001 0.6899494254807692 0.6825606754807693 0.6816831274038461 0.6886587379807693 0.6631181129807693 0.6844557067307692 0.6595539014423076
2 0.7345689375 0.6227724711538462 0.7591979278846155 0.62350978125 0.7611298629807692 0.6122571298076923 0.7537190240384616 0.6055099927884615 0.7409030889423077 0.6025162115384616 0.7345689375 0.6227724711538462
2 0.7685037980769232 0.6081276923076924 0.8014073461538461 0.6059784038461539 0.8018837572115385 0.591357764423077 0.7999683798076924 0.5912338653846153 0.7797785120192308 0.5923695264423077 0.7685037980769232 0.6081276923076924
2 0.7557616802884616 0.6268870624999999 0.7606284254807693 0.6096320024038462 0.7428719302884615 0.6021401346153846 0.7365377788461539 0.6223963942307692 0.7557616802884616 0.6268870624999999
2 0.9153828894230769 0.6379724927884615 0.9145151826923077 0.6533970769230769 0.9350226634615384 0.6523857740384614 0.9478899591346154 0.6391640240384615 0.9391586322115385 0.6312515288461539 0.9256943413461538 0.6297991875 0.9153828894230769 0.6379724927884615
2 0.9734849182692307 0.6342750072115385 0.963139264423077 0.6335302740384615 0.9624880264423077 0.6478659639423078 0.9676522043269231 0.657156391826923 0.9783062620192309 0.6593768052884615 0.9844485216346153 0.6487565600961538 0.9826883221153846 0.6338366634615386 0.9734849182692307 0.6342750072115385
2 1 0.5487799038461538 0.9942298605769231 0.5488049543269231 0.9886009591346153 0.5564184975961538 0.9850765360576923 0.56675909375 0.9923398533653847 0.5731398774038461 1 0.5686857067307692 1 0.5487799038461538