1 0.44850293990384615 0.3093384110576923 0.47773017307692306 0.3316830913461538 0.5077828052884615 0.3300469423076923 0.5381793533653846 0.31841878125 0.5629780721153846 0.29512743028846156 0.5614172548076923 0.25332459134615387 0.550565514423077 0.22000620432692308 0.5273488052884615 0.19733429326923077 0.5065870961538461 0.19048598798076924 0.47646568269230766 0.1941205408653846 0.4371221298076923 0.20424114903846155 0.40645044951923076 0.22386292067307692 0.39695317788461537 0.23834258653846152 0.39605899759615387 0.26432181730769233 0.40725465384615384 0.28764818990384616 0.42774123076923076 0.30249010576923074 0.44850293990384615 0.3093384110576923
1 0.22149979567307693 0.19403900000000002 0.23044680048076924 0.1955465576923077 0.2392562403846154 0.2010509206730769 0.25127729326923076 0.20039646153846155 0.25749417067307695 0.19407402163461537 0.25776930288461536 0.18608041105769232 0.2608433485576923 0.18391839423076922 0.26522427163461537 0.14378672596153846 0.25033552403846154 0.14060799759615386 0.2443249951923077 0.1409352283653846 0.24125094951923076 0.14309724278846153 0.22321937259615382 0.14407893509615383 0.21099197115384616 0.15072860336538463 0.20156348076923078 0.16320986298076923 0.20128835096153846 0.17120347355769233 0.1982143028846154 0.17336549278846156 0.20101321634615385 0.17919708413461538 0.20388091346153844 0.1830302764423077 0.22149979567307693 0.19403900000000002
1 0.3586677668269231 0.3920209471153846 0.36481586057692306 0.38769691346153845 0.36495342548076926 0.3837001105769231 0.3531387235576923 0.37835936057692304 0.35027102403846155 0.3745261706730769 0.35068372596153846 0.3625357548076923 0.35703816346153844 0.35221651201923077 0.36332382451923073 0.3438956706730769 0.39693198557692305 0.32610868509615387 0.4090218221153846 0.32345582211538465 0.4060853413461538 0.3216210360576923 0.40929695432692303 0.31546221394230767 0.3974134663461539 0.31211986778846157 0.36135031009615387 0.3140832451923077 0.3491916899038462 0.31873451201923075 0.3245993197115385 0.3360306538461538 0.3183136610576923 0.34435149278846156 0.31790096153846154 0.3563419110576923 0.3324457956730769 0.36951265384615384 0.34972076201923075 0.39051338942307695 0.3526572403846154 0.3923481778846154 0.3586677668269231 0.3920209471153846
1 0.22671131971153846 0.3912263990384615 0.22063200961538462 0.39355203125 0.21448392067307692 0.3978760673076923 0.21120352403846152 0.40603329326923077 0.2141400048076923 0.4078680793269231 0.2321715817307692 0.40688639182692304 0.24146250480769232 0.39840193509615385 0.24173763701923076 0.3904083245192308 0.22671131971153846 0.3912263990384615
1 0.23646253365384615 0.4565192259615385 0.2274467403846154 0.45701006971153846 0.22451026201923077 0.45517528365384613 0.20948394471153844 0.45599335817307696 0.20640989903846155 0.45815537740384615 0.20627233173076925 0.46215218269230773 0.21207651201923075 0.4678201610576923 0.24479048798076922 0.47601240625 0.24492805528846157 0.47201560096153844 0.23905509615384618 0.4683460264423077 0.23939901201923078 0.45835401442307694 0.23646253365384615 0.4565192259615385
1 0.24724549038461538 0.4918360120192308 0.24130374519230768 0.4901648413461538 0.22928269230769233 0.4908193004807692 0.22019811778846154 0.49330854807692304 0.2140500264423077 0.49763258173076924 0.21356854567307693 0.5116214014423077 0.22531446634615385 0.5189605528846154 0.24334604326923076 0.5179788605769231 0.2436211778846154 0.50998525 0.2466952235576923 0.5078232355769231 0.24724549038461538 0.4918360120192308
1 0.24915022115384614 0.5236468389423077 0.24621374278846153 0.5218120528846154 0.23419268990384617 0.5224665120192308 0.2312562091346154 0.5206317235576923 0.21923515625 0.5212861850961539 0.2131558485576923 0.5236118173076924 0.2037273581730769 0.5360930793269231 0.2093251875 0.5477562644230769 0.22715041586538462 0.55276978125 0.2451819951923077 0.5517880913461538 0.25139887019230767 0.5454656538461539 0.25201791826923076 0.52748003125 0.24915022115384614 0.5236468389423077
1 0.21607113221153848 0.6132127067307692 0.2192139639423077 0.6090522860576922 0.2224255769230769 0.6028934639423077 0.2229070576923077 0.5889046442307693 0.21703409615384617 0.5852350697115385 0.2080183076923077 0.5857259134615385 0.2049442596153846 0.5878879326923078 0.18390742067307692 0.5890332379807692 0.17447893028846154 0.6015144975961538 0.17406623317307693 0.6135049134615385 0.18287567307692307 0.6190092764423076 0.18280688942307693 0.6210076778846154 0.19783320432692308 0.6201896033653846 0.20076968509615384 0.6220243918269232 0.21607113221153848 0.6132127067307692
1 0.19776442067307692 0.6221880048076923 0.18874863221153845 0.6226788509615384 0.17952649278846153 0.6291649038461539 0.1792513605769231 0.637158514423077 0.18505554086538462 0.6428264927884615 0.20609238221153847 0.6416811874999999 0.20916642788461537 0.6395191682692307 0.20343103125 0.6318527884615384 0.20363738221153846 0.6258575817307693 0.19776442067307692 0.6221880048076923
1 0.34399056971153846 0.6441469086538463 0.3471333990384616 0.6399864903846153 0.3505513629807692 0.6278324591346155 0.34481596875 0.6201660769230769 0.3330012644230769 0.614825329326923 0.3179749495192308 0.6156434038461539 0.30889037500000005 0.6181326538461539 0.29966823557692307 0.6246187067307692 0.3022608028846154 0.6364455072115385 0.3138691586538461 0.6477814615384615 0.3168744182692308 0.6476178485576922 0.3256838605769231 0.6531222091346154 0.3316943846153846 0.6527949807692307 0.34399056971153846 0.6441469086538463
1 0.3662655096153846 0.6070303581730769 0.37241360096153847 0.6027063221153847 0.3787680432692308 0.5923870769230769 0.3817733052884615 0.5922234639423076 0.3849161346153846 0.5880630432692308 0.3820484399038462 0.5842298533653846 0.3823235721153846 0.5762362427884615 0.3854663990384615 0.5720758221153847 0.38252992067307695 0.5702410360576923 0.3827362716346154 0.5642458269230769 0.36218090865384617 0.5514023149038462 0.3438054134615385 0.5623760168269231 0.34086893509615385 0.5605412307692308 0.33185314663461535 0.5610320745192308 0.3289166658653846 0.5591972860576923 0.31969452644230767 0.5656833389423077 0.31648291346153845 0.5718421610576923 0.3159326490384615 0.5878293846153846 0.32166804326923076 0.595495764423077 0.3452974495192308 0.6061772572115385 0.3542444567307692 0.6076848173076923 0.3662655096153846 0.6070303581730769
1 0.3307050264423077 0.5072388197115385 0.33104894230769233 0.49724680528846155 0.31650410576923077 0.48407606009615384 0.3044830528846154 0.4847305216346154 0.2983349615384615 0.4890545576923077 0.29532969951923077 0.48921817307692306 0.2829647331730769 0.4998646466346154 0.2827583822115385 0.5058598533653846 0.3003084783653846 0.5188669807692308 0.31232953124999996 0.5182125216346154 0.3155411418269231 0.5120536971153846 0.32763097836538463 0.5094008365384616 0.3307050264423077 0.5072388197115385
1 0.32898544951923075 0.5571988846153846 0.3291917980769231 0.5512036754807692 0.33226584375 0.5490416586538461 0.3326097596153846 0.5390496466346154 0.32393788461538464 0.5295484783653847 0.3091867019230769 0.5223729423076923 0.31226074759615385 0.5202109254807692 0.3093242668269231 0.5183761370192308 0.3033137403846154 0.5187033677884615 0.28486946394230767 0.5316754735576923 0.28158906971153846 0.5398326995192307 0.28438798317307695 0.5456642908653846 0.2901233774038462 0.553330670673077 0.29893281730769233 0.5588350336538461 0.31382156490384616 0.5620137644230769 0.31983209375 0.5616865360576923 0.32898544951923075 0.5571988846153846
1 0.1863420408653846 0.9685887500000001 0.1745728701923077 0.9722245264423077 0.17093664182692309 0.9772116682692308 0.17575881490384615 0.9842196634615384 0.19141140865384615 0.9863834134615386 0.1935620048076923 0.9781081778846155 0.1896309903846154 0.9683907932692308 0.18728792788461537 0.9667451057692307 0.18648474519230768 0.9683795600961538 0.18753714182692308 0.9682195528846154 0.1863890889423077 0.9685742115384616 0.18585578365384617 0.9696594783653846 0.1863420408653846 0.9685887500000001
2 0.3453502451923077 0.9532448557692308 0.33933971875 0.9535720865384616 0.3362656706730769 0.9557341033653847 0.3331228413461539 0.9598945216346154 0.33277892548076926 0.9698865360576924 0.33571540625 0.9717213245192308 0.3417259350961538 0.97139409375 0.35101685576923075 0.9629096394230768 0.3512232043269231 0.9569144302884616 0.3453502451923077 0.9532448557692308
2 0.4874230096153846 0.9215741177884615 0.4872166610576923 0.9275693245192307 0.48414261538461534 0.92973134375 0.48673517788461534 0.9415581418269231 0.4987562307692308 0.9409036850961539 0.49916893028846154 0.928913266826923 0.5022429759615384 0.92675125 0.5023805408653846 0.9227544447115386 0.4994440625 0.9209196586538462 0.4874230096153846 0.9215741177884615
2 0.9240327596153846 0.7861030072115385 0.9148106201923076 0.7925890600961538 0.9107048293269231 0.8247271177884615 0.9197206177884615 0.8242362716346154 0.9316041057692307 0.8275786177884614 0.9376146322115384 0.8272513870192307 0.9545489062500001 0.8395197668269231 0.9562761658653846 0.8062083149038461 0.9534663413461538 0.8024524807692307 0.9475933846153846 0.7987829062499999 0.94479446875 0.7929513149038462 0.93598503125 0.7874469495192307 0.9360538125000001 0.7854485480769231 0.9240327596153846 0.7861030072115385
2 0.9129058870192307 0.7607782331730769 0.9249269399038462 0.7601237740384617 0.9310750312499999 0.7557997379807693 0.9315565120192308 0.7418109182692307 0.9061599399038461 0.6953217908653847 0.8944828028846155 0.6859842379807692 0.8885410600961539 0.6843130673076924 0.8825305336538461 0.6846402980769231 0.8733083942307692 0.6911263509615384 0.87009678125 0.6972851730769231 0.8692713846153846 0.7212660024038461 0.8752819110576924 0.7209387740384615 0.8929007908653847 0.7319475 0.8986361850961538 0.7396138798076923 0.9045091442307692 0.7432834543269231 0.9129058870192307 0.7607782331730769
2 0.7245584639423076 0.6553422427884615 0.7216219855769231 0.6535074567307693 0.7221034663461539 0.6395186370192308 0.7191669855769232 0.6376838485576923 0.7193733341346153 0.631688641826923 0.7164368557692308 0.6298538533653846 0.7104263293269231 0.6301810841346154 0.704278235576923 0.6345051201923078 0.7040718870192308 0.6405003269230769 0.7009978389423076 0.64266234375 0.6943682644230769 0.6609751971153847 0.7176537572115385 0.6816487067307692 0.7172410576923076 0.6936391225961539 0.7235267187500001 0.6853182812499999 0.7245584639423076 0.6553422427884615
2 0.5641313966346154 0.6102205841346154 0.5582584350961539 0.6065510072115384 0.552179125 0.6088766394230769 0.55211034375 0.6108750432692308 0.5428882067307692 0.6173610961538463 0.5426130721153846 0.6253547067307692 0.5454807716346154 0.6291878966346154 0.5575018245192308 0.6285334350961538 0.5635811322115385 0.6262078028846154 0.5641313966346154 0.6102205841346154