1 0.6820966947115384 0.8067406274038462 0.7040564591346155 0.7720396875000001 0.7033285721153846 0.749106733173077 0.6938944038461539 0.72285496875 0.6561065384615384 0.6965167355769231 0.6264581322115385 0.6860064014423077 0.5671885072115385 0.6838775985576924 0.5401171971153846 0.6752014639423076 0.516268514423077 0.6735432956730769 0.5129397572115384 0.6882750961538461 0.5236930600961538 0.7050624302884615 0.5642360072115384 0.7097715889423076 0.6122707043269231 0.7445930096153847 0.590867 0.7670892163461538 0.586807295673077 0.8172845985576923 0.6270118461538462 0.8294210697115385 0.6639696778846154 0.8156478557692307 0.6820966947115384 0.8067406274038462
1 0.7144820841346153 0.39977435096153846 0.6817142091346154 0.41889081971153846 0.6700357307692308 0.44183011778846154 0.6544306418269231 0.45371421634615383 0.6720630576923077 0.45566275961538466 0.7470399182692307 0.46308595913461537 0.8132296081730769 0.4689656201923077 0.845829201923077 0.4632869399038461 0.8306267475961538 0.4565895673076923 0.8302122836538461 0.4462659783653846 0.8201756225961538 0.41374938942307693 0.8126589014423077 0.40367380528846153 0.7804105120192308 0.3918998245192308 0.7493845192307693 0.39220503125 0.7144820841346153 0.39977435096153846
1 0.5683714254807692 0.16565773557692307 0.5561158942307692 0.16208095192307692 0.5443692668269231 0.1732964951923077 0.5363336682692308 0.18646609134615386 0.5403604663461539 0.20193212980769232 0.5678529855769231 0.20667845432692306 0.5830674711538462 0.19907452884615384 0.5890600697115385 0.1862490721153846 0.5822553221153846 0.17240333413461537 0.5683714254807692 0.16565773557692307
1 0.6205700721153846 0.10765576923076922 0.6319673245192308 0.09661283173076923 0.6334961778846153 0.08009227403846153 0.6290795985576924 0.07461234375 0.6186652572115385 0.06408184134615384 0.6053622764423077 0.05719223798076923 0.6008969158653846 0.052714884615384615 0.5950491971153846 0.05724983173076924 0.5959177115384615 0.07661924759615385 0.5852523269230769 0.08870233413461538 0.5711708774038462 0.10741668509615385 0.5720957908653846 0.11273753125 0.5788809615384616 0.10902346394230769 0.5963516682692307 0.10981944951923077 0.6205700721153846 0.10765576923076922
3 0.44504727884615386 0 0.4951071370192308 0.005077699519230769 0.49044617788461536 0.013411144230769232 0.4364818605769231 0.010952466346153846 0.4563857235576923 0.026690627403846152 0.47767237740384616 0.03974413221153846 0.49658993509615384 0.032292879807692305 0.49628217788461537 0.013426343750000002 0.5078409663461538 0 0.44504727884615386 0
3 0.5497399278846153 0 0.554266951923077 0.004505990384615384 0.5653192403846155 0.03517357211538462 0.5453592043269231 0.05487558653846154 0.5662903870192307 0.056583336538461544 0.5779250913461539 0.05736412740384615 0.583259016826923 0.04277783894230769 0.5717522451923077 0.0050499350961538455 0.5683480865384616 0 0.5497399278846153 0
3 0.8354761586538462 0.48766245913461537 0.8182069086538462 0.4846253822115385 0.8014196322115384 0.5091690360576924 0.7459291850961538 0.5235118221153846 0.6668562812500001 0.5204727355769231 0.6299128605769231 0.548035016826923 0.6438094615384615 0.5677894278846154 0.6787091586538462 0.5660040985576923 0.717644375 0.552032170673077 0.7711953894230769 0.5420975480769231 0.8198637524038461 0.5628746394230769 0.862604951923077 0.5991295504807692 0.8800800384615385 0.6167967331730769 0.8289812259615386 0.6302164783653846 0.7665658581730769 0.6245609278846154 0.7468700264423076 0.6174763245192308 0.72042759375 0.6247070745192308 0.6807860552884615 0.6111161298076924 0.6869439615384615 0.671798954326923 0.7341037163461538 0.7256877427884615 0.7941180360576923 0.7267353677884615 0.8381666346153847 0.6960672524038463 0.8925728221153846 0.6100555552884616 0.8794421730769231 0.5543417716346154 0.8354761586538462 0.48766245913461537
0 0.1317788918269231 0.6507969206730769 0.1259472596153846 0.6425088798076923 0.11674387019230768 0.6400839735576922 0.10772285576923077 0.633656204326923 0.08311968990384615 0.6285240817307692 0.07072692067307693 0.6279594495192308 0.04876600961538462 0.6329756466346154 0.03783776923076923 0.63851234375 0.0410103798076923 0.6920501514423076 0.043023375 0.6908760264423077 0.09633095913461538 0.6792656778846153 0.10544316586538462 0.6836920144230769 0.11482892788461538 0.6821140528846155 0.12804238701923076 0.6646657908653846 0.1317788918269231 0.6507969206730769
0 0.15665343028846154 0.7181146057692308 0.19009523557692307 0.7336773629807692 0.2112354567307692 0.7466740576923077 0.2236282283653846 0.7472386899038461 0.22454010576923075 0.7272243653846153 0.23793593750000003 0.7057732403846154 0.23556724759615386 0.6896206225961539 0.22681979807692307 0.6771885552884616 0.21178477163461537 0.6664756081730769 0.14389810096153846 0.6573658509615385 0.13141414182692307 0.6588026514423077 0.11446418028846155 0.6901197812500001 0.15665343028846154 0.7181146057692308
3 0.44951615144230767 0.9681170480769231 0.4897926538461539 0.9699520913461538 0.49635378846153844 0.9622286778846154 0.5537648221153846 0.8605538701923077 0.5487538774038462 0.8342529375 0.5094804350961538 0.8104021322115386 0.4141659735576923 0.790014795673077 0.5111196274038462 0.8425662091346153 0.5080192475961538 0.9106149086538462 0.44951615144230767 0.9681170480769231
3 0.24904551682692308 0.9389274927884615 0.21715171634615385 0.9575302427884615 0.28221375961538464 0.960494545673077 0.2825785072115385 0.9524888197115384 0.276746875 0.9442007740384616 0.24904551682692308 0.9389274927884615
2 0.34136391826923074 0.6162229543269231 0.3071926153846154 0.6166716562500001 0.3050952980769231 0.6627046009615385 0.3974939471153846 0.6789479158653846 0.39585475480769233 0.6467838413461539 0.41198403365384617 0.6334796009615384 0.34136391826923074 0.6162229543269231
2 0.3227769519230769 0.5471861538461538 0.3626887043269231 0.5570269278846154 0.41535797596153845 0.5594266033653846 0.4164522283653846 0.5354094158653846 0.3169453149038462 0.5388981081730769 0.3227769519230769 0.5471861538461538
3 0.5333759831730769 0.14964714423076922 0.4712297548076923 0.15082686057692307 0.4399742692307692 0.15541958413461537 0.42420974519230764 0.16071809615384616 0.42685199519230765 0.17086641346153847 0.44206939663461536 0.17757649759615385 0.4606585528846154 0.1784234423076923 0.4756935793269231 0.18913639182692307 0.48453221634615384 0.19956702403846152 0.48434984134615383 0.2035698894230769 0.4996584254807692 0.2082785408653846 0.5120511971153846 0.20884316826923077 0.5183387692307693 0.20712405288461538 0.5279069110576923 0.2015432283653846 0.5280892860576923 0.19754036057692306 0.5251734711538462 0.19339634134615385 0.45815331490384614 0.17221833173076923 0.5388428653846155 0.1659409182692308 0.5392988028846154 0.15593375721153846 0.5333759831730769 0.14964714423076922
0 0.40838215865384614 0.12065537740384615 0.41972763701923077 0.11585949038461538 0.4307207379807692 0.10823571634615384 0.41042544951923077 0.09700031490384615 0.39443493509615385 0.10814484375000001 0.40838215865384614 0.12065537740384615