3 0.29335973317307695 0.6035382860576923 0.2903407956730769 0.5987149567307692 0.20747782932692307 0.5965544374999999 0.21127762259615385 0.6357891971153846 0.23780936778846154 0.6385438461538461 0.28646884855769233 0.6313547764423078 0.2913704471153846 0.6221996418269231 0.29335973317307695 0.6035382860576923
3 0.20342924038461538 0.5682464254807692 0.207939875 0.5762618990384616 0.23450716346153846 0.5774555841346154 0.23610548798076922 0.5759648365384615 0.28618558173076925 0.5750898413461538 0.29090946875 0.5737395264423077 0.28977319230769233 0.5549377403846154 0.29296984134615384 0.5519562427884616 0.3101248942307692 0.5542895913461539 0.32273377403846154 0.5501684326923078 0.33068985336538465 0.5442756586538462 0.33413529326923075 0.5303674134615385 0.33115189903846154 0.5239831201923077 0.3170868653846154 0.5233511706730769 0.3047978629807692 0.5134236514423077 0.29858227884615385 0.5115818197115385 0.290981625 0.5018649495192308 0.28814039903846156 0.4892368028846154 0.2821736081730769 0.47646821875 0.27972334375 0.44666946153846154 0.2738631802884615 0.4292179855769231 0.2725847355769231 0.4166600552884615 0.27418306009615384 0.4151693076923077 0.2680741009615385 0.40864458173076923 0.2479356514423077 0.3999269423076923 0.24029945192307695 0.3917710384615385 0.23252108653846154 0.3898589903846154 0.22445838461538464 0.40043465624999997 0.21785183653846152 0.4157634350961539 0.20495862259615386 0.43237231009615384 0.19998593990384617 0.4446493725961539 0.19717918509615384 0.49921291105769233 0.20282609615384617 0.5260301730769231 0.20342924038461538 0.5682464254807692
3 0.3827958461538462 0.4544256947115385 0.3775377572115385 0.547943125 0.38013018990384617 0.5714980240384615 0.4270491802884615 0.5720435625 0.4345798197115384 0.5161297091346154 0.44115082451923077 0.5023618966346154 0.44196829567307694 0.46645971634615385 0.4360015048076923 0.45369113461538463 0.4207291105769231 0.4373793221153846 0.4193440384615385 0.42950428365384613 0.4161829326923077 0.43092481730769233 0.40623756971153846 0.4554789447115385 0.3998442740384615 0.46144193509615383 0.39675425240384615 0.45974053846153845 0.39718075961538457 0.4410089639423077 0.3860635793269231 0.44832227163461535 0.3827958461538462 0.4544256947115385
3 0.4377409254807692 0.5147091802884616 0.43592935096153845 0.5255657139423077 0.43639032692307694 0.5740258245192308 0.47077152163461544 0.5755705913461538 0.46949307692307696 0.5630126610576923 0.4728674350961538 0.55222634375 0.47336502403846153 0.5303728437499999 0.4765972139423077 0.5258303822115384 0.4758874447115385 0.4882970216346154 0.4807890384615385 0.47914188461538465 0.48434110817307696 0.4605507451923077 0.49243935336538464 0.4484141129807692 0.4925815216346154 0.44217025721153846 0.4834536274038461 0.4308222043269231 0.4821040961538462 0.4213862043269231 0.47897853365384613 0.42124576923076923 0.46438036778846153 0.44402828365384617 0.4583069519230769 0.4359425961538462 0.4535119807692308 0.44041483653846153 0.4469409759615385 0.45418265144230774 0.4426425240384615 0.5055540408653847 0.4377409254807692 0.5147091802884616
3 0.47581635817307694 0.49141894951923076 0.47702371875 0.5070988100961539 0.4736493605769231 0.5178851274038462 0.47119802884615386 0.5568390216346154 0.4677525865384615 0.570747266826923 0.47073598076923073 0.5771315552884615 0.5222722307692308 0.5810096730769231 0.5489106033653847 0.5790814302884615 0.552675923076923 0.5511245024038461 0.5560868942307692 0.4700245721153846 0.5486994903846154 0.4509419158653846 0.5303015336538461 0.4344896706730769 0.5289520048076923 0.4250536682692308 0.5242281177884616 0.42640398317307693 0.5241570336538461 0.42952591105769233 0.5096299495192308 0.4491864975961538 0.5019937524038461 0.44103059375 0.4940021346153846 0.44848433173076924 0.48260061538461535 0.46828535096153845 0.47581635817307694 0.49141894951923076
3 0.559424639423077 0.5295518701923076 0.55594365625 0.5450210793269231 0.5551972716346154 0.5778013317307692 0.5613773125 0.5812041274038461 0.6301041634615385 0.5858546274038462 0.6348991322115385 0.5813823846153846 0.6371372163461538 0.5517942788461538 0.6462306370192308 0.4959506418269231 0.6488241394230769 0.4507528918269231 0.6398739543269231 0.4316000192307692 0.6246371009615385 0.4137272451923077 0.6232520312500001 0.4058522043269231 0.6201975504807693 0.40258984375 0.6040721466346154 0.4237411778846154 0.5946599158653846 0.42488084134615384 0.5869526346153846 0.41984686538461535 0.5805948798076923 0.42424889182692305 0.5740594182692308 0.4364557403846154 0.5616982644230769 0.4984027980769231 0.559424639423077 0.5295518701923076
0 0.6009789158653847 0.6282977283653846 0.6006590360576923 0.6423464086538462 0.6098224735576923 0.6521334951923077 0.6241363028846153 0.6418386971153847 0.6260545072115384 0.6262992692307693 0.6058805144230769 0.6191425913461538 0.6009789158653847 0.6282977283653846
0 0.5546285985576923 0.6027767620192308 0.5569722379807692 0.6372584110576922 0.5593524855769231 0.6014264471153846 0.5546285985576923 0.6027767620192308
0 0.5387875288461539 0.6114403822115384 0.5233018822115384 0.6044943557692307 0.519998608173077 0.6121587427884616 0.5196076442307692 0.6293293533653846 0.5225199567307692 0.6388355745192308 0.5271727596153846 0.6406071875 0.5383965673076923 0.6286109903846153 0.5402792283653846 0.6146325264423077 0.5387875288461539 0.6114403822115384
0 0.48107123557692305 0.60415946875 0.4733284134615384 0.6006864567307693 0.46835573076923076 0.6129635216346154 0.4773059158653846 0.6321163942307693 0.48107123557692305 0.60415946875
0 0.3327857644230769 0.5209314086538461 0.33562699278846153 0.5335595576923077 0.333779875 0.5459770576923076 0.3400665408653846 0.5446969591346154 0.3529953004807692 0.5265271177884615 0.34844912259615385 0.5200726129807692 0.3327857644230769 0.5209314086538461