1 0.5757904495192308 0.8348326394230768 0.6019413774038461 0.8011953461538461 0.6040966490384615 0.7782903413461538 0.59802684375 0.7516896466346155 0.5638250360576923 0.723746954326923 0.5357159927884616 0.7119511105769232 0.47715424038461535 0.70720290625 0.4513729615384615 0.6973505841346154 0.4279096971153846 0.6946405360576923 0.4227570721153846 0.7091862451923077 0.43132384615384617 0.7264057716346154 0.4709743798076923 0.7328981730769232 0.5142823076923076 0.7697556105769231 0.4902148221153846 0.7912448293269231 0.47988652644230767 0.841128670673077 0.5182691610576924 0.8550139062500001 0.5566805024038461 0.8429136610576923 0.5757904495192308 0.8348326394230768
1 0.6590032884615386 0.4303687692307693 0.6240802451923078 0.4479838125 0.6096100673076923 0.4703456778846154 0.5926297403846154 0.48150745432692305 0.6098865240384616 0.4842318052884615 0.6833743413461538 0.49495616586538466 0.7483340240384616 0.5037518629807692 0.7814037932692308 0.4995318894230769 0.7671548076923076 0.4921787956730769 0.7680388846153845 0.48186394471153843 0.7621572115384615 0.4489881826923077 0.7559607235576924 0.4386061346153846 0.7254295985576923 0.42543481009615386 0.6945960216346154 0.42436510817307693 0.6590032884615386 0.4303687692307693
1 0.5433573197115384 0.1903955168269231 0.5316417548076923 0.18628533653846152 0.5185750913461539 0.19695119951923076 0.50894665625 0.20973034375 0.5110027500000001 0.22533413221153847 0.5376952355769231 0.23128561298076925 0.553750766826923 0.22437548076923075 0.5613082091346153 0.2118490889423077 0.5562914999999999 0.19773831490384616 0.5433573197115384 0.1903955168269231
1 0.6024461971153846 0.13485760096153848 0.6151444254807692 0.12434841826923078 0.6187349975961538 0.10793892788461538 0.6150389110576924 0.1022777764423077 0.6060234326923077 0.09131367067307691 0.593683920673077 0.0838529735576923 0.5898136057692308 0.07918960817307694 0.5834403028846153 0.08345366105769231 0.5818717836538462 0.10281070673076922 0.5697694591346154 0.11438972355769231 0.5534443461538461 0.1324313076923077 0.5536946947115384 0.1377791514423077 0.56089546875 0.1343753389423077 0.5781363774038462 0.1359429951923077 0.6024461971153846 0.13485760096153848
3 0.4333631923076923 0 0.43349193509615386 0.01848656971153846 0.49078826201923076 0.02699213221153846 0.48511623798076925 0.035097276442307694 0.4318617379807692 0.03025503125 0.44964268509615385 0.04683340625 0.4691330240384615 0.06079541586538462 0.48884493028846154 0.05420155769230769 0.49090693509615385 0.03537090625 0.5082101322115384 0.01843390625 0.5392465216346154 0.01669158173076923 0.5495798966346154 0.02904204807692308 0.556701670673077 0.060118634615384615 0.5344177475961538 0.0788849326923077 0.5549789831730769 0.08151522115384614 0.5664291923076923 0.08280925 0.5735538197115384 0.06849747596153846 0.5668669110576923 0.030358971153846153 0.5508012139423077 0 0.4333631923076923 0
3 0.76806896875 0.5233849086538462 0.7513092427884616 0.5195909663461539 0.7315669326923077 0.5433267163461538 0.6746893149038461 0.5551742451923076 0.5965857692307692 0.5486410817307692 0.55645840625 0.5744948413461539 0.5677727836538462 0.5948128725961539 0.6026369927884615 0.5945778966346154 0.6430359519230768 0.5823670384615385 0.6974353990384615 0.5748302043269231 0.7431346394230769 0.5977082355769231 0.7810085480769231 0.6357609567307693 0.79613671875 0.6541557235576924 0.7437339038461539 0.6652771370192307 0.6824923557692307 0.6568721201923077 0.663832 0.6489338052884615 0.6366788437500001 0.6549744711538461 0.5990375504807692 0.639663514423077 0.5975348629807692 0.7004598028846154 0.6375816826923076 0.7562958125 0.697018264423077 0.7599986562500001 0.7445877067307692 0.7313618966346154 0.8093825216346153 0.64798553125 0.8033407740384615 0.5918364278846154 0.76806896875 0.5233849086538462
0 0 0.6835088629807693 0.01037679326923077 0.6817493197115384 0.018865798076923075 0.6865676081730769 0.028379778846153843 0.6854094735576923 0.043684480769230774 0.6685922163461538 0.04913353846153846 0.6549252307692307 0.04438530048076923 0.6464006634615385 0.03555463701923077 0.6435745144230769 0.027407295673076922 0.6367640841346154 0.0036310865384615383 0.6305557836538462 0 0.6302256201923077 0 0.6835088629807693
0 0.06537573076923077 0.7231679038461538 0.09661595913461539 0.7401709182692309 0.11596808413461537 0.75406978125 0.1281978485576923 0.7551817908653846 0.13161444711538461 0.7352603822115384 0.1476024639423077 0.7144588413461539 0.14727830528846153 0.6982437115384615 0.14015594471153847 0.685456858173077 0.12657703846153845 0.6741061418269231 0.060338324519230775 0.6620136658653847 0.04776689903846154 0.6628937956730769 0.02701314182692308 0.6933780384615384 0.06537573076923077 0.7231679038461538
3 0.3246890528846154 0.9854847788461538 0.36443578125000003 0.9890988100961539 0.37191730048076926 0.9816862524038462 0.44166010576923076 0.8828209663461538 0.4399868028846154 0.8563671298076923 0.4039983293269231 0.8308395456730769 0.31195095192307687 0.8062843413461539 0.40158921394230773 0.8629918052884615 0.38997278125 0.9307245961538461 0.3246890528846154 0.9854847788461538
3 0.12937200961538461 0.9474932067307692 0.09538100480769231 0.9646345937499999 0.1595872596153846 0.9704726442307692 0.1609538966346154 0.9625040817307693 0.15620565625000002 0.9539795120192308 0.12937200961538461 0.9474932067307692
2 0.26149858173076923 0.6297242980769231 0.22752507451923076 0.6286584134615385 0.2196668966346154 0.6744776538461538 0.30934015625 0.6947705745192307 0.31174927163461535 0.6626183173076924 0.32942809615384616 0.6500633437500001 0.26149858173076923 0.6297242980769231
2 0.25171293028846153 0.5600454903846154 0.29009301923076924 0.5716280841346154 0.3420695096153846 0.5763541274038462 0.34616943028846153 0.5524484375 0.24696468749999997 0.5515209206730769 0.25171293028846153 0.5600454903846154
3 0.5106311995192307 0.17287703365384616 0.44879906490384613 0.17130126682692307 0.41719968028846155 0.17449766346153844 0.40088749759615383 0.17908407692307693 0.4022366370192308 0.18932278365384617 0.41649886298076927 0.19668921875 0.43484350721153847 0.19835723317307694 0.44842241346153844 0.20970794951923077 0.45588643509615384 0.2205026610576923 0.4552031153846154 0.22448694471153846 0.4698069975961538 0.22986123798076924 0.48203676201923074 0.23097324759615387 0.4884933004807692 0.22953711298076923 0.49869060336538457 0.22439469711538462 0.4993739230769231 0.22041041346153845 0.49699980288461537 0.2161481298076923 0.4331355480769231 0.19205745432692306 0.5140128028846154 0.18937016826923078 0.5157211009615384 0.1794094639423077 0.5106311995192307 0.17287703365384616
0 0.3902048894230769 0.13842551682692308 0.40206781490384613 0.13414469471153845 0.4139358413461538 0.1270278028846154 0.3952013485576923 0.11492303365384617 0.3779312668269231 0.1253301105769231 0.3902048894230769 0.13842551682692308