1 0.5391835985576923 0.6543300937500001 0.5294945264423077 0.6566990312500001 0.5267902932692308 0.6542094423076924 0.5225096850961538 0.6615575552884615 0.5255753557692308 0.6734110600961538 0.5298124230769231 0.6818273990384616 0.539457951923077 0.6952229134615385 0.5549604639423077 0.6914326129807692 0.55847465625 0.6811211225961539 0.5585181995192308 0.6653566682692307 0.5477012716346153 0.6553983173076923 0.5418878269230769 0.6568196802884615 0.5391835985576923 0.6543300937500001
1 0.611157076923077 0.6776927716346154 0.6088578245192308 0.6688026442307693 0.6007451298076923 0.6613338798076923 0.5941652692307693 0.6597918701923077 0.5887568052884615 0.6548126899038462 0.5775349014423077 0.6512548774038461 0.5736592716346154 0.6522024519230769 0.5693786634615384 0.6595505673076923 0.5724443341346154 0.6714040697115385 0.5712729375 0.674841235576923 0.573977170673077 0.6773308221153846 0.5762764206730769 0.6862209495192307 0.5805134879807692 0.6946372884615385 0.585921951923077 0.69961646875 0.5990816706730769 0.7027004903846154 0.6072379062500001 0.6944048028846154 0.609580701923077 0.6875304735576923 0.6088142836538462 0.6845670985576924 0.611157076923077 0.6776927716346154
1 0.6019600673076924 0.6421322620192308 0.600788670673077 0.6455694254807691 0.6003836899038462 0.6519699639423078 0.6026829447115385 0.6608600913461539 0.6107956394230769 0.6683288557692308 0.6154376826923078 0.6703446586538462 0.6228275024038462 0.6590855913461537 0.6232324831730769 0.6526850528846153 0.6201668125 0.6408315504807691 0.6139919302884616 0.6328889975961538 0.6128205336538461 0.6363261634615385 0.6019600673076924 0.6421322620192308
1 0.6418877475961539 0.6292193461538461 0.6341364903846153 0.6311144975961539 0.6402678293269232 0.6548215024038462 0.6456762932692308 0.6598006778846154 0.6464427091346153 0.6627640528846155 0.6588360120192308 0.6628847043269231 0.6611788076923077 0.6560103749999999 0.6631166225961539 0.6555365889423077 0.6639265793269231 0.6427355120192307 0.6623937451923076 0.6368087572115384 0.65698528125 0.6318295841346154 0.6418877475961539 0.6292193461538461
1 0.82548803125 0.6221389639423076 0.8358999783653847 0.6384978557692308 0.8498261153846154 0.6445452572115384 0.85915375 0.6328124014423077 0.8522559927884615 0.6061420192307693 0.846081110576923 0.59819946875 0.8286407836538461 0.6024635600961539 0.8231887788461538 0.6132488365384615 0.82548803125 0.6221389639423076
0 0.8387217235576923 0.45821453125 0.8348460961538462 0.4591621081730769 0.8336746995192308 0.46259927163461534 0.8340361394230769 0.4719631875 0.8401674759615385 0.4956701923076923 0.8389960817307693 0.49910735576923076 0.8424667283653846 0.5045603173076922 0.8471087764423076 0.5065761201923077 0.8529222187500001 0.5051547548076922 0.8540936153846155 0.5017175913461538 0.851794360576923 0.4928274663461538 0.8529657572115384 0.48939030048076926 0.8476008365384615 0.4686466730769231 0.8387217235576923 0.45821453125
0 0.7603556586538461 0.5057315721153846 0.7630598894230769 0.5082211610576923 0.7653591418269231 0.5171112860576923 0.7707676033653846 0.5220904639423076 0.776219610576923 0.5113051850961539 0.7685554350961539 0.48167142788461537 0.7631469735576922 0.47669225000000004 0.7592713437499999 0.47763982692307694 0.7565235697115384 0.4909146947115385 0.7603556586538461 0.5057315721153846
0 0.5138918221153846 0.5565386923076923 0.5115490288461538 0.5634130168269231 0.51578609375 0.5718293581730769 0.5250701850961538 0.5758609591346153 0.5304786490384615 0.5808401346153846 0.5362920913461539 0.5794187716346154 0.5366970697115385 0.5730182331730769 0.5336314014423077 0.5611647307692308 0.5235808918269231 0.5541697548076923 0.5138918221153846 0.5565386923076923
0 0.5520123125 0.4968061995192308 0.5566543557692307 0.498822 0.5682812427884616 0.49597927403846154 0.5629163197115384 0.4752356442307692 0.5575078581730769 0.4702564663461538 0.5516944134615385 0.4716778317307692 0.5470088269230768 0.48542648317307696 0.5520123125 0.4968061995192308
0 0.6323412596153847 0.5350928509615385 0.6225323413461539 0.5368231322115384 0.6232454471153847 0.5463279206730769 0.6385186490384616 0.5480161466346154 0.6411943822115386 0.5372668990384615 0.6323412596153847 0.5350928509615385
0 0.609416920673077 0.5435019399038462 0.5995832740384615 0.5421253100961538 0.6021847379807692 0.553777235576923 0.6091926562500001 0.5545844350961538 0.6114544567307691 0.5489902163461539 0.609416920673077 0.5435019399038462
2 0.7552371778846154 0.38875068509615385 0.7604418389423077 0.38338217788461537 0.7555149975961538 0.37229879807692307 0.74815565625 0.37252274519230766 0.7455742307692308 0.38166094951923074 0.7527411009615383 0.39503233894230766 0.7552371778846154 0.38875068509615385
2 0.7750451129807693 0.3546056418269231 0.7724262307692308 0.3492595 0.7582440432692308 0.35178175961538466 0.7601744591346153 0.3680088197115384 0.7705707235576923 0.3620011370192308 0.7750451129807693 0.3546056418269231