0 0.0296875 0.553125 0.03125 0.5640625 0.0390625 0.571875 0.059375 0.5546875 0.0640625 0.5359375 0.0640625 0.48906249999999996 0.05 0.484375 0.04375 0.4859375 0.0390625 0.5296875 0.0328125 0.5375 0.0296875 0.553125
0 0.2703125 0.6328125 0.275 0.6296875 0.2765625 0.625 0.275 0.5765625 0.26875 0.5640625 0.2640625 0.5609375 0.2578125 0.5734375 0.2546875 0.6171875 0.2578125 0.625 0.2703125 0.6328125
0 0.35624999999999996 0.6359375 0.365625 0.6171875 0.36406249999999996 0.5828125 0.3515625 0.575 0.34843749999999996 0.578125 0.34687500000000004 0.6375 0.35 0.6421874999999999 0.35624999999999996 0.6359375
2 0.034375 0.846875 0.053125000000000006 0.8453124999999999 0.060937500000000006 0.8359375 0.0640625 0.8171875 0.0625 0.8062499999999999 0.0671875 0.79375 0.078125 0.7296875 0.046875 0.7265625 0.0421875 0.734375 0.0375 0.8234375 0.0359375 0.8343750000000001 0.03125 0.84375 0.034375 0.846875
2 0.1265625 0.8359375 0.1484375 0.8328125 0.1515625 0.828125 0.1453125 0.8140624999999999 0.14375 0.79375 0.14375 0.7749999999999999 0.1484375 0.7562500000000001 0.1484375 0.746875 0.12187500000000001 0.7453125 0.12031249999999999 0.7484375000000001 0.11875 0.753125 0.12187500000000001 0.765625 0.12031249999999999 0.8296874999999999 0.1265625 0.8359375
2 0.169075 0.8352859375 0.1722 0.8399734375 0.18626250000000003 0.8415359375 0.19720000000000001 0.8337234375 0.20501250000000001 0.8102859375 0.2112625 0.7227859375 0.2081375 0.7180984375 0.19876249999999998 0.7212234375000001 0.1768875 0.7196609374999999 0.18313749999999998 0.7993484375000001 0.1768875 0.8165359375 0.169075 0.8290359374999999 0.169075 0.8352859375
2 0.234375 0.846875 0.24375000000000002 0.84375 0.2453125 0.840625 0.24375000000000002 0.7757812500000001 0.24843749999999998 0.7328125000000001 0.24843749999999998 0.71875 0.2453125 0.715625 0.22499999999999998 0.7124999999999999 0.221875 0.7171875000000001 0.2234375 0.7375 0.22031250000000002 0.7671874999999999 0.221875 0.7796875000000001 0.21875 0.8421875000000001 0.22499999999999998 0.846875 0.234375 0.846875
2 0.30625 0.840625 0.30937499999999996 0.8374999999999999 0.3140625 0.8140624999999999 0.3140625 0.7515624999999999 0.3109375 0.746875 0.3109375 0.7390625 0.30625 0.734375 0.3046875 0.7359374999999999 0.2984375 0.7328125000000001 0.2953125 0.734375 0.2890625 0.753125 0.2859375 0.8109375000000001 0.278125 0.8296874999999999 0.2984375 0.840625 0.30625 0.840625
2 0.321875 0.8328125 0.3265625 0.84375 0.3375 0.846875 0.34843749999999996 0.840625 0.3421875 0.815625 0.3453125 0.7406250000000001 0.33281249999999996 0.7421875 0.33125000000000004 0.7390625 0.32343750000000004 0.7359374999999999 0.3203125 0.7390625 0.321875 0.796875 0.32343750000000004 0.7984374999999999 0.321875 0.8328125
2 0.38749999999999996 0.8015625 0.3890625 0.8031250000000001 0.3890625 0.8125 0.38749999999999996 0.8140624999999999 0.3890625 0.828125 0.3921875 0.8328125 0.4 0.8328125 0.4140625 0.8265625000000001 0.4140625 0.8171875 0.40937500000000004 0.8078125 0.4078125 0.7859375 0.40312499999999996 0.7749999999999999 0.40312499999999996 0.76875 0.4 0.765625 0.3921875 0.7625 0.38593750000000004 0.7671874999999999 0.384375 0.7703125 0.384375 0.7875000000000001 0.38593750000000004 0.7890625 0.38749999999999996 0.8015625
2 0.4234375 0.8218749999999999 0.42656249999999996 0.825 0.43437499999999996 0.828125 0.4453125 0.8265625000000001 0.44999999999999996 0.8218749999999999 0.44843750000000004 0.809375 0.44062500000000004 0.8031250000000001 0.43281250000000004 0.7875000000000001 0.4375 0.765625 0.4359375 0.7593749999999999 0.4375 0.7390625 0.421875 0.7328125000000001 0.41718750000000004 0.7328125000000001 0.4140625 0.7390625 0.4125 0.765625 0.4140625 0.8078125 0.421875 0.815625 0.4234375 0.8218749999999999
2 0.45625000000000004 0.7890625 0.45625000000000004 0.7984374999999999 0.44999999999999996 0.809375 0.453125 0.8140624999999999 0.453125 0.8203125 0.45781249999999996 0.8234375 0.46406250000000004 0.8234375 0.46562499999999996 0.8218749999999999 0.4703125 0.8218749999999999 0.475 0.8109375000000001 0.47187500000000004 0.78125 0.47968750000000004 0.7703125 0.48124999999999996 0.7578125 0.47968750000000004 0.7562500000000001 0.478125 0.746875 0.47343749999999996 0.7437499999999999 0.46562499999999996 0.7437499999999999 0.4625 0.7453125 0.45781249999999996 0.7546875 0.45781249999999996 0.76875 0.45625000000000004 0.7703125 0.45781249999999996 0.7875000000000001 0.45625000000000004 0.7890625
2 0.5803734375 0.8169593749999999 0.5897484375000001 0.820084375 0.5944359375 0.8185218750000001 0.5975609375000001 0.813834375 0.5975609375000001 0.807584375 0.5928734375 0.7950843750000001 0.5928734375 0.741959375 0.5959984375 0.727896875 0.5959984375 0.702896875 0.5944359375 0.706021875 0.5772484375 0.713834375 0.5756859375000001 0.712271875 0.5725609375 0.713834375 0.5709984375 0.7778968749999999 0.5741234375000001 0.788834375 0.5741234375000001 0.8028968750000001 0.5803734375 0.8169593749999999
2 0.5381859375 0.8091468749999999 0.5413109375 0.821646875 0.5522484375000001 0.821646875 0.5600609375000001 0.820084375 0.5616234375 0.8107093750000001 0.5616234375 0.806021875 0.5569359375 0.799771875 0.5569359375 0.7857093749999999 0.5553734375 0.784146875 0.5553734375 0.718521875 0.5538109375 0.7169593750000001 0.5491234375 0.718521875 0.5413109375 0.7169593750000001 0.5366234375000001 0.721646875 0.5366234375000001 0.760709375 0.5397484375 0.7700843749999999 0.5381859375 0.8091468749999999
2 0.6921875 0.8062499999999999 0.6984375 0.8125 0.6984375 0.815625 0.7046874999999999 0.8218749999999999 0.715625 0.828125 0.721875 0.828125 0.7250000000000001 0.825 0.7250000000000001 0.8078125 0.7234375 0.8062499999999999 0.7234375 0.8015625 0.70625 0.8031250000000001 0.6968749999999999 0.8 0.6937500000000001 0.796875 0.690625 0.796875 0.6890624999999999 0.7984374999999999 0.6890624999999999 0.8031250000000001 0.690625 0.8062499999999999 0.6921875 0.8062499999999999
2 0.6328125 0.8187500000000001 0.6343749999999999 0.8203125 0.6375 0.8203125 0.6499999999999999 0.8140624999999999 0.6546875000000001 0.809375 0.65625 0.809375 0.65625 0.8031250000000001 0.653125 0.8015625 0.6343749999999999 0.8015625 0.6296875 0.8 0.6265624999999999 0.8031250000000001 0.625 0.8031250000000001 0.621875 0.8062499999999999 0.621875 0.8125 0.6265624999999999 0.8187500000000001 0.6328125 0.8187500000000001
2 0.7593749999999999 0.8062499999999999 0.7609375 0.8078125 0.78125 0.8078125 0.7875000000000001 0.8015625 0.7875000000000001 0.7953125000000001 0.784375 0.7921875 0.7640625000000001 0.7828124999999999 0.753125 0.7875000000000001 0.75 0.7875000000000001 0.7437499999999999 0.79375 0.7437499999999999 0.8031250000000001 0.746875 0.8062499999999999 0.7593749999999999 0.8062499999999999
2 0.8734375000000001 0.8015625 0.8734375000000001 0.7984374999999999 0.871875 0.7515624999999999 0.8687499999999999 0.7406250000000001 0.8703125 0.7359374999999999 0.8687499999999999 0.734375 0.8531249999999999 0.734375 0.8515625 0.796875 0.859375 0.8015625 0.871875 0.8031250000000001 0.8734375000000001 0.8015625
2 0.890625 0.7734375 0.89375 0.78125 0.89375 0.7906249999999999 0.90625 0.8046875 0.9125000000000001 0.8078125 0.921875 0.809375 0.9296875 0.8062499999999999 0.9312499999999999 0.8046875 0.9296875 0.79375 0.9265625 0.79375 0.9203125000000001 0.7890625 0.9140625 0.778125 0.909375 0.7281249999999999 0.903125 0.7203124999999999 0.890625 0.7281249999999999 0.8890625000000001 0.7296875 0.8890625000000001 0.7609375 0.890625 0.7625 0.890625 0.7734375
2 0.7972390625 0.783059375 0.7977624999999999 0.7854109375 0.7998515625 0.7953406249999999 0.8063796875 0.7984765625 0.8144765625 0.7997828125 0.826228125 0.8023953125 0.8311890625 0.8018734375 0.8306671875 0.798215625 0.8251828125 0.7916828125 0.8160421875 0.7859328125 0.8139531249999999 0.773390625 0.809775 0.7710390625 0.7977624999999999 0.7663359375 0.7967171875 0.7739140624999999 0.795934375 0.777571875 0.7972390625 0.783059375