1 0.6479999999999999 0.4474474471153846 0.66 0.375375375 0.636 0.31231231249999997 0.5940000000000001 0.3033033028846154 0.572 0.3273273269230769 0.564 0.35135135096153847 0.56 0.38738738701923076 0.5940000000000001 0.45645645673076923 0.628 0.4654654663461538 0.6479999999999999 0.4474474471153846
1 0.476 0.3003003004807692 0.462 0.25225225240384613 0.43400000000000005 0.22522522596153843 0.40399999999999997 0.23723723798076923 0.39 0.2732732740384615 0.38799999999999996 0.33633633653846157 0.40800000000000003 0.35735735817307696 0.452 0.3423423413461538 0.476 0.3003003004807692
1 0.30799999999999994 0 0.30799999999999994 0.04504504567307692 0.322 0.054054052884615386 0.38 0.04804804807692308 0.39 0.033033033653846154 0.384 0 0.30799999999999994 0
1 0.19 0.3213213221153846 0.182 0.3003003004807692 0.152 0.27927927884615383 0.136 0.27927927884615383 0.114 0.3033033028846154 0.11 0.35135135096153847 0.12400000000000001 0.3903903894230769 0.15799999999999997 0.37837837740384617 0.19 0.3213213221153846
1 0.2 0.48348348317307693 0.218 0.42942943028846153 0.216 0.4144144134615385 0.164 0.38438438461538466 0.12200000000000001 0.39939939903846156 0.112 0.4174174182692308 0.11 0.4594594591346154 0.14 0.5255255264423077 0.16199999999999998 0.5225225216346154 0.2 0.48348348317307693
1 0.30799999999999994 0.8168168173076923 0.34199999999999997 0.7717717716346153 0.35 0.7027027019230769 0.33 0.6666666658653846 0.27799999999999997 0.6576576586538461 0.246 0.7027027019230769 0.242 0.7537537548076922 0.25 0.7927927932692308 0.27399999999999997 0.8198198197115385 0.30799999999999994 0.8168168173076923
0 0.614 0.8678678677884615 0.612 0.8258258269230769 0.588 0.7657657668269231 0.564 0.7687687692307693 0.5559999999999999 0.777777778846154 0.5559999999999999 0.8318318317307691 0.564 0.8588588581730769 0.614 0.8678678677884615
0 0.486 0.6216216225961539 0.476 0.5795795793269231 0.438 0.5705705697115385 0.43 0.5855855865384615 0.436 0.6306306298076922 0.462 0.6666666658653846 0.484 0.6516516514423076 0.486 0.6216216225961539
0 0.484 0.5645645649038461 0.486 0.6126126129807692 0.502 0.6276276274038461 0.508 0.5345345336538462 0.484 0.5645645649038461
2 0.93672 0.4853393389423077 0.947266 0.4394624615384615 0.911994 0.4247147139423077 0.901448 0.46130931009615384 0.8989020000000001 0.4787867860576923 0.908356 0.5148318317307692 0.93672 0.4853393389423077
2 0.9018120000000001 0.37173873798076923 0.85863 0.3434324326923077 0.8578119999999999 0.36409309375 0.847266 0.3848468461538461 0.873448 0.41870870913461544 0.9018120000000001 0.37173873798076923
0 0.687632 0.5991681682692308 0.715994 0.6084504495192308 0.729086 0.5805975985576923 0.7145400000000001 0.5325345336538462 0.7145400000000001 0.5161021009615385 0.699632 0.5407267259615385 0.6869040000000001 0.5669429423076923 0.680358 0.5866066057692307 0.687632 0.5991681682692308
0 0.688852 0.5574474471153846 0.66856 0.5494414423076923 0.6552560000000001 0.5961981971153846 0.6786399999999999 0.6083093100961539 0.688852 0.5574474471153846
0 0.6562640000000001 0.8639759759615384 0.680722 0.8768918918269232 0.706792 0.8575165168269231 0.7135119999999999 0.8090750745192307 0.686098 0.7917177187500001 0.663522 0.8183603605769231 0.6549200000000001 0.8385435432692308 0.6562640000000001 0.8639759759615384
0 0.36765 0.5759279278846153 0.35108799999999996 0.5968348341346154 0.36980999999999997 0.649108108173077 0.393092 0.6757837836538462 0.404132 0.6440600600961539 0.414034 0.6420330336538461 0.39741200000000004 0.60909309375 0.38517199999999996 0.5842192187499999 0.36765 0.5759279278846153
0 0.37533999999999995 0.6888498509615384 0.362442 0.6426216225961539 0.330366 0.6642162163461538 0.353646 0.709513514423077 0.37533999999999995 0.6888498509615384