1 0.27719796153846155 0.27922931971153847 0.3827920024038462 0.2738762379807692 0.41154712259615384 0.2723018317307692 0.41260624038461535 0.2492432043269231 0.38147837740384616 0.18925200240384615 0.34565018269230774 0.17033310817307695 0.30988601923076925 0.16832792548076922 0.27815969230769233 0.1834592451923077 0.2528853942307692 0.21210462259615384 0.24008785817307693 0.2715119639423077 0.27719796153846155 0.27922931971153847
1 0.7102631947115385 0.3741979903846154 0.7377734302884615 0.37832952884615384 0.7720420288461539 0.3934031778846154 0.7743704423076923 0.37971440384615385 0.7756741033653847 0.3616654855769231 0.7715548942307693 0.35072667067307695 0.7565956971153847 0.33617009374999995 0.7287791274038462 0.3346105048076923 0.7178013966346154 0.3381022956730769 0.7054276923076923 0.3464535769230769 0.6883146370192308 0.37367762740384614 0.7102631947115385 0.3741979903846154
1 0.7930648437500001 0.34948821634615385 0.7909283317307693 0.3681574471153847 0.794261173076923 0.37398101682692303 0.8498943100961539 0.3771001947115385 0.8562823076923076 0.3737005456730769 0.8586965096153846 0.3700780961538461 0.8555773173076923 0.36238760576923074 0.8566455745192307 0.3530529903846154 0.8504071947115384 0.33767200961538457 0.8433142091346154 0.3297587211538462 0.8357939206730769 0.32557927884615384 0.8218856370192308 0.3247994855769231 0.8093232956730769 0.32973185817307693 0.7981068990384615 0.34037639903846156 0.7930648437500001 0.34948821634615385
1 0.8867715072115385 0.4191433004807692 0.9048009134615385 0.42151447596153846 0.9133894591346153 0.41635930288461537 0.9178761370192308 0.3771539206730769 0.9094372091346153 0.3635284615384615 0.9001436754807692 0.3573706971153846 0.8880086346153846 0.3585692235576923 0.8772195432692308 0.36547992067307694 0.8675627403846153 0.37996970913461536 0.8658535264423077 0.39490509375 0.8734378533653846 0.41599824278846154 0.8867715072115385 0.4191433004807692
1 0.9196493846153846 0.37913224038461535 0.9275969759615385 0.37957783653846155 0.9295042692307691 0.3796509543269231 0.9315707716346153 0.3798006370192307 0.9415052596153846 0.3803576322115385 0.9476796033653846 0.37882490865384616 0.9520807019230768 0.37531386057692306 0.9531489591346154 0.36597924278846156 0.9553495096153846 0.36422372115384616 0.9557768125 0.36048987499999996 0.9508465336538462 0.3586652331730769 0.9455646370192308 0.34488609615384613 0.9419391586538463 0.3411129110576923 0.9340233701923076 0.3373490793269231 0.9223628197115384 0.3379485360576923 0.9135606201923078 0.3449706298076923 0.9083049182692308 0.3559493701923077 0.9112104567307693 0.3655067836538462 0.9165301947115385 0.37144175240384614 0.9196493846153846 0.37913224038461535
1 0.9680225216346153 0.35832428125000004 0.9699324158653847 0.36019189423076925 0.9743989615384615 0.36044231730769233 0.9880630264423077 0.3616612355769231 0.9934248894230768 0.36350631490384616 0.9980396394230768 0.35812834615384614 0.9962663918269231 0.3561500240384615 0.9969073485576924 0.3505492548076923 0.9898143629807692 0.3426359639423077 0.9860542163461539 0.3405462451923077 0.9798798725961538 0.34207896875000005 0.9734918774038461 0.34547861778846156 0.9732782235576922 0.3473455408653846 0.9688771274038461 0.3508565889423077 0.9680225216346153 0.35832428125000004
0 0.6532979543269231 0.4525071298076923 0.6550712019230769 0.45448545432692306 0.6524433509615384 0.4599748221153846 0.6557761923076922 0.46579839182692306 0.6597499879807691 0.4660211875 0.6791276274038461 0.45395531730769234 0.6782048605769231 0.4455762908653846 0.6821187475961538 0.4278183990384615 0.6805591514423077 0.4239731514423077 0.66927871875 0.41770398798076924 0.6593442307692308 0.4171469903846154 0.6575709855769231 0.4151686682692307 0.65089715625 0.41734415865384616 0.64858746875 0.4215211033653846 0.6564854639423078 0.42454928846153844 0.6532979543269231 0.4525071298076923
0 0.5116512956730769 0.4671122620192308 0.540685735576923 0.4405566057692308 0.5390621057692307 0.41979765384615386 0.5198340841346154 0.41308289423076927 0.5092590576923077 0.42126821153846156 0.4972836875 0.4434198149038462 0.4889027932692308 0.45182773317307695 0.4765280889423077 0.4595063076923077 0.49334191346153844 0.4698435168269231 0.5116512956730769 0.4671122620192308
2 0.7104894831730769 0.8089472331730769 0.713886360576923 0.8316845072115384 0.7156596057692308 0.8336628293269231 0.714805 0.8411305216346154 0.71813784375 0.8469540889423077 0.7201247403846154 0.8470654879807692 0.7274313774038461 0.8531118533653845 0.7413396610576922 0.8538916466346154 0.7521287548076923 0.8469809519230769 0.7553975625 0.8358908125 0.7536243173076923 0.8339124927884616 0.7542652692307693 0.8283117235576923 0.7489455288461537 0.8223767524038461 0.7446940504807693 0.8071071706730769 0.7413612067307693 0.8012836033653846 0.7391606586538462 0.8030391274038462 0.7192916802884616 0.8019251346153846 0.7124763822115384 0.8090586298076924 0.7104894831730769 0.8089472331730769
2 0.6970509927884615 0.8739553413461538 0.7173472716346154 0.8713354855769231 0.7201887764423076 0.8639791971153846 0.7177105384615385 0.8506879350961539 0.7110448581730769 0.8390407980769231 0.6953633269230769 0.8362826826923077 0.6909622259615384 0.8397937307692308 0.6825873341346154 0.8430819807692308 0.678463923076923 0.8616398125 0.6891034014423076 0.8735097451923076 0.6970509927884615 0.8739553413461538
2 0.7669987740384615 0.751990670673077 0.7773605649038462 0.7488138221153846 0.7795611129807691 0.747058298076923 0.7814839759615384 0.7302559903846154 0.7743909903846155 0.722342701923077 0.7587094591346154 0.7195845841346155 0.7561456442307691 0.7419876610576923 0.757918889423077 0.7439659831730769 0.7572779350961538 0.7495667548076923 0.7575760336538462 0.7501245913461538 0.761038079326923 0.7516564759615385 0.7669987740384615 0.751990670673077
2 0.7857711778846154 0.7212051923076923 0.7919109134615384 0.7251644326923077 0.7972886802884616 0.7309767692307693 0.8067392091346155 0.7284064423076924 0.8078729350961538 0.7233049038461539 0.8094943028846154 0.7187474086538461 0.8088713293269231 0.7145807740384615 0.8062540793269231 0.711852420673077 0.80136196875 0.7065840144230768 0.7947041250000001 0.7019625336538462 0.7888067620192308 0.7058800841346154 0.7838409447115384 0.7076684567307693 0.7777124951923077 0.70680815625 0.773749983173077 0.7062421538461539 0.7713277596153846 0.7129925192307692 0.7826271874999999 0.7182744471153846 0.7857711778846154 0.7212051923076923
2 0.8125061947115384 0.6657997211538462 0.8126884615384615 0.6700431057692308 0.8181690865384615 0.6731743750000001 0.826106891826923 0.6737753725961538 0.8327192211538462 0.6743039326923077 0.8367995697115386 0.6721803197115384 0.8391700264423078 0.6660395697115384 0.8441101298076923 0.6622393317307692 0.8480904783653845 0.6580715048076923 0.8483759158653845 0.6555772932692308 0.8482938629807693 0.6533762548076923 0.845836016826923 0.6500762620192307 0.84365246875 0.6531160264423076 0.8398011418269231 0.6576067475961539 0.8367628149038461 0.6622971129807692 0.8260432668269231 0.6612263774038462 0.817092295673077 0.6607245240384615 0.8145263004807692 0.6641881490384616 0.8125061947115384 0.6657997211538462
2 0.8588237572115385 0.6425974014423077 0.8606095961538462 0.647960329326923 0.8647453149038462 0.653757514423077 0.8702502908653845 0.6573749062500001 0.879038795673077 0.6560639062500001 0.8817944038461539 0.6515549687500001 0.8845175504807692 0.6431360985576924 0.8846855 0.6360770841346154 0.8850346177884615 0.6302307307692309 0.8863596586538461 0.6256415841346155 0.8859951971153847 0.6207886153846154 0.8835718028846155 0.62623871875 0.8807429158653846 0.629990108173077 0.8780849543269231 0.6322479567307693 0.8726222524038462 0.6352504254807693 0.8683305552884615 0.6350098028846154 0.8608668798076924 0.6317335264423077 0.8602291346153846 0.635908391826923 0.8588237572115385 0.6425974014423077
2 0.8958444447115385 0.6146293966346155 0.8998003942307692 0.6166680913461539 0.9042025625 0.6190361850961538 0.9119434278846155 0.6203795817307692 0.9168280192307693 0.6185321658653845 0.9185746875 0.6145397259615385 0.9172257235576923 0.6108284182692307 0.9142314326923077 0.6088436418269231 0.9125340096153847 0.6067793798076923 0.9114787235576922 0.6029830793269231 0.9092524519230769 0.6044741153846154 0.9056725432692307 0.6076065697115385 0.9043797283653846 0.609048485576923 0.8994549086538461 0.6098320649038461 0.8933305889423077 0.6084289927884615 0.8929994350961539 0.6099248197115384 0.8928827764423077 0.6123420625 0.8958444447115385 0.6146293966346155