1 0.9151928966346153 0.40668300961538456 0.9420538317307692 0.4143188413461539 0.9454126322115385 0.41770101682692307 0.9479293701923077 0.4153822548076923 0.9507204927884616 0.40201607451923077 0.95043665625 0.3936419014423077 0.9403602620192307 0.38349536778846155 0.9358850120192308 0.38545966105769225 0.9280509663461539 0.3840417764423077 0.9210589807692308 0.3883248341346154 0.9149090600961538 0.3983088341346154 0.913792608173077 0.4036553052884615 0.9151928966346153 0.40668300961538456
1 0.7450673293269231 0.3453750288461538 0.7475840625000001 0.34305626442307696 0.752901375 0.34679291346153845 0.7646524447115385 0.34891973798076925 0.7660527307692307 0.35194744471153844 0.7853634567307692 0.36653956730769227 0.795156016826923 0.36831192548076924 0.7973889158653846 0.35761898076923077 0.7959886298076922 0.3545912740384616 0.7998962043269231 0.3358786274038461 0.7948532812500001 0.3210945673076923 0.791494485576923 0.3177123894230769 0.7861771730769231 0.3139757403846154 0.7685505697115385 0.3107855024038461 0.7545665985576923 0.3193516177884615 0.7422667548076922 0.33931961538461536 0.7450673293269231 0.3453750288461538
1 0.7137500384615384 0.3785466706730769 0.7162667764423076 0.37622790865384614 0.7319348677884616 0.37906367548076925 0.73528421875 0.3630242644230769 0.7383591778846154 0.3580322644230769 0.73807534375 0.34965808653846153 0.7366750552884616 0.34663038221153847 0.7341583197115384 0.3489491442307692 0.7282827836538461 0.34788573076923074 0.7257660480769231 0.3502044951923077 0.713466201923077 0.37017249278846154 0.7123497524038461 0.37551896634615384 0.7137500384615384 0.3785466706730769
1 0.6429408870192308 0.31856835817307694 0.6630936754807693 0.3388614230769231 0.6661686394230769 0.3338694230769231 0.6706344375 0.31248354086538466 0.6697923774038461 0.3067825985576923 0.66223271875 0.2943173028846154 0.646564625 0.29148153605769234 0.6420893798076922 0.2934458269230769 0.6415311538461539 0.29611906009615385 0.626430733173077 0.31003164663461535 0.6292313052884615 0.3160870625 0.6429408870192308 0.31856835817307694
1 0.5598696850961539 0.35624440144230773 0.562386420673077 0.3539256394230769 0.5640610961538461 0.34590593269230774 0.5637772596153846 0.33753175721153844 0.5581761129807693 0.32542092788461535 0.5548173149038461 0.32203875240384616 0.5430662451923077 0.31991192548076924 0.5385909975961538 0.32187621875 0.5276914374999999 0.3448719254807692 0.5565108846153847 0.35286222596153843 0.5598696850961539 0.35624440144230773
1 0.42221564903846154 0.3341046658653846 0.4238997716346154 0.3455065480769231 0.4322920432692308 0.3442511971153846 0.4392840288461538 0.33996813942307696 0.4569106322115385 0.3431583798076923 0.4619441033653846 0.33852085096153844 0.4616602692307692 0.3301466754807692 0.45325854807692306 0.31198043509615386 0.44794123798076924 0.30824378846153844 0.4361901706730769 0.3061169615384615 0.4291981850961539 0.3104000192307692 0.4286399591346154 0.31307325240384615 0.4236064879807693 0.31771078125 0.42221564903846154 0.3341046658653846
1 0.1981127139423077 0.30741561778846155 0.20986378125 0.30954244471153847 0.21126406730769232 0.31257014903846153 0.2171396033653846 0.3136335625 0.21853989182692307 0.3166612668269231 0.2291745096153846 0.3241345673076923 0.24428437740384615 0.3296435697115384 0.24930840144230768 0.30558444951923075 0.2479081153846154 0.3025567451923077 0.24958279086538462 0.29453703846153845 0.24398164423076923 0.28242621153846154 0.23866433413461538 0.27868956490384617 0.22299624278846153 0.27585379807692306 0.2185209951923077 0.2778180889423077 0.20593731009615385 0.2894119134615385 0.19978738701923077 0.2993959110576923 0.1981127139423077 0.30741561778846155
1 0.17797881971153845 0.3259657331730769 0.1818863966346154 0.3072530841346154 0.18104433413461538 0.3015521418269231 0.17684347596153846 0.2924690216346154 0.15921687019230768 0.28927878125 0.1516666610576923 0.29623507692307693 0.14495850961538462 0.3088923125 0.1463587980769231 0.31192001923076923 0.1735035721153846 0.3279300264423077 0.17797881971153845 0.3259657331730769
1 0.2563930673076923 0.34976799278846155 0.26690562740384616 0.3564923389423077 0.26748325240384613 0.35689928125 0.27091136778846153 0.3457679326923077 0.2651387259615384 0.34171028605769227 0.2563930673076923 0.34976799278846155
1 0.46056844951923076 0.3573727091346154 0.46053937500000003 0.35856315865384614 0.4595108557692308 0.35718129567307694 0.4537206875 0.3723045456730769 0.46583139903846155 0.38048611057692305 0.47044859134615385 0.3741336442307693 0.46751465625 0.36192296153846154 0.46056844951923076 0.3573727091346154
2 0.8652837259615385 0.7527563221153847 0.8627669879807692 0.7550750841346154 0.8638928894230768 0.769150204326923 0.8672516875 0.7725323798076923 0.8809612668269231 0.7750136778846154 0.8834780048076923 0.7726949134615384 0.8868273533653847 0.7566555024038462 0.8652837259615385 0.7527563221153847
2 0.8311469663461538 0.7410293701923076 0.8328216442307692 0.7330096634615385 0.8283463942307693 0.7349739567307693 0.8196702860576923 0.7278551322115384 0.8118362403846154 0.7264372475961539 0.8026113557692308 0.7414132475961538 0.8059701538461539 0.7447954254807693 0.8177212211538462 0.7469222524038461 0.8202379591346154 0.7446034879807691 0.8261134927884615 0.7456669014423076 0.8311469663461538 0.7410293701923076
2 0.7045058725961538 0.9289530048076924 0.7070226057692307 0.9266342427884615 0.7128981418269231 0.9276976562500001 0.7179316153846155 0.923060125 0.7223974158653846 0.9016742427884614 0.7249141514423076 0.8993554783653847 0.7291055624999999 0.8890170072115384 0.7193130072115385 0.8872446514423077 0.7165124326923077 0.8811892379807692 0.7008443389423077 0.8783534711538461 0.6986114399038462 0.8890464110576922 0.6960947043269231 0.8913651754807692 0.6857533677884615 0.9116876442307693 0.6854789807692309 0.9227350600961538 0.6888377764423077 0.9261172379807692 0.7045058725961538 0.9289530048076924
2 0.6183124639423077 0.8745130985576922 0.6281050216346155 0.8762854543269231 0.6585991442307692 0.876256048076923 0.6611158822115384 0.8739372860576923 0.6669914158653847 0.8750006971153846 0.6695081538461539 0.8726819350961539 0.6717410528846154 0.8619889927884615 0.6599899831730769 0.8598621682692307 0.6518721009615385 0.8500701057692308 0.652430326923077 0.8473968725961538 0.6417957067307692 0.8399235721153846 0.6412374831730769 0.8425968076923076 0.6124274807692308 0.8540280985576924 0.6096363557692308 0.8673942740384616 0.6110366418269231 0.8704219807692308 0.6169121754807693 0.8714853942307692 0.6183124639423077 0.8745130985576922
2 0.6140549134615385 0.7489004447115384 0.6115381778846154 0.7512192067307691 0.6098635024038461 0.7592389158653846 0.633365641826923 0.7634925673076923 0.6358823774038461 0.7611738004807692 0.6476334471153845 0.7633006274038461 0.6532251466346154 0.7559898653846153 0.6560162716346153 0.7426236875 0.6551742091346154 0.7369227451923077 0.6487404495192308 0.7385325673076923 0.6409064038461539 0.7371146826923076 0.6395061177884614 0.7340869759615385 0.63558909375 0.7333780360576923 0.6350308677884615 0.7360512692307692 0.6224471850961538 0.7476450889423076 0.6140549134615385 0.7489004447115384
2 0.5799559495192308 0.8148598533653846 0.5824726875 0.8125410865384615 0.5855476466346153 0.8075490865384616 0.5894552211538462 0.7888364423076923 0.5880549326923077 0.785808733173077 0.5835796875 0.7877730288461537 0.5757456394230769 0.7863551418269231 0.56875365625 0.7906382019230769 0.5620455096153847 0.8032954350961539 0.5609290576923077 0.80864190625 0.56232934375 0.8116696129807692 0.5799559495192308 0.8148598533653846
2 0.5167064567307692 0.7673468341346154 0.5343330600961539 0.7705370745192308 0.5393665336538461 0.7658995480769231 0.5415994350961538 0.7552066057692308 0.5312486514423077 0.756107485576923 0.5298483629807692 0.75307978125 0.5186555192307692 0.7482797163461539 0.49683750240384617 0.7554279471153845 0.4906875793269231 0.7654119447115384 0.49404637740384616 0.7687941274038461 0.5057974495192308 0.770920951923077 0.5083141850961538 0.7686021850961539 0.5141897211538462 0.7696655985576922 0.5167064567307692 0.7673468341346154
2 0.47808500240384616 0.7381625913461539 0.4839605360576923 0.7392260024038462 0.48843578365384616 0.7372617115384615 0.49458570673076924 0.7272777115384615 0.49570215865384615 0.7219312379807692 0.4943018701923077 0.7189035336538462 0.4903848461538462 0.7181945913461539 0.4878681105769231 0.7205133557692308 0.4780755528846154 0.7187410000000001 0.47248385576923074 0.726051764423077 0.4708091778846154 0.7340714711538462 0.4755682644230769 0.7404813533653846 0.47808500240384616 0.7381625913461539
2 0.45960688461538457 0.7098498197115385 0.4612815625 0.7018301129807691 0.44225467067307694 0.6956121658653847 0.43833764663461533 0.6949032235576923 0.4237954543269231 0.7061425769230769 0.42212077644230767 0.7141622836538463 0.42352106490384617 0.7171899879807693 0.43918915625 0.7200257572115384 0.44758142788461536 0.71877040625 0.45960688461538457 0.7098498197115385
2 0.40170304807692303 0.72433821875 0.39610190144230767 0.7122273942307692 0.37595856250000004 0.7113559182692307 0.37344182451923075 0.7136746826923077 0.372325375 0.7190211538461538 0.37848474519230774 0.7284587451923077 0.3935946153846154 0.7339677475961538 0.4005865985576923 0.7296846923076923 0.40170304807692303 0.72433821875
2 0.3300801826923077 0.7169237355769231 0.3317643052884615 0.7283256177884615 0.343515375 0.7304524447115385 0.3479906225961538 0.7284881490384615 0.3563734471153846 0.7078112091346154 0.33874684134615385 0.70462096875 0.3300801826923077 0.7169237355769231
2 0.13481559134615384 0.7370681634615385 0.13565765384615386 0.7427691081730768 0.1474087235576923 0.7448959326923077 0.15943418028846154 0.7359753437500001 0.1692172908653846 0.7183261105769231 0.17200841586538462 0.7049599326923077 0.17060812740384618 0.7019322283653846 0.16557465625 0.7065697548076924 0.1518650769230769 0.7040884567307693 0.15046478846153846 0.7010607524038461 0.14263074278846155 0.6996428677884615 0.1409560673076923 0.7076625769230769 0.13843933173076922 0.7099813389423077 0.13481559134615384 0.7370681634615385
2 0.11298812980769231 0.7247948076923076 0.13536436778846153 0.7149733389423076 0.13648081971153847 0.7096268677884615 0.13508053365384615 0.7065991634615384 0.13172173317307692 0.7032169855769231 0.12277123798076922 0.7071455721153845 0.10710314423076922 0.7043098028846154 0.08864392788461539 0.7148402139423078 0.0869692548076923 0.7228599182692308 0.10655436778846153 0.7264046274038461 0.11298812980769231 0.7247948076923076
2 0.10230626682692308 0.6202135600961539 0.10678151442307691 0.6182492692307692 0.11237321394230769 0.6109385048076923 0.11097292788461538 0.607910798076923 0.09530483413461538 0.6050750288461538 0.09474660817307692 0.607748264423077 0.08971313701923077 0.6123857932692307 0.08859668509615384 0.6177322644230769 0.09391399759615385 0.6214689110576923 0.09643073076923077 0.6191501490384616 0.10230626682692308 0.6202135600961539