1 0.7308962259615384 0.8372636538461538 0.7100750913461538 0.8258132572115385 0.7017413533653846 0.8237302860576924 0.6933917475961539 0.8291388629807692 0.6975506874999999 0.8339261274038462 0.7058262668269231 0.8634781322115385 0.6932965745192308 0.8740881850961538 0.6932912860576923 0.8765853677884615 0.7016197427884615 0.8811655264423077 0.7099587692307693 0.8807513149038461 0.7266474014423078 0.8749285240384614 0.7349970024038461 0.8695199471153846 0.7391770961538462 0.8643184711538462 0.7391982451923076 0.8543297331730769 0.7433730432692307 0.8516254447115384 0.7308962259615384 0.8372636538461538
2 0.25122232451923077 0.9459850432692308 0.25125405048076926 0.9310019350961538 0.24293088221153847 0.9239245937499999 0.23459714182692307 0.9218416201923076 0.2345231153846154 0.956802201923077 0.2386820576923077 0.9615894663461538 0.24702108653846155 0.9611752548076923 0.2470475216346154 0.9486893341346154 0.25122232451923077 0.9459850432692308
1 0.11433158653846154 0.6206939831730769 0.10599784375 0.6186110072115384 0.09765352884615384 0.6215224038461538 0.09759536778846155 0.6489914326923076 0.1184429375 0.6479559062500001 0.12679782932692307 0.640050141826923 0.12682426923076923 0.6275642211538461 0.11433158653846154 0.6206939831730769
1 0.1728316826923077 0.5578620793269231 0.17280524759615384 0.5703480024038462 0.16862515625000002 0.5755494759615385 0.18113370192307693 0.5749281610576923 0.1936581057692308 0.5668152908653846 0.19367925480769232 0.5568265528846154 0.1895203173076923 0.5520392908653846 0.18118657451923076 0.5499563149038461 0.16867803365384615 0.5505776298076923 0.16866745913461537 0.555572 0.1728316826923077 0.5578620793269231
1 0 0.5517516875 0.001913326923076923 0.5513702908653846 0.01026821875 0.5434645264423077 0.010294656249999999 0.5309786057692307 0 0.531489954326923 0 0.5517516875
1 0 0.5920428942307692 0.010183620192307693 0.5834194807692308 0.006040540865384616 0.5711406634615385 0 0.5678187211538461 0 0.5920428942307692
1 0 0.6463483605769231 0.0017124038461538461 0.6462633028846153 0.010072584134615386 0.6358603533653846 0.005924218750000001 0.6260787211538462 0 0.6245979951923076 0 0.6463483605769231
3 0.08525602163461538 0.56970284375 0.09357918990384614 0.5767801875 0.11024667067307692 0.5809461370192308 0.13525846875 0.5822006899038462 0.13943327163461539 0.5794963990384615 0.12278164903846153 0.5678388966346154 0.11863328605769231 0.5580572644230769 0.11030483173076923 0.5534771057692308 0.0936267764423077 0.5543055288461539 0.08527717307692308 0.559714108173077 0.08525602163461538 0.56970284375
0 0.08629580288461539 0.5472513125 0.08387521875000001 0.5385973629807692 0.06283947115384615 0.5536824278846153 0.07907336778846154 0.5578499375 0.08629580288461539 0.5472513125
1 0.3398713365384615 0.42721582451923074 0.3356648076923077 0.4449032211538461 0.3356542331730769 0.44989759134615387 0.33981846394230775 0.4521876706730769 0.36066603125 0.4511521442307692 0.3648408341346154 0.4484478533653846 0.36902092307692314 0.44324637740384615 0.3690526466346154 0.4282632716346154 0.3648937091346154 0.4234760072115385 0.3607294807692308 0.4211859278846154 0.34822093750000005 0.42180724278846154 0.3398713365384615 0.42721582451923074
1 0.37342308413461534 0.33316315625000004 0.3650946322115385 0.32858299759615384 0.3442470600961538 0.32961852403846154 0.348353125 0.35937763221153846 0.36503646875 0.35605202644230766 0.3733860697115385 0.3506434471153846 0.3775661610576923 0.3454419711538461 0.37342308413461534 0.33316315625000004
2 0.02307814423076923 0.4005036971153846 0.027300533653846156 0.37532474519230774 0.018987942307692306 0.36325303365384615 0.014823716346153846 0.36096295432692305 0.006484687500000001 0.3613771658653846 0.0023098870192307694 0.36408145432692307 0.0022675865384615386 0.38405893269230773 0.014744403846153846 0.39842072115384614 0.02307814423076923 0.4005036971153846
2 0.022807283653846155 0.42013296875 0.004690026442307692 0.42137245673076923 0.014284408653846153 0.4364916658653846 0.049955456730769225 0.43234775961538463 0.05223458173076923 0.4251133341346154 0.03469227644230769 0.42259386298076923 0.022807283653846155 0.42013296875