1 0.5831003942307692 0.8083969903846153 0.5949342163461538 0.7516657451923077 0.5806828605769231 0.7317868509615385 0.5530737836538462 0.7406648557692308 0.5241383365384615 0.7735414326923077 0.5267393173076923 0.8051722379807693 0.5456799759615385 0.8466705384615385 0.5612577043269231 0.8425508581730768 0.5831003942307692 0.8083969903846153
1 0.40323226682692304 0.6652059230769231 0.41919096875 0.668079829326923 0.44958447596153844 0.6458532980769232 0.46673786057692307 0.5900800192307692 0.4421625072115385 0.55795446875 0.4340585096153846 0.5703450288461538 0.4429902980769231 0.589265951923077 0.4293174423076923 0.6283535673076923 0.3943004783653846 0.646285 0.40323226682692304 0.6652059230769231
1 0.18574619471153844 0.5083154855769231 0.1937843485576923 0.4786006177884615 0.18877991346153847 0.4673119302884615 0.15097851682692306 0.498591889423077 0.18574619471153844 0.5083154855769231
3 0.28852531971153844 0.5095119206730769 0.2818135360576923 0.5152282139423077 0.27763689423076926 0.5352510072115385 0.29018090384615386 0.5721348822115385 0.3776456706730769 0.6467482259615385 0.3644713966346154 0.6305257884615384 0.3676885625 0.5445428990384615 0.39737188221153846 0.4287012451923077 0.3134158076923077 0.5313067499999999 0.2960648918269231 0.5351071081730769 0.28852531971153844 0.5095119206730769
3 0.3983972019230769 0.5119856490384616 0.41619493509615385 0.5325031850961538 0.423419375 0.5684290913461538 0.4286731009615385 0.5520627548076923 0.42169794951923073 0.4884818221153846 0.40776172836538466 0.4582722091346154 0.3983972019230769 0.5119856490384616
3 0.6513847403846154 0.49868234375 0.6579507596153846 0.3613651850961539 0.6381305456730769 0.3681833485576923 0.5915290480769231 0.41519100000000003 0.5430226778846154 0.42723071634615384 0.5144305192307692 0.643681079326923 0.5380604807692307 0.7067987884615385 0.5565543197115385 0.7239791947115385 0.600371389423077 0.6903200721153847 0.5828887884615385 0.6594718149038462 0.5896523341346154 0.5741275745192308 0.6104179447115384 0.53631725 0.6235922163461538 0.5525396850961538 0.6240390312499999 0.576857579326923 0.6374625961538462 0.5654249903846154 0.6513847403846154 0.49868234375
3 0.14039114663461538 0.4170480024038462 0.13646379567307693 0.4094157692307692 0.09929266586538461 0.4200342908653846 0.07706899759615383 0.4471945721153846 0.12678413701923077 0.4734599278846154 0.14039114663461538 0.4170480024038462
2 0.15633577163461537 0.32296965625 0.1539840793269231 0.2636838245192308 0.13200970432692308 0.26318907932692304 0.13227307451923076 0.3324863076923077 0.15633577163461537 0.32296965625
2 0.3659249014423077 0.17373886298076924 0.36676677163461535 0.3020026033653846 0.4084955216346154 0.2783548725961538 0.41754491346153844 0.23497215865384616 0.39474274519230773 0.20316593028846153 0.4003116009615385 0.17646887259615385 0.42785483413461534 0.1502665625 0.41221126682692305 0.13706193269230768 0.37358208173076923 0.13703041105769231 0.3659249014423077 0.17373886298076924
2 0.4019671826923077 0.23909183653846153 0.3847479519230769 0.27754080528846153 0.4109648149038462 0.27533706490384613 0.4481218677884616 0.16776629086538464 0.42684359615384615 0.16393441346153845 0.41025462980769234 0.18172193990384616 0.4019671826923077 0.23909183653846153
2 0.12511447596153846 0.3138847091346154 0.12846332692307694 0.26255043509615383 0.116051 0.2603151706730769 0.11155922596153847 0.29066868509615384 0.12511447596153846 0.3138847091346154
2 0.63005015625 0.10704144951923077 0.6370253076923077 0.17062238221153844 0.6714120072115384 0.17335239182692305 0.6774276802884616 0.17097322836538462 0.6731052740384615 0.0593951514423077 0.6368795432692308 0.03902151442307692 0.63005015625 0.10704144951923077
0 0.22340182451923077 0.34543465384615385 0.2308097139423077 0.33638122836538464 0.22225889903846152 0.32445389423076926 0.21161976442307692 0.32253795673076924 0.20351576923076922 0.3349285144230769 0.20281966346153846 0.3382656466346154 0.20674701442307694 0.3458978798076923 0.21738614903846154 0.34781381971153846 0.22340182451923077 0.34543465384615385
0 0.34714408413461534 0.36079368749999996 0.3460670024038462 0.3571372331730769 0.34954753846153847 0.3404515721153846 0.35201683413461543 0.33743376201923075 0.35410515625000005 0.32742236778846157 0.35403931730769234 0.3100980600961538 0.34973098798076924 0.2954722379807692 0.34618461057692307 0.29483359134615383 0.32256872836538464 0.32866813701923075 0.32117651442307693 0.3353424014423077 0.32795413701923076 0.3469504110576923 0.3280199807692308 0.36427471875 0.33017414663461536 0.37158762980769233 0.34435965625 0.3741422139423077 0.34714408413461534 0.36079368749999996
0 0.4254795384615385 0.3645131850961538 0.4213028942307692 0.38453597836538467 0.40933738942307696 0.4066186105769231 0.40022215384615384 0.43267702163461536 0.4090880985576923 0.43427363461538465 0.41193837259615385 0.43824941586538463 0.42706928125 0.4098118413461539 0.43093079086538466 0.40011976923076925 0.43580354086538464 0.37675984375 0.4350415913461539 0.36277267067307695 0.43041813221153846 0.3584775673076923 0.4254795384615385 0.3645131850961538
0 0.5110394326923077 0.4041585889423077 0.5103433245192307 0.4074957235576923 0.5156628942307692 0.4084536923076923 0.5167399759615384 0.4121101466346154 0.5256059230769231 0.4137067620192308 0.5425758605769231 0.4029128197115384 0.5474486105769231 0.3795528942307692 0.5402900120192308 0.36095129567307693 0.5367436370192308 0.3603126514423077 0.5243971562499999 0.37540169230769227 0.5110394326923077 0.4041585889423077