1 0.7258244254807693 0.7460280817307693 0.7240889014423076 0.7491041009615385 0.7253871009615385 0.7640611730769231 0.7306756274038461 0.7788490336538462 0.7331900673076923 0.7847472572115385 0.7442044423076923 0.796289889423077 0.7601657403846154 0.7956130504807692 0.767627110576923 0.7892918028846154 0.7760450817307691 0.7709202956730768 0.7775209639423076 0.7648528629807692 0.7739679615384615 0.7469889807692307 0.72981475 0.7458588725961538 0.7258244254807693 0.7460280817307693
1 0.6564310600961538 0.7309561634615385 0.6207777764423077 0.7354704639423078 0.6220759759615385 0.7504275312500001 0.624850060096154 0.7593171706730769 0.6293596658653846 0.7651307884615384 0.6296193028846153 0.7681222043269231 0.6316144663461538 0.7680375961538461 0.6361240721153846 0.7738512163461538 0.6483546875 0.7763350024038461 0.6558160552884615 0.7700137548076923 0.660762983173077 0.757794283653846 0.6594647836538462 0.7428372115384616 0.6609406658653847 0.73676978125 0.6564310600961538 0.7309561634615385
1 0.5715956802884615 0.7225439086538461 0.5641343076923077 0.7288651562499999 0.5581488221153846 0.72911896875 0.5564132980769231 0.7321949879807692 0.540452 0.7328718245192308 0.5389761177884616 0.7389392596153846 0.5442646394230769 0.7537271177884615 0.5487742451923077 0.7595407379807693 0.5572741754807692 0.7651851466346155 0.5652548269230769 0.7648467259615385 0.5724565552884615 0.7555340649038461 0.57445171875 0.7554494591346154 0.5759275985576923 0.7493820288461539 0.5761052836538462 0.7283575240384615 0.5715956802884615 0.7225439086538461
1 0.43193430769230773 0.7284662403846155 0.4301987836538462 0.7315422620192307 0.4242132980769231 0.7317960745192308 0.42247777403846154 0.7348720961538462 0.40851163701923077 0.735464326923077 0.4095501995192308 0.747429983173077 0.41457908173076924 0.7592264302884615 0.42134349038461544 0.7679468557692307 0.43530962740384616 0.767354625 0.43904031250000003 0.7641939999999999 0.44398724038461534 0.7519745288461538 0.4444245625 0.7339414399038462 0.4396553173076923 0.7251364086538461 0.43193430769230773 0.7284662403846155
1 0.31178723798076924 0.7515756177884616 0.31222456009615385 0.7335425288461538 0.30996975721153847 0.73063571875 0.3091908365384616 0.7216614759615385 0.30268606971153844 0.7159324639423077 0.2777875192307692 0.728997983173077 0.2760519951923077 0.7320740024038461 0.27709055769230767 0.7440396586538461 0.2816001610576923 0.7498532764423077 0.2818598004807692 0.7528446899038461 0.2838549639423077 0.7527600841346154 0.28836456971153845 0.7585737019230769 0.2886242067307693 0.7615651153846154 0.2928741730769231 0.7643873197115384 0.3008548221153846 0.7640489014423076 0.3065806706730769 0.7608036730769231 0.31178723798076924 0.7515756177884616
1 0.20466346875 0.7170866826923077 0.2134230408653846 0.7257225072115384 0.2233988533653846 0.7252994831730769 0.22912469951923078 0.7220542524038461 0.2343312668269231 0.7128261971153846 0.23502822836538462 0.6977845216346155 0.22999934375 0.6859880745192307 0.20406223317307692 0.6870879375 0.1985960264423077 0.693324579326923 0.20123994951923077 0.7076361105769231 0.20466346875 0.7170866826923077
2 0.1845210408653846 0.3696596225961538 0.1748048701923077 0.37307406009615385 0.17744449759615386 0.3815220384615384 0.18067847355769232 0.3844743966346154 0.18415963461538462 0.3850143341346154 0.18807404326923077 0.38752350240384614 0.2020401826923077 0.3869312692307692 0.20126126201923075 0.37795702644230766 0.1990064591346154 0.3750502163461539 0.18677584375 0.3725664326923077 0.1845210408653846 0.3696596225961538
2 0.21120971634615385 0.359430545673077 0.21797412259615384 0.3681509735576923 0.22647405048076924 0.37379538461538464 0.23046437740384615 0.37362617307692303 0.24564675721153847 0.3639750913461538 0.24738228125 0.36089907451923076 0.24486783653846153 0.3550008485576923 0.23688718509615384 0.3553392692307692 0.23463238461538463 0.3524324591346154 0.21069043509615384 0.35344771875000003 0.21120971634615385 0.359430545673077
2 0.2880046538461538 0.3648390576923077 0.29025945432692307 0.3677458653846154 0.29424978125 0.36757665625 0.29347086057692306 0.3586024134615385 0.29494674278846156 0.35253498076923073 0.2904371370192308 0.3467213605769231 0.27846616346153846 0.3472289903846154 0.27473547596153847 0.3503896153846154 0.2740385144230769 0.3654312884615385 0.2880046538461538 0.3648390576923077
2 0.3468261634615385 0.34776496153846154 0.3535905697115385 0.35648538701923077 0.3598356995192308 0.35922298557692306 0.36434530288461536 0.3650366057692308 0.37232595192307694 0.36469818750000005 0.3837776466346154 0.3582077307692308 0.38351800721153845 0.3552163173076923 0.3790084014423077 0.3494026971153846 0.35853749759615383 0.3442659158653846 0.3465665216346154 0.3447735456730769 0.3468261634615385 0.34776496153846154
2 0.38983754807692306 0.3462833389423077 0.39035682692307694 0.35226616826923074 0.3948664302884615 0.3580797884615385 0.39512606971153846 0.36107120192307696 0.40163083894230767 0.36680021394230766 0.41559697596153844 0.36620798317307696 0.41481805528846155 0.3572337403846154 0.40579884615384615 0.3456065 0.40154887980769227 0.34278429807692307 0.39356823076923075 0.3431227163461538 0.38983754807692306 0.3462833389423077
2 0.5501550480769231 0.36015977644230773 0.5516309326923077 0.35409234134615386 0.5485972115384615 0.3422112908653846 0.5390547019230769 0.3421355504807692 0.5368858750000001 0.3457103341346154 0.5334148293269231 0.35186237019230765 0.5336744711538461 0.35485378605769236 0.5401792379807693 0.36058280048076924 0.5501550480769231 0.36015977644230773
2 0.49099713701923076 0.3476562451923077 0.4810213245192308 0.3480792692307692 0.47928580528846154 0.3511552860576923 0.48006472355769236 0.36012952884615385 0.48441286538461537 0.3613142524038461 0.49055981730769227 0.3656893341346154 0.4945501394230769 0.36552012500000003 0.49628566346153846 0.36244410336538463 0.5042663149038462 0.3621056875 0.5099921586538462 0.3588604567307693 0.5034873942307693 0.35313144230769233 0.49765519471153846 0.3524750288461539 0.49099713701923076 0.3476562451923077
2 0.58355353125 0.3527386658653846 0.5901916826923077 0.3425161490384615 0.6044617572115384 0.33984235817307695 0.5874618966346155 0.32855353846153845 0.5734957620192308 0.3291457716346154 0.5697650745192308 0.33230639423076924 0.5705439951923077 0.3412806370192308 0.5773084038461538 0.3500010673076923 0.58355353125 0.3527386658653846
2 0.6043798004807692 0.31582643750000006 0.59891359375 0.3220630817307692 0.5976973509615384 0.3311219278846154 0.6002117932692308 0.3370201514423077 0.6064569206730769 0.33975775240384615 0.6144375697115385 0.3394193341346154 0.6218989423076924 0.3330980865384615 0.6338699158653847 0.33259045673076926 0.6381198798076924 0.3354126610576923 0.6398554014423077 0.332336641826923 0.6328313557692307 0.32062480048076925 0.6203411009615384 0.3151496009615385 0.6043798004807692 0.31582643750000006
2 0.6478498197115384 0.26294188221153847 0.6575659927884616 0.2595274447115385 0.659041875 0.25346001201923074 0.6545322692307691 0.24764639423076923 0.6485467836538461 0.24790020913461538 0.6468112596153847 0.25097622596153846 0.6303625192307692 0.25565795432692306 0.6054321274038462 0.2587357548076923 0.6017014423076923 0.2618963798076923 0.6022207211538462 0.2678792067307692 0.6067303269230769 0.27369282692307695 0.6141123341346154 0.2738631826923077 0.6210085865384615 0.27261297596153844 0.6269415913461539 0.2758381923076923 0.6311915576923077 0.2786603966346154 0.636398125 0.2694323389423077 0.6463739374999999 0.26900931490384616 0.6478498197115384 0.26294188221153847
2 0.6684164471153846 0.22303824278846152 0.6751808557692307 0.23175867307692308 0.6814259831730769 0.2344962716346154 0.6859355865384615 0.2403098894230769 0.7038920504807693 0.23954844471153847 0.7153437451923076 0.23305799278846154 0.7125696634615385 0.22416835336538463 0.693574641826923 0.21296414182692305 0.6716278533653846 0.21389479326923075 0.6681568100961539 0.22004682932692307 0.6684164471153846 0.22303824278846152