1 0.6037197548076922 0.20083152403846152 0.6511079423076923 0.2148081730769231 0.620000360576923 0.1665929519230769 0.6439545817307692 0.11920695913461538 0.6407145264423076 0.09462164182692308 0.58703940625 0.1080710048076923 0.563565264423077 0.1252909375 0.5621518028846154 0.16340073076923078 0.6037197548076922 0.20083152403846152
1 0.3918194086538461 0.23079776442307692 0.3883460096153846 0.20819838221153847 0.41484024759615384 0.1913555048076923 0.4452745769230769 0.19314014423076922 0.44318785817307693 0.1848193533653846 0.3943995961538462 0.18275830528846154 0.3674386682692308 0.20357304807692306 0.37346547596153845 0.23052135336538462 0.39877959615384617 0.24980233653846154 0.4243270625 0.2670973870192308 0.43083394951923076 0.2638796346153846 0.4234070721153846 0.24884692788461538 0.3918194086538461 0.23079776442307692
1 0.5452973870192308 0.4111647019230769 0.55294421875 0.4504056658653846 0.6070592524038462 0.48537282211538463 0.6642077716346153 0.49452284375000005 0.6837284302884614 0.4848695865384615 0.6907287908653846 0.4252915841346154 0.6619412716346154 0.38341121875 0.5947990745192308 0.3810737596153846 0.5562244423076923 0.39640840625 0.5452973870192308 0.4111647019230769
1 0.8627404879807692 0.7087257668269231 0.8759876057692307 0.7003043269230769 0.8555469543269231 0.6917071274038461 0.8588137860576922 0.6639040576923076 0.7823913437500001 0.6362271682692308 0.7668375504807692 0.6121195576923077 0.7159625721153847 0.6017377163461538 0.6439335168269231 0.6149106658653847 0.631606389423077 0.6415825625 0.6522536033653845 0.7005822139423077 0.7263425985576923 0.7481184375 0.7651371850961539 0.7569920504807693 0.86458046875 0.7452266802884615 0.8627404879807692 0.7087257668269231
1 0.3931582451923077 0.7931684471153846 0.41524570432692304 0.761669923076923 0.3664574423076923 0.7596088725961538 0.3274161225961538 0.7789153870192307 0.32066249759615384 0.8103132620192308 0.34853002884615386 0.833943170673077 0.3928981201923077 0.8475427620192307 0.3931582451923077 0.7931684471153846
1 0.3076888942307692 0.7381661947115384 0.3367231514423077 0.7518664326923077 0.36437072355769234 0.7512880817307692 0.4010919831730769 0.7256467091346154 0.4099323221153846 0.7025696225961539 0.4015720625 0.6954806514423078 0.31677597115384615 0.6869089807692308 0.29306848317307693 0.7061148485576924 0.3076888942307692 0.7381661947115384
1 0.3535507884615384 0.55649084375 0.37309823076923077 0.4944492019230769 0.3245433125 0.4904022211538462 0.30548934134615385 0.4960836105769231 0.29199548798076924 0.5326851730769231 0.30569590865384616 0.5464860600961539 0.3259032139423077 0.5570691947115385 0.3535507884615384 0.55649084375
1 0.1825719206730769 0.5250689134615384 0.14585065865384614 0.5507102836538462 0.1581510048076923 0.5764267692307692 0.19345880528846154 0.5888951899038462 0.23598691586538462 0.5659938701923077 0.24180715384615384 0.5425397259615384 0.1825719206730769 0.5250689134615384
1 0.1284568846153846 0.4901017572115384 0.11824325480769231 0.47270606009615385 0.08455548317307691 0.4725302980769231 0.07107501923076923 0.4829376682692308 0.07454842067307692 0.5055370504807692 0.09754247596153845 0.5184831754807692 0.12519005048076923 0.5179048245192308 0.1284568846153846 0.4901017572115384
1 0.1285831105769231 0.697669358173077 0.1634376081730769 0.6879154519230769 0.14695043509615385 0.6717515745192307 0.07121463461538462 0.6643110769230769 0.09257527884615385 0.6911587355769231 0.1285831105769231 0.697669358173077
1 0.08206135096153845 0.8067199302884615 0.09994859375 0.8109682091346154 0.10483545673076923 0.7954577980769231 0.08346142067307692 0.794804329326923 0.08206135096153845 0.8067199302884615
1 0.0770023798076923 0.24992999038461539 0.1341509014423077 0.2590800120192308 0.1334642548076923 0.2388436201923077 0.09698973317307692 0.23630486778846155 0.0770023798076923 0.24992999038461539
1 0.3852455721153846 0.3649864735576923 0.38895231490384613 0.3855999230769231 0.40892627644230767 0.39816899038461534 0.44795420673076924 0.40505666826923076 0.4591146105769231 0.3883144399038461 0.43612055048076925 0.37536831490384615 0.3852455721153846 0.3649864735576923
1 0.4400740288461539 0.3678016370192308 0.46098137019230767 0.37242697115384615 0.4579746658653846 0.3458557235576923 0.37921876682692307 0.3380381682692307 0.4400740288461539 0.3678016370192308
0 0.45595489663461536 0.2065639735576923 0.43248075721153845 0.22378390865384615 0.42828054326923076 0.2595307091346154 0.46754181971153846 0.2644324543269231 0.48242235576923076 0.24210948317307693 0.48220240144230775 0.2179012235576923 0.45595489663461536 0.2065639735576923
0 0.4787882764423077 0.5338403990384616 0.5059691610576923 0.5372339134615385 0.5199163125 0.5228546778846154 0.48088838221153846 0.5159669975961538 0.4787882764423077 0.5338403990384616
0 0.4811217283653846 0.5139810649038462 0.5175962524038462 0.5165198197115385 0.5257365552884615 0.4994005336538461 0.48298848798076927 0.4980935985576923 0.4811217283653846 0.5139810649038462
0 0.5213163846153847 0.5109390769230769 0.5543041225961539 0.517072641826923 0.5629111153846154 0.4959814879807692 0.5427038100961539 0.4853983533653846 0.5213163846153847 0.5109390769230769
0 0.54595725 0.48378947596153843 0.5461905961538461 0.48180354326923075 0.5403837451923077 0.4790634951923077 0.5162229591346154 0.4760470360576923 0.5062292836538462 0.48285959855769234 0.5050625576923077 0.4927892668269231 0.5078493100961539 0.49515225721153844 0.5166762596153845 0.49826936298076924 0.5229498004807692 0.4970375432692308 0.5327101346153846 0.49221091586538457 0.5396837115384615 0.4850212956730769 0.54595725 0.48378947596153843
0 0.764651389423077 0.3438427836538462 0.7693049014423077 0.33031830528846157 0.7256368461538462 0.3107609134615385 0.7044827692307692 0.3343157043269231 0.7091228942307691 0.3469854182692308 0.764651389423077 0.3438427836538462
0 0.31821620913461535 0.5964108076923077 0.3347167716346154 0.5863804927884615 0.3221830793269231 0.5626499375 0.2943021634615385 0.5652142235576924 0.29730886778846155 0.5917854735576923 0.31821620913461535 0.5964108076923077