1 0.4569707403846154 0.7726666658653846 0.46506024038461535 0.769 0.4693631658653846 0.7563333341346153 0.4660929423076923 0.744 0.46179001682692306 0.7386666658653845 0.45490533653846155 0.7366666658653845 0.45129087740384616 0.7373333341346153 0.4480206538461538 0.748 0.44612736778846157 0.7616666658653847 0.4490533557692308 0.7703333341346154 0.4569707403846154 0.7726666658653846
1 0.6256454399038461 0.7686666658653846 0.6237521514423077 0.7573333341346153 0.6182444062500001 0.7466666658653847 0.6115318413461538 0.7436666658653847 0.607056798076923 0.7486666658653847 0.6039586923076923 0.7596666658653847 0.6074010336538461 0.7729999999999999 0.6161790024038462 0.7796666658653847 0.6234079182692308 0.778 0.6256454399038461 0.7686666658653846
1 0.4034423413461538 0.4686666658653846 0.4041308100961538 0.4576666658653846 0.39965576682692305 0.4516666658653846 0.3932874350961538 0.4526666658653846 0.3925989663461538 0.46366666586538463 0.3960413076923077 0.46966666586538464 0.39827882932692305 0.47266666586538464 0.4034423413461538 0.4686666658653846
2 0.049913942307692305 0.66 0.051635112980769234 0.6566666658653847 0.051635112980769234 0.6366666658653847 0.04302925961538462 0.6333333341346153 0.04130808894230769 0.6433333341346154 0.04130808894230769 0.6566666658653847 0.04302925961538462 0.66 0.049913942307692305 0.66
2 0.24938210096153846 0.6486366658653846 0.2455524951923077 0.6415766658653846 0.23133390625 0.6418400000000001 0.22987607692307693 0.65852 0.24063167067307692 0.6578166658653846 0.2550327019230769 0.65605 0.24938210096153846 0.6486366658653846
2 0.2625060240384615 0.6458133341346154 0.2619604134615385 0.6366333341346154 0.2566729783653846 0.6345133341346153 0.25248020673076926 0.6299233341346154 0.2515697067307692 0.6359266658653847 0.2470120480769231 0.6429866658653847 0.2625060240384615 0.6458133341346154
2 0.21383304567307693 0.6980633341346153 0.20909466346153846 0.6938266658653846 0.20672461298076922 0.68747 0.1914113605769231 0.68606 0.1919586923076923 0.7008866658653846 0.20216695432692308 0.7026533341346154 0.21292254807692307 0.7065366658653847 0.21383304567307693 0.6980633341346153
2 0.37728055048076925 0.5234166658653846 0.37160068749999997 0.5270833341346154 0.37194492307692306 0.5394166658653846 0.3803786586538462 0.53975 0.37728055048076925 0.5234166658653846
0 0.39191050000000005 0.51175 0.38846815865384615 0.5090833341346154 0.3888123918269231 0.5210833341346154 0.39242685096153845 0.5224166658653846 0.39191050000000005 0.51175
1 0.43442340865384615 0.6290833341346154 0.43631669471153844 0.6424166658653847 0.4511187596153846 0.6350833341346154 0.44595524999999997 0.6214166658653847 0.4378657475961539 0.6210833341346155 0.43442340865384615 0.6290833341346154
0 0.4068846826923077 0.6587500000000001 0.4120481923076923 0.6617500000000001 0.41290877884615385 0.6537499999999999 0.4113597235576923 0.6497499999999999 0.4079173846153846 0.6490833341346154 0.4068846826923077 0.6587500000000001
0 0.5774526682692308 0.7900833341346154 0.5802065408653846 0.8024166658653846 0.5860585192307692 0.7997500000000001 0.5853700504807692 0.78975 0.5824440625 0.7834166658653847 0.5774526682692308 0.7900833341346154
2 0.5998278822115385 0.96975 0.5955249567307692 0.9600833341346154 0.5864027548076923 0.96475 0.5931153173076923 0.9820833341346155 0.6032702235576923 0.97975 0.5998278822115385 0.96975
1 0.6258364879807693 0.7609266658653847 0.6320860576923076 0.7629433341346155 0.631912221153846 0.7384 0.6228846826923077 0.7303299999999999 0.6129896730769231 0.7366333341346153 0.6100378653846155 0.7407533341346154 0.6204543894230768 0.74983 0.6258364879807693 0.7609266658653847