1 1 0.44160928846153846 0.9887261899038461 0.44649456009615385 0.96752878125 0.4818852908653846 0.9490765480769231 0.4935499254807692 1 0.5167754735576924 1 0.44160928846153846
1 0.7435680576923077 0.37924984375 0.7427451201923077 0.40581172115384617 0.7907715336538461 0.41277806009615386 0.7950274735576923 0.40516867548076924 0.7938458822115385 0.3784272067307692 0.7803902331730769 0.35857676442307695 0.7583404110576922 0.3566012788461539 0.7435680576923077 0.37924984375
1 0.5894661682692308 0.3574528774038462 0.5614850504807692 0.35228243750000005 0.5531377572115385 0.3621888293269231 0.5501444663461539 0.4008006514423077 0.5984189975961539 0.3928812692307692 0.5894661682692308 0.3574528774038462
1 0.4260294615384615 0.37743656009615384 0.4271287596153846 0.40683422115384615 0.46529711298076926 0.4075902355769231 0.4756489375 0.39786342788461543 0.46653151923076924 0.3677474158653846 0.4547512259615385 0.35870131490384616 0.4386326947115385 0.3599207860576923 0.4260294615384615 0.37743656009615384
1 0.31517480528846153 0.32222435096153845 0.28453080528846153 0.3381238197115385 0.28546551682692306 0.3728338533653846 0.3395878125 0.37768277163461533 0.33272180528846157 0.33977778605769227 0.31517480528846153 0.32222435096153845
1 0.2428766346153846 0.3849995985576923 0.2359283365384615 0.34975079807692305 0.2163768028846154 0.33201777403846156 0.19015333173076923 0.3349954855769231 0.17947233413461536 0.3553470408653846 0.18065392548076925 0.38208850961538465 0.20196310576923077 0.4079696875 0.20805898798076922 0.40585226682692305 0.20646592788461537 0.3923917403846154 0.2428766346153846 0.3849995985576923
1 0.10494609134615383 0.2953988798076923 0.08841609134615386 0.30989928846153847 0.08174415144230769 0.33061001923076927 0.07866980288461539 0.364960875 0.08811639182692307 0.38445213701923076 0.17104274519230772 0.36790962259615384 0.16425903605769232 0.32734844471153846 0.1390230889423077 0.2984519014423077 0.10494609134615383 0.2953988798076923
2 0.19909510576923078 0.889817235576923 0.17872063461538462 0.8986460889423077 0.17614005048076922 0.9170598173076924 0.23050922596153847 0.9139401730769231 0.2230671658653846 0.8946284975961538 0.19909510576923078 0.889817235576923
2 0.07964627403846153 0.8524799807692307 0.06424447596153846 0.8673004134615384 0.06655865384615385 0.8985418317307693 0.08233863221153846 0.8953381634615384 0.07964627403846153 0.8524799807692307
2 0.26917134375 0.8987590576923077 0.2744148100961538 0.8592754182692308 0.25220039903846153 0.8626123100961538 0.2494552235576923 0.8863384110576923 0.26917134375 0.8987590576923077
2 0.31057863461538465 0.85985184375 0.32796104807692306 0.8827176562500001 0.3419927548076923 0.8839747836538462 0.34457334134615386 0.8655610552884615 0.32911316105769234 0.8455310240384615 0.3089855745192308 0.8463913149038462 0.31057863461538465 0.85985184375
2 0.4036099302884616 0.8415510889423078 0.3951803413461539 0.8541136682692307 0.3946042860576923 0.8727069855769231 0.4106405216346154 0.8741437019230769 0.4296688100961538 0.8438857548076922 0.4036099302884616 0.8415510889423078
2 0.4827212908653846 0.8832651153846154 0.4756906971153846 0.8506724999999999 0.44963181249999995 0.8483378365384616 0.4626759927884615 0.88146921875 0.4827212908653846 0.8832651153846154
2 0.5527975264423077 0.8922069375 0.5719904062500001 0.8566366153846154 0.5481829326923077 0.8465129759615385 0.53893040625 0.8856374375 0.5527975264423077 0.8922069375
2 0.6272942932692308 0.8882270048076923 0.6090889399038462 0.8919230745192308 0.6122750600961538 0.9188441322115384 0.6300689471153846 0.9284290024038462 0.6346540600961539 0.9101948653846154 0.6272942932692308 0.8882270048076923
2 0.7965218149038461 0.9892970697115384 0.7970504254807692 0.9886697235576923 0.7920243653846154 0.956256701923077 0.7682168918269231 0.9461330600961539 0.7692338966346154 0.9781869062499999 0.7828476682692307 0.9894996514423077 0.7965218149038461 0.9892970697115384
2 0.6988812980769231 0.9132855432692307 0.6884471826923076 0.9256685360576923 0.6839443605769231 0.941246485576923 0.7017382427884615 0.9508313557692307 0.7327114182692308 0.9243071322115385 0.6988812980769231 0.9132855432692307