1 0.3566967211538462 0.3974879326923077 0.32119304567307694 0.4057009951923077 0.33160554326923075 0.4381310456730769 0.35326535336538456 0.45159558653846155 0.38068357692307697 0.4397983798076923 0.3893343485576923 0.42354497115384615 0.38846006250000004 0.4100228533653846 0.3566967211538462 0.3974879326923077
1 0.5539030769230769 0.9253003100961539 0.548696826923077 0.9090852860576923 0.5281939567307693 0.8992240793269232 0.5048118822115385 0.9019937524038462 0.48807566105769234 0.9146630096153847 0.4976270264423077 0.9552101682692308 0.5106229158653846 0.9632888942307692 0.5452523076923077 0.9415537163461539 0.5539030769230769 0.9253003100961539
1 0.4112046514423077 0.7832370961538462 0.45623338461538465 0.7722927451923076 0.48018077403846154 0.7496855192307692 0.46890714663461536 0.725372576923077 0.44003616586538463 0.7218460024038461 0.4025144158653846 0.7345728317307691 0.4112046514423077 0.7832370961538462
1 0.38728356971153843 0.8491227740384615 0.43115536057692305 0.8345750817307693 0.41670671394230774 0.8111725697115385 0.3786064903846154 0.822097733173077 0.38728356971153843 0.8491227740384615
1 0.25762689423076923 0.3157134783653846 0.23164827163461538 0.3211952524038461 0.22761212740384615 0.33022279086538464 0.24812815144230768 0.36172321874999996 0.28189640865384613 0.3481051466346154 0.2925652524038461 0.32733796875 0.2784124206730769 0.3156559086538462 0.25762689423076923 0.3157134783653846
1 0.28783223317307693 0.13981082451923077 0.2632932115384615 0.13897715865384616 0.2549251009615384 0.1453117860576923 0.27545428365384617 0.19845143990384614 0.3098010144230769 0.18663503846153845 0.3184517860576923 0.1703816298076923 0.3164205552884616 0.15325617548076922 0.28783223317307693 0.13981082451923077
1 0.5022021802884615 0.8830666249999999 0.4955431730769231 0.8515278173076923 0.45281517548076927 0.848039622596154 0.42048651442307694 0.8553422596153847 0.4075037836538461 0.8689027548076923 0.4055120216346154 0.9166949711538461 0.42197874278846154 0.9355837139423078 0.48634024278846155 0.9092580024038461 0.5022021802884615 0.8830666249999999
0 0.04874622836538462 0.529078108173077 0.08367143269230769 0.5190633774038461 0.07788671153846154 0.5010466850961538 0.046136526442307695 0.5101509855769231 0.04874622836538462 0.529078108173077
1 0.48881838701923075 0.7117928870192307 0.5124831225961539 0.6991044375000001 0.5090122908653846 0.688294420673077 0.47494821634615386 0.6901920456730769 0.48881838701923075 0.7117928870192307
1 0.5543894591346153 0.7756274110576923 0.5497616802884615 0.7612140528846154 0.5206080408653846 0.7676062548076923 0.5226392716346153 0.7847317115384616 0.5376532331730769 0.7882966682692308 0.5543894591346153 0.7756274110576923
3 0.009768293269230769 0.18838851923076924 0.013274233173076922 0.25600308173076924 0.17615441826923076 0.21315265865384614 0.22232693990384614 0.18417241826923075 0.21480680528846152 0.16075071875 0.1821823341346154 0.15633290384615384 0.04737879326923077 0.1792471875 0.009768293269230769 0.18838851923076924
3 0.22820375 0.3536636826923077 0.216930125 0.32935074038461537 0.14504848557692307 0.33225475 0.09482665865384615 0.34862330048076917 0.08185708173076923 0.3838230264423077 0.09197376442307692 0.4045326298076923 0.10351689663461539 0.39728756730769227 0.14768449759615385 0.3944603221153846 0.22820375 0.3536636826923077
3 0.3947510889423077 0.7859875769230769 0.3909844399038462 0.7634571177884616 0.31042571875 0.7393360841346154 0.246346875 0.755743016826923 0.11069536298076922 0.8084136322115385 0.14279398317307693 0.8975866754807692 0.29577334855769233 0.8556876947115384 0.35839943269230773 0.8239569735576923 0.3947510889423077 0.7859875769230769
1 0.5650977692307693 0.8197779062499999 0.5806770480769231 0.8035053100961539 0.5691207620192308 0.7891111442307692 0.5494921778846154 0.7927720552884616 0.5650977692307693 0.8197779062499999
1 0.6574954326923077 0.8483743245192308 0.6586392235576923 0.8303384399038461 0.6424683149038461 0.8231701442307693 0.6245751466346154 0.832236064903846 0.6574954326923077 0.8483743245192308
1 0.5079474350961538 0.8361656514423077 0.48744456490384613 0.8263044471153846 0.4545374326923077 0.83180540625 0.4554117235576923 0.8453275240384616 0.5099786634615385 0.8532911033653847 0.5079474350961538 0.8361656514423077
1 0.3401052091346154 0.6481886538461539 0.37878390625 0.6390651634615385 0.36549220192307696 0.6192659879807692 0.3432670745192308 0.6256390024038462 0.3401052091346154 0.6481886538461539