1 0.6480446923076923 0.5866666658653846 0.6182495336538462 0.5733333341346154 0.6182495336538462 0.6366666658653847 0.6573556802884616 0.63 0.6610800745192308 0.61 0.6480446923076923 0.5866666658653846
1 0.3966480456730769 0.2666666658653846 0.39851024278846153 0.2633333341346154 0.4040968341346154 0.2633333341346154 0.41154562499999997 0.2566666658653846 0.41154562499999997 0.25 0.40595903125000005 0.23666666586538462 0.4022346370192308 0.23333333413461538 0.39478584615384615 0.23333333413461538 0.39106145192307695 0.23666666586538462 0.3873370576923077 0.2433333341346154 0.3873370576923077 0.2633333341346154 0.3891992548076923 0.2666666658653846 0.3966480456730769 0.2666666658653846
1 0.4283054014423077 0.26999999999999996 0.4301675985576923 0.2666666658653846 0.44134078125000004 0.2666666658653846 0.4487895721153846 0.26 0.4487895721153846 0.2433333341346154 0.44506517788461536 0.23 0.44134078125000004 0.22333333413461537 0.4301675985576923 0.22333333413461537 0.4227188076923077 0.23333333413461538 0.42085661057692303 0.24000000000000002 0.42085661057692303 0.26 0.4227188076923077 0.26999999999999996 0.4283054014423077 0.26999999999999996
1 0.4934823100961539 0.2466666658653846 0.49534450721153844 0.2433333341346154 0.49534450721153844 0.23 0.48975791346153846 0.2166666658653846 0.4860335192307692 0.2133333341346154 0.47672253365384615 0.2133333341346154 0.47299813701923077 0.2166666658653846 0.46741154567307697 0.22666666586538461 0.46741154567307697 0.2433333341346154 0.4692737427884615 0.2466666658653846 0.4934823100961539 0.2466666658653846
1 0.5102420865384615 0.2466666658653846 0.5121042836538462 0.2433333341346154 0.5121042836538462 0.22 0.5102420865384615 0.2133333341346154 0.5009310985576924 0.2 0.4934823100961539 0.2066666658653846 0.48975791346153846 0.2133333341346154 0.49720670432692304 0.2433333341346154 0.502793295673077 0.2466666658653846 0.5102420865384615 0.2466666658653846
1 0.5512104278846154 0.23333333413461538 0.5474860336538462 0.2133333341346154 0.543761639423077 0.2066666658653846 0.5307262572115385 0.2066666658653846 0.5251396658653846 0.2133333341346154 0.5232774663461538 0.22 0.5232774663461538 0.24000000000000002 0.5493482307692308 0.23666666586538462 0.5512104278846154 0.23333333413461538
1 0.5847299807692308 0.22333333413461537 0.5865921778846154 0.22 0.5977653629807692 0.22 0.6033519543269231 0.2133333341346154 0.6033519543269231 0.19333333413461537 0.6014897572115385 0.1833333341346154 0.5977653629807692 0.17666666586538463 0.5810055865384616 0.17666666586538463 0.5754189951923077 0.1833333341346154 0.5716945985576923 0.19666666586538462 0.5716945985576923 0.22 0.5754189951923077 0.22333333413461537 0.5847299807692308 0.22333333413461537
1 0.6238361274038462 0.25 0.6256983245192308 0.2533333341346154 0.6350093100961539 0.2533333341346154 0.6536312860576923 0.24000000000000002 0.66480446875 0.23 0.6685288629807692 0.22 0.6685288629807692 0.2066666658653846 0.6666666658653846 0.19666666586538462 0.6610800745192308 0.18666666586538463 0.6610800745192308 0.1833333341346154 0.6592178774038462 0.1833333341346154 0.6517690865384616 0.17333333413461538 0.6405959038461538 0.17333333413461538 0.6312849158653846 0.18 0.6256983245192308 0.19 0.6238361274038462 0.2 0.6238361274038462 0.22 0.6219739302884615 0.22666666586538461 0.6238361274038462 0.23 0.6238361274038462 0.25
1 0.7821229038461539 0.2433333341346154 0.7839851033653846 0.24000000000000002 0.7839851033653846 0.22333333413461537 0.7821229038461539 0.22 0.7821229038461539 0.21 0.7728119182692308 0.19666666586538462 0.7635009302884614 0.19666666586538462 0.7597765360576924 0.2 0.7523277475961538 0.2166666658653846 0.7504655504807692 0.22666666586538461 0.7523277475961538 0.24000000000000002 0.7579143389423078 0.2433333341346154 0.7821229038461539 0.2433333341346154
1 0.802607076923077 0.2466666658653846 0.8063314711538462 0.2433333341346154 0.8249534447115384 0.26 0.8324022355769232 0.25 0.8324022355769232 0.2433333341346154 0.8286778389423077 0.23 0.8230912475961538 0.22 0.8100558653846155 0.22 0.8044692740384616 0.22666666586538461 0.8044692740384616 0.23 0.8007448798076923 0.23666666586538462 0.8007448798076923 0.2433333341346154 0.802607076923077 0.2466666658653846
1 0.8379888269230769 0.2133333341346154 0.8417132211538461 0.21 0.873370576923077 0.2066666658653846 0.8752327740384616 0.2033333341346154 0.8808193677884616 0.2066666658653846 0.8919925504807692 0.2066666658653846 0.8938547475961538 0.19666666586538462 0.8919925504807692 0.1633333341346154 0.8864059591346154 0.1566666658653846 0.8864059591346154 0.1533333341346154 0.8752327740384616 0.14333333413461538 0.8640595913461537 0.14333333413461538 0.8510242091346154 0.1533333341346154 0.8417132211538461 0.16666666586538462 0.8379888269230769 0.18 0.8379888269230769 0.19 0.8361266298076924 0.19333333413461537 0.8361266298076924 0.21 0.8379888269230769 0.2133333341346154
1 0.9906890120192308 0.24000000000000002 0.9925512115384615 0.23666666586538462 0.9981378028846154 0.23666666586538462 0.9981378028846154 0.16999999999999998 0.9962756057692308 0.16999999999999998 0.9962756057692308 0.17333333413461538 0.9869646177884616 0.19333333413461537 0.9813780264423078 0.22333333413461537 0.9776536322115384 0.23 0.9776536322115384 0.24000000000000002 0.9906890120192308 0.24000000000000002
1 0.9813780264423078 0.2033333341346154 0.985102420673077 0.2 0.985102420673077 0.19333333413461537 0.9962756057692308 0.17333333413461538 0.9981378028846154 0.17333333413461538 0.9981378028846154 0.15 0.9832402235576924 0.15 0.979515829326923 0.1533333341346154 0.9720670384615384 0.16999999999999998 0.9702048413461538 0.18 0.9702048413461538 0.2 0.9720670384615384 0.2033333341346154 0.9813780264423078 0.2033333341346154
1 0.9329608942307692 0.2466666658653846 0.9422718798076922 0.25 0.9441340793269231 0.2433333341346154 0.9441340793269231 0.22333333413461537 0.938547485576923 0.2133333341346154 0.9255121033653846 0.2133333341346154 0.9217877091346154 0.2166666658653846 0.9217877091346154 0.22333333413461537 0.9329608942307692 0.2433333341346154 0.9329608942307692 0.2466666658653846
1 0.28984357451923076 0.23508666586538463 0.2793649903846154 0.22883 0.2695214158653846 0.24134 0.26761452403846153 0.2669266658653846 0.2914320288461539 0.2629466658653846 0.28984357451923076 0.23508666586538463
2 0.5772811923076924 0.6766666658653846 0.5810055865384616 0.6799999999999999 0.59404096875 0.6799999999999999 0.6014897572115385 0.6733333341346154 0.6014897572115385 0.6566666658653847 0.5959031658653846 0.6533333341346155 0.5865921778846154 0.6533333341346155 0.5828677836538462 0.6499999999999999 0.5810055865384616 0.6566666658653847 0.5735567980769231 0.6666666658653846 0.5735567980769231 0.67 0.5772811923076924 0.6766666658653846
2 0.6275605216346154 0.67 0.6312849158653846 0.6633333341346154 0.6331471129807693 0.6433333341346154 0.6312849158653846 0.6433333341346154 0.6238361274038462 0.6566666658653847 0.6163873365384614 0.66 0.614525139423077 0.6633333341346154 0.614525139423077 0.6733333341346154 0.6238361274038462 0.6733333341346154 0.6275605216346154 0.67
2 0.5679702043269231 0.6566666658653847 0.5679702043269231 0.64 0.5623836129807692 0.6366666658653847 0.55865921875 0.64 0.5567970216346153 0.6533333341346155 0.5623836129807692 0.6666666658653846 0.5661080072115385 0.6633333341346154 0.5679702043269231 0.6566666658653847
2 0.6163873365384614 0.7566666658653846 0.6536312860576923 0.76 0.6536312860576923 0.7466666658653847 0.649906889423077 0.74 0.6424581009615384 0.74 0.6350093100961539 0.7333333341346153 0.608938548076923 0.7366666658653845 0.6070763509615384 0.74 0.608938548076923 0.7533333341346153 0.614525139423077 0.7533333341346153 0.6163873365384614 0.7566666658653846
2 0.6517690865384616 0.7933333341346154 0.655493483173077 0.7899999999999999 0.66480446875 0.7899999999999999 0.6666666658653846 0.7866666658653846 0.6722532596153846 0.7866666658653846 0.6834264423076923 0.78 0.6852886394230769 0.7766666658653846 0.6852886394230769 0.76 0.6834264423076923 0.7566666658653846 0.6592178774038462 0.76 0.649906889423077 0.7666666658653847 0.644320298076923 0.7766666658653846 0.644320298076923 0.7899999999999999 0.649906889423077 0.7899999999999999 0.6517690865384616 0.7933333341346154
2 0.7709497211538461 0.6733333341346154 0.7802607067307693 0.6633333341346154 0.7821229038461539 0.6533333341346155 0.7783985096153846 0.6466666658653846 0.7765363125 0.6466666658653846 0.7728119182692308 0.64 0.7635009302884614 0.64 0.7560521418269232 0.6533333341346155 0.7560521418269232 0.6633333341346154 0.7597765360576924 0.6733333341346154 0.7709497211538461 0.6733333341346154
2 0.8268156418269231 0.8 0.8361266298076924 0.8 0.8417132211538461 0.7966666658653847 0.8417132211538461 0.7833333341346154 0.8398510240384615 0.78 0.8175046562499999 0.78 0.8119180625000001 0.7733333341346154 0.8119180625000001 0.7666666658653847 0.8100558653846155 0.7633333341346155 0.8044692740384616 0.7633333341346155 0.7877094975961538 0.7766666658653846 0.7839851033653846 0.7833333341346154 0.7858473004807693 0.7899999999999999 0.7895716947115384 0.7933333341346154 0.8268156418269231 0.8
2 0.8770949711538462 0.8266666658653846 0.8789571682692308 0.8233333341346154 0.8845437620192308 0.8233333341346154 0.8882681562499999 0.8200000000000001 0.8919925504807692 0.8099999999999999 0.8901303533653846 0.8 0.867783985576923 0.8 0.862197391826923 0.7933333341346154 0.85288640625 0.8 0.8472998149038461 0.8099999999999999 0.8454376153846154 0.8166666658653846 0.8454376153846154 0.8233333341346154 0.8472998149038461 0.8266666658653846 0.8770949711538462 0.8266666658653846
2 0.9348230913461539 0.6266666658653846 0.9404096826923076 0.6266666658653846 0.9422718798076922 0.6166666658653847 0.9422718798076922 0.6 0.938547485576923 0.5933333341346153 0.9255121033653846 0.5933333341346153 0.9217877091346154 0.6 0.9199255120192308 0.61 0.92364990625 0.6166666658653847 0.9310986971153846 0.6166666658653847 0.9348230913461539 0.6266666658653846
2 0.9590316562500001 0.8533333341346154 0.9608938557692308 0.8566666658653846 0.9981378028846154 0.86 0.9981378028846154 0.8433333341346153 0.985102420673077 0.8433333341346153 0.9832402235576924 0.84 0.9757914326923077 0.8366666658653846 0.9757914326923077 0.8333333341346154 0.9627560528846154 0.8333333341346154 0.9608938557692308 0.8366666658653846 0.9534450649038462 0.8366666658653846 0.9515828677884616 0.84 0.9515828677884616 0.8500000000000001 0.9534450649038462 0.8533333341346154 0.9590316562500001 0.8533333341346154
2 0.9664804471153846 0.7100000000000001 0.9683426442307692 0.7066666658653846 0.9683426442307692 0.6900000000000001 0.9608938557692308 0.6833333341346154 0.9515828677884616 0.6833333341346154 0.9404096826923076 0.6933333341346154 0.9329608942307692 0.6933333341346154 0.9310986971153846 0.6966666658653846 0.9310986971153846 0.7066666658653846 0.9571694591346154 0.7100000000000001 0.9664804471153846 0.7100000000000001