1 0.8508166346153847 0.6273057067307692 0.8641715480769231 0.6411470456730769 0.8677944855769231 0.63796271875 0.8673447331730769 0.6213050528846153 0.8653083846153845 0.6145683870192308 0.8577027043269231 0.6076109134615385 0.852133375 0.607390110576923 0.8466539951923077 0.6105008365384615 0.8431210072115385 0.6170166995192308 0.84330090625 0.623679766826923 0.8452473028846155 0.6270849014423077 0.8508166346153847 0.6273057067307692
1 0.8311153581730769 0.6531483509615386 0.8290790120192307 0.6464116850961539 0.8271326177884616 0.643006548076923 0.8197068389423077 0.642712141826923 0.8179403485576924 0.6459700745192307 0.81812025 0.6526331418269231 0.8257259254807692 0.6595906105769231 0.8294388149038461 0.6597378149038462 0.8311153581730769 0.6531483509615386
1 0.7901836370192308 0.6481975817307692 0.7976094158653846 0.6484919903846154 0.79937590625 0.6452340576923077 0.7990161009615384 0.6319079254807692 0.7931769182692308 0.6216925240384616 0.7856611923076924 0.6180665841346153 0.7801818100961538 0.6211773125 0.778505266826923 0.6277667764423077 0.7788650697115386 0.6410929086538462 0.7808114663461538 0.6444980432692307 0.7882372403846154 0.6447924495192308 0.7901836370192308 0.6481975817307692
1 0.5679500552884615 0.6593545913461539 0.5674103485576923 0.6393653942307692 0.5635175576923077 0.6325551274038462 0.5560018317307692 0.6289291875 0.5507923028846153 0.642034514423077 0.55106215625 0.6520291153846153 0.5530985024038462 0.6587657788461538 0.5588477355769231 0.6656496514423077 0.5644170649038461 0.6658704567307693 0.5679500552884615 0.6593545913461539
1 0.5347770721153846 0.6352295144230768 0.5444387524038462 0.6379754230769231 0.5457431490384616 0.6358040576923076 0.5425683341346154 0.6244030360576923 0.5374142067307692 0.6214963822115384 0.5347770721153846 0.6352295144230768
1 0.4527919639423077 0.6397099591346154 0.4452608870192308 0.6323560865384615 0.44024366586538466 0.6345200288461539 0.4391029326923077 0.6479730360576923 0.4527919639423077 0.6397099591346154
1 0.3445272139423077 0.6195964831730769 0.33563066346153847 0.6243089302884616 0.3386611466346154 0.6460242548076922 0.3540715 0.6388744014423077 0.35255684134615384 0.6384782259615385 0.3495302716346154 0.6238449735576924 0.3445272139423077 0.6195964831730769
1 0.21653133413461537 0.6293712764423076 0.2154037764423077 0.6502494999999999 0.22231768749999997 0.6417510913461538 0.23147478125 0.6397512836538461 0.23200262259615384 0.6384210552884616 0.2258504375 0.6263661899038462 0.21653133413461537 0.6293712764423076
1 0.1925595096153846 0.6118842115384615 0.1860316298076923 0.6207373749999999 0.18610798076923077 0.6514508798076922 0.1985556298076923 0.6320331610576922 0.20506934375 0.6295924254807693 0.19849469711538464 0.6158335312500001 0.1925595096153846 0.6118842115384615
0 0.2187230625 0.7523067307692308 0.21330946153846153 0.7537327884615385 0.21120016346153847 0.7661356923076923 0.21979415144230768 0.7850398125000001 0.2279957716346154 0.7894117860576924 0.23065125961538463 0.7763582884615385 0.22327220913461537 0.7676293389423077 0.2187230625 0.7523067307692308
0 0.24911888942307694 0.7153333870192308 0.2565555576923077 0.7122536682692308 0.26324036778846155 0.709144139423077 0.26165550961538464 0.6922051875 0.2533556538461538 0.6912005456730769 0.24362726442307692 0.6999268245192307 0.2443718966346154 0.6996202211538461 0.24911888942307694 0.7153333870192308
0 0.2365361033653846 0.6949233004807692 0.24257950721153848 0.6820007908653847 0.24772730528846154 0.6707300552884615 0.24196838221153844 0.6593663581730769 0.23141509375000002 0.6653576201923077 0.2287779591346154 0.6790907524038462 0.22589502403846154 0.6872231562500001 0.2365361033653846 0.6949233004807692
0 0.8614497139423077 0.7532581706730769 0.8546205985576923 0.7640728774038461 0.8486897740384615 0.7696949615384615 0.8464169639423077 0.7789264879807691 0.8559462355769232 0.7856973125 0.8646627836538462 0.7788511610576924 0.8675054663461539 0.7632525288461539 0.8614497139423077 0.7532581706730769
0 0.8234296033653846 0.7723509206730769 0.8244457211538462 0.7825115504807693 0.8332316298076923 0.7727395360576923 0.8323424375 0.7617852259615384 0.8287988629807692 0.745930076923077 0.8203073870192308 0.7501227812500001 0.8234296033653846 0.7723509206730769
0 0.8236386298076923 0.7017930000000001 0.8245604086538462 0.6919754375 0.8198844663461539 0.6891276802884616 0.8182560913461538 0.7002484158653846 0.8236386298076923 0.7017930000000001
0 0.8084476610576924 0.7161066802884615 0.807299735576923 0.7051853725961539 0.8037762235576923 0.7079310264423077 0.8038004134615384 0.7143216802884615 0.8084476610576924 0.7161066802884615
0 0.4361786947115384 0.7124762259615385 0.43906442788461536 0.7088433461538461 0.4364764014423077 0.6958914591346154 0.43153677163461535 0.6951598173076923 0.4328368076923077 0.7102038509615384 0.4361786947115384 0.7124762259615385
0 0.46656052884615384 0.6834328725961538 0.4636008317307692 0.6787628725961539 0.46154285096153846 0.6853738221153846 0.46409850240384615 0.6916318822115385 0.46656052884615384 0.6834328725961538
0 0.35896625240384616 0.6996907019230769 0.37078992307692304 0.6980295745192309 0.37398711778846155 0.6845715697115384 0.3696873629807692 0.6846673389423077 0.3671005264423077 0.687762951923077 0.36252983413461537 0.6833186153846154 0.35778453125000004 0.68339671875 0.35896625240384616 0.6996907019230769
2 0.5728074014423077 0.8392573677884615 0.5690045600961539 0.8357786322115385 0.5615787860576923 0.8354842259615385 0.5560994038461539 0.8385949543269231 0.5543329110576922 0.8418528870192308 0.5545128125000001 0.8485159495192308 0.5712208100961539 0.8491783653846153 0.5729873052884615 0.8459204350961538 0.5728074014423077 0.8392573677884615
2 0.4601136682692308 0.7974197139423077 0.46024700240384614 0.78037915625 0.4546106081730769 0.7804219302884616 0.45358348798076925 0.7918327403846154 0.4601136682692308 0.7974197139423077
2 0.44598231730769233 0.7795473725961538 0.44585807932692306 0.7859354711538462 0.4401739158653846 0.7897036730769231 0.44428466826923074 0.7935973004807693 0.4512216346153846 0.7922715769230769 0.45048849278846154 0.7802285504807693 0.44598231730769233 0.7795473725961538
2 0.3457077932692308 0.7979424302884616 0.3463889975961539 0.81767765625 0.36227296394230774 0.8180411610576923 0.36318034855769227 0.8076905552884616 0.357337875 0.8055952548076923 0.3526366610576923 0.7963168653846153 0.3457077932692308 0.7979424302884616
2 0.23005938461538464 0.8444815961538462 0.2291448004807692 0.8545656802884616 0.2474625841346154 0.8571555793269231 0.24797479807692308 0.8486529639423076 0.2384887908653846 0.8434846033653846 0.2360045096153846 0.8393892259615385 0.23005938461538464 0.8444815961538462
2 0.22226002403846154 0.84683475 0.22101502884615384 0.8611655336538462 0.23524633653846155 0.8662557908653846 0.23647243509615384 0.8567198581730769 0.2306082764423077 0.8538216634615385 0.22895154326923078 0.8446606466346154 0.22226002403846154 0.84683475
2 0.24603508653846154 0.9128058173076923 0.23307106249999998 0.9106944134615385 0.22454541586538462 0.9026321923076923 0.22479927163461538 0.9010448341346154 0.21971186057692307 0.9104310048076923 0.20909529807692306 0.9073477235576923 0.20950556490384614 0.9225428461538462 0.23406099759615387 0.9253800432692307 0.24583430048076924 0.9218532524038461 0.24603508653846154 0.9128058173076923