0 0.21090362499999998 0.5276498533653846 0.19891495192307693 0.5230526634615384 0.1895269783653846 0.5381724567307692 0.16053295913461538 0.554727 0.1575219903846154 0.5619148942307692 0.1647291033653846 0.5827878317307692 0.18917668990384615 0.5730358629807693 0.20417632692307694 0.5704451586538462 0.21486464903846156 0.5651838581730769 0.2181707139423077 0.5564813221153846 0.21598506730769232 0.5511667572115384 0.21805075961538462 0.5405642596153846 0.21090362499999998 0.5276498533653846
0 0.3114050480769231 0.44166143509615385 0.3052631634615385 0.4401201610576923 0.3016020216346154 0.4423788100961538 0.29073855528846154 0.4650718173076923 0.28637205048076925 0.4957499831730769 0.2916286370192308 0.5018351826923078 0.29777052403846155 0.5033764567307693 0.3014316634615385 0.5011178076923077 0.3214479807692308 0.4727781802884615 0.32109290384615385 0.4663342932692308 0.3161314158653846 0.4587344519230769 0.31636653605769227 0.44926127884615386 0.3114050480769231 0.44166143509615385
0 0.3714827115384616 0.6044863245192308 0.3706573918269231 0.61698878125 0.3827060408653846 0.6295445024038462 0.3909136201923077 0.6204832788461538 0.39634535096153845 0.6091367740384616 0.3971706706730769 0.5966343197115385 0.39037861298076926 0.5901637980769231 0.37720954567307696 0.5916251802884616 0.3714827115384616 0.6044863245192308
0 0.4898508581730769 0.28626577403846154 0.49020593509615384 0.2927096634615384 0.4951674230769231 0.30030950721153843 0.5021946057692308 0.29730685096153847 0.5185497812500001 0.271225875 0.5232713629807693 0.24699159375 0.5173646009615385 0.23597714903846154 0.5051408076923077 0.24085313221153845 0.5024849182692308 0.25448491346153845 0.4898508581730769 0.28626577403846154
0 0.53266890625 0.31448639182692306 0.5407013389423077 0.3228568701923077 0.5456028533653846 0.3224981826923077 0.5595972379807692 0.3085343461538462 0.5628433245192308 0.2918732788461539 0.5554010913461538 0.28047351201923076 0.5437674951923077 0.2823202139423077 0.5365051923076923 0.29479603846153846 0.53266890625 0.31448639182692306
0 0.7152339807692307 0.5430001514423076 0.7116927932692309 0.5611758605769231 0.7242716634615385 0.5627437668269231 0.7275177524038461 0.5460826995192307 0.7152339807692307 0.5430001514423076
2 0.3154429567307692 0.1233468485576923 0.3166233509615385 0.11728827884615385 0.3079407451923077 0.10398855288461539 0.3023890576923077 0.09941799519230769 0.2781166153846154 0.09173825961538462 0.2713845336538462 0.09322627163461537 0.2652426490384615 0.09168499759615385 0.2618766057692308 0.09242900240384616 0.25762527163461535 0.0977169375 0.2508931875 0.09920494711538462 0.24876751682692305 0.10184891346153847 0.24699692548076924 0.11093676923076923 0.24823729567307692 0.11283673076923077 0.2500678677884615 0.11170740625 0.26022596875 0.11743391826923077 0.2620565384615384 0.11630459615384615 0.28674403125 0.13838675 0.29442138942307694 0.14031334134615386 0.3090659495192308 0.13127874759615385 0.3154429567307692 0.1233468485576923
2 0.30056805769230766 0.18316190865384613 0.3106661826923077 0.18092989182692307 0.31680806730769234 0.18247116586538462 0.3186386394230769 0.18134183894230768 0.3312175048076923 0.18290974519230768 0.33487864663461536 0.18065109615384617 0.3357639423076923 0.17610716826923076 0.33759451442307686 0.17497784375 0.33936510576923073 0.1658899903846154 0.33841983413461535 0.16247538701923075 0.3356439903846154 0.1601901081730769 0.32395041826923077 0.1540782764423077 0.29660703365384616 0.14562790625 0.29141042067307693 0.14750123317307692 0.2892847548076923 0.15014520192307693 0.28721906009615383 0.16074769951923076 0.28845943509615385 0.16264766105769232 0.2875741370192308 0.16719158653846153 0.2928307259615385 0.17327678846153846 0.2910601346153846 0.18236464182692308 0.2929506802884615 0.18919384615384616 0.29602162259615383 0.18996448557692308 0.29785219230769233 0.18883515865384615 0.2987374879807692 0.18429123317307694 0.30056805769230766 0.18316190865384613
2 0.36122635096153843 0.2603429230769231 0.3614614735576923 0.2508697524038462 0.35744525721153847 0.24668451201923075 0.3420905432692308 0.2428313269230769 0.33689393269230766 0.24470465865384616 0.33571353605769233 0.2507632283653846 0.3363637115384615 0.2556924735576923 0.3385493581730769 0.2610070384615385 0.34008482692307695 0.26139235576923076 0.34534141826923076 0.2674775552884615 0.3487074591346154 0.26673355048076924 0.3533138725961538 0.2678895072115385 0.3569750120192308 0.2656308581730769 0.36122635096153843 0.2603429230769231
2 0.5866455216346154 0.31849935817307695 0.5890063125 0.30638222115384617 0.5880610384615385 0.30296761538461536 0.5803836826923077 0.3010410240384615 0.5770176418269231 0.30178503125 0.56449875 0.30817565865384616 0.5623730817307693 0.3108196225961538 0.5600122908653846 0.3229367644230769 0.5612526634615385 0.32483672355769233 0.5603673677884615 0.32938065144230766 0.5650337572115385 0.33849513701923073 0.5644435576923077 0.3415244206730769 0.5745416826923078 0.33929240384615383 0.5766673509615384 0.3366484375 0.5778477475961539 0.33058986778846156 0.5796783173076923 0.3294605432692308 0.5866455216346154 0.31849935817307695
2 0.6065514567307692 0.3568572596153846 0.6291084951923077 0.3402760865384616 0.6296986947115385 0.3372468028846154 0.6269228509615385 0.3349615240384616 0.6131036081730769 0.33149365625000005 0.6063715264423076 0.33298167067307693 0.5986941706730768 0.331055079326923 0.5953281274038461 0.3317990841346154 0.5880058485576923 0.3363163798076923 0.5834594110576923 0.3431189567307692 0.5819839158653847 0.3506921682692308 0.5829291923076924 0.35410677163461535 0.5844646610576923 0.35449208894230766 0.5864865649038461 0.3507687788461539 0.5886379254807692 0.3501917980769231 0.5924609447115384 0.34801984375 0.5995557451923077 0.3511426947115384 0.6006867475961538 0.3581339879807693 0.6065514567307692 0.3568572596153846
2 0.5983655721153845 0.04341865865384616 0.6029719855769231 0.04457461298076923 0.6054527283653847 0.04837453365384615 0.6069882019230769 0.04875985096153846 0.6079334735576923 0.05217445673076923 0.6094689471153847 0.052559774038461536 0.6203324134615384 0.02986676923076923 0.5758037475961538 0.018692538461538462 0.5743882307692307 0.034224278846153845 0.5756885793269231 0.04408277163461538 0.5769289519230769 0.045982733173076926 0.578464423076923 0.04636805048076923 0.5839561322115384 0.042980079326923076 0.5842512307692307 0.04146543509615385 0.5955897283653846 0.04113337740384615 0.5983655721153845 0.04341865865384616
2 0.5979600889423077 0.11163082932692309 0.5961295216346154 0.1127601514423077 0.5853860072115384 0.15137021875 0.5890471466346153 0.14911156971153847 0.5939486586538462 0.14875288221153846 0.6064675528846154 0.14236225721153845 0.6110139879807692 0.1355596826923077 0.6127845817307692 0.12647182692307693 0.6121344062499999 0.12154258173076923 0.6096536610576924 0.11774266105769231 0.6025665048076922 0.11278678605769231 0.5979600889423077 0.11163082932692309
2 0.8095335432692308 0.44751193028846153 0.8104188389423077 0.4429680048076923 0.80917846875 0.44106804326923077 0.7984301682692307 0.43837081490384616 0.7849660024038462 0.4413468365384615 0.7846709062499999 0.44286148076923076 0.7810097644230769 0.4451201298076923 0.7776437235576924 0.4458641346153846 0.777348625 0.44737877644230767 0.7715618173076924 0.45228139182692306 0.7716217908653846 0.4602399230769231 0.7738074374999999 0.4655544855769231 0.7781187524038462 0.4682250841346154 0.7879217788461539 0.46750770913461537 0.7952440600961539 0.46299041346153846 0.7976648269230769 0.4588318028846154 0.804987108173077 0.45431450721153843 0.8095335432692308 0.44751193028846153