1 0.6342389350961538 0.6430544326923078 0.6143184158653846 0.6443114639423076 0.6157490288461538 0.6829380745192307 0.6471775985576923 0.6843348990384615 0.6575729495192307 0.6569458413461539 0.6342389350961538 0.6430544326923078
1 0.6280600408653847 0.8613036322115384 0.6531384951923077 0.8452791057692307 0.6523437091346154 0.8238198774038461 0.634723983173077 0.8101824375 0.5802793100961539 0.8034778942307692 0.578455389423077 0.8312479038461539 0.6021867980769231 0.8558689278846153 0.6280600408653847 0.8613036322115384
1 0.6656002908653846 0.8736840384615385 0.6563135552884615 0.85398978125 0.6195680889423076 0.8630686009615385 0.6144896322115385 0.8799820144230769 0.6205218341346155 0.8888196754807692 0.6518709278846154 0.888070576923077 0.6656002908653846 0.8736840384615385
1 0.6740718052884614 0.48628789423076924 0.6591502596153845 0.46848559134615386 0.6331975384615384 0.46090496634615385 0.6219279254807693 0.464688875 0.6207398317307693 0.5096262692307693 0.6550255480769231 0.511150079326923 0.6740718052884614 0.48628789423076924
1 0.5854249831730769 0.5573316995192308 0.5995517403846153 0.5536747740384615 0.6134400625 0.5435800817307692 0.6100265697115385 0.5284316370192308 0.5779621682692307 0.5098674302884615 0.5696291754807692 0.5159242475961539 0.5846301971153847 0.5358724711538462 0.5737579759615385 0.5503859927884616 0.5854249831730769 0.5573316995192308
1 0.6112105745192308 0.4063680096153846 0.6425596658653846 0.4056189110576923 0.6444630649038461 0.3799948221153846 0.6157326778846154 0.37443313701923076 0.6112105745192308 0.4063680096153846
1 0.6437477572115384 0.3606815192307692 0.6401753052884616 0.3412412283653846 0.6254127211538462 0.3277307716346154 0.5881903870192308 0.32393405528846153 0.5899389158653846 0.37114435576923077 0.6299389158653846 0.3729221346153846 0.6437477572115384 0.3606815192307692
2 0.02945795673076923 0.25625369711538465 0.03334831971153846 0.2842776754807692 0.06509480528846154 0.2942581923076923 0.07636442067307693 0.29047428365384614 0.06953743509615384 0.26017739663461537 0.02945795673076923 0.25625369711538465
2 0.17510502644230772 0.4919626682692308 0.1629611466346154 0.4721414254807692 0.14288166826923077 0.4691066129807692 0.1358203341346154 0.5094981947115385 0.13899538942307693 0.5182088701923078 0.1532811033653846 0.5188437908653847 0.17510502644230772 0.4919626682692308
2 0.11629311778846155 0.44435860817307693 0.15335649759615386 0.44386347836538464 0.1521643173076923 0.4116746370192308 0.11549833173076923 0.4228993798076923 0.11629311778846155 0.44435860817307693
2 0.16471785096153846 0.6736041947115384 0.1961464230769231 0.6750010216346154 0.1922560576923077 0.6469770408653847 0.15812930048076923 0.649745079326923 0.16471785096153846 0.6736041947115384
2 0.16161818509615383 0.5899132091346154 0.17439789423076923 0.6269018317307692 0.18868360817307692 0.6275367524038462 0.1965397283653846 0.6086044014423077 0.19336467067307692 0.5998937259615384 0.16161818509615383 0.5899132091346154
2 0.04224175 0.3703685528846154 0.07367032211538461 0.37176537740384613 0.07819243028846154 0.33983050480769234 0.03843086538461538 0.3444904975961538 0.04224175 0.3703685528846154
2 0.11543929086538461 0.8063846322115384 0.112661625 0.8084035673076924 0.11305901682692307 0.8191331826923077 0.11028135336538461 0.8211521225961539 0.11083770432692308 0.8361735817307692 0.11393328125 0.8427383317307692 0.12845743509615384 0.8498110240384615 0.13702886298076924 0.8501919759615385 0.14258419230769231 0.8461540961538462 0.14194836298076924 0.8289867139423077 0.14734473317307692 0.8206569927884615 0.13258214663461537 0.8071465360576924 0.12654994711538461 0.7983088774038462 0.12067670432692308 0.7937630625000001 0.11781956009615385 0.7936360769230769 0.11543929086538461 0.8063846322115384