1 0.86273203125 0.645788 0.8829685649038462 0.6536646754807692 0.9104842067307692 0.6457493125 0.9308841658653846 0.6227583149038461 0.932321548076923 0.5983732019230769 0.927435278846154 0.5946420480769231 0.8497746129807692 0.6221192884615385 0.86273203125 0.645788
1 0.7362003004807692 0.6993096802884615 0.75670084375 0.71909621875 0.7910681610576924 0.7143466298076924 0.8107766682692308 0.698403576923077 0.8155078798076923 0.6696464158653845 0.7863997980769231 0.669458576923077 0.7349808245192307 0.6825378942307693 0.7362003004807692 0.6993096802884615
1 0.5478945600961539 0.7449178653846154 0.5601688966346153 0.7122785336538461 0.5065205096153846 0.7140133725961538 0.508322485576923 0.7443156610576923 0.5288775048076924 0.7538129759615385 0.5478945600961539 0.7449178653846154
1 0.4528637572115385 0.7791041947115385 0.46025182211538457 0.7427337067307692 0.41865986778846154 0.7529861105769231 0.42614851682692306 0.7593931610576923 0.41615807211538464 0.79308775 0.4263035769230769 0.7918814759615385 0.4528637572115385 0.7791041947115385
1 0.3850301081730769 0.8037545192307692 0.4167950480769231 0.79632903125 0.43199025 0.7679862379807693 0.4291238581730769 0.7534004759615385 0.3590607956730769 0.7667063197115385 0.36187271153846157 0.7915813076923077 0.3850301081730769 0.8037545192307692
1 0.3027471875 0.8394104711538461 0.32893440625000003 0.8353017692307693 0.3391343846153846 0.8238062692307693 0.34253716826923075 0.7988557788461539 0.2911181971153846 0.8119350961538461 0.29233767307692304 0.8287068798076922 0.3027471875 0.8394104711538461
1 0.19560547596153846 0.8753684543269231 0.24505904326923078 0.8628545192307692 0.26221964903846157 0.8339463461538461 0.25845227163461537 0.8042094399038462 0.16315745673076923 0.8264859014423076 0.16761628365384615 0.8491748653846154 0.19560547596153846 0.8753684543269231
2 0.8293787668269231 0.2119076153846154 0.7638834879807692 0.22732397596153844 0.7458218942307693 0.24108100721153847 0.7480513076923077 0.25242548798076925 0.7932555817307693 0.23942167788461538 0.8293787668269231 0.2119076153846154
2 0.6887707283653846 0.2677663389423077 0.7248939110576923 0.24025227403846156 0.7148028822115384 0.23116932451923075 0.6830924230769231 0.22830559134615386 0.655895264423077 0.23784159134615385 0.654193875 0.2503168389423077 0.6887707283653846 0.2677663389423077
2 0.6578522980769231 0.3006321923076923 0.680590625 0.2684072307692308 0.6685341947115385 0.25988966346153847 0.61706075 0.28325820192307694 0.6101546009615384 0.2903816586538462 0.6182802235576923 0.30002998798076924 0.6578522980769231 0.3006321923076923
2 0.2944706177884615 0.36407115144230767 0.2505947716346154 0.373268298076923 0.22366162740384615 0.3947141682692308 0.27699152403846156 0.3913586875 0.2983469471153846 0.37322961298076923 0.2944706177884615 0.36407115144230767
2 0.12975808413461537 0.3395387572115384 0.11568177644230769 0.3418757956730769 0.11334340865384615 0.3511097668269231 0.12975808413461537 0.3395387572115384
2 0.038448550480769235 0.3503952307692308 0.039349538461538464 0.36554637500000003 0.059322057692307695 0.3615131850961539 0.0982026826923077 0.3691633317307692 0.13337040384615384 0.33678735096153845 0.13539028365384614 0.3259327451923077 0.11775613221153845 0.32073196634615386 0.06044095192307693 0.3355074350961538 0.038448550480769235 0.3503952307692308
2 0.3650617019230769 0.3745850360576923 0.3274005528846154 0.3837066730769231 0.3135882572115385 0.39795357932692305 0.3154991826923077 0.40767742067307694 0.35480724759615384 0.3963697620192308 0.3650617019230769 0.3745850360576923
2 0.1439349783653846 0.37997925240384617 0.12598233653846153 0.37315783413461534 0.09751123076923077 0.37621127644230773 0.10165156971153846 0.39727959855769235 0.13963120673076923 0.3897786033653846 0.1439349783653846 0.37997925240384617
2 0.6563059663461538 0.3455957548076923 0.6720836682692308 0.33078346634615385 0.6659234471153846 0.32056975 0.6449954639423077 0.3197410192307692 0.6295907259615384 0.3258847235576923 0.6334670576923076 0.33504318269230765 0.6563059663461538 0.3455957548076923
2 0.7833740889423078 0.2525378173076923 0.7784878197115385 0.24880666105769228 0.7493252596153847 0.2589080480769231 0.7495892716346154 0.2708179110576923 0.7803442692307693 0.26881972836538465 0.7833740889423078 0.2525378173076923