1 0.7862204254807692 0.7590481586538461 0.7767881081730769 0.7545553653846154 0.7676749014423077 0.7540215288461538 0.7497675913461539 0.7569128076923076 0.7466234879807693 0.7554152139423077 0.7376698317307693 0.7568608509615384 0.7350043846153846 0.7613016875 0.7381484903846154 0.7627992836538462 0.7386271490384615 0.7687377163461538 0.7417712548076923 0.7702353149038461 0.748585079326923 0.8172608918269231 0.7518887379807692 0.8207379663461538 0.7548732884615384 0.8202560865384616 0.7842401466346154 0.8094988533653846 0.7956996923076923 0.8016329014423077 0.7982055865384615 0.7952125889423077 0.8066805841346153 0.7878285168269231 0.8019409471153847 0.7665361466346153 0.7893645288461539 0.7605457548076924 0.7892049759615385 0.7585662788461539 0.7862204254807692 0.7590481586538461
1 0.6335445144230769 0.44028577403846153 0.6297621947115384 0.4308702668269231 0.6266180913461539 0.4293726682692308 0.6116953317307693 0.4317820721153846 0.6123335432692307 0.4396999807692307 0.6189408605769231 0.4466541298076923 0.6308790673076923 0.4447266105769231 0.6335445144230769 0.44028577403846153
1 0.6110101634615385 0.38577220913461535 0.6168197163461537 0.3828289711538462 0.6196447115384616 0.38036761538461533 0.6193256057692308 0.37640865865384615 0.6161815024038462 0.37491106249999995 0.6070682932692308 0.37437722596153844 0.601418298076923 0.37929993990384614 0.601896954326923 0.38523837259615384 0.6110101634615385 0.38577220913461535
1 0.69805371875 0.22785849759615384 0.7099919254807693 0.22593097596153847 0.7158014783653847 0.22298774038461538 0.7214514735576922 0.21806502403846156 0.72049415625 0.20618815865384615 0.7080772908653846 0.20217724759615383 0.6961390817307692 0.20410476682692308 0.6934736370192307 0.20854560096153846 0.6949096129807693 0.22636089903846154 0.69805371875 0.22785849759615384
1 0.6381636009615386 0 0.6407766514423077 0.005216545673076923 0.6560271009615384 0.0022589423076923077 0.6558450216346153 0 0.6381636009615386 0
1 0.6551578004807692 0.01551756971153846 0.6509631947115384 0.011564725961538461 0.6428643677884616 0.01210033173076923 0.6346730625 0.016252274038461537 0.63752784375 0.02762626682692308 0.6500736298076923 0.024571959134615386 0.6551578004807692 0.01551756971153846
1 0.6334344927884616 0.05381185336538462 0.6293762019230769 0.04674893269230769 0.6222901177884614 0.05020908894230769 0.6231293653846154 0.060621139423076925 0.6334344927884616 0.05381185336538462
1 0.6218717716346155 0.04018025961538462 0.6169988004807692 0.04225239663461538 0.6206980432692308 0.04838670913461539 0.6309635985576924 0.04720048557692307 0.6281772115384616 0.04147623798076923 0.6218717716346155 0.04018025961538462
1 0.641668670673077 0.06939656250000001 0.6316393076923077 0.06998719951923077 0.6306667740384615 0.08005210576923077 0.6423442163461538 0.07777767307692307 0.6446967836538462 0.07328107692307692 0.641668670673077 0.06939656250000001
1 0.6375159735576923 0.18126755528846153 0.6178636802884616 0.18752864423076923 0.622529125 0.1973229278846154 0.6431123100961538 0.19297091586538462 0.6452981899038461 0.1864438581730769 0.6375159735576923 0.18126755528846153
1 0.6489429254807693 0.16913370192307695 0.6312580288461539 0.17095838221153845 0.6284143581730769 0.18376577403846153 0.6480327764423077 0.1818855817307692 0.6524757548076923 0.17447875240384617 0.6489429254807693 0.16913370192307695
1 0.6448194278846154 0.15646062740384614 0.6360247932692308 0.1627673605769231 0.6430648870192308 0.16890167307692308 0.6544395384615385 0.16519626201923077 0.6521102211538461 0.15554014182692308 0.6448194278846154 0.15646062740384614
1 0.6473589399038461 0.1398422596153846 0.6358229062499999 0.14582160096153846 0.6383705504807692 0.1533850985576923 0.6570172307692308 0.14908907932692309 0.6560210889423076 0.14153175240384616 0.6473589399038461 0.1398422596153846
1 0.6339571490384616 0.13227666826923076 0.6406788076923077 0.12913402884615383 0.6404126754807693 0.12583225961538463 0.6328625576923077 0.12833664423076924 0.6339571490384616 0.13227666826923076
1 0.6396195697115385 0.11869332932692307 0.6347092884615384 0.12109032451923077 0.6376897139423078 0.12809667067307692 0.6480587139423076 0.12339259855769232 0.6468221081730768 0.11806581971153846 0.6396195697115385 0.11869332932692307
1 0.6418459927884614 0.08885083173076923 0.6353096995192308 0.08776657932692308 0.631975983173077 0.08973056009615385 0.6326104951923077 0.09426422355769232 0.6320934471153846 0.09452617307692307 0.6414746466346154 0.09425875961538462 0.6418459927884614 0.08885083173076923
1 0.6349525528846154 0.09335068028846154 0.6316149759615384 0.0919284375 0.6276507716346154 0.09274695673076924 0.6248381225961539 0.0978371923076923 0.6256104615384616 0.10074240865384615 0.6351296418269231 0.09884852884615383 0.6349525528846154 0.09335068028846154
1 0.6334137932692308 0.05970658653846154 0.6312311153846154 0.055958281250000005 0.6229274927884615 0.059617026442307694 0.6205466971153846 0.06338827403846153 0.6232652403846154 0.06748318509615384 0.6320113317307693 0.06563792548076923 0.6334137932692308 0.05970658653846154
1 0.6398649182692308 0.10309506971153846 0.635252 0.09920375000000001 0.628343483173077 0.10014072115384616 0.6251942115384614 0.10439297596153846 0.6290513653846154 0.10926055288461539 0.6378744038461538 0.10840749278846154 0.6398649182692308 0.10309506971153846
1 0.6434996562499999 0.11030457932692307 0.6418987091346153 0.11377345192307693 0.6471642259615386 0.12017223076923077 0.6534767860576923 0.11743051682692308 0.6519065408653847 0.11126527403846155 0.6434996562499999 0.11030457932692307
3 0.41750634134615383 0.9108210072115385 0.4421805192307692 0.9168633557692308 0.5491457235576923 0.8935772403846154 0.5752089254807692 0.8793429326923078 0.6677300288461538 0.8644046514423077 0.682014576923077 0.8540773389423078 0.6927889567307692 0.8002015264423077 0.6713714783653846 0.7595443028846154 0.4035126298076923 0.7747189447115385 0.41750634134615383 0.9108210072115385
3 0.5615060480769231 0.5968114951923077 0.5223408125 0.56102503125 0.4305705144230769 0.54776875 0.45652112019230773 0.5696469158653846 0.4614203076923077 0.5929187644230769 0.43775040144230765 0.636845233173077 0.5546265817307693 0.6239903437500001 0.5615060480769231 0.5968114951923077
3 0.5600700721153846 0.5789962019230769 0.5671560456730769 0.59188878125 0.5761097019230769 0.590443141826923 0.5853824639423076 0.592956454326923 0.6301507379807691 0.5857282572115385 0.6362793942307692 0.5867439735576924 0.6391043942307693 0.5842826153846153 0.6416102860576923 0.5778623028846154 0.635322076923077 0.574867108173077 0.6282361033653847 0.5619745264423077 0.6219478918269231 0.5589793317307692 0.5773391682692307 0.5681870096153846 0.5569259663461539 0.5774986033653846 0.5600700721153846 0.5789962019230769
3 0.5801641682692308 0.5657256538461538 0.6070251322115385 0.5613887331730769 0.6098501322115385 0.558927375 0.6188037884615384 0.5574817331730769 0.6088928149038462 0.5470505096153846 0.5757436394230769 0.5483922355769231 0.5667899831730769 0.5498378749999999 0.5639649855769231 0.5522992331730769 0.5646031971153846 0.5602171418269231 0.5710509591346153 0.5651918149038462 0.5801641682692308 0.5657256538461538
3 0.6101771442307693 0.4929543629807692 0.5894773822115384 0.49488481971153847 0.5759808365384615 0.491132451923077 0.5792724903846154 0.4796443629807693 0.5759688341346154 0.47616728846153844 0.5706966947115385 0.4730621826923077 0.5562778052884615 0.4736958028846154 0.5537456490384616 0.4845539375 0.557048045673077 0.4885405456730769 0.5677529975961538 0.48935478605769234 0.5651474975961539 0.49195114903846154 0.5538475024038462 0.5017965793269231 0.5480379519230769 0.5047398197115385 0.5481975048076924 0.5067192956730769 0.551341608173077 0.5082168918269231 0.6050635408653846 0.49954305288461537 0.6136980889423077 0.4941384567307692 0.6226517451923077 0.49269281490384614 0.6253171923076923 0.48825198076923076 0.6248385312500001 0.48231354807692306 0.6150871105769231 0.4738618028846154 0.5988951370192308 0.47444081009615385 0.6103578870192308 0.47936776442307694 0.618922860576923 0.4853280600961538 0.6101771442307693 0.4929543629807692
3 0.5621159903846153 0.4543410793269231 0.5717078557692308 0.4608133485576923 0.5778365144230769 0.4618290649038462 0.58977471875 0.4599015456730769 0.5929188245192308 0.4613991442307693 0.60768203125 0.4570102644230769 0.6101879206730769 0.45058995192307694 0.6095497115384615 0.44267204326923076 0.6064056057692307 0.4411744447115385 0.6059269447115384 0.43523601201923073 0.5938291875 0.43518405769230767 0.5611586706730769 0.44246421394230767 0.5621159903846153 0.4543410793269231
3 0.5094059879807692 0.08228332451923077 0.5105235769230769 0.09085975721153847 0.518706423076923 0.09207920673076922 0.5387095793269231 0.08150635336538462 0.5508026899038462 0.07842487259615384 0.5660918605769231 0.08329949519230768 0.5673799807692308 0.08874027644230768 0.5631031706730769 0.09903388701923076 0.5518580048076923 0.10734648557692307 0.5416025144230769 0.11210843028846154 0.5336963822115385 0.10378185096153847 0.5021854855769231 0.10886954326923076 0.4971832692307692 0.10487464423076923 0.4922394182692308 0.09635251923076923 0.4854895673076923 0.09179358173076922 0.48036497596153843 0.0968580576923077 0.48038356009615385 0.11295511778846154 0.4841027139423077 0.1326897548076923 0.5220651754807693 0.12317155288461537 0.5541000961538461 0.11404492548076924 0.575286110576923 0.0970668533653846 0.5846518076923076 0.08651707451923077 0.5711714591346154 0.0776768076923077 0.5513717043269231 0.07494414663461538 0.5348770144230769 0.07619365624999999 0.5094059879807692 0.08228332451923077
3 0.6222241177884615 0.10767985576923077 0.6221951346153846 0.09704273317307692 0.6099166875 0.09902518749999999 0.5969489615384616 0.10277125 0.5864110480769231 0.10924314423076924 0.5858997836538461 0.11317775480769231 0.5902397091346153 0.11559518509615385 0.6042999399038462 0.11167473557692308 0.6222241177884615 0.10767985576923077
3 0.6254695625 0.11924944471153845 0.6251240841346154 0.11620111778846152 0.6220575216346155 0.11247721634615385 0.60276059375 0.11999636778846154 0.5990978942307692 0.12260500721153847 0.5993226682692308 0.1288070144230769 0.6058882788461538 0.12792942067307694 0.6254695625 0.11924944471153845
3 0.5997457451923076 0.1443334471153846 0.6338073293269232 0.1416332403846154 0.6346565528846154 0.13502722596153846 0.6054848966346154 0.14010418509615385 0.5997457451923076 0.1443334471153846
3 0.6196556153846154 0.15469630528846154 0.5980660144230769 0.15781516346153845 0.5995961754807693 0.16307048076923078 0.6246788966346154 0.1621408221153846 0.6353510048076922 0.16078468269230767 0.6357015985576923 0.1548567403846154 0.6196556153846154 0.15469630528846154
3 0.6108098870192308 0.07507277884615385 0.6005432764423076 0.08100958413461538 0.6036078701923077 0.08568428605769231 0.6249355072115385 0.08366649038461538 0.6244312596153846 0.07073390625 0.6108098870192308 0.07507277884615385
3 0.5558203942307692 0.17285954326923078 0.5727440985576924 0.1662048293269231 0.5561524759615385 0.1603253221153846 0.5368728725961538 0.16112011298076923 0.5266811225961539 0.17132401201923075 0.5253037235576923 0.18420547596153847 0.5312025216346153 0.18075654567307692 0.538719608173077 0.17401641346153846 0.5558203942307692 0.17285954326923078
3 0.5382753221153846 0.1985119543269231 0.5832948653846154 0.1942510408653846 0.58162296875 0.1763595360576923 0.5708740288461539 0.17631238221153847 0.5716439014423077 0.1892020793269231 0.5569875576923077 0.19067813942307693 0.5392948557692308 0.18782986538461538 0.519385125 0.19746121634615385 0.5382753221153846 0.1985119543269231
3 0.6000361971153846 0.17348081971153845 0.6257796658653846 0.16994594951923075 0.6226274399038462 0.1637714423076923 0.6010806370192308 0.1697468701923077 0.6000361971153846 0.17348081971153845
3 0.624102826923077 0.1820756706730769 0.6233485528846153 0.18273285096153843 0.5983363749999999 0.1857004735576923 0.5903022379807692 0.19270255528846156 0.6185839711538462 0.19027582932692308 0.62442509375 0.18273549759615385 0.624102826923077 0.1820756706730769
3 0.6333372572115384 0.3013104206730769 0.6328753990384615 0.30036398798076924 0.6333300000000001 0.30067096153846157 0.6328615841346154 0.29017760096153844 0.6122316586538461 0.29484997596153845 0.6129142283653846 0.3033181802884615 0.6333372572115384 0.3013104206730769
0 0.5578652115384616 0.20089148557692307 0.5455646610576923 0.20151194230769232 0.5393110600961538 0.2047975841346154 0.5324956826923077 0.21386679807692308 0.5371696153846154 0.21652707451923078 0.5476189399038461 0.21848346634615384 0.56055228125 0.21029734375 0.5578652115384616 0.20089148557692307
0 0.5505492932692307 0.2612152091346154 0.5436363894230769 0.26483589423076925 0.5398680769230769 0.27341113221153845 0.5452739134615384 0.2766370240384615 0.5586569375 0.2682158701923077 0.5576614807692308 0.26006688701923075 0.5505492932692307 0.2612152091346154
2 0.2102375673076923 0.6567691105769231 0.21260278125 0.6861128822115384 0.22467963461538462 0.6901065048076924 0.2334789158653846 0.6757179110576923 0.22650106730769232 0.657115 0.2102375673076923 0.6567691105769231
2 0.25573934375 0.519743701923077 0.2356572548076923 0.5136958461538461 0.2280558269230769 0.5305299326923077 0.24452642788461537 0.5334451826923077 0.24545627403846154 0.5310652259615385 0.25573934375 0.519743701923077
2 0.42858820432692313 0.502507733173077 0.43859298317307693 0.5125648725961539 0.44456753605769234 0.5073551418269231 0.43836058653846155 0.4948279591346154 0.4250887620192308 0.49378849038461536 0.42858820432692313 0.502507733173077