1 0.271136 0.5776552740384615 0.271136 0.5704145625 0.268922 0.5582362548076923 0.25208600000000003 0.5500074302884616 0.23791 0.5509940552884616 0.22594799999999998 0.5598811298076923 0.222846 0.5674517091346154 0.22196 0.5717310552884615 0.23392200000000002 0.5704145625 0.248542 0.5727191682692307 0.26139 0.5760104014423078 0.271136 0.5776552740384615
1 0.380566 0.6211040120192308 0.3943 0.6158365528846154 0.398288 0.6066210985576923 0.39385800000000004 0.5997087668269231 0.388098 0.5868722139423077 0.373034 0.5806181274038461 0.357086 0.582922733173077 0.34290800000000005 0.5911515600961539 0.339808 0.5983922740384615 0.33271799999999996 0.60892421875 0.334934 0.6069494807692307 0.33582 0.6181411586538462 0.34911 0.6201158990384615 0.364618 0.622090639423077 0.380566 0.6211040120192308
1 0.410876 0.6019583942307692 0.434222 0.6056582475961538 0.447918 0.6031144134615385 0.453208 0.5977949471153846 0.447606 0.5940950961538461 0.447294 0.5827637451923077 0.43639999999999995 0.5751322427884615 0.420526 0.5728202091346154 0.408074 0.5749004447115384 0.40651800000000005 0.5792942043269231 0.402472 0.58484546875 0.39562400000000003 0.5913194639423077 0.396246 0.5977949471153846 0.410876 0.6019583942307692
1 0.46690400000000004 0.5101500745192308 0.454766 0.5073744423076924 0.44387000000000004 0.5110742932692308 0.440446 0.5184739975961539 0.437022 0.5254130769230769 0.45819000000000004 0.5261054975961538 0.474376 0.5258751850961538 0.472196 0.5212496274038462 0.46690400000000004 0.5101500745192308
1 0.615416 0.45982169471153844 0.633442 0.45777563221153844 0.657478 0.45721842548076924 0.682266 0.45665973317307695 0.6927800000000001 0.45665973317307695 0.691528 0.4538707283653846 0.688024 0.4430817235576923 0.67901 0.42634026682692305 0.6639879999999999 0.42168944951923076 0.649968 0.4205735504807692 0.632442 0.4242942043269231 0.622676 0.4308038629807692 0.622426 0.4328499254807693 0.619422 0.4421515600961538 0.619422 0.4488469543269231 0.614914 0.4559167908653846 0.615416 0.45982169471153844
1 0.974518 0.5081783052884615 0.9737800000000001 0.48569093509615385 0.959754 0.46704160576923076 0.928008 0.4582659735576923 0.8984759999999999 0.4596374447115385 0.882604 0.4618306081730769 0.8818659999999999 0.4648484399038461 0.900322 0.4722526009615385 0.911766 0.4848677572115384 0.9195180000000001 0.49528974759615385 0.921732 0.5037904903846153 0.9209940000000001 0.5109212475961539 0.9479399999999999 0.5144858846153846 0.9715659999999999 0.5186002980769231 0.980056 0.5188736995192308 0.974518 0.5081783052884615
1 0.748872 0.4650312043269231 0.76608 0.46540118990384616 0.7753059999999999 0.46354829086538457 0.7710680000000001 0.45854531971153845 0.7725639999999999 0.45020950961538464 0.768574 0.4372392283653846 0.7573519999999999 0.4318662692307692 0.742638 0.43019910817307694 0.7334120000000001 0.43297919711538463 0.728424 0.4400193173076923 0.725182 0.44316790384615384 0.7182000000000001 0.44742942067307695 0.720444 0.45595245192307693 0.7321639999999999 0.46039821634615385 0.748872 0.4650312043269231
2 0.284472 0.8166998509615385 0.271192 0.8033060913461539 0.248898 0.8110609206730769 0.27214 0.8297429423076923 0.280204 0.8279806826923076 0.284472 0.8166998509615385
2 0.327636 0.9453566129807692 0.302022 0.9393640408653846 0.298228 0.9268766706730769 0.28399800000000003 0.9347815745192308 0.300124 0.9513491826923077 0.320996 0.9562838028846153 0.327636 0.9453566129807692
2 0.40257800000000005 0.9136314999999999 0.37032400000000004 0.9224442788461539 0.35704400000000003 0.9235022283653845 0.356568 0.946766716346154 0.37649000000000005 0.9435943533653847 0.40874400000000005 0.9238543822115385 0.40257800000000005 0.9136314999999999
2 0.301074 0.8022436850961537 0.28589600000000004 0.7941352163461539 0.272614 0.8015378894230769 0.28637 0.8181054975961538 0.301548 0.8149331346153846 0.301074 0.8022436850961537