1 0.5656535649038461 0.6083412307692307 0.5813815841346154 0.6111376730769231 0.5910227620192308 0.60359903125 0.5927999302884616 0.5946621658653846 0.5953583221153846 0.592032764423077 0.59891265625 0.5741590336538461 0.5967578173076923 0.5645230576923077 0.5947918173076923 0.5641735 0.5847470841346154 0.5839775216346154 0.5808150769230769 0.5832784086538462 0.5782566874999999 0.5859078100961539 0.5698002884615385 0.5874885432692307 0.5650870600961538 0.58048196875 0.5591890528846154 0.5794333004807692 0.5566306562500001 0.5820626995192307 0.5548534903846154 0.5909995673076923 0.5568194951923077 0.5913491225961539 0.5623139471153846 0.6046631658653846 0.5656535649038461 0.6083412307692307
1 0.8742917932692307 0.7801052596153847 0.8795974110576924 0.7841328822115384 0.889427423076923 0.7858806586538462 0.8908010384615385 0.7892091706730769 0.9077138341346154 0.7860476995192307 0.9205057932692308 0.772900701923077 0.9273997475961538 0.7587050360576922 0.9303616923076923 0.743810264423077 0.9329200817307692 0.7411808629807692 0.9319500240384616 0.7255869735576923 0.9299840216346154 0.7252374206730768 0.9268332403846155 0.7308457740384615 0.9197504543269232 0.7357550168269231 0.9118864447115385 0.734356795673077 0.9107016634615385 0.7403147091346154 0.9036188774038462 0.745223951923077 0.867449610576923 0.7326244879807693 0.8654836081730769 0.7322749326923077 0.8603668245192307 0.7375337307692308 0.8654577235576923 0.7631131514423076 0.8695785649038462 0.7730986826923077 0.8715445649038462 0.7734482379807692 0.8742917932692307 0.7801052596153847
2 0.74071775 0.15183648557692309 0.7348197451923077 0.15078781971153846 0.7334461322115384 0.14745931009615384 0.7196841129807693 0.14501242067307693 0.71712571875 0.14764182211538462 0.7153485528846153 0.1565786875 0.7161297764423077 0.16288615384615385 0.7229978437500001 0.17952870913461538 0.746589875 0.18372337259615384 0.7497406538461538 0.1781150168269231 0.7515178221153846 0.1691781514423077 0.7507365985576923 0.16287068509615385 0.74071775 0.15183648557692309
2 0.7143526081730769 0.17182301923076923 0.70255659375 0.1697256875 0.7011829807692307 0.1663971778846154 0.6756249495192308 0.16185295432692307 0.6711005528846153 0.16413280048076923 0.6693233870192308 0.17306966586538464 0.6706969975961539 0.17639817548076925 0.6740366129807692 0.18007624519230767 0.681900625 0.18147446634615386 0.6899534711538462 0.1921591081730769 0.7080510480769231 0.18303973076923075 0.7131678293269231 0.17778093028846154 0.7151338341346154 0.17813048557692307 0.7143526081730769 0.17182301923076923
2 0.6852143557692307 0.21599075 0.690331141826923 0.21073195192307692 0.6909235312500001 0.20775299278846154 0.687395079326923 0.19478850721153848 0.6657690504807692 0.19094339663461538 0.6639918822115385 0.1998802644230769 0.6700787235576923 0.2102153485576923 0.67538434375 0.2142429735576923 0.6852143557692307 0.21599075
2 0.6665583870192309 0.2070263990384615 0.6564479759615385 0.20552176923076923 0.6547802572115384 0.2025974423076923 0.6516034759615384 0.2007618846153846 0.633909454326923 0.19761588701923077 0.6287926706730769 0.20287468509615386 0.6295738966346154 0.20918215384615382 0.6354719038461538 0.21023081971153848 0.6454907524038462 0.22126501682692307 0.6506075336538462 0.21600621634615386 0.6630645865384615 0.22071626682692308 0.6656349038461538 0.21231521153846153 0.6665583870192309 0.2070263990384615
2 0.6421511346153845 0.21758695192307692 0.6283891177884615 0.2151400625 0.6248347812499999 0.23301379326923077 0.6295480120192308 0.24002037019230768 0.6354460216346154 0.2410690360576923 0.6380044110576922 0.23843963942307692 0.64352475 0.22091546153846153 0.6421511346153845 0.21758695192307692
2 0.5984955240384615 0.22216210817307694 0.5872918990384616 0.21708581971153845 0.5735298822115384 0.2146389326923077 0.5709714879807692 0.21726833173076926 0.5703790985576923 0.22024728846153846 0.5717527139423078 0.22357579807692307 0.5756847163461538 0.22427490625 0.5802452451923077 0.2265014567307692 0.5811791706730769 0.2375889519230769 0.58058678125 0.24056790625000002 0.5943488004807692 0.24301479326923078 0.5969071899038462 0.2403853966346154 0.5998691370192307 0.22549061778846152 0.5984955240384615 0.22216210817307694
2 0.20726101201923075 0.1526005769230769 0.20823107211538464 0.1681944639423077 0.21412907932692307 0.1692431298076923 0.22180425721153846 0.16135493028846154 0.23026065384615385 0.1597741971153846 0.23281904567307693 0.15714479567307693 0.23656221634615385 0.14855748798076923 0.2401165528846154 0.1306837548076923 0.23874293990384615 0.1273552451923077 0.24052010817307692 0.11841837740384616 0.17367601923076922 0.10653349278846153 0.169151625 0.10881333894230769 0.16637851201923076 0.13299453605769232 0.16715973798076922 0.13930200240384616 0.17187296634615384 0.14630857692307692 0.17639736298076925 0.14402873317307693 0.18504259615384616 0.15173442307692306 0.18897460096153845 0.15243353365384615 0.19153299278846153 0.14980413221153846 0.19743100000000002 0.1508527980769231 0.19998939423076922 0.14822339903846155 0.20726101201923075 0.1526005769230769
1 0.7282410961538462 0.7263788942307693 0.7372898846153846 0.7218192043269231 0.7424066682692309 0.7165604062500001 0.7487082307692308 0.7053436947115385 0.7534473461538462 0.6815120552884615 0.7530696754807693 0.6629392115384616 0.7503224495192308 0.6562821875 0.7396853245192307 0.6790651658653846 0.7357533221153846 0.6783660552884616 0.7306365384615384 0.6836248557692308 0.7300441490384616 0.6866038076923077 0.7015241682692307 0.6969543629807693 0.6968109399038462 0.6899477884615385 0.6928789350961538 0.6892486778846153 0.6944413822115384 0.701863610576923 0.7030866177884616 0.709569295673077 0.7072074591346154 0.719554829326923 0.712513076923077 0.7235824495192307 0.7282410961538462 0.7263788942307693
1 0.6399856995192308 0.6890971009615385 0.6423552572115384 0.6771812836538462 0.6409816442307693 0.6738527692307692 0.6433512019230769 0.6619369495192308 0.6406039735576923 0.6552799278846154 0.6348520384615385 0.665974420673077 0.6175784471153847 0.6789445264423077 0.6104956610576923 0.6838537716346154 0.5933940288461538 0.6777288149038461 0.5935828629807692 0.6870152379807692 0.5963300889423077 0.6936722572115385 0.6077225504807692 0.70803496875 0.6214845697115384 0.7104818557692307 0.6260089615384616 0.7082020120192307 0.63624253125 0.6976844134615384 0.6399856995192308 0.6890971009615385
1 0.5511896826923077 0.5931178269230769 0.5541516298076923 0.5782230504807692 0.55337040625 0.5719155841346154 0.5499860673076923 0.5709190600961539 0.5468358461538462 0.5763301225961539 0.5417632235576924 0.579104673076923 0.530717829326923 0.5750342355769231 0.5240692019230769 0.5759586730769231 0.5215108125 0.5785880745192308 0.5213341586538461 0.5878187644230769 0.5230732596153846 0.5912030048076923 0.5255293629807692 0.5979933221153846 0.5291601009615385 0.6015380913461539 0.5389901153846154 0.6032858701923077 0.5435145072115385 0.6010060264423077 0.5511896826923077 0.5931178269230769
1 0.8550612043269231 0.733506110576923 0.8627363822115384 0.7256179110576924 0.8668831057692308 0.7047652235576923 0.8609850985576923 0.7037165552884616 0.858426704326923 0.7063459567307693 0.8426986850961539 0.7035495120192308 0.8360194519230769 0.6961933822115385 0.8366118413461539 0.6932144254807693 0.8332722259615385 0.6895363605769231 0.8287478317307693 0.6918162043269231 0.8277518894230769 0.7070605360576923 0.8312803413461538 0.7200250216346155 0.830687951923077 0.7230039807692308 0.8373671826923077 0.7303601105769231 0.8432651899038461 0.7314087788461539 0.8446388004807692 0.7347372884615384 0.8550612043269231 0.733506110576923
1 0.9732878461538461 0.6712511995192307 0.9831178605769231 0.6729989783653847 0.9872645841346154 0.6521462884615384 0.98392496875 0.6484682259615385 0.9760609567307692 0.6470700048076924 0.9713477307692308 0.6400634278846155 0.9674157211538461 0.6393643149038462 0.9648573317307693 0.6419937139423078 0.9644537788461538 0.6542590889423077 0.9699482307692308 0.6675731346153846 0.9732878461538461 0.6712511995192307
1 0.08627997836538462 0.7784932932692308 0.09217798557692307 0.7795419591346153 0.09355159855769231 0.7828704711538462 0.09944960817307692 0.7839191370192308 0.1057400625 0.7826565144230769 0.10987200961538461 0.7826879567307692 0.11892079807692307 0.7781282692307693 0.12659597596153846 0.7702400697115385 0.1344133125 0.7518103966346155 0.14203087259615385 0.7460339375 0.1455006610576923 0.7365899375 0.14275343028846155 0.7299329182692307 0.14078743028846155 0.7295833629807693 0.14019504086538462 0.7325623149038462 0.13218939423076922 0.7413139591346154 0.11521645192307693 0.7404582500000001 0.10243743990384616 0.738186139423077 0.10106382211538462 0.7348576274038462 0.09516581490384615 0.7338089615384615 0.09045258653846154 0.7268023870192307 0.08455457932692309 0.7257537211538462 0.0819961875 0.7283831225961539 0.07784946394230768 0.7492358076923077 0.07881952403846154 0.7648296947115385 0.08294036298076923 0.7748152259615384 0.08627997836538462 0.7784932932692308