1 0.9724143774038462 0.7077747884615384 0.9501009783653847 0.7228807524038461 0.8975453557692308 0.8234822860576922 0.8863682524038462 0.8784293509615384 0.895386889423077 0.9435622379807692 0.9639080624999999 0.9374452475961538 0.9724143774038462 0.7077747884615384
1 0.3248708004807692 0.7217495625 0.2739014543269231 0.7952348509615385 0.2486703076923077 0.8484393605769232 0.23362921875 0.9127229158653846 0.24050843509615383 0.9690552475961538 0.24982073076923078 0.9893756394230769 0.3700465745192308 0.984922829326923 0.39431931971153844 0.9373412235576922 0.4110849735576923 0.854920625 0.41448800961538457 0.8156534711538461 0.4058842283653846 0.7774581850961538 0.3651239903846154 0.7331420096153847 0.3248708004807692 0.7217495625
2 0.9068436009615385 0.25618490384615383 0.9184435625 0.4889295192307692 0.9498164038461538 0.44416827403846154 0.9816962908653846 0.4323307644230769 0.9764414471153846 0.09112117548076923 0.9327852187500001 0.11899588701923076 0.9068436009615385 0.25618490384615383
2 0.7993354086538461 0.30174850480769233 0.7576993605769231 0.2005640625 0.7213562524038462 0.18282819711538462 0.6937552067307693 0.2122668221153846 0.6961251033653847 0.23603270913461538 0.7228773894230769 0.28159939663461536 0.7336666850961537 0.3315883052884615 0.7285200408653847 0.5178730096153846 0.7407112355769231 0.5287734086538461 0.8206644783653847 0.5156414975961539 0.7983022692307693 0.3647815480769231 0.7993354086538461 0.30174850480769233
2 0.12801396394230768 0.43061357932692307 0.1102803125 0.45017977884615384 0.10687727644230768 0.48944693028846153 0.12935072115384616 0.5174125096153847 0.1485784639423077 0.4647439326923077 0.1520736875 0.4314629110576923 0.12801396394230768 0.43061357932692307
0 0.03916933173076923 0.777226389423077 0.04731215865384615 0.7854910120192307 0.07691433894230769 0.7558737451923078 0.11293478365384615 0.7526581442307693 0.13462461057692307 0.7297415889423077 0.1381198389423077 0.6964605697115385 0.10922812740384616 0.6420933269230769 0.06729646634615384 0.6518309951923077 0.031967449519230764 0.6999425913461538 0.03916933173076923 0.777226389423077
0 0.3104399879807692 0.43530839663461535 0.34650652644230767 0.4350858653846154 0.3816511658653846 0.3750019975961539 0.3869631442307692 0.3295700673076923 0.37109234375 0.3399784230769231 0.3507122235576923 0.31782033413461536 0.34843451923076924 0.3000405769230769 0.3076552355769231 0.38460490865384617 0.3104399879807692 0.43530839663461535
0 0.8000809326923076 0.6103916514423077 0.7992512211538462 0.5565164519230769 0.7490384447115385 0.549010298076923 0.7311665096153847 0.5595972956730769 0.7259928125 0.6140084278846154 0.7620132572115386 0.6107928293269231 0.7884889759615384 0.6384011153846154 0.8000809326923076 0.6103916514423077
0 0.9773475721153846 0.5745785168269231 0.9798922307692308 0.5058727235576923 0.9784776370192307 0.4835701826923077 0.9211361250000001 0.5336468701923077 0.9241513533653846 0.5993156947115384 0.9502583100961538 0.6029794471153846 0.9699930961538462 0.5832346033653846 0.9773475721153846 0.5745785168269231
3 0.8903434759615384 0.7461984903846154 0.8842017836538462 0.7377552211538462 0.8482735288461538 0.746956954326923 0.8426388822115385 0.7714374206730769 0.8707279254807693 0.9038030384615384 0.8813789375 0.9448127475961539 0.8913846177884616 0.9439195264423077 0.8903434759615384 0.7461984903846154
3 0.17138257932692308 0.7744150552884614 0.15158264903846155 0.9200473389423076 0.16584033173076923 0.9924860240384615 0.20711042548076924 0.9909575024038462 0.15944890865384617 0.9103535625 0.1947779278846154 0.8622419615384616 0.18421910576923078 0.8272183846153845 0.20740302163461538 0.7711994543269232 0.1908868894230769 0.739704877403846 0.17138257932692308 0.7744150552884614