1 0.11738440625 0.4110868221153846 0.10495459134615384 0.4406917355769231 0.1122749423076923 0.4773792620192308 0.12417682451923076 0.48597278125000004 0.15216869471153846 0.48330514663461543 0.19324271875 0.4645130120192308 0.20227127403846154 0.4382840865384615 0.18697318028846155 0.39224759134615383 0.1544048293269231 0.3821902644230769 0.11738440625 0.4110868221153846
1 0.4512692355769231 0.8284616033653845 0.4735043509615385 0.8377870264423077 0.49652631490384613 0.8306337716346154 0.5140605432692308 0.7755553846153845 0.4868555216346154 0.7617443413461539 0.44709122596153844 0.7666783341346155 0.43741033413461533 0.7794268437499999 0.4512692355769231 0.8284616033653845
1 0.5175811634615385 0.8646772115384616 0.5128701730769231 0.8819113437499999 0.5318334879807692 0.9054726322115385 0.5613940072115384 0.910666608173077 0.5749990408653847 0.8971626466346153 0.5807557956730769 0.8851695913461538 0.5759203942307692 0.8507248774038462 0.5620564423076924 0.8425090865384616 0.5404736682692307 0.8466640793269231 0.5175811634615385 0.8646772115384616
1 0.6714044639423077 0.8595548317307693 0.6927232764423077 0.8744990552884615 0.7364117091346153 0.868809608173077 0.7455747716346154 0.8126215937500001 0.7306650528846154 0.7991647259615384 0.6559769134615384 0.8026584567307692 0.6477352091346155 0.8124087019230769 0.6714044639423077 0.8595548317307693
1 0.24787633653846156 0.799587639423077 0.26108289903846155 0.8351419879807692 0.28540954326923074 0.8549495600961539 0.30790862740384617 0.845175764423077 0.31641429807692306 0.8163263028846154 0.30857106490384617 0.7770182403846154 0.2966691826923077 0.7684247235576923 0.25795065384615384 0.7785997932692308 0.24787633653846156 0.799587639423077
2 0.6179713149038462 0.3364863052884616 0.6018964711538461 0.2252905456730769 0.5712901923076923 0.21485549278846156 0.5646171322115385 0.2324673533653846 0.5748057620192308 0.3447962884615385 0.6106459134615384 0.34061774999999994 0.6179713149038462 0.3364863052884616
1 0.15107748798076923 0.845434798076923 0.1603599110576923 0.8817445937499999 0.18664862740384616 0.9011744399038462 0.20914770673076924 0.8914006490384616 0.22066121634615385 0.8674145360576924 0.22001392307692308 0.8131151490384615 0.19777880769230768 0.8037897307692308 0.16010604326923075 0.8192058725961539 0.15107748798076923 0.845434798076923
3 0.2790458918269231 0.48609147596153846 0.2421599735576923 0.48502893990384616 0.1736169639423077 0.5091092475961538 0.1804093846153846 0.5839952043269231 0.16850245192307692 0.6162206562500001 0.18575756490384615 0.7026983942307693 0.19831178846153846 0.7247723269230769 0.23009329326923078 0.7513083317307692 0.27613722115384615 0.7370018197115384 0.3105432331730769 0.6950025745192308 0.30689820673076923 0.5542019038461539 0.28584335817307693 0.5201584639423077 0.2790458918269231 0.48609147596153846
2 0.6097447548076923 0.2237796418269231 0.6285685144230769 0.31811899278846156 0.6411227379807692 0.3401929254807692 0.6861209014423076 0.32064533894230773 0.6768384807692308 0.2843355384615385 0.685085235576923 0.23376632451923077 0.6705689447115385 0.2120701201923077 0.61994853125 0.21365166826923077 0.6097447548076923 0.2237796418269231
2 0.4154228990384615 0.3232300024038462 0.42660390625000005 0.34369067067307696 0.435308048076923 0.40646933894230763 0.4726584254807692 0.39390993269230773 0.4635832524038461 0.3402180288461538 0.45450776923076924 0.2974708485576923 0.40122920192307693 0.2821974375 0.37970662740384614 0.2892579639423077 0.3861898125 0.31354015625 0.4154228990384615 0.3232300024038462
2 0.45797690865384616 0.31212062500000004 0.46820700721153846 0.3852835144230769 0.48403228125 0.3907080168269231 0.4841257307692307 0.3172992668269231 0.47690500240384615 0.3084766971153846 0.45797690865384616 0.31212062500000004
2 0.3073488221153846 0.4082261875 0.3291516610576923 0.4025702668269231 0.334797375 0.3788702163461538 0.34384200240384616 0.37494114903846154 0.3562166947115385 0.3521362427884615 0.29662810576923077 0.33807759855769226 0.3057044182692308 0.3698826730769231 0.3073488221153846 0.4082261875
2 0.6939531586538461 0.3017055120192308 0.6969633629807692 0.3551037259615385 0.7037259807692308 0.3917326274038461 0.7379032884615384 0.38515300721153845 0.7279864879807693 0.3381893846153846 0.7205232067307693 0.2980489591346154 0.7399432716346154 0.28045125240384616 0.7351768942307693 0.26750977644230767 0.6978115408653847 0.24990212259615385 0.6858586033653846 0.26387446153846156 0.6939531586538461 0.3017055120192308
2 0.38636711298076926 0.3775331346153846 0.39006199038461536 0.41565606250000003 0.42807581250000004 0.40187772836538466 0.42879007692307697 0.3599262644230769 0.43060797115384614 0.33866931730769234 0.4235430576923077 0.328565 0.41015745673076925 0.3297922043269231 0.38436106490384614 0.34217636778846156 0.38636711298076926 0.3775331346153846
0 0.16467171634615385 0.2626198125 0.18810505048076923 0.24596928846153845 0.18875409615384614 0.22898378365384617 0.17514440625 0.21137172355769232 0.14934519471153845 0.23387112740384616 0.16172397355769233 0.2604878629807692 0.16467171634615385 0.2626198125
0 0.12818758413461537 0.14555137259615386 0.10712591826923078 0.11588493509615384 0.06913890384615384 0.15826607932692308 0.1019025985576923 0.1921752139423077 0.10365215625 0.18197132692307694 0.12818758413461537 0.14555137259615386