1 0.7785811802884616 0.25510145432692305 0.7924744591346153 0.2538276057692308 0.7967986394230769 0.24370317788461537 0.7933599903846154 0.23884402163461538 0.7846414230769232 0.2324451153846154 0.7789026322115385 0.23077155048076922 0.7765674519230769 0.25524875 0.7777482451923077 0.25449127884615386 0.7785811802884616 0.25510145432692305
1 0.67802490625 0.3289805625 0.6738234038461539 0.32132803125 0.6640658028846154 0.3160952091346154 0.6638583485576923 0.3303583557692308 0.6675132572115385 0.34207512740384616 0.674486951923077 0.33988518269230766 0.67802490625 0.3289805625
1 0.5622797932692307 0.3683138701923077 0.5810658413461538 0.36589595673076925 0.5853330408653846 0.35887673076923077 0.5863106730769231 0.3521836466346154 0.5821968557692307 0.3441894134615385 0.5661539062500001 0.3374909086538462 0.5603376298076923 0.34093656490384616 0.5613723677884616 0.3599692403846154 0.5622797932692307 0.3683138701923077
1 0.6071046730769231 0.39515859615384613 0.6100492860576924 0.3923445889423077 0.6137596995192308 0.3846120793269231 0.6099805961538461 0.3781845480769231 0.5976991875000001 0.3722157259615385 0.5958169447115385 0.37570681971153846 0.5922629423076923 0.39340131009615387 0.6071046730769231 0.39515859615384613
1 0.49322807692307696 0.4416018076923077 0.5113497668269231 0.44036742788461536 0.513379579326923 0.42957390624999997 0.5107345192307693 0.4264152740384616 0.5019282740384615 0.4203580721153846 0.49684414663461535 0.4238336057692308 0.4947573581730769 0.4377323269230769 0.4917279278846154 0.44088887740384614 0.49322807692307696 0.4416018076923077
1 0.3394874951923077 0.45846928124999997 0.3376403774038461 0.4733560769230769 0.3414428485576923 0.47777042548076926 0.3472168028846154 0.48698334134615384 0.34927437019230767 0.4866651923076923 0.38271204086538463 0.48613276442307696 0.39381404807692305 0.4765158221153846 0.3927940024038462 0.4631801634615385 0.37839653125 0.44814696875 0.36116542548076924 0.44128560817307694 0.3472897451923077 0.4444009543269231 0.3394874951923077 0.45846928124999997
1 0.4722758774038462 0.7350096105769232 0.4698500721153846 0.72477375 0.4566488052884615 0.7171639927884615 0.45342048798076917 0.724495360576923 0.45302038942307693 0.7391728966346154 0.46670731009615385 0.7396522788461539 0.4722758774038462 0.7350096105769232
1 0.46677777403846155 0.8299324423076923 0.4671663774038462 0.8310488822115385 0.4794206706730769 0.82659990625 0.48108363221153844 0.8188097475961539 0.4760871129807692 0.8133424807692309 0.46917913701923075 0.8100746346153845 0.46122726682692305 0.8082560913461538 0.46144568750000003 0.81659490625 0.4644336971153846 0.8325084038461538 0.46677777403846155 0.8299324423076923
1 0.5683348701923077 0.9828286346153846 0.5653112956730769 0.9744177932692307 0.5528881274038462 0.9680403605769231 0.5534157307692308 0.9784778629807692 0.5508965120192307 0.9905059326923078 0.5641991899038461 0.9893353076923077 0.5683348701923077 0.9828286346153846
1 0.5159575625 0.8975886850961537 0.5132511033653846 0.8889030528846154 0.5036250240384615 0.8831576754807693 0.5013789134615385 0.8909499326923077 0.4963430528846154 0.9028868197115384 0.5129354615384615 0.9055219206730769 0.5159575625 0.8975886850961537
0 0.3806966298076923 0.7810160913461538 0.37638559134615385 0.788206170673077 0.3791666298076923 0.7956280985576923 0.39020875240384617 0.792971875 0.3869819783653846 0.7824817764423078 0.3806966298076923 0.7810160913461538
0 0.3642711298076923 0.7108055408653846 0.36856031009615386 0.7181163701923077 0.3797076754807692 0.7208162932692308 0.38082706490384616 0.7145318221153846 0.3704688317307693 0.7087565721153847 0.3642711298076923 0.7108055408653846
0 0.37105692548076924 0.6824385096153847 0.38312327163461535 0.6844882548076924 0.38206547836538457 0.677017951923077 0.3736537572115385 0.6732794399038462 0.37105692548076924 0.6824385096153847
0 0.21266036298076924 0.4955808076923077 0.21132758413461536 0.4950085 0.19755120432692308 0.4823600721153846 0.1898556298076923 0.48158494951923075 0.1862139110576923 0.5034774975961539 0.19740953846153844 0.5146387764423077 0.21756769711538462 0.5129882740384615 0.21266036298076924 0.4955808076923077
0 0.12479831730769231 0.04314111298076923 0.15188455048076924 0.05397828365384615 0.15037376682692308 0.030950420673076923 0.13520759134615384 0.024691240384615384 0.12479831730769231 0.04314111298076923
2 0.3556414350961538 0.8104963798076923 0.34270602403846157 0.8052022211538462 0.3344568894230769 0.80323271875 0.3322625360576923 0.8197490264423077 0.3400098245192308 0.8157095889423077 0.35544298317307693 0.8193425793269231 0.3556414350961538 0.8104963798076923
2 0.3574774879807692 0.7715063629807692 0.3430549134615385 0.7640431490384615 0.3359197860576923 0.7645677211538462 0.3323423870192308 0.7785092019230769 0.3426471322115385 0.7758674855769231 0.3559870024038462 0.7784561850961539 0.3574774879807692 0.7715063629807692
2 0.32957772115384615 0.6881090240384615 0.3156361778846154 0.6809215240384615 0.3085748389423077 0.679596814903846 0.30558634615384617 0.68643803125 0.3111030288461538 0.692821375 0.32540843509615386 0.6957077139423077 0.32957772115384615 0.6881090240384615
2 0.30651862740384617 0.6674280769230769 0.3238710192307692 0.67285571875 0.32723651923076924 0.658778985576923 0.3135989543269231 0.6542510432692308 0.30651862740384617 0.6674280769230769
0 0.4202153918269231 0.3999718485576923 0.43513620913461537 0.4000994759615385 0.4368472235576923 0.39380389663461535 0.42766978365384617 0.3872711706730769 0.4202153918269231 0.3999718485576923
2 0.38535317788461537 0.30547015865384614 0.3925445240384615 0.2937945913461538 0.37167029567307697 0.2847689927884616 0.35975717307692306 0.28313120913461537 0.35133534375000003 0.3073024903846154 0.36056685817307693 0.3145855288461539 0.3714759423076923 0.2999541394230769 0.38535317788461537 0.30547015865384614
2 0.6264242331730769 0.24056982692307693 0.5952896490384615 0.23020478846153847 0.5807972572115385 0.24342393028846152 0.5882239759615385 0.25293519471153847 0.6035844663461538 0.24786557932692307 0.6232078846153846 0.25340459374999996 0.6264242331730769 0.24056982692307693
0 0.5044899735576923 0.3719089134615385 0.5111670528846154 0.3634508076923077 0.4892173822115385 0.3596734735576923 0.49269472596153846 0.3657513221153846 0.5044899735576923 0.3719089134615385