1 0.5447598798076924 0.5210497908653846 0.5402562283653846 0.5176105264423077 0.5307170865384616 0.51741203125 0.515610610576923 0.5271343389423077 0.5100432740384615 0.537055141826923 0.5087136682692308 0.5537552259615385 0.5132173125 0.5571944927884616 0.5163913533653847 0.5773338413461538 0.520629079326923 0.5841131201923078 0.5299023028846154 0.5876516322115385 0.5683247908653846 0.5851055985576923 0.5927044879807692 0.5789218028846154 0.5929704086538462 0.5755817860576923 0.6030413942307692 0.5691002475961539 0.6054346923076923 0.53904009375 0.5921896634615385 0.5253822836538462 0.5829164447115385 0.5218437740384615 0.5447598798076924 0.5210497908653846
1 0.7096185432692308 0.3705849375 0.7043171274038461 0.3771657211538461 0.7257716875 0.40772211298076927 0.7302753389423077 0.4111613774038462 0.7498854639423077 0.4048783341346154 0.7599564495192308 0.39839679567307695 0.7612860576923077 0.3816967115384615 0.7573142524038462 0.37157741346153844 0.7528106009615385 0.36813814903846154 0.7412444158653847 0.36219665384615385 0.7194236081730769 0.3674434158653846 0.7096185432692308 0.3705849375
2 0.4504829206730769 0.3785749134615385 0.3887444230769231 0.3739446754807692 0.38370893028846154 0.3771854471153846 0.38184747596153845 0.4005655625 0.4581606081730769 0.4021535240384615 0.46319610336538464 0.39891275721153846 0.4504829206730769 0.3785749134615385
2 0.42739908173076924 0.43496892788461533 0.4281968485576923 0.4249488774038461 0.41945546874999995 0.41473032932692305 0.38719035817307695 0.40852540144230765 0.3671719471153846 0.3940140456730769 0.36258337500000004 0.4257247115384616 0.38527070913461536 0.42405564903846155 0.4226295096153846 0.43486968028846157 0.42739908173076924 0.43496892788461533
2 0.14577954567307694 0.2517946754807692 0.13597448076923077 0.25493619471153844 0.11953839423076923 0.2813585889423077 0.09939642548076924 0.2943216658653846 0.09303132211538462 0.3142625192307692 0.10203862019230768 0.3211410504807692 0.11634733173076922 0.32143879326923075 0.12138282692307692 0.31819802163461536 0.15000025 0.3187935072115385 0.20883062980769232 0.2999443798076923 0.2806401153846154 0.2980930745192308 0.2814378774038462 0.2880730240384616 0.2700543076923077 0.2510350985576923 0.17466288942307692 0.2490501418269231 0.16962739903846155 0.2522909134615384 0.14577954567307694 0.2517946754807692
1 0.47024011298076923 0.7369599206730769 0.44983222355769226 0.753263014423077 0.4585735985576923 0.7634815576923076 0.46784681971153846 0.7670200721153846 0.4916946754807692 0.7675163100961538 0.5068011490384615 0.7577940024038461 0.5123684879807692 0.7478731995192308 0.5078648365384615 0.7444339326923076 0.5086626033653846 0.7344138822115384 0.4999212259615385 0.7241953365384616 0.4856125144230769 0.72389759375 0.4705060360576923 0.7336199014423077 0.47024011298076923 0.7369599206730769
0 0.33993425480769235 0.513442125 0.3388705673076923 0.5268021923076923 0.3574170096153846 0.5338792163461539 0.3714598004807692 0.5375169759615385 0.37649529326923076 0.5342762067307693 0.40511271634615387 0.5348716923076923 0.42498876442307687 0.5252486322115385 0.4302901778846154 0.5186678485576923 0.43108794471153844 0.5086477956730769 0.4080378557692308 0.4981315072115385 0.3794204302884615 0.4975360216346154 0.3648457956730769 0.5005782932692308 0.33993425480769235 0.513442125
1 0.9213751538461538 0.23113261057692308 0.9205773870192308 0.2411526610576923 0.8678291658653846 0.30362050721153844 0.8672973221153846 0.3103005408653846 0.8718009711538461 0.31373980528846157 0.92426625 0.31483153125 0.934337235576923 0.30834999278846154 0.9391068052884616 0.30844923798076923 0.9592487764423077 0.2954861610576923 0.9709152932692308 0.26896452163461537 0.9717130576923078 0.25894447115384617 0.9632376033653846 0.24538590625 0.9444252427884615 0.24164889903846154 0.9309142932692308 0.23133110576923077 0.9213751538461538 0.23113261057692308
0 0.5829947475961539 0.30105914903846154 0.5657779134615384 0.2772820408653846 0.5072134591346154 0.2927911514423077 0.4716990889423077 0.3188165576923077 0.5082601225961538 0.33965063942307694 0.5758318798076923 0.3310200576923077 0.5829947475961539 0.30105914903846154
0 0.24867711778846152 0.5701806610576923 0.26618757932692305 0.5525861129807692 0.2703591105769231 0.5376346658653847 0.24683373557692306 0.5333880865384615 0.22873716586538462 0.5209006298076923 0.18436027163461538 0.538769170673077 0.19696288221153846 0.5528150793269231 0.22382824999999998 0.560055170673077 0.24867711778846152 0.5701806610576923
0 0.6179480625 0.7413048100961538 0.6367605961538462 0.7444396225961539 0.6341926899038461 0.7341488028846155 0.6262436346153847 0.7331804639423076 0.6179480625 0.7413048100961538
1 0.6656361298076923 0.7618351442307693 0.6673312211538461 0.7645468557692308 0.6825361562500001 0.7608485865384615 0.6870751225961539 0.7518431394230769 0.6788049110576923 0.7452475913461538 0.6658282692307692 0.7401599759615384 0.6644907475961539 0.74735853125 0.6656361298076923 0.7618351442307693
0 0.3215265625 0.7261037331730769 0.3222856081730769 0.7405723076923076 0.3305963197115384 0.7369982259615384 0.3426238100961539 0.725204516826923 0.34109754807692305 0.7251727572115385 0.32975490384615386 0.713963329326923 0.3215265625 0.7261037331730769
0 0.35697035096153845 0.6751023293269232 0.3579047884615385 0.6577851346153847 0.3331766081730769 0.6622253365384616 0.3360521057692308 0.67549340625 0.35697035096153845 0.6751023293269232
2 0.23821438221153846 0.603304701923077 0.21375995913461537 0.5935654663461538 0.19986226682692307 0.6025066514423076 0.18519163942307693 0.6282966706730769 0.20112057451923077 0.6515083461538461 0.2413591298076923 0.6258522355769232 0.23821438221153846 0.603304701923077
2 0.20588867307692307 0.5583771105769231 0.19116221153846155 0.538904016826923 0.22074350240384616 0.5202525336538462 0.16932445673076923 0.49629901682692307 0.13592996875 0.5052393125 0.13773484134615385 0.5329746802884615 0.17777100240384616 0.5558850600961539 0.20588867307692307 0.5583771105769231
0 0.5089410480769231 0.4486494567307692 0.529389423076923 0.44473912259615384 0.5405325264423078 0.44099313461538464 0.5438590120192308 0.41865385817307693 0.49586051442307694 0.4248848173076923 0.5089410480769231 0.4486494567307692
1 0.6990837115384616 0.09348462740384617 0.6811091466346154 0.09560638221153847 0.6759706538461538 0.11544228605769231 0.6946000384615385 0.11499689182692308 0.7041488581730769 0.10439281009615384 0.6990837115384616 0.09348462740384617
1 0.7310983341346154 0.019367718750000002 0.7307693725961539 0.008558088942307692 0.714335389423077 0.0012908341346153846 0.7106658846153846 0.017557490384615383 0.7049999711538462 0.03405693990384616 0.724646141826923 0.02588106730769231 0.7310983341346154 0.019367718750000002