1 0.232 0.6799999999999999 0.238 0.6319999999999999 0.224 0.608 0.18 0.5973333341346154 0.152 0.6 0.14200000000000002 0.6106666658653845 0.14200000000000002 0.6479999999999999 0.16 0.6746666658653846 0.20199999999999999 0.696 0.232 0.6799999999999999
1 0.47800000000000004 0.2426666658653846 0.44999999999999996 0.192 0.42600000000000005 0.18933333413461537 0.40599999999999997 0.2026666658653846 0.402 0.2533333341346154 0.414 0.264 0.454 0.2613333341346154 0.47800000000000004 0.2426666658653846
1 0.512 0.168 0.524 0.15733333413461537 0.522 0.12266666586538462 0.514 0.112 0.498 0.1013333341346154 0.47000000000000003 0.112 0.456 0.13866666586538462 0.464 0.15466666586538463 0.49 0.168 0.512 0.168
1 0.698 0.1626666658653846 0.678 0.10933333413461538 0.6340000000000001 0.112 0.6159999999999999 0.1306666658653846 0.602 0.1813333341346154 0.612 0.18933333413461537 0.6859999999999999 0.17866666586538463 0.698 0.1626666658653846
1 0.276 0.28 0.276 0.24000000000000002 0.262 0.2133333341346154 0.238 0.20800000000000002 0.218 0.232 0.212 0.26933333413461535 0.226 0.28800000000000003 0.266 0.2906666658653846 0.276 0.28
2 0.672 0.7653333341346154 0.6659999999999999 0.6533333341346155 0.658 0.6506666658653846 0.622 0.6533333341346155 0.6340000000000001 0.7653333341346154 0.644 0.7813333341346154 0.672 0.7653333341346154
1 0.182 0.2613333341346154 0.17200000000000001 0.20800000000000002 0.156 0.18666666586538463 0.132 0.1813333341346154 0.11 0.20533333413461538 0.108 0.2426666658653846 0.12200000000000001 0.2666666658653846 0.16199999999999998 0.2746666658653846 0.182 0.2613333341346154
3 0.268 0.5786666658653846 0.304 0.5706666658653846 0.304 0.536 0.318 0.4986666658653846 0.294 0.36 0.252 0.32533333413461535 0.20400000000000001 0.32 0.178 0.352 0.16999999999999998 0.376 0.16999999999999998 0.464 0.188 0.4933333341346154 0.196 0.5680000000000001 0.268 0.5786666658653846
2 0.752 0.7413333341346154 0.734 0.6933333341346154 0.736 0.656 0.6880000000000001 0.6453333341346154 0.6799999999999999 0.6693333341346153 0.6799999999999999 0.7653333341346154 0.6920000000000001 0.7733333341346154 0.7420000000000001 0.7653333341346154 0.752 0.7413333341346154
2 0.44136400000000003 0.7445653341346153 0.463874 0.747424 0.513182 0.7224053341346154 0.513718 0.6788026658653846 0.51211 0.6244746658653846 0.472986 0.6192133341346153 0.476738 0.6823760000000001 0.46976999999999997 0.7045359999999999 0.44297200000000003 0.7195466658653846 0.44136400000000003 0.7445653341346153
2 0.533012 0.7073946658653847 0.538372 0.6973866658653846 0.523902 0.6254666658653847 0.5094299999999999 0.633768 0.513718 0.7073946658653847 0.533012 0.7073946658653847
2 0.389376 0.6673653341346154 0.379728 0.6652213341346154 0.369544 0.6430613341346153 0.34703399999999995 0.641632 0.35293 0.6795173341346155 0.35025 0.7123973341346154 0.40599 0.6873786658653847 0.389376 0.6673653341346154
2 0.746862 0.7116826658653845 0.761332 0.72312 0.7945620000000001 0.698816 0.7967059999999999 0.6852346658653846 0.774196 0.6716533341346154 0.77366 0.6309093341346154 0.774196 0.583016 0.739358 0.583016 0.739894 0.6201866658653846 0.747398 0.6730826658653846 0.746862 0.7116826658653845
2 0.47669599999999995 0.697776 0.481652 0.6865413341346154 0.475704 0.6660533341346154 0.466786 0.6250773341346154 0.426772 0.6187466658653846 0.430612 0.6568026658653847 0.435568 0.6918293341346153 0.46331599999999995 0.6990986658653846 0.47669599999999995 0.697776
0 0.261762 0.8231333341346154 0.235498 0.8112373341346154 0.233022 0.8138826658653847 0.226084 0.8423013341346154 0.255816 0.8594826658653846 0.265726 0.839656 0.261762 0.8231333341346154
0 0.19139599999999998 0.9017813341346154 0.18767999999999999 0.8921119999999999 0.16216000000000003 0.9315226658653846 0.20775000000000002 0.9658880000000001 0.22261399999999998 0.9328426658653846 0.19139599999999998 0.9017813341346154