1 0.17018003846153845 0.1357832067307692 0.177604625 0.15491026201923075 0.20171241346153845 0.16684300000000002 0.2494967283653846 0.16208312259615384 0.2224949278846154 0.09737715384615385 0.18371726682692308 0.11481958413461538 0.17018003846153845 0.1357832067307692
1 0.274934625 0.20657529086538462 0.29386495192307693 0.20921618509615386 0.3026559759615385 0.20758606730769233 0.30513689423076923 0.20507565384615384 0.30423804326923076 0.20114156490384616 0.2974785096153846 0.19829422596153845 0.2898201298076923 0.19151280048076924 0.28757300721153845 0.1816775841346154 0.29005392307692307 0.17916716826923076 0.2882562235576923 0.17129899759615386 0.2848764591346154 0.16987532692307694 0.2711236009615385 0.17652627403846152 0.2611999326923077 0.1865679375 0.2591684375 0.19104539423076924 0.2605167115384615 0.19694652403846155 0.26817509375 0.2037279519230769 0.274934625 0.20657529086538462
1 0.2796445024038462 0.24055839423076925 0.2814421995192308 0.2484265673076923 0.2848219639423077 0.24985023557692307 0.2911320745192308 0.2507305336538461 0.3204354903846154 0.24529681009615387 0.32180192788461537 0.22453963461538462 0.3091817139423077 0.22277903846153846 0.29746034615384614 0.22495252884615385 0.28663782932692305 0.23106010576923078 0.2796445024038462 0.24055839423076925
1 0.30732952403846153 0.2948857764423077 0.31229135817307696 0.28986494471153845 0.3086959615384615 0.2741286033653846 0.2992398798076923 0.2594790048076923 0.2949612644230769 0.25412124759615384 0.28527139182692307 0.25181727884615385 0.2706196826923077 0.2545341418269231 0.2622780817307692 0.2581313028846154 0.2548353341346154 0.2656625504807692 0.25325326201923076 0.2721070504807692 0.24829143028846154 0.2771278822115385 0.2509879783653846 0.2889301394230769 0.27171599759615384 0.29943920432692306 0.27802610817307694 0.3003195 0.30732952403846153 0.2948857764423077
1 0.33886189663461536 0.32594556971153843 0.3370641995192308 0.31807739903846155 0.3395451177884615 0.31556698317307696 0.3372979951923077 0.3057317692307692 0.33098788701923076 0.30485146875 0.3075451514423077 0.30919844951923076 0.30258331971153846 0.31421928125000004 0.30438101923076927 0.3220874519230769 0.31631801201923077 0.3342266370192308 0.32262812259615387 0.3351069326923077 0.3343494879807692 0.33293344471153846 0.33683040625000005 0.3304230288461539 0.33886189663461536 0.32594556971153843
1 0.31764812499999995 0.36678606730769225 0.31495157692307696 0.3549838100961538 0.3106729615384615 0.3496260552884615 0.3043628533653846 0.3487457572115385 0.2897111466346154 0.3514626201923077 0.2813695456730769 0.35505977884615386 0.2655851923076923 0.3661881875 0.2687311658653846 0.37995748557692305 0.27300977884615385 0.3853152427884616 0.2894591875 0.3904665504807693 0.2986996370192308 0.39080347836538465 0.3225917956730769 0.3884235408653846 0.321027889423077 0.3682097379807692 0.31764812499999995 0.36678606730769225
1 0.2297015456730769 0.4364038509615385 0.23780935096153846 0.44515231971153846 0.2542587596153846 0.45030362740384616 0.2630497836538461 0.4486735120192308 0.27273965865384614 0.4509774783653846 0.2873913677884615 0.44826061778846155 0.28987228365384615 0.4457502019230769 0.2858274639423077 0.42804681490384616 0.2883083798076923 0.4255363990384616 0.29035803605769234 0.3944006370192307 0.28652884615384616 0.39100992307692306 0.2748074807692308 0.39318341586538463 0.2714277139423077 0.3917597427884615 0.24257372115384615 0.39916051201923075 0.21979604326923077 0.4197872091346154 0.21776455048076923 0.42426466586538464 0.22159374038461538 0.4276553798076923 0.2229420144230769 0.4335565072115385 0.2297015456730769 0.4364038509615385
1 0.3229867259615385 0.4703654927884615 0.3202901802884615 0.4585632355769231 0.31398007211538465 0.4576829350961538 0.2972968701923077 0.4648772596153846 0.2873732019230769 0.47491891826923077 0.28962032451923075 0.4847541370192308 0.30651915625 0.4918724879807692 0.32162028846153845 0.4911226658653846 0.32568327403846153 0.48216775 0.324335 0.4762666201923077 0.3268159182692308 0.4737562043269231 0.3229867259615385 0.4703654927884615
1 0.35432163701923075 0.46045431009615384 0.35094187019230766 0.4590306370192308 0.34215084375000004 0.46066075721153843 0.3272653413461538 0.4757232475961538 0.3245506298076923 0.4905792956730769 0.3326584375 0.4993277644230769 0.33558877884615385 0.4987843918269231 0.3394179711538462 0.5021751033653846 0.34910784375 0.5044790745192308 0.3583482932692308 0.5048159975961538 0.37886068509615384 0.501012391826923 0.3838225192307692 0.49599156009615386 0.35432163701923075 0.46045431009615384
1 0.2708511394230769 0.5764008245192308 0.27378148076923076 0.5758574519230769 0.28392078125000003 0.5801284639423077 0.2994713389423077 0.5813456875 0.30826236298076926 0.5797155697115385 0.31164212740384617 0.5811392379807692 0.31705338701923075 0.5780854495192307 0.30556581490384616 0.5679133125 0.30047248798076925 0.5456208125 0.30536835096153847 0.5269423341346153 0.3044695 0.52300825 0.2981593918269231 0.5221279519230769 0.2864380240384615 0.5243014399038461 0.2647929903846154 0.5365165937499999 0.2548693221153846 0.5465582548076923 0.25328725240384614 0.5530027572115385 0.2503569110576923 0.5535461274038462 0.24832542067307692 0.5580235865384615 0.25305346153846153 0.5653483870192308 0.2708511394230769 0.5764008245192308
1 0.36686919711538457 0.5688481177884616 0.36348943028846153 0.5674244495192308 0.3610085144230769 0.5699348629807692 0.33463543749999997 0.5748252163461538 0.3213320024038462 0.5834432091346154 0.31930051201923076 0.5879206658653846 0.3215476346153846 0.5977558798076923 0.32582624759615386 0.6031136370192308 0.3427250793269231 0.6102319879807692 0.3612059783653846 0.6109058389423077 0.37247792067307695 0.6067653076923076 0.3745094134615385 0.6022878485576924 0.36686919711538457 0.5688481177884616
1 0.3139958990384616 0.7652369471153846 0.32075543028846154 0.7680842860576923 0.3363059879807692 0.7693015096153846 0.36312848798076924 0.7663781995192308 0.3651599783653846 0.7619007403846154 0.36336228125 0.7540325697115384 0.35998251682692306 0.7526089014423077 0.3581848173076923 0.7447407283653846 0.35480505048076927 0.7433170600961538 0.35120965625 0.7275807139423077 0.3557220625 0.7205928389423076 0.3543737884615385 0.7146917115384616 0.3480636826923077 0.7138114134615384 0.34265242307692306 0.7168652019230769 0.32507037259615384 0.7201254375 0.30635568028846155 0.7317972163461538 0.3018432716346154 0.7387850913461539 0.30633751682692306 0.7584555192307693 0.3139958990384616 0.7652369471153846
1 0.44783827403846155 0.8162826322115385 0.43973046875 0.8075341658653846 0.4318564543269231 0.7864400649038461 0.4284766899038462 0.7850163942307693 0.42261600721153847 0.786103139423077 0.4039013125 0.7977749182692307 0.3982562596153846 0.8131743365384616 0.3996045336538462 0.8190754663461538 0.4101932572115385 0.8253135216346154 0.4131235985576923 0.8247701490384615 0.41988313221153845 0.8276174879807693 0.4491865480769231 0.8221837644230768 0.44783827403846155 0.8162826322115385
1 0.48611201682692307 0.8768480697115385 0.4789030625 0.8720336875 0.47530766586538464 0.85629734375 0.46651664182692304 0.8579274615384616 0.45614354567307697 0.8660020793269231 0.45321320673076926 0.866545451923077 0.4511817115384616 0.8710229110576923 0.4547771081730769 0.8867592548076922 0.45815687499999996 0.8881829254807693 0.46446698076923076 0.8890632235576923 0.48204903365384616 0.8858029879807692 0.4874602908653846 0.8827491995192307 0.48611201682692307 0.8768480697115385
1 0.46491640865384615 0.8910302644230769 0.4619860673076923 0.8915736370192308 0.4518467692307692 0.8873026274038461 0.42389162500000005 0.8986374807692308 0.41982863701923073 0.9075923966346154 0.4243228846153846 0.927262829326923 0.42815207451923076 0.9306535408653847 0.43153184134615385 0.9320772115384616 0.46376559855769234 0.9261001153846155 0.47458811538461537 0.9199925360576924 0.46919502163461535 0.8963880240384616 0.46491640865384615 0.8910302644230769
1 0.4804306370192308 0.9455640961538462 0.48539247115384615 0.940543264423077 0.48156328125 0.9371525528846154 0.47886673317307693 0.9253502932692308 0.47255662499999995 0.9244699951923077 0.43153184134615385 0.9320772115384616 0.4295003485576923 0.936554670673077 0.4308486225961538 0.9424557980769231 0.43422838942307695 0.9438794687500001 0.43557666346153845 0.9497805985576923 0.4423361971153846 0.9526279375000001 0.45157664423076926 0.9529648629807692 0.47501937980769227 0.9486178846153847 0.4804306370192308 0.9455640961538462
1 0.40582615865384614 0.6190349687500001 0.41506660817307695 0.6193718942307692 0.42295878365384615 0.6138076899038462 0.42205993509615386 0.6098736033653845 0.41440155288461533 0.6030921778846154 0.40561052884615384 0.6047222932692308 0.40064869471153847 0.609743125 0.4024463918269231 0.6176112956730768 0.40582615865384614 0.6190349687500001
2 0.8417251826923077 0.9359799663461538 0.8340668028846154 0.9291985408653846 0.8273072692307692 0.926351201923077 0.8243769278846155 0.9268945721153846 0.8167003822115385 0.9467714495192308 0.8243587644230769 0.9535528774038462 0.8448711538461539 0.9497492692307692 0.8417251826923077 0.9359799663461538
2 0.8694828581730769 0.8836741370192308 0.8712805552884616 0.8915423076923077 0.8672175721153846 0.9004972259615385 0.8782557211538461 0.9087023245192308 0.8796039951923077 0.9146034519230769 0.8854646778846154 0.9135167067307692 0.8924580048076923 0.9040184182692308 0.8888626081730769 0.8882820745192308 0.8803053774038462 0.8775665625000001 0.8694828581730769 0.8836741370192308
2 0.9199818870192308 0.8640582163461539 0.9269752163461539 0.8545599278846154 0.9242786682692308 0.8427576682692308 0.9204494735576922 0.8393669567307692 0.9107596009615384 0.8370629903846154 0.9028674254807693 0.8426271923076923 0.9082605192307691 0.8662317067307692 0.9199818870192308 0.8640582163461539
2 0.8774295264423077 0.7981350240384616 0.880809295673077 0.7995586947115385 0.8830564158653846 0.8093939086538462 0.8805755000000001 0.8119043245192308 0.8814743485576924 0.8158384110576923 0.88733503125 0.8147516658653846 0.8918474423076923 0.8077637908653846 0.8891508966346154 0.7959615336538461 0.8916318100961539 0.7934511177884616 0.8880364134615385 0.7777147764423076 0.8817263052884615 0.7768344759615384 0.8767644735576923 0.7818553076923076 0.8727014855769231 0.7908102259615385 0.8760812524038462 0.7922338942307692 0.8774295264423077 0.7981350240384616
2 0.7902206610576923 0.7773993100961539 0.7884229615384615 0.7695311370192308 0.7845937716346154 0.7661404230769231 0.769942060096154 0.7688572860576923 0.7649802307692308 0.7738781177884615 0.7672273509615385 0.7837133317307692 0.7710565432692308 0.787104045673077 0.7739868846153846 0.7865606730769231 0.791335139423077 0.7956460697115385 0.7971958221153846 0.7945593221153846 0.7936004254807693 0.7788229807692308 0.7902206610576923 0.7773993100961539
2 0.8319468269230769 0.7327552043269231 0.8355422211538461 0.7484915480769231 0.8418523317307692 0.7493718461538462 0.8637129951923076 0.7514693653846154 0.8745355120192309 0.7453617908653847 0.8718389639423076 0.7335595312500001 0.8540412860576924 0.72250709375 0.8305985528846154 0.7268540745192307 0.8281176346153847 0.7293644903846155 0.8319468269230769 0.7327552043269231
2 0.8513629038461539 0.6840465336538462 0.8425718798076923 0.6856766514423077 0.8258886778846153 0.6928709711538462 0.8238571826923077 0.6973484302884615 0.8272369495192307 0.6987721009615384 0.8290346466346155 0.7066402740384615 0.8324144158653847 0.7080639447115384 0.8626166802884616 0.7065643028846154 0.8650975961538462 0.7040538894230769 0.8624010504807693 0.6922516298076923 0.8581224350961538 0.6868938750000001 0.8513629038461539 0.6840465336538462
2 0.9210260480769231 0.6547258774038462 0.9244058125 0.656149548076923 0.9331968389423076 0.6545194302884615 0.9410890144230769 0.6489552283653846 0.9426710841346153 0.6425107259615385 0.9383924687499999 0.6371529687499999 0.9068419278846154 0.6327514807692308 0.8477856706730769 0.6416518870192308 0.8444059038461538 0.6402282163461539 0.8331339639423077 0.6443687499999999 0.83110246875 0.6488462091346154 0.8324507427884615 0.6547473365384615 0.8820327572115385 0.6578556346153845 0.8908237788461538 0.6562255168269231 0.9005136538461538 0.658529485576923 0.9210260480769231 0.6547258774038462
2 0.9548782019230769 0.5889876706730769 0.9314354663461538 0.5933346514423077 0.9327837403846153 0.5992357788461539 0.9303028269230769 0.6017461947115385 0.9325499495192309 0.6115814110576923 0.9406577548076923 0.6203298798076923 0.972891514423077 0.6143527836538462 0.9783027716346153 0.6112989951923077 0.9747073725961539 0.5955626514423077 0.9641186514423077 0.5893245961538461 0.9548782019230769 0.5889876706730769
2 1 0.44088783413461535 0.9971264471153846 0.4396773966346154 0.9673736081730768 0.44314407692307695 0.9651083197115384 0.4599671658653846 0.9673554423076923 0.46980238221153847 0.9892161081730768 0.4718999038461539 1 0.46990024999999996 1 0.44088783413461535
2 0.95342328125 0.40882405048076925 0.9507267331730769 0.39702179326923076 0.9439672019230769 0.39417445192307693 0.9322458365384616 0.39634794230769227 0.9065378149038461 0.4175180120192307 0.9214051514423077 0.4291138221153846 0.9241016995192308 0.44091607932692306 0.9387534086538462 0.43819921634615383 0.9378545600961539 0.43426513221153845 0.9502591466346153 0.42171305288461536 0.95342328125 0.40882405048076925
2 0.8932888725961539 0.34616109134615386 0.8869787644230769 0.3452807956730769 0.8693967139423078 0.34854102884615384 0.8650999350961539 0.3698415769230769 0.868929125 0.3732322884615385 0.8781695769230768 0.37356921394230774 0.8898909423076924 0.3713957235576923 0.8977831177884615 0.3658315216346154 0.8998146105769231 0.36135406249999996 0.8971180649038462 0.3495518052884616 0.8932888725961539 0.34616109134615386
2 0.8894778461538462 0.3161120745192308 0.8948891057692308 0.31305828846153844 0.8998509375 0.30803745673076927 0.9014330072115384 0.30159295673076925 0.9242106850961539 0.28096625961538463 0.9244444783653846 0.2686206298076923 0.9167860961538461 0.2618392019230769 0.902134389423077 0.26455606490384614 0.8859006129807692 0.2737174302884615 0.89084428125 0.2953549014423077 0.8847498028846155 0.30878727644230775 0.8631047692307692 0.3210024278846154 0.8894778461538462 0.3161120745192308
2 0.7143950552884615 0.2583609302884616 0.7161927524038462 0.26622910336538463 0.7238511370192308 0.27301052884615384 0.7272309014423077 0.27443419711538464 0.7330915865384615 0.2733474543269231 0.7380534206730769 0.26832662259615386 0.7400849110576923 0.26384916346153847 0.736489514423077 0.2481128221153846 0.7276984927884615 0.2497429375 0.7143950552884615 0.2583609302884616
2 0.8099818533653846 0.22218287740384615 0.8124627692307692 0.2196724615384615 0.8140448365384615 0.21322796153846155 0.8108988629807693 0.1994586610576923 0.7964809495192308 0.18982989182692306 0.7876899278846154 0.19146000961538462 0.7843101586538462 0.19003633894230768 0.7696584519230769 0.19275320192307693 0.7719055745192308 0.20258841826923077 0.7673931658653845 0.20957628846153845 0.7696402884615385 0.2194115048076923 0.7822605024038461 0.22117210096153844 0.7890200360576922 0.2240194423076923 0.798260483173077 0.22435636778846155 0.8099818533653846 0.22218287740384615
2 0.7825487884615385 0.12885156009615384 0.7728589158653846 0.12654759375 0.7591060552884615 0.1331985408653846 0.7566251370192307 0.13570895673076924 0.7534610048076923 0.14859795913461538 0.7656136298076923 0.17504981490384616 0.7685439711538462 0.1745064423076923 0.7784676370192307 0.16446478365384615 0.7843283245192307 0.1633780360576923 0.7904228004807692 0.1499456610576923 0.7825487884615385 0.12885156009615384
2 0.6470880168269232 0.13756698076923077 0.6540631802884616 0.15472699519230768 0.6574429471153846 0.1561506658653846 0.6637530552884615 0.15703096153846152 0.675474420673077 0.1548574735576923 0.6804362572115384 0.14983664182692308 0.6763914350961537 0.13213325721153846 0.6676004086538462 0.13376337259615384 0.6651194927884615 0.13627378846153845 0.6470880168269232 0.13756698076923077
2 0.8889762644230769 0.059907629807692306 0.8792863918269231 0.05760366105769231 0.8617043413461538 0.06086389663461538 0.8533627403846153 0.06446105769230769 0.8513312475961539 0.06893851682692308 0.8531289471153846 0.0768066875 0.8506480288461538 0.07931710336538461 0.8542434278846154 0.09505344471153847 0.8718254759615385 0.09179321153846152 0.8846794879807691 0.08120817788461537 0.8907739639423077 0.06777580288461539 0.8889762644230769 0.059907629807692306