1 0.11371455528846154 0.247814 0.09350794951923078 0.24382387980769232 0.07691133653846154 0.26097444471153847 0.07014793509615384 0.3025669567307692 0.13898860576923078 0.31793699519230767 0.13130793990384615 0.26964354326923073 0.11371455528846154 0.247814
1 0.15773368028846152 0.35479673557692304 0.16572418990384616 0.3551903677884616 0.1674914759615385 0.35228273798076926 0.17747961298076922 0.3527747788461539 0.18593079567307694 0.35918049038461536 0.19038672596153847 0.3653893846153846 0.19438198076923077 0.3655862043269231 0.19614926923076922 0.3626785721153846 0.19545825240384615 0.35366045192307694 0.18808334375 0.3353289879807692 0.18362741346153846 0.32912009375 0.17517623076923078 0.3227143822115384 0.16918334855769232 0.32241915625 0.16541843269230772 0.32522838221153844 0.1583492764423077 0.33685890865384616 0.15550571634615384 0.35169228846153844 0.15773368028846152 0.35479673557692304
1 0.23679282451923075 0.37366485336538463 0.23448943990384616 0.3436044567307693 0.23203113701923075 0.33749396875 0.22980317307692305 0.33438952403846156 0.22181266586538462 0.33399589182692313 0.2145131706730769 0.34262037500000003 0.21143927163461537 0.35444771875000003 0.21236062259615382 0.3664718774038462 0.21727723076923075 0.3786928509615385 0.23679282451923075 0.37366485336538463
1 0.2340287644230769 0.3375923774038462 0.23871503125 0.34680731249999996 0.24493825240384615 0.3501085793269231 0.26137994471153847 0.35690792307692304 0.2773609591346154 0.35769518990384613 0.2808955384615385 0.35187992548076924 0.27859215625 0.32181953125 0.2761338509615385 0.3157090408653846 0.2607684326923077 0.29698394951923074 0.2487826730769231 0.2963935 0.24524809375 0.3022087596153846 0.23948555048076925 0.3049195769230769 0.23418368509615384 0.31364247115384614 0.23287707451923076 0.32256218028846156 0.2340287644230769 0.3375923774038462
1 0.3107050216346154 0.3773059567307693 0.3186955288461538 0.3776995889423077 0.3224604423076923 0.3748903677884616 0.3242277331730769 0.3719827355769231 0.3233063798076923 0.3599585793269231 0.3208480745192308 0.3538480889423077 0.30617367307692306 0.34414111538461534 0.2981831658653846 0.3437474831730769 0.29464858653846154 0.34956274278846156 0.2964912956730769 0.37361106009615386 0.2989495985576923 0.3797215504807693 0.3089377307692308 0.38021359134615385 0.3107050216346154 0.3773059567307693
1 0.33168214663461537 0.33940834134615383 0.3341404495192308 0.3455188293269231 0.34036366826923076 0.34882009375 0.3523494302884615 0.34941054326923077 0.3545773966346154 0.35251499038461537 0.3743233269230769 0.35049303365384615 0.3704829951923077 0.32634631009615384 0.36779435336538463 0.31722978125 0.35865215384615384 0.3018059519230769 0.3524289350961538 0.29850468509615385 0.33844554567307694 0.2978158293269231 0.3318370673076923 0.31545843269230767 0.3305304543269231 0.3243781442307692 0.33168214663461537 0.33940834134615383
1 0.3641089423076923 0.2691331466346154 0.3644146947115384 0.29909513701923074 0.36664266105769233 0.3021995817307692 0.36756401442307696 0.31422374038461537 0.37178960817307694 0.31742659615384616 0.4010629975961538 0.30988460096153847 0.40283028605769233 0.30697697115384615 0.4208089278846154 0.30786264423076926 0.42257621634615383 0.30495501442307693 0.42142452403846153 0.28992481490384614 0.4167382548076923 0.2807098798076923 0.4160472403846154 0.2716917620192308 0.4069050432692308 0.25626793028846157 0.39645623076923076 0.2497638076923077 0.3920003004807692 0.2435549158653846 0.38600741826923074 0.24325968990384617 0.3817818269230769 0.24005683413461537 0.3780169110576923 0.24286605528846156 0.3641089423076923 0.2691331466346154
1 0.45707196875 0.33959598076923075 0.45883925721153845 0.3366883461538462 0.46483213942307694 0.33698357211538466 0.47236196874999997 0.33136512740384616 0.4692126514423077 0.3162365216346154 0.45807282451923076 0.3007142788461538 0.44808468990384615 0.3002222379807692 0.4410155336538461 0.3118527644230769 0.4384023100961538 0.3296921875 0.4408606129807692 0.33580267307692313 0.452846375 0.33639312499999996 0.45707196875 0.33959598076923075
1 0.4491568774038462 0.36615829567307695 0.45138484375 0.36926274519230773 0.49294974999999996 0.39227318509615383 0.49648432692307687 0.3864579206730769 0.4948719591346154 0.3654156442307693 0.49218331730769227 0.3562991177884616 0.4874970480769231 0.34708418269230773 0.48327145673076927 0.34388132692307694 0.4830411201923077 0.3408752860576923 0.4725923052884615 0.3343711658653846 0.45906959375 0.33969438942307695 0.44846586298076924 0.3571401754807692 0.4491568774038462 0.36615829567307695
1 0.5140858846153846 0.2525638557692308 0.5083233389423077 0.25527466826923073 0.5012541850961538 0.26690519471153845 0.49510638461538464 0.2905598798076923 0.49602773798076927 0.3025840384615385 0.4984860408653846 0.30869452644230766 0.5024812932692307 0.3088913413461538 0.5191037139423077 0.300726125 0.5417428197115385 0.3018413870192308 0.5544195961538462 0.311449954326923 0.5559565456730768 0.30553628365384616 0.5537285793269231 0.3024318341346154 0.5530375649038461 0.2934137163461539 0.5478906201923077 0.27818670192307693 0.5412067259615385 0.2688733581730769 0.5409763870192308 0.2658673173076923 0.5258413052884615 0.2501482644230769 0.5176204615384615 0.24674859134615384 0.5138555456730769 0.24955781490384615 0.5140858846153846 0.2525638557692308
1 0.5561073798076923 0.35944818269230766 0.5583353461538462 0.36255262740384614 0.5922950024038461 0.3642255673076923 0.5960599206730769 0.36141634615384616 0.5971361923076923 0.34949059375 0.5917589086538462 0.3312575408653846 0.5806190841346154 0.31573530048076925 0.5743958653846154 0.31243403605769227 0.5644077307692308 0.31194199519230764 0.5606428149038462 0.31475121875 0.5558016250000001 0.3294861923076923 0.5578746706730769 0.35654054807692304 0.5561073798076923 0.35944818269230766
1 0.6937928076923078 0.3123264495192308 0.6922558557692308 0.31824012259615386 0.6947141586538461 0.3243506081730769 0.7007070384615385 0.3246458341346154 0.7062392427884615 0.31892898076923076 0.7222202596153846 0.3197162451923077 0.7244482235576922 0.3228206923076923 0.7324387331730768 0.32321432451923077 0.7346666971153847 0.32631877403846155 0.7426572067307693 0.32671240625000003 0.7464221201923077 0.32390318269230767 0.7423514495192307 0.29675041826923076 0.7372045048076923 0.2815234038461539 0.7327485745192307 0.27531450721153844 0.7242973894230769 0.2689087980769231 0.7043211225961539 0.2679247139423077 0.6987889182692307 0.27364156971153847 0.6924107764423078 0.2942902115384615 0.6937928076923078 0.3123264495192308
1 0.8054254927884615 0.3926930769230769 0.8158743028846154 0.39919719471153847 0.8218671826923077 0.39949242067307694 0.8195638004807692 0.36943202644230766 0.8151078701923077 0.3632231298076923 0.8148775312500001 0.3602170889423077 0.8061960096153846 0.3508053389423077 0.8002031298076923 0.35051011298076923 0.7869107548076923 0.35883937499999996 0.7805326153846154 0.37948802163461537 0.7809932932692308 0.3855000985576923 0.7832212548076923 0.38860454567307695 0.8054254927884615 0.3926930769230769
1 0.8771851418269231 0.4201856826923077 0.8836386995192308 0.4264929855769231 0.8896315769230768 0.42678820913461535 0.8911685288461538 0.4208745384615385 0.8897864975961538 0.4028382980769231 0.8873281947115385 0.3967278125 0.8851002307692308 0.3936233653846154 0.8691192139423076 0.3928360985576923 0.8653543004807692 0.3956453245192308 0.865584639423077 0.3986513605769231 0.8605131081730769 0.41038029807692306 0.861204125 0.4193984158653846 0.8771851418269231 0.4201856826923077
1 0.8980073461538461 0.4062379735576923 0.9219788677884615 0.4074188701923077 0.9250527692307693 0.3955915288461539 0.9225190504807692 0.36252509375 0.9202910841346154 0.35942064663461537 0.9160654927884615 0.35621779086538463 0.8960892211538461 0.3552337091346154 0.8885593918269231 0.36085215625 0.8848698918269231 0.39061732451923076 0.8915537884615384 0.3999306682692308 0.8917841274038462 0.4029367091346154 0.8980073461538461 0.4062379735576923
1 0.9282020889423077 0.41072013701923077 0.9401878485576923 0.41131058653846153 0.9444134423076923 0.41451344230769227 0.9479480192307693 0.4086981754807692 0.9494849711538461 0.40278450961538464 0.9476422644230769 0.37873619230769234 0.9449536225961539 0.3696196634615384 0.9404976899038461 0.3634107668269231 0.9345048125000001 0.36311554326923073 0.9322768461538461 0.36001109374999996 0.9262839639423077 0.3597158677884615 0.9225190504807692 0.36252509375 0.9257437860576924 0.40460964663461535 0.9282020889423077 0.41072013701923077
1 0.6190305865384615 0.4014789423076923 0.6163419447115385 0.3923624134615385 0.6141139783653846 0.38925796634615384 0.6061234711538461 0.38886433413461535 0.6025888966346155 0.3946795985576923 0.6032799086538462 0.40369771394230775 0.61173109375 0.4101034278846154 0.6157263461538461 0.4103002451923077 0.6190305865384615 0.4014789423076923
2 1 0.8036436586538461 0.9963313125 0.806381079326923 0.9883408052884615 0.8059874471153846 0.9852669038461539 0.8178147884615385 0.99771334375 0.8244173173076923 1 0.8245299639423076 1 0.8036436586538461
2 0.9576058822115385 0.8463990625 0.9543016442307692 0.8552203653846154 0.9589879110576922 0.8644353004807692 0.9632135024038462 0.8676381586538462 0.975199266826923 0.8682286057692308 0.9824987596153847 0.8596041177884615 0.98157740625 0.8475799615384615 0.9576058822115385 0.8463990625
2 0.9269504615384616 0.8359048197115384 0.9264897884615385 0.8298927427884616 0.9224945336538461 0.8296959278846153 0.9207272427884615 0.8326035576923078 0.9107391105769231 0.8321115168269231 0.9085111442307692 0.8290070673076924 0.9025182620192307 0.82871184375 0.9002902980769231 0.8256073942307692 0.8927604663461538 0.8312258413461537 0.8892258870192309 0.8370411033653846 0.8916841947115385 0.8431515937499999 0.9076652091346153 0.8439388557692307 0.9094324975961539 0.8410312259615385 0.9214182572115385 0.8416216754807693 0.9269504615384616 0.8359048197115384
2 0.8685626923076923 0.7491770961538461 0.8845437067307693 0.7499643629807693 0.8840830288461539 0.7439522836538461 0.870945576923077 0.7283316346153845 0.8707152379807692 0.7253255961538462 0.8664896466346155 0.7221227427884614 0.8565015120192307 0.721630701923077 0.8529669350961538 0.7274459615384615 0.854118625 0.7424761610576923 0.85834421875 0.7456790168269231 0.8663347259615384 0.7460726514423077 0.8685626923076923 0.7491770961538461
2 0.8572638581730769 0.8354665721153847 0.8603377596153846 0.8236392283653846 0.8527325096153846 0.8023017283653846 0.8502742067307693 0.7961912403846154 0.8342931923076923 0.7954039735576923 0.8300675985576924 0.7922011201923076 0.8283003100961538 0.7951087524038462 0.8301430144230769 0.8191570673076923 0.8452780961538462 0.8348761201923077 0.8572638581730769 0.8354665721153847
2 0.7971047115384615 0.8295082860576923 0.8033279302884615 0.8328095504807693 0.8153136923076924 0.8333999975961538 0.8170809807692307 0.8304923677884616 0.81078234375 0.8002351586538462 0.8085543798076924 0.7971307067307692 0.8005638701923077 0.7967370745192308 0.79833590625 0.7936326274038461 0.7945709903846154 0.7964418485576924 0.791957764423077 0.8142812716346154 0.79264878125 0.8232993918269231 0.7971047115384615 0.8295082860576923
2 0.7511592908653846 0.8272448990384615 0.7577636826923076 0.8874640985576924 0.7700551995192307 0.9180165360576923 0.776278420673077 0.9213178004807693 0.7820409615384616 0.9186069855769231 0.7853451995192308 0.9097856826923076 0.7846541850961538 0.9007675649038462 0.7824262211538462 0.8976631153846154 0.7808138533653846 0.8766208365384615 0.7761275841346154 0.8674059038461538 0.7754365697115385 0.8583877836538462 0.7597653966346154 0.8097007019230769 0.753772516826923 0.8094054759615384 0.7500076009615384 0.8122146995192308 0.748931326923077 0.8241404495192307 0.7511592908653846 0.8272448990384615
2 0.7555316322115384 0.9622214543269231 0.7570685817307693 0.956307783653846 0.7545348605769231 0.9232413485576922 0.7440860504807693 0.9167372283653846 0.7340979134615384 0.9162451875000001 0.732330625 0.9191528197115384 0.7263377475961538 0.9188575961538461 0.7281804519230769 0.9429059110576923 0.7308690913461539 0.9520224375 0.7395506153846154 0.9614341899038461 0.7555316322115384 0.9622214543269231
2 0.6250906274038462 1 0.6249153605769231 0.9977126610576923 0.6173101129807693 0.9763751562499999 0.6073219783653846 0.9758831153846154 0.5918016370192307 0.9811079326923077 0.594495875 1 0.6250906274038462 1
2 0.5797404591346154 0.95356153125 0.5785887668269231 0.9385313365384615 0.5666030048076923 0.9379408846153846 0.5516982644230769 0.9252278701923077 0.5380206322115385 0.9545009999999999 0.5389419831730768 0.9665251586538461 0.5433979158653846 0.9727340528846155 0.5553836754807693 0.9733245048076923 0.5669087620192308 0.967902875 0.5757452067307692 0.9533647163461538 0.5797404591346154 0.95356153125
2 0.49999030288461543 0.9256752956730769 0.5032945408653846 0.9168539927884616 0.5023731899038462 0.9048298365384616 0.49968454567307696 0.8957133076923077 0.4954589543269231 0.892510451923077 0.4761736995192308 0.9005444879807692 0.4775557283653846 0.9185807259615385 0.48001403125 0.9246912115384615 0.48423962499999995 0.9278940697115385 0.4962253870192308 0.9284845216346155 0.49999030288461543 0.9256752956730769
2 0.4487430168269231 0.9321348004807692 0.4502799663461538 0.9262211322115385 0.4482069230769231 0.8991667716346154 0.4420591201923077 0.9228214567307693 0.43076437259615385 0.931249125 0.40879047596153845 0.9301666370192307 0.404179625 0.9479076490384616 0.40533131730769234 0.9629378485576924 0.4137825024038462 0.9693435600961539 0.42553792548076924 0.96692796875 0.4394458966346154 0.9406608798076923 0.44520843749999994 0.9379500649038461 0.4487430168269231 0.9321348004807692
2 0.3693067860576923 0.7784869423076923 0.36884611057692307 0.772474860576923 0.3666181442307692 0.7693704134615384 0.3581669591346154 0.762964701923077 0.35017645192307695 0.7625710697115384 0.34533526201923076 0.7773060432692307 0.34602627884615383 0.7863241610576923 0.36200729326923076 0.7871114254807693 0.3657722091346154 0.7843022043269231 0.3693067860576923 0.7784869423076923
2 0.3049179615384615 0.8471876033653847 0.30560897596153846 0.8562057235576923 0.31851608894230765 0.8688203293269231 0.3324994783653846 0.8695091875000001 0.3382620216346154 0.8667983725961539 0.34002931249999996 0.8638907427884616 0.3391079567307692 0.8518665841346155 0.33641931490384613 0.8427500552884616 0.3319633846153846 0.8365411610576923 0.32704677884615385 0.8243201874999999 0.3170586418269231 0.8238281466346155 0.31152643750000003 0.8295449975961537 0.30153830528846154 0.8290529567307693 0.3026899951923077 0.8440831562500001 0.3049179615384615 0.8471876033653847
2 0.27672084375 0.8428038485576923 0.28379 0.8311733245192308 0.2835596610576923 0.8281672836538461 0.2551322091346154 0.8207774903846154 0.24360712259615386 0.8261991201923077 0.2418398341346154 0.82910675 0.2389962716346154 0.8439401346153846 0.24368254086538463 0.8531550673076923 0.2658867764423077 0.8572435985576923 0.2771815216346154 0.8488159302884615 0.27672084375 0.8428038485576923
2 0.24115290625 0.742226826923077 0.24023155048076922 0.7302026682692309 0.23777324759615384 0.7240921826923077 0.23554528365384617 0.720987733173077 0.2173363028846154 0.7170960192307692 0.2207159591346154 0.7352306658653845 0.2189486730769231 0.7381382980769231 0.21963968509615384 0.7471564182692307 0.23761832692307694 0.7480420913461538 0.24115290625 0.742226826923077
2 0.21294353124999998 0.9714284855769232 0.22423827884615385 0.9630008197115385 0.23107709375000002 0.9483642524038461 0.22969506490384614 0.9303280168269231 0.21371405048076925 0.9295407499999999 0.21194676201923077 0.9324483798076924 0.20395625480769233 0.9320547475961539 0.20019133653846152 0.9348639711538461 0.19888472355769232 0.9437836826923077 0.2002667548076923 0.9618199230769231 0.20495302403846155 0.9710348557692308 0.21294353124999998 0.9714284855769232
2 0.12777791105769232 1 0.14440861778846154 0.9860204399038461 0.1532450625 0.97148228125 0.15301472115384615 0.9684762403846154 0.13703370673076923 0.9676889759615384 0.1348057403846154 0.9645845264423076 0.12281998076923076 0.9639940793269232 0.10868167067307694 0.9872551298076923 0.10965825 1 0.12777791105769232 1