1 0.6122768870192308 0.3172670985576923 0.6227114423076923 0.3200472860576923 0.6472192211538462 0.3075170841346154 0.7011090576923077 0.26816079086538464 0.7079972475961539 0.24053961538461538 0.6999657403846153 0.21587416346153845 0.6535137139423076 0.20003199759615387 0.5719588774038461 0.21295714663461537 0.5829189423076924 0.2661266201923077 0.6122768870192308 0.3172670985576923
3 0.5610655408653846 0.966052420673077 0.6157264759615385 0.9624083581730769 0.7841639254807693 0.9036775649038462 0.7690155697115385 0.8961759615384615 0.7293594326923076 0.9012045600961538 0.6318097644230769 0.8942734399038461 0.5692706129807692 0.9070669423076924 0.5610655408653846 0.966052420673077
3 0.565225826923077 0.572727451923077 0.4819551105769231 0.5511177572115384 0.39360438221153843 0.5431721418269231 0.33067608653846153 0.564525625 0.31660286298076923 0.5798360168269231 0.2481142932692308 0.5841134182692308 0.11351608653846154 0.6487495336538461 0.14783645192307693 0.9004765336538461 0.19685200721153845 0.8754161322115385 0.29762630528846157 0.8320907884615385 0.6197986778846154 0.7403254014423077 0.65567978125 0.6944381153846154 0.6719273870192308 0.6467851370192308 0.6391594375 0.6241925625 0.5882222788461539 0.6140863028846154 0.4872718028846154 0.6097145408653846 0.41377802163461536 0.5872460841346154 0.565225826923077 0.572727451923077
1 0.5926153990384615 0 0.5685289182692308 0.056097271634615385 0.5846842307692308 0.05693623317307693 0.6003822115384615 0.03686054567307692 0.66594221875 0.004079122596153846 0.6681864735576923 0 0.5926153990384615 0
1 0.5547525432692308 0.11133961778846155 0.5964225841346154 0.09298574038461539 0.6166057043269231 0.06717414182692308 0.6130593341346153 0.03677277884615385 0.5672933004807692 0.05230258413461538 0.5292619254807692 0.05256588701923077 0.5376825793269231 0.06867135336538462 0.5208171634615385 0.11442699038461537 0.5547525432692308 0.11133961778846155
3 0.20425407211538463 0.18602775240384617 0.18114239423076925 0.1833353269230769 0.12626971634615386 0.1513876923076923 0.0899554014423077 0.09839375240384615 0.05810210817307693 0.11763047836538461 0.04075525000000001 0.22043803605769233 0.13498721394230767 0.20742511778846154 0.20425407211538463 0.18602775240384617
3 0.3237039206730769 0.11389003365384615 0.43168814423076923 0.12360134134615385 0.44660783653846153 0.12064561778846154 0.4889879855769231 0.05569714182692308 0.3878919471153846 0.018364661057692307 0.3841850985576923 0.006980605769230769 0.3420577307692308 0.004419831730769231 0.15899359615384615 0.06653906009615385 0.2364283245192308 0.12875640865384616 0.28079826201923075 0.12844922596153846 0.3237039206730769 0.11389003365384615
1 0.5117304759615384 0.25235732692307694 0.5454371923076923 0.2388126298076923 0.5821647668269231 0.20528000961538462 0.5817074375 0.18436536057692307 0.5675660336538462 0.17020111538461538 0.5166288725961539 0.16009485817307695 0.5105189735576923 0.1705960673076923 0.52326428125 0.19998293509615386 0.5117304759615384 0.25235732692307694
3 0.20157413221153847 0.35338883653846154 0.2941131514423077 0.31566658413461535 0.30919332451923076 0.2936935528846154 0.3459890817307692 0.2896355673076923 0.4090778605769231 0.24926477644230768 0.4174303269230769 0.2358956105769231 0.33951415384615385 0.23073018509615384 0.19773091586538463 0.2830555144230769 0.12677111298076923 0.2797435480769231 0.08549021634615385 0.28953744471153847 0.023797536057692307 0.31468561057692307 0.016631778846153848 0.32075572596153845 0.02170535576923077 0.4186032860576923 0.10130045192307692 0.40637759615384617 0.12132309134615384 0.39958330528846153 0.12171223557692307 0.39102332211538465 0.17319902163461537 0.3735522908653846 0.17791282451923077 0.3782737043269231 0.20157413221153847 0.35338883653846154
3 0.21908146874999998 0.23156396875000002 0.2756712019230769 0.21025436778846154 0.25805161298076923 0.19516339423076923 0.20038674519230767 0.19366100240384615 0.07839747836538462 0.22873471875 0.08704679326923077 0.2552975120192308 0.1095406658653846 0.25609259134615386 0.1375266298076923 0.2444891201923077 0.21908146874999998 0.23156396875000002
3 0.5006611129807692 0.4313449975961538 0.5188119350961539 0.47083577884615385 0.46713601201923083 0.5234880841346153 0.5616998125 0.5212493485576923 0.5889685552884616 0.45054184375 0.5006611129807692 0.4313449975961538
3 0.4998075240384615 0.3132917019230769 0.4697394735576923 0.30874581971153847 0.40843593749999996 0.32533400721153843 0.23411251442307693 0.4094191802884615 0.06218474278846154 0.40981745192307695 0.07955789423076923 0.4794238629807692 0.10127633653846153 0.48434417067307695 0.09068130048076924 0.5005812884615385 0.09003937740384615 0.5766505192307693 0.1050954375 0.6326440649038462 0.17559791346153847 0.6150413822115385 0.26751912499999997 0.5754217860576923 0.28159234615384615 0.5601113966346154 0.3885937331730769 0.49851877163461544 0.3752426754807692 0.4282512740384616 0.46236984375 0.3934189182692308 0.5102179663461539 0.39403846394230774 0.5525058149038462 0.3775819278846154 0.4998075240384615 0.3132917019230769