1 0.306 0.3 0.314 0.31428571394230764 0.336 0.31428571394230764 0.368 0.3085714278846154 0.374 0.3028571418269231 0.376 0.2942857139423077 0.378 0.2942857139423077 0.376 0.2628571418269231 0.372 0.2542857139423077 0.372 0.2457142860576923 0.368 0.23428571394230768 0.36 0.2228571418269231 0.348 0.21428571394230772 0.328 0.21428571394230772 0.318 0.22 0.30799999999999994 0.23428571394230768 0.3 0.26 0.3 0.28 0.298 0.2857142860576923 0.302 0.29714285817307695 0.306 0.3
1 0.412 0.23428571394230768 0.42 0.24000000000000002 0.436 0.24000000000000002 0.46799999999999997 0.2228571418269231 0.476 0.20571428605769232 0.476 0.1942857139423077 0.46599999999999997 0.16285714182692307 0.45799999999999996 0.1485714278846154 0.448 0.14285714182692308 0.432 0.14285714182692308 0.422 0.1485714278846154 0.414 0.16 0.40800000000000003 0.18 0.40599999999999997 0.21428571394230772 0.40800000000000003 0.21714285817307694 0.40800000000000003 0.2257142860576923 0.412 0.23428571394230768
1 0.218 0.6314285721153846 0.224 0.6371428581730769 0.23600000000000002 0.642857141826923 0.25 0.642857141826923 0.258 0.6342857139423077 0.258 0.6142857139423077 0.256 0.6114285721153846 0.256 0.6 0.254 0.5942857139423077 0.246 0.5857142860576923 0.242 0.582857141826923 0.224 0.582857141826923 0.22 0.5857142860576923 0.212 0.6 0.20800000000000002 0.6114285721153846 0.20800000000000002 0.6257142860576923 0.212 0.6314285721153846 0.218 0.6314285721153846
1 0.588 0.5457142860576923 0.6340000000000001 0.5685714278846153 0.6639999999999999 0.5685714278846153 0.67 0.562857141826923 0.67 0.5171428581730769 0.6639999999999999 0.4942857139423077 0.658 0.4857142860576923 0.6499999999999999 0.48000000000000004 0.622 0.48000000000000004 0.6159999999999999 0.4828571418269231 0.6 0.5057142860576923 0.596 0.5171428581730769 0.584 0.5314285721153846 0.584 0.5399999999999999 0.588 0.5457142860576923
2 0.356 0.9657142860576923 0.372 0.9542857139423078 0.384 0.9400000000000001 0.39599999999999996 0.9342857139423076 0.40399999999999997 0.9257142860576923 0.414 0.9028571418269231 0.41600000000000004 0.8942857139423077 0.414 0.88 0.40800000000000003 0.8742857139423077 0.40399999999999997 0.8742857139423077 0.384 0.8885714278846154 0.384 0.9114285721153846 0.382 0.917142858173077 0.34400000000000003 0.9400000000000001 0.34199999999999997 0.942857141826923 0.34400000000000003 0.9571428581730769 0.348 0.9628571418269231 0.356 0.9657142860576923
2 0.3 0.9142857139423076 0.30799999999999994 0.9085714278846153 0.318 0.8942857139423077 0.32399999999999995 0.8742857139423077 0.31599999999999995 0.8657142860576923 0.306 0.8657142860576923 0.302 0.8714285721153847 0.304 0.8771428581730769 0.298 0.8885714278846154 0.3 0.8942857139423077 0.298 0.8999999999999999 0.268 0.922857141826923 0.266 0.92 0.26 0.92 0.258 0.942857141826923 0.266 0.9514285721153846 0.27799999999999997 0.9485714278846153 0.3 0.9142857139423076
2 0.486 0.9714285721153846 0.504 0.9971428581730769 0.526 0.9971428581730769 0.524 0.9857142860576923 0.514 0.9742857139423078 0.504 0.9400000000000001 0.498 0.937142858173077 0.48800000000000004 0.937142858173077 0.482 0.9400000000000001 0.482 0.9600000000000001 0.486 0.9628571418269231 0.486 0.9714285721153846
1 0.6 0.08285714182692307 0.59 0.07142857211538461 0.582 0.0857142860576923 0.58 0.11142857211538462 0.59 0.12000000000000001 0.6 0.10857142788461539 0.6 0.08285714182692307
1 0.7 0.07142857211538461 0.6920000000000001 0.08 0.6920000000000001 0.1057142860576923 0.716 0.10285714182692307 0.716 0.07714285817307692 0.7 0.07142857211538461
2 0.89 0.6114285721153846 0.9139999999999999 0.5942857139423077 0.9159999999999999 0.5857142860576923 0.874 0.58 0.862 0.5857142860576923 0.86 0.5885714278846154 0.856 0.6 0.856 0.6057142860576923 0.8680000000000001 0.6114285721153846 0.89 0.6114285721153846
0 0.517996 0.757542858173077 0.545896 0.7659342860576923 0.551894 0.7274085721153847 0.528276 0.7204714278846154 0.519464 0.7337600000000001 0.517996 0.757542858173077
0 0.212558 0.7743285721153845 0.207418 0.7728600000000001 0.19004200000000002 0.8037085721153846 0.207664 0.8023085721153845 0.21158 0.7925142860576924 0.212558 0.7743285721153845
2 0.402 0.8114285721153845 0.41000000000000003 0.8114285721153845 0.414 0.8085714278846154 0.414 0.8 0.41600000000000004 0.7971428581730768 0.41600000000000004 0.7742857139423076 0.412 0.7714285721153846 0.392 0.7714285721153846 0.392 0.7942857139423077 0.394 0.802857141826923 0.402 0.8114285721153845
2 0.46 0.7428571418269231 0.46599999999999997 0.7457142860576924 0.47800000000000004 0.7457142860576924 0.482 0.7428571418269231 0.486 0.7371428581730769 0.484 0.7257142860576924 0.482 0.7257142860576924 0.47800000000000004 0.72 0.47000000000000003 0.717142858173077 0.46599999999999997 0.72 0.46599999999999997 0.7228571418269231 0.448 0.7314285721153847 0.46 0.7428571418269231
2 0.676 0.3485714278846154 0.678 0.3457142860576923 0.674 0.33999999999999997 0.674 0.3228571418269231 0.672 0.32 0.6639999999999999 0.32 0.662 0.3228571418269231 0.662 0.34285714182692306 0.6679999999999999 0.3485714278846154 0.676 0.3485714278846154
2 0.685788 0.32634285817307696 0.68626 0.34763999999999995 0.699444 0.3472571418269231 0.699712 0.32995428605769234 0.685788 0.32634285817307696