1 0.7240000000000001 0.25525525480769234 0.7 0.25225225240384613 0.6839999999999999 0.2732732740384615 0.6819999999999999 0.31831831730769233 0.734 0.3153153149038461 0.734 0.2732732740384615 0.7240000000000001 0.25525525480769234
1 0.91 0.29729729807692307 0.9179999999999999 0.2882882884615384 0.912 0.2402402403846154 0.892 0.21621621634615387 0.858 0.22522522596153843 0.8340000000000001 0.27027026923076924 0.8340000000000001 0.2942942932692308 0.862 0.2672672668269231 0.8819999999999999 0.27027026923076924 0.91 0.29729729807692307
1 0.2 0.21021020913461538 0.168 0.2132132139423077 0.174 0.32432432451923077 0.254 0.30630630528846153 0.222 0.22522522596153843 0.2 0.21021020913461538
1 0.486 0.21621621634615387 0.45799999999999996 0.22522522596153843 0.444 0.2672672668269231 0.44200000000000006 0.2852852860576923 0.514 0.28228228125 0.506 0.23723723798076923 0.486 0.21621621634615387
1 0.6180000000000001 0.31831831730769233 0.6 0.29729729807692307 0.574 0.31231231249999997 0.574 0.35435435336538457 0.602 0.3303303293269231 0.6180000000000001 0.33333333413461536 0.6180000000000001 0.31831831730769233
1 0.978 0.28228228125 0.9580000000000001 0.2612612620192308 0.928 0.27027026923076924 0.9159999999999999 0.29729729807692307 0.9179999999999999 0.3273273269230769 0.9600000000000001 0.31831831730769233 0.98 0.3273273269230769 0.978 0.28228228125
1 0.34199999999999997 0.2612612620192308 0.328 0.2732732740384615 0.326 0.3273273269230769 0.376 0.31231231249999997 0.364 0.2672672668269231 0.34199999999999997 0.2612612620192308
2 0.644 0.8258258269230769 0.6479999999999999 0.8018018028846154 0.638 0.7867867860576924 0.626 0.7867867860576924 0.626 0.8048048052884614 0.63 0.8228228221153846 0.644 0.8258258269230769
2 0.584 0.7867867860576924 0.582 0.8198198197115385 0.61 0.7927927932692308 0.5940000000000001 0.7807807812499999 0.584 0.7867867860576924
2 0.41000000000000003 0.8378378389423078 0.386 0.8468468461538462 0.384 0.8678678677884615 0.432 0.8708708701923077 0.432 0.8588588581730769 0.41000000000000003 0.8378378389423078
2 0.36200000000000004 0.8798798798076923 0.34400000000000003 0.8798798798076923 0.338 0.8858858870192308 0.33999999999999997 0.9189189182692308 0.36200000000000004 0.9219219230769231 0.36200000000000004 0.8798798798076923