1 0.14 0.41600000000000004 0.174 0.41866666586538465 0.186 0.41066666586538464 0.188 0.41333333413461537 0.19399999999999998 0.41066666586538464 0.19799999999999998 0.40533333413461536 0.19799999999999998 0.392 0.19 0.36266666586538465 0.176 0.34933333413461537 0.16999999999999998 0.34933333413461537 0.168 0.34666666586538464 0.15399999999999997 0.34666666586538464 0.146 0.352 0.136 0.368 0.132 0.384 0.126 0.392 0.134 0.41333333413461537 0.14 0.41600000000000004
1 0.358 0.43466666586538466 0.37 0.43466666586538466 0.384 0.4453333341346154 0.38799999999999996 0.44266666586538467 0.38799999999999996 0.4213333341346154 0.382 0.41066666586538464 0.372 0.40533333413461536 0.368 0.40533333413461536 0.364 0.40800000000000003 0.356 0.41866666586538465 0.35400000000000004 0.424 0.35400000000000004 0.432 0.356 0.4373333341346154 0.358 0.43466666586538466
1 0.335216 0.4986 0.33399999999999996 0.4773333341346154 0.33101 0.47456 0.326 0.47200000000000003 0.32059400000000005 0.4761626658653846 0.318 0.48000000000000004 0.31599999999999995 0.49600000000000005 0.318 0.4986666658653846 0.33199999999999996 0.5013333341346153 0.335216 0.4986
1 0.412 0.4613333341346154 0.41600000000000004 0.456 0.41600000000000004 0.448 0.414 0.44266666586538467 0.41000000000000003 0.4373333341346154 0.4 0.4373333341346154 0.394 0.4453333341346154 0.394 0.456 0.398 0.4613333341346154 0.412 0.4613333341346154
1 0.501696 0.421136 0.512 0.424 0.514 0.41600000000000004 0.5129119999999999 0.4096506658653846 0.508 0.4 0.503298 0.3973626658653846 0.5 0.3973333341346154 0.49 0.3973333341346154 0.486 0.40266666586538463 0.484 0.40800000000000003 0.484 0.41600000000000004 0.486 0.4213333341346154 0.501696 0.421136
1 0.494 0.512 0.502 0.5226666658653847 0.506 0.5226666658653847 0.514 0.5093333341346153 0.514 0.5013333341346153 0.516 0.4986666658653846 0.514 0.4853333341346154 0.51 0.48000000000000004 0.5030479999999999 0.4769493341346154 0.494 0.48000000000000004 0.49 0.4826666658653846 0.48800000000000004 0.4853333341346154 0.48800000000000004 0.4986666658653846 0.492 0.504 0.494 0.512
1 0.572 0.432 0.5780000000000001 0.42666666586538465 0.588 0.42666666586538465 0.59 0.424 0.588 0.41066666586538464 0.5780000000000001 0.4 0.572094 0.3989786658653846 0.5680000000000001 0.40266666586538463 0.56 0.41333333413461537 0.56 0.4293333341346154 0.562 0.432 0.572 0.432
1 0.598 0.41333333413461537 0.602 0.40800000000000003 0.598 0.392 0.592 0.3866666658653846 0.582 0.3866666658653846 0.5780000000000001 0.392 0.5780000000000001 0.3973333341346154 0.59 0.41333333413461537 0.598 0.41333333413461537
1 0.6340000000000001 0.41600000000000004 0.63528 0.419216 0.6404000000000001 0.420712 0.646 0.41866666586538465 0.652 0.41600000000000004 0.654 0.41333333413461537 0.654 0.40533333413461536 0.652 0.4 0.6479999999999999 0.3946666658653846 0.64 0.3946666658653846 0.63624 0.397664 0.6340000000000001 0.40266666586538463 0.6320800000000001 0.4136693341346154 0.6340000000000001 0.41600000000000004
1 0.842 0.5066666658653847 0.844 0.5093333341346153 0.856 0.5093333341346153 0.858 0.504 0.858 0.4853333341346154 0.856 0.48000000000000004 0.848 0.4693333341346154 0.84 0.464 0.8320000000000001 0.464 0.826 0.4666666658653846 0.8140000000000001 0.4826666658653846 0.8119999999999999 0.4826666658653846 0.8099999999999999 0.4853333341346154 0.8119999999999999 0.4933333341346154 0.83 0.504 0.842 0.5066666658653847
2 0.195612 0.9510906658653846 0.201612 0.9590906658653846 0.201612 0.9617573341346154 0.215612 0.9697573341346154 0.22561199999999998 0.9697573341346154 0.227612 0.964424 0.22961199999999998 0.964424 0.22161199999999998 0.940424 0.21761199999999997 0.9350906658653847 0.21361200000000002 0.9377573341346154 0.19961199999999998 0.9377573341346154 0.189612 0.9297573341346154 0.189612 0.9270906658653846 0.183612 0.9270906658653846 0.181612 0.9297573341346154 0.181612 0.940424 0.185612 0.9457573341346154 0.195612 0.9510906658653846
2 0.355602 0.7306666658653846 0.365602 0.7306666658653846 0.36960200000000004 0.7253333341346154 0.367602 0.72 0.353602 0.712 0.351602 0.7146666658653846 0.341602 0.7146666658653846 0.341602 0.7226666658653845 0.355602 0.7306666658653846
2 0.372632 0.7186800000000001 0.381664 0.7171866658653846 0.382002 0.7133679999999999 0.380486 0.710448 0.377118 0.7091013341346154 0.37139200000000006 0.7084266658653846 0.36863199999999996 0.7053466658653846 0.364632 0.7053466658653846 0.362632 0.7080133341346154 0.36095 0.7113466658653846 0.360444 0.7138186658653846 0.364632 0.7186800000000001 0.372632 0.7186800000000001
2 0.474 0.6777599999999999 0.484 0.6777599999999999 0.48588 0.6763466658653846 0.4854 0.6722906658653846 0.47963999999999996 0.6690906658653847 0.4774 0.6654613341346154 0.474 0.6670933341346154 0.462 0.6644266658653847 0.46092 0.670584 0.462 0.6724266658653846 0.47148 0.675064 0.474 0.6777599999999999
2 0.57236 0.7169306658653846 0.57524 0.7188506658653846 0.5922 0.7192773341346155 0.59412 0.7137279999999999 0.5940000000000001 0.7066666658653846 0.59508 0.7047680000000001 0.581 0.7034853341346154 0.5760000000000001 0.6986666658653846 0.57012 0.7045520000000001 0.562 0.7066666658653846 0.56 0.7093333341346154 0.562 0.7146666658653846 0.56708 0.7167173341346154 0.57236 0.7169306658653846
2 0.59564 0.7024213341346154 0.59564 0.7039146658653846 0.59868 0.7045546658653846 0.60204 0.704128 0.6046 0.703488 0.6079600000000001 0.7032746658653846 0.60924 0.7032746658653846 0.61036 0.7024213341346154 0.6118 0.696872 0.61084 0.693672 0.61036 0.691112 0.61036 0.689192 0.61036 0.6874826658653846 0.60876 0.6868426658653846 0.60732 0.6868426658653846 0.60556 0.6872693341346154 0.60268 0.686416 0.59916 0.688552 0.5970799999999999 0.6919653341346154 0.5964400000000001 0.6947386658653846 0.59596 0.699008 0.59564 0.7024213341346154
2 0.63856 0.611072 0.63968 0.6134186658653846 0.64096 0.6151253341346153 0.64432 0.6153386658653847 0.64736 0.6168319999999999 0.65072 0.6142719999999999 0.65264 0.6119253341346154 0.65312 0.6087253341346154 0.6536000000000001 0.605736 0.6534399999999999 0.602536 0.65296 0.600616 0.65024 0.5974133341346154 0.6486400000000001 0.59656 0.6448 0.5976266658653846 0.64192 0.5980559999999999 0.64096 0.6016826658653847 0.64 0.6053093341346154 0.63904 0.6100053341346153 0.63856 0.611072
2 0.62976 0.59704 0.62896 0.5991733341346154 0.62752 0.6000266658653847 0.6257600000000001 0.6006666658653846 0.62464 0.6019493341346154 0.6252800000000001 0.604936 0.6257600000000001 0.6077093341346154 0.6284799999999999 0.6077093341346154 0.63648 0.608776 0.63776 0.607496 0.6388800000000001 0.6057893341346154 0.64016 0.602376 0.64 0.5993866658653846 0.6398400000000001 0.5968266658653846 0.63936 0.59384 0.63904 0.5912773341346154 0.63728 0.5908506658653846 0.6353599999999999 0.5902106658653846 0.63344 0.589784 0.6324 0.5922906658653846 0.6310399999999999 0.5936266658653846 0.6312 0.59448 0.62976 0.59704
2 0.40399999999999997 0.6799999999999999 0.40852 0.6788026658653846 0.41203999999999996 0.6709066658653846 0.41203999999999996 0.665144 0.41716 0.6583173341346154 0.41600000000000004 0.6533333341346155 0.40612 0.6589573341346154 0.40164000000000005 0.6557546658653847 0.4 0.6586666658653846 0.40004 0.6662106658653847 0.39764 0.6719733341346154 0.398 0.6773333341346154 0.40399999999999997 0.6799999999999999