2 0.028197403846153844 0.6170714615384616 0.01538584375 0.6123736009615385 0.006485600961538462 0.6166180120192308 0.002844795673076923 0.6219567764423076 0.0018337067307692308 0.6278427163461539 0.004126401442307692 0.6303518701923078 0.0021042259615384616 0.6421237499999999 0.013838192307692307 0.6689505625 0.04047240625 0.6724603413461538 0.04937264663461539 0.6682159302884615 0.05402453605769231 0.6569912283653847 0.060295060096153846 0.6521996394230769 0.06096911778846154 0.6482756802884615 0.05604670913461539 0.6452193509615385 0.028197403846153844 0.6170714615384616
2 0.08456560336538461 0.5901901875 0.0746542764423077 0.6003205384615384 0.07364318990384616 0.6062064783653847 0.07067643990384616 0.60762128125 0.06460992307692308 0.6429369182692307 0.06690261538461538 0.6454460721153846 0.07742148798076923 0.6476347764423077 0.09724414182692308 0.6273740745192308 0.10513329807692308 0.6290156033653846 0.09501796394230769 0.60862190625 0.09704013461538462 0.5968500288461539 0.09245475721153847 0.5918317163461538 0.08456560336538461 0.5901901875
2 0.15388285817307693 0.6147738365384615 0.1699981971153846 0.6160949134615384 0.1737055144230769 0.5945131370192308 0.1714128221153846 0.5920039807692308 0.16615338701923077 0.5909096298076923 0.16318663942307693 0.5923244326923076 0.15529748317307693 0.5906829038461539 0.15300479567307693 0.58817375 0.15003804567307694 0.5895885552884615 0.14214889182692309 0.5879470264423077 0.12832624038461538 0.5891351057692308 0.12502246634615385 0.5925118870192307 0.12333732211538462 0.6023217884615385 0.12529298317307694 0.6067929230769231 0.13776751923076921 0.6134527620192307 0.15091610817307693 0.6161886418269231 0.15388285817307693 0.6147738365384615
2 0.19170553365384618 0.5372952740384616 0.18644609615384616 0.5362009206730769 0.18347934615384617 0.5376157259615385 0.1790979735576923 0.5631214591346153 0.18300929326923077 0.5720637307692308 0.1816611778846154 0.5799116490384615 0.18590953124999998 0.5868919423076924 0.19710245913461538 0.5851566850961538 0.2037100144230769 0.5784031177884615 0.20472110096153845 0.5725171802884615 0.20768784615384617 0.5711023749999999 0.2086989326923077 0.5652164350961538 0.19662793990384617 0.5403516057692308 0.19170553365384618 0.5372952740384616
2 0.23485862259615387 0.5239211346153846 0.23715131490384617 0.5264302884615385 0.252929625 0.52971334375 0.25886312019230767 0.5268837379807693 0.2595371778846154 0.5229597788461539 0.2566369399038461 0.5081315673076923 0.25137750240384615 0.5070372163461538 0.23984754567307692 0.5107344519230769 0.23654376923076922 0.5141112355769231 0.23485862259615387 0.5239211346153846
2 0.2534661875 0.47902232692307695 0.25838859615384613 0.48207865625 0.26627775240384616 0.4837201826923077 0.2682999230769231 0.47194830528846154 0.2716037019230769 0.46857152163461535 0.26964804086538463 0.4641003870192308 0.25386972836538463 0.4608173317307692 0.24759920432692306 0.4656089182692308 0.24692514663461537 0.4695328774038462 0.2534661875 0.47902232692307695
2 0.06412198798076924 0.3603725673076923 0.04834367548076923 0.3570895120192308 0.041736125000000006 0.36384308173076924 0.026095307692307692 0.4073270889423077 0.028388 0.40983624278846154 0.025691766826923076 0.42553207932692305 0.02731039903846154 0.4319651971153846 0.03418846875 0.4394926634615385 0.05097786778846154 0.4368897788461539 0.055966788461538464 0.42370309615384616 0.08003779086538462 0.41042268509615387 0.0828005360576923 0.3784838365384615 0.07922624038461537 0.3675795841346154 0.06412198798076924 0.3603725673076923
2 0.23748387019230768 0.44521522115384615 0.22696499759615385 0.44302651923076924 0.22467231009615382 0.4405173605769231 0.21152371634615383 0.4377814831730769 0.20592724999999998 0.4386491105769231 0.20457913221153845 0.44649702884615383 0.20161238701923076 0.4479118341346154 0.2002642716346154 0.45575975240384614 0.2022199326923077 0.46023088701923076 0.20451262259615385 0.46274004326923074 0.21503149759615384 0.4649287475961538 0.22096499278846155 0.4620991394230769 0.22790957211538462 0.45338359134615386 0.2397765625 0.4477243774038462 0.23748387019230768 0.44521522115384615
2 0.21091169951923078 0.3462093389423077 0.20531523317307693 0.3470769663461538 0.1934482451923077 0.35273618269230766 0.19014446875 0.3561129663461538 0.18879635576923076 0.3639608846153846 0.19108904326923076 0.3664700408653846 0.19634848076923075 0.3675643918269231 0.19931522836538462 0.3661495889423077 0.22035297596153847 0.3705269951923077 0.22594943990384617 0.36965936778846153 0.2250048653846154 0.35930229326923074 0.2214305721153846 0.34839804326923074 0.21091169951923078 0.3462093389423077
2 0.14657889423076922 0.22918592067307691 0.1548050769230769 0.22886546875 0.15810885336538463 0.22548868269230768 0.1628272548076923 0.19802096875 0.16053456490384616 0.1955118125 0.1394968173076923 0.19113440625000003 0.1372041298076923 0.18862525 0.1378781875 0.18470128846153847 0.13201120432692307 0.1712878846153846 0.12675176682692307 0.17019353125 0.12641473798076924 0.17215551201923077 0.1332928076923077 0.17968297836538463 0.1260111971153846 0.19036050480769232 0.1283038894230769 0.1928696610576923 0.1266187451923077 0.2026795576923077 0.12823737740384616 0.20911267548076923 0.1347784158653846 0.21860212019230768 0.13444138701923075 0.22056410096153847 0.14657889423076922 0.22918592067307691
2 0.04678261538461538 0.17590720673076923 0.05460526201923077 0.19379174999999998 0.07301328846153846 0.1976219783653846 0.07962084134615385 0.19086841346153843 0.0918913701923077 0.16700420432692306 0.08959867788461538 0.16449504807692308 0.08170952163461538 0.1628535216346154 0.07678711538461538 0.1597971875 0.07092013461538461 0.14638378365384616 0.06829041346153847 0.14583660817307692 0.06633475240384615 0.14136547115384615 0.06741235096153847 0.11923651923076924 0.07368287259615384 0.11444493028846153 0.07071612740384615 0.11585973557692308 0.06053428365384616 0.11170905048076923 0.048330264423076925 0.11933024759615384 0.044556439903846154 0.15715503846153847 0.046849127403846155 0.1596641923076923 0.04678261538461538 0.17590720673076923