1 0.8722619951923077 0.3232262572115384 0.8726327451923077 0.3324513629807692 0.8780193990384616 0.3530861682692308 0.8834340697115385 0.35821859134615386 0.8989365745192307 0.35516564903846154 0.9016439110576923 0.3577318581730769 0.904750014423077 0.35402079326923075 0.9163768918269231 0.3517310865384615 0.9260939759615384 0.3343206105769231 0.9214768437499999 0.31663363701923075 0.9172304639423078 0.3081717668269231 0.9110462716346154 0.3000915120192308 0.9064011249999999 0.2979069206730769 0.9029242668269231 0.2923928798076923 0.8982791177884616 0.29020828605769233 0.8808388004807692 0.2936428485576923 0.87305953125 0.3106717043269231 0.8722619951923077 0.3232262572115384
1 0.6420329783653845 0.37786390384615387 0.6606135721153846 0.3866022764423077 0.6838673293269231 0.3820228605769231 0.687372201923077 0.3720345192307692 0.6842941153846154 0.36024320192307696 0.6765708798076923 0.3462672908653846 0.666909829326923 0.3326729975961538 0.6576195336538462 0.3283038125 0.6440548413461538 0.33097513701923076 0.6374438629807693 0.3446745456730769 0.6401231802884616 0.36274313942307695 0.6389548894230769 0.36607258413461535 0.6420329783653845 0.37786390384615387
1 0.6162745384615385 0.4821165120192308 0.6143087091346154 0.4980005144230769 0.6193246105769231 0.5094102139423077 0.6220319447115384 0.511976423076923 0.6297831995192307 0.510449951923077 0.63249053125 0.5130161634615384 0.6421795985576922 0.5111080721153847 0.643347889423077 0.507778625 0.653036954326923 0.5058705360576923 0.6724431033653846 0.4865519735576923 0.6763467451923078 0.47028635336538466 0.6740381826923076 0.4614428677884615 0.6663149447115385 0.44746695432692307 0.6520087475961538 0.43168806971153845 0.6380733028846154 0.42513428846153845 0.6264464230769231 0.42742399519230767 0.6202342163461538 0.4348461274038461 0.61322446875 0.45482281009615383 0.6128256971153846 0.4611000889423077 0.6162745384615385 0.4821165120192308
1 0.5065261418269231 0.32706524759615385 0.5072676442307692 0.3455154615384615 0.5118847764423077 0.36320243750000003 0.5153616346153846 0.3687164783653846 0.5180689711538462 0.37128268990384616 0.5451983533653846 0.36594003846153844 0.5463666442307692 0.3626105913461538 0.5521800841346154 0.3614657379807692 0.5587910625 0.3477663293269231 0.5564824951923076 0.33892284134615386 0.5502983052884616 0.33084258894230767 0.5479897379807692 0.3219990985576923 0.5390982091346154 0.3113526346153846 0.5383286875000001 0.3084048076923077 0.5363908774038462 0.30878642548076923 0.5263310576923077 0.3014694086538462 0.5166419903846153 0.30337749759615384 0.5104297836538462 0.31079962980769227 0.5065261418269231 0.32706524759615385
1 0.3769793605769231 0.4083659086538462 0.39248186778846156 0.4053129663461539 0.3971270144230769 0.40749755769230767 0.4025416850961539 0.4126299807692308 0.40331120673076926 0.4155778125 0.4052490192307693 0.41519619230769234 0.41066368990384616 0.4203286153846154 0.4176174038461538 0.43135669711538466 0.41992596875 0.44020018509615383 0.41912843028846153 0.4527547379807692 0.42454310096153847 0.4578871610576923 0.42648091586538467 0.45750554326923076 0.4319236009615385 0.44713558413461535 0.4323223701923077 0.44085830528846154 0.4300138052884615 0.4320148173076923 0.4311820961538461 0.4286853701923077 0.4242563990384615 0.40215490624999994 0.4173026850961538 0.39112682451923075 0.4037660096153846 0.37829576923076924 0.3979525697115385 0.37944062259615385 0.39678427884615386 0.3827700697115385 0.3890330264423077 0.38429654086538456 0.3707951706730769 0.40028565625 0.37387325721153847 0.41207697355769235 0.3769793605769231 0.4083659086538462
1 0.2252004951923077 0.35767236778846156 0.2283065985576923 0.3539613028846154 0.23993347836538462 0.3516715961538462 0.2678043677884615 0.3647791538461539 0.27321903846153844 0.3699115793269231 0.2825093341346154 0.3742807644230769 0.29219839903846156 0.37237267307692307 0.2933666923076923 0.3690432283653846 0.2864129759615385 0.3580151466346154 0.28256536778846153 0.343276 0.28373365865384614 0.3399465528846154 0.28142509375 0.33110306490384617 0.26945547836538464 0.3086652836538461 0.2640408076923077 0.3035328581730769 0.24622973798076925 0.2977423173076923 0.23266504567307691 0.3004136418269231 0.22451502403846155 0.3082173894230769 0.21864555048076922 0.3403670120192308 0.2252004951923077 0.35767236778846156
1 0.2851046033653846 0.43885650961538464 0.29901203125 0.46091267307692313 0.3257706634615385 0.4463449134615385 0.3234620985576923 0.43750142548076926 0.31650838221153843 0.42647334375 0.3049095216346154 0.41326066826923075 0.2983265576923077 0.4114576947115385 0.28282405528846155 0.4145106370192308 0.27621307692307695 0.4282100456730769 0.2777521201923077 0.43410570192307696 0.2796899326923077 0.4337240841346154 0.2851046033653846 0.43885650961538464
2 0.4315894134615385 1 0.4297747283653846 0.9930484326923078 0.4270673942307692 0.99048221875 0.4096270745192308 0.99391678125 0.4003367788461538 0.9895475961538461 0.3860305817307692 0.9737687091346154 0.37517322596153846 0.9790062475961538 0.37360616346153847 0.9886129687499999 0.36197928365384613 0.9909026778846154 0.3526889879807692 0.9865334927884616 0.3480158245192308 0.99985128125 0.3481899951923077 1 0.4315894134615385 1
2 0.48599932692307696 0.966479125 0.4832919927884615 0.9639129158653846 0.4581004206730769 0.9688739495192308 0.46194803125 0.9836130961538461 0.46736270192307694 0.9887455192307691 0.48480301923076924 0.9853109567307693 0.4871396009615384 0.9786520625 0.4848310360576923 0.9698085745192307 0.48599932692307696 0.966479125
2 0.5262946346153846 0.9647424254807693 0.5495483942307693 0.9601630096153847 0.5507166826923077 0.9568335625 0.5484081177884615 0.9479900745192308 0.5429934495192308 0.9428576514423077 0.5313665697115385 0.9451473581730769 0.5301982764423077 0.9484768076923077 0.5243848389423077 0.9496216610576924 0.5232165480769231 0.9529511081730769 0.5115896682692308 0.9552408173076923 0.5123591899038462 0.9581886466346153 0.5262946346153846 0.9647424254807693
2 0.44305271875 0.9346448509615384 0.4426819639423077 0.9254197427884615 0.4388343557692308 0.9106805985576922 0.4361270216346154 0.9081143870192308 0.4283757668269231 0.9096408581730769 0.42914528846153843 0.9125886875 0.42603918509615385 0.9162997524038462 0.4268087091346154 0.9192475841346154 0.424472125 0.9259064759615385 0.4267806899038461 0.9347499663461538 0.44305271875 0.9346448509615384
2 0.6549878413461538 0.9270010865384616 0.6666147211538462 0.9247113774038461 0.6728269278846154 0.9172892451923077 0.6712878846153847 0.9113935889423076 0.6674122596153846 0.9121568245192309 0.6650756778846154 0.9188157163461538 0.6360364975961539 0.9090376057692308 0.6232133100961538 0.9301591442307693 0.6247523533653846 0.9360548028846154 0.6274596875 0.9386210120192308 0.6321048389423077 0.9408056081730769 0.6476073413461538 0.9377526634615384 0.6526512596153846 0.9336599783653846 0.6549878413461538 0.9270010865384616
2 0.7065392740384616 0.9137495697115384 0.7103868846153846 0.9284887163461538 0.7150320336538462 0.9306733100961538 0.7324723509615385 0.9272387475961538 0.7340394134615384 0.9176320240384614 0.7297930336538462 0.9091701538461539 0.7065392740384616 0.9137495697115384
2 0.8300765 0.9421104447115384 0.8351204158653847 0.9380177620192308 0.8320423293269231 0.9262264447115385 0.794454358173077 0.9305293557692308 0.7851640624999999 0.9261601682692308 0.7700323076923077 0.9384382187500001 0.768864016826923 0.9417676658653846 0.7711725817307692 0.95061115625 0.7785250673076922 0.9553619591346153 0.8134057019230769 0.9484928341346154 0.8145739927884615 0.9451633870192307 0.8300765 0.9421104447115384
2 0.8428996850961539 0.920988903846154 0.8510497067307692 0.91318515625 0.8444947620192308 0.8958797980769231 0.8410179062500001 0.8903657572115384 0.8340361754807692 0.8948400600961539 0.8285934879807691 0.9052100192307692 0.82819471875 0.911487295673077 0.8305032836538462 0.9203307836538461 0.8332106201923076 0.9228969951923076 0.8428996850961539 0.920988903846154
2 0.8403044182692307 0.8564131634615385 0.8356872860576924 0.8387261875 0.8302726153846154 0.833593764423077 0.8244591754807692 0.8347386177884615 0.8198140264423077 0.8325540240384615 0.8147701105769231 0.8366467067307692 0.8186177211538461 0.8513858533653846 0.8275092475961539 0.8620323173076923 0.8352604975961538 0.8605058461538462 0.8403044182692307 0.8564131634615385