2 0.4433640168269231 0.1157901923076923 0.44962103846153845 0.08227891826923076 0.4187163894230769 0.08001303846153845 0.41486143028846156 0.11011204326923077 0.4209779326923077 0.11989029326923076 0.4433640168269231 0.1157901923076923
2 0.49199115384615383 0.07749099038461539 0.4905382524038462 0.10417772836538462 0.5149631754807692 0.10333704326923078 0.5204937451923077 0.08316914182692307 0.49199115384615383 0.07749099038461539
2 0.7194670360576924 0.13292372115384615 0.7418531225961539 0.128823625 0.7593939975961538 0.09159437740384616 0.7582632211538461 0.07165575240384615 0.7406812572115384 0.06893131730769231 0.7288525697115384 0.0826568125 0.7155709807692308 0.12306904567307692 0.7194670360576924 0.13292372115384615
2 0.680547564903846 0.07433065144230769 0.6805886586538462 0.11428432932692309 0.7114933125 0.1165502139423077 0.7121786658653846 0.06325316586538463 0.680547564903846 0.07433065144230769
1 0.6416413581730769 0.7482471850961538 0.6562764254807691 0.7643914158653846 0.6721827836538462 0.75718475 0.6841930841346154 0.7401234134615385 0.6836071490384616 0.7101772596153846 0.6647538966346154 0.7308037187499999 0.6412370384615385 0.7149651875 0.6416413581730769 0.7482471850961538
3 0.5302902259615384 0.43243903125 0.46313196875 0.44473932692307694 0.41963108653846154 0.4295886298076923 0.4227259663461539 0.5042713822115384 0.4118628365384615 0.6129835192307692 0.44389825721153847 0.6351880288461539 0.46462030528846154 0.5489309399038461 0.4803334783653846 0.6172860096153846 0.4971889951923077 0.6333538125 0.5291833197115385 0.6156046442307692 0.5191296634615384 0.5560180408653846 0.5302902259615384 0.43243903125
1 0.46695246634615384 0.7409414423076923 0.4859873365384615 0.7169791442307692 0.4894790721153846 0.6935518221153847 0.45988680288461536 0.7078887259615385 0.44357612740384617 0.681813391826923 0.4395395528846154 0.7152482403846154 0.46695246634615384 0.7409414423076923
3 0.6322902884615385 0.47221297115384614 0.6208075961538462 0.6424173461538462 0.6530246298076924 0.661286014423077 0.6783576129807692 0.6437661177884616 0.6935375168269231 0.6499028245192308 0.723856235576923 0.6222225528846154 0.7259123028846154 0.4623314086538462 0.6739339519230769 0.4807684110576923 0.6322902884615385 0.47221297115384614
0 0.5548967596153846 0.42826250480769235 0.5518676730769231 0.3617749399038462 0.5363245432692307 0.3623099206730769 0.5322879663461538 0.39574476682692306 0.5371331850961538 0.4288739086538461 0.5548967596153846 0.42826250480769235
0 0.6114976201923077 0.40633681009615386 0.6041509230769231 0.45986313461538464 0.6307962932692307 0.4589460288461539 0.6347917716346154 0.3855575 0.6114976201923077 0.40633681009615386
0 0.760127076923077 0.44450581490384616 0.7754885961538461 0.44730667788461537 0.7806559423076924 0.43381045432692306 0.7852373533653847 0.3903680841346154 0.7776268509615385 0.36732289182692307 0.7661613918269231 0.3743767043269231 0.7538289591346155 0.43806340865384613 0.760127076923077 0.44450581490384616
0 0.40037350961538465 0.41693309134615386 0.4264740408653846 0.4260235096153846 0.4245757235576923 0.3794745721153846 0.4106671033653846 0.3499869735576923 0.39476075 0.35719363461538467 0.39480184615384617 0.39714731490384614 0.40037350961538465 0.41693309134615386