1 0.9560006394230769 0.6148266322115384 0.9285313004807693 0.6060403533653846 0.9220770216346155 0.6068786514423077 0.91252465625 0.6125315072115385 0.9096846923076923 0.6261368725961538 0.9099428076923076 0.6349276826923076 0.9129891298076923 0.6504158221153846 0.918307420673077 0.6550196706730769 0.9424205625000001 0.6598296923076923 0.9474807403846154 0.6556427283653845 0.9536769038461539 0.6460136201923077 0.9582208509615384 0.6242450336538461 0.9560006394230769 0.6148266322115384
1 0.10646499759615385 0.3227769014423077 0.10057871153846154 0.3208941274038462 0.08575981730769232 0.30164044230769227 0.07563946153846154 0.3100143701923077 0.07166350721153845 0.32906187980769236 0.07331572596153846 0.3412013557692308 0.07667192307692308 0.3451776105769231 0.0962928798076923 0.35145352403846153 0.1007850625 0.34998763221153845 0.10248904567307693 0.34182441586538465 0.10501913221153845 0.3397309350961538 0.10785910096153846 0.3261255673076923 0.10646499759615385 0.3227769014423077
1 0.11988978846153847 0.33868192548076925 0.1184956875 0.33533326201923075 0.11064730528846155 0.3328228966346154 0.10501913221153845 0.3397309350961538 0.10161117548076923 0.35605737259615383 0.10243728365384615 0.3621271081730769 0.10718758413461539 0.36945202884615386 0.11307387019230769 0.3713348028846154 0.12402033413461538 0.3690306153846154 0.12655042307692307 0.36693713221153845 0.1344505673076923 0.34914480288461536 0.13166236298076922 0.3424474735576923 0.11988978846153847 0.33868192548076925
1 0.1890793653846154 0.37822924278846154 0.1891311298076923 0.3579265480769231 0.18634292307692307 0.35122921875 0.16475987259615385 0.3443257139423077 0.15830559134615385 0.3451640144230769 0.1557755048076923 0.34725749519230764 0.15463951682692306 0.3526996418269231 0.15603361778846156 0.35604830769230766 0.15262566105769232 0.3723747451923077 0.15541386538461538 0.37907207451923075 0.15484587259615384 0.3817931466346154 0.1615582668269231 0.3897456586538462 0.16940664903846156 0.39225602403846155 0.17586092788461538 0.39141772596153845 0.18598128365384614 0.3830437956730769 0.1890793653846154 0.37822924278846154
1 0.2606962019230769 0.3459841850961538 0.24107524759615384 0.3397082692307692 0.2365830625 0.34117416346153845 0.23405297355769233 0.3432676442307692 0.23064501442307692 0.35959408173076923 0.23229723317307693 0.3717335576923077 0.23647953846153846 0.38177955288461535 0.2521763028846154 0.38680028125 0.2628646538461539 0.37570527884615385 0.26570461778846155 0.36209991346153847 0.2682347091346154 0.3600064326923077 0.26740860096153846 0.35393669471153844 0.2606962019230769 0.3459841850961538
1 0.27572145192307695 0.39433137740384616 0.2600246875 0.38931064663461534 0.2555325024038461 0.3907765360576923 0.2524344206730769 0.39559109134615383 0.2507304399038462 0.40375431009615387 0.2523826586538461 0.41589378605769234 0.2543447548076923 0.4165213774038462 0.26048915625 0.4271949615384615 0.2728297235576923 0.42823943509615386 0.28041999038461535 0.42195898798076925 0.28465406009615385 0.4117022908653846 0.28243384615384615 0.4022838870192308 0.27572145192307695 0.39433137740384616
1 0.33267398557692307 0.3922288317307692 0.3265295841346154 0.38155524519230766 0.3035524302884615 0.3713030769230769 0.30102234134615385 0.3733965576923077 0.2951360528846154 0.37151378365384613 0.2875457860576923 0.37779423076923074 0.2855319302884615 0.3974693341346154 0.2911083413461539 0.4108639903846154 0.29054034615384616 0.41358506490384617 0.29389654326923076 0.4175613173076923 0.3076312139423077 0.4219544567307692 0.3146534855769231 0.4183950865384615 0.331538 0.3976709759615385 0.33267398557692307 0.3922288317307692
1 0.36375763942307693 0.41378217548076923 0.34217458653846156 0.4068786706730769 0.33572030528846153 0.4077169711538462 0.32756204807692313 0.4167184855769231 0.32585806730769235 0.4248817067307692 0.3266841754807693 0.43095144471153846 0.33029849038461534 0.44371850961538467 0.33365468750000005 0.4476947668269231 0.34738935576923075 0.45208790625 0.35694171874999997 0.44643505048076926 0.36003980288461535 0.44162049759615385 0.36458375000000004 0.4198519110576923 0.36375763942307693 0.41378217548076923
0 0.08524427644230768 0.17375453846153846 0.08126832451923077 0.19280204807692308 0.08266242788461538 0.1961507139423077 0.08994281490384615 0.2013821514423077 0.09247290384615384 0.19928867067307693 0.09613897836538461 0.19175304326923076 0.10011493028846154 0.17270552884615384 0.09872082932692307 0.16935686778846154 0.09087244711538461 0.16684650240384616 0.08524427644230768 0.17375453846153846
2 0.44028144471153846 0.10734538701923077 0.4425534182692308 0.0964610985576923 0.44033320673076926 0.08704269471153846 0.4285606322115385 0.08327714663461538 0.4223127067307692 0.11320894951923077 0.42370681009615385 0.11655761778846153 0.41859487019230773 0.1410472716346154 0.42138307451923074 0.14774460096153846 0.43511774278846155 0.1521377403846154 0.4382158245192308 0.14732318509615386 0.43852570432692306 0.13581130288461538 0.43713160096153847 0.13246263701923075 0.4416755480769231 0.1106940528846154 0.44028144471153846 0.10734538701923077
2 0.4255143100961538 0.06778900721153847 0.4176659278846154 0.06527864182692308 0.40418937499999996 0.06967631490384615 0.40052330048076923 0.07721194230769231 0.4041376129807693 0.08997900961538462 0.3950497211538462 0.1335161778846154 0.40372421394230773 0.14209627884615383 0.41410268509615383 0.14251316346153847 0.41978261778846154 0.11530243509615384 0.4183885144230769 0.11195376682692307 0.42205458894230774 0.10441813942307691 0.42830251682692305 0.07448633413461539 0.4255143100961538 0.06778900721153847
2 0.388492610576923 0.06465558173076923 0.3924685625 0.04560807211538461 0.38968035817307695 0.038910742788461544 0.37986988221153845 0.03577278605769231 0.3753776947115384 0.037238677884615386 0.36907800721153844 0.08747317548076923 0.36990411778846155 0.09354291346153845 0.3875629783653846 0.09919123557692308 0.39009306730769233 0.09709775000000001 0.39122905288461535 0.09165560576923076 0.3881827331730769 0.07616746634615384 0.38988671394230767 0.06800424759615385 0.388492610576923 0.06465558173076923
2 0.3396465745192308 0.0780593076923077 0.3430027716346154 0.08203556009615384 0.3542073533653846 0.0885221826923077 0.35926753125000005 0.08433521875 0.36097150961538466 0.076172 0.3595774086538462 0.07282333413461538 0.3641213533653846 0.05105475240384615 0.3697495264423077 0.044146713942307694 0.3714535048076923 0.03598349278846154 0.36942175721153847 0.02736457451923077 0.3508827163461538 0.0259913125 0.35043844711538463 0.026358915865384615 0.3478565961538462 0.048755093750000006 0.3492506971153846 0.05210375721153847 0.3464107331730769 0.06570912259615384 0.3413505552884616 0.06989608894230769 0.3396465745192308 0.0780593076923077
2 0.7460577932692308 0.32706579807692304 0.7570042572115384 0.3247616105769231 0.7617545576923077 0.33208652884615386 0.7735271298076923 0.3358520769230769 0.7785873076923077 0.33166511298076923 0.7806011634615384 0.31199001201923077 0.7762125048076923 0.2728505120192308 0.7558689615384615 0.21989947115384614 0.7342859086538461 0.21299596875000001 0.7049576514423077 0.21812885096153847 0.6922040312500001 0.2140495048076923 0.6695367548076923 0.19228545673076924 0.6232725697115384 0.18329300240384613 0.6092280216346154 0.19041174759615384 0.6043741971153846 0.22369221394230768 0.6298296802884615 0.25215359615384614 0.6404145048076924 0.28166398317307695 0.6571954951923077 0.30154526201923076 0.6728922620192308 0.3065659927884615 0.6933910865384616 0.2986089495192308 0.7116179399038463 0.3015361995192308 0.7460577932692308 0.32706579807692304
2 0.3434970504807692 0.02544422596153846 0.3409668846153846 0.02525680528846154 0.33349605528846155 0.054600052884615384 0.3266427379807692 0.07353418269230769 0.337984295673077 0.0808686778846154 0.34366475721153844 0.06841569711538462 0.3521548605769231 0.03642604086538462 0.3434970504807692 0.02544422596153846
2 0.3015677115384615 0.022338348557692306 0.2979234206730769 0.04271969711538462 0.29051591346153843 0.06952298798076922 0.31188238942307694 0.08006112740384615 0.3201412283653846 0.03876094951923077 0.31978294471153845 0.023687624999999997 0.3015677115384615 0.022338348557692306
2 0.20998172836538462 0.015554201923076922 0.20348339663461537 0.04129310096153846 0.21595432932692307 0.04390902403846154 0.22402139903846155 0.03546469230769231 0.23014041346153846 0.02715778125 0.235044 0.017410665865384613 0.20998172836538462 0.015554201923076922
2 0.17936120432692307 0.07986468509615384 0.19227375961538462 0.08333303846153847 0.1977747548076923 0.07646269711538461 0.18783095432692307 0.06565076442307692 0.16626795432692307 0.04747068509615385 0.16220664903846152 0.067207875 0.17936120432692307 0.07986468509615384