1 0.6856590913461538 0.5246101298076923 0.6628770192307692 0.5034542932692307 0.6361136466346153 0.4957888245192308 0.6268204879807692 0.4985292067307692 0.6204674663461538 0.5457786370192308 0.6626729326923078 0.5495387427884615 0.6856590913461538 0.5246101298076923
1 0.7242475865384616 0.6662131658653846 0.6638743413461538 0.6619763389423077 0.6456419879807692 0.7055982475961537 0.7117456298076923 0.7146275745192308 0.7368994206730769 0.7020243461538461 0.7242475865384616 0.6662131658653846
1 0.657704673076923 0.4907184807692308 0.7001891682692307 0.49050693509615384 0.7250639350961539 0.4818753629807692 0.7271566298076924 0.45208795432692306 0.6926347379807692 0.42531876682692304 0.6746064735576923 0.4228562235576923 0.6783836875 0.4554503076923077 0.6492485937500001 0.4815439014423077 0.657704673076923 0.4907184807692308
1 0.6512536009615384 0.8847994158653846 0.6822773004807693 0.8750028653846154 0.6863981153846154 0.8595266706730769 0.6644531225961539 0.8264558701923076 0.6232242451923077 0.8087949711538461 0.6301456850961539 0.8398136514423077 0.6033177379807693 0.8762468052884615 0.6512536009615384 0.8847994158653846
1 0.7094094423076923 0.5679519495192308 0.7365680841346154 0.5917104807692307 0.7462182115384616 0.6271116490384615 0.706697127403846 0.6497816995192308 0.6453203076923076 0.6454077932692308 0.6655162091346154 0.6601957259615384 0.7198800336538462 0.663611701923077 0.7693505360576923 0.6503202115384615 0.795480920673077 0.6238161971153846 0.7473306057692307 0.5751366177884616 0.6910781730769231 0.5554235961538462 0.6603335 0.5612484951923077 0.6720733173076923 0.56686184375 0.7094094423076923 0.5679519495192308
0 0.46670025 0.7914245817307692 0.4871002355769231 0.7601280625 0.4853511394230769 0.7418451923076923 0.4064561514423077 0.6989905120192308 0.36054840865384613 0.7047491153846154 0.3924195528846154 0.7692490192307692 0.4156201610576923 0.784447375 0.46670025 0.7914245817307692
1 0.760048204326923 0.2861656057692308 0.7839463798076923 0.29143482451923075 0.817695766826923 0.28602035096153844 0.8278260024038461 0.2713650048076923 0.8196489471153845 0.25821876923076925 0.7851270576923077 0.2314495841346154 0.7609498581730769 0.23015201923076922 0.7543823846153846 0.23727448076923074 0.7767459158653847 0.2643877980769231 0.760048204326923 0.2861656057692308
1 0.6511732283653846 1 0.6678971033653845 0.9933316514423077 0.6721574302884614 0.9758696298076923 0.6469286995192308 0.9463600600961539 0.6087045336538461 0.9291095865384615 0.6050771971153847 0.98074109375 0.5856538028846153 0.9981368221153846 0.5878816057692308 1 0.6511732283653846 1
1 0.7926918509615385 0.3828491706730769 0.8390181346153847 0.37113308653846155 0.8588600673076924 0.34777987499999996 0.8172772283653846 0.29197783413461537 0.8060308870192308 0.3225197980769231 0.7510444374999999 0.3711457548076923 0.7655099399038462 0.3811411826923077 0.7926918509615385 0.3828491706730769
0 0.42621278125 0.5473130865384616 0.45625988942307694 0.551417326923077 0.5179636923076922 0.5798945 0.5451456057692308 0.5816024879807692 0.5462617091346154 0.5657158701923077 0.5035627620192308 0.5258004495192308 0.42984011778846154 0.49568157692307696 0.39937446875 0.49753481971153846 0.3830952956730769 0.5133551466346155 0.39385852403846155 0.5328692860576922 0.42621278125 0.5473130865384616
1 1 0.19290585096153848 0.9996054254807691 0.19391713942307692 0.9728142692307693 0.23703759375000003 0.9819679134615384 0.23628303846153847 1 0.2320484639423077 1 0.19290585096153848
0 0.18106934615384615 0.9709415985576922 0.18875292548076922 0.9479325192307692 0.18015732932692308 0.940743764423077 0.14752405048076922 0.9302716201923077 0.12893773317307694 0.9357523846153846 0.12481691826923078 0.9512285793269231 0.13599868509615384 0.9647852379807692 0.18106934615384615 0.9709415985576922
0 0.23661623317307695 0.3530051947115385 0.3115944951923077 0.36525162019230767 0.32717610096153843 0.35936043028846154 0.3165523870192307 0.3378604639423077 0.23709934615384617 0.3029490889423077 0.22207578846153847 0.30089697115384617 0.19636394711538463 0.3214435072115384 0.16547975721153846 0.32925422836538465 0.23661623317307695 0.3530051947115385
0 0.27202256009615383 0.12188268269230769 0.2363270528846154 0.12200909615384616 0.25072700721153846 0.13254892067307694 0.24876235576923078 0.14514188942307693 0.3298688389423077 0.15479102403846154 0.3265050745192308 0.13146786057692308 0.27202256009615383 0.12188268269230769
0 0.19445311778846155 0.7067296730769231 0.21282777403846154 0.7215334783653845 0.24109696634615385 0.7221870528846155 0.2408345 0.7029083245192307 0.20645384134615385 0.697143548076923 0.19445311778846155 0.7067296730769231
0 0.20213454807692305 0.8582394206730769 0.19128744951923077 0.8554205216346153 0.17688596153846153 0.8646787139423077 0.15703952403846153 0.8592953100961539 0.1555677451923077 0.8687157115384616 0.17832262740384616 0.8787728076923076 0.19311718269230768 0.8754486274038461 0.20213454807692305 0.8582394206730769