1 0.662041079326923 0.3004530961538462 0.6540410793269231 0.3000975408653846 0.6363906923076923 0.31109695192307696 0.6230025120192307 0.3311236971153846 0.6192647211538461 0.3397954759615385 0.6195269302884616 0.3486450336538462 0.6216143341346154 0.3516837764423077 0.6218765432692308 0.36053333413461536 0.6304883653846154 0.38153785576923077 0.6533623942307693 0.4120141610576923 0.6696246033653845 0.42157482932692303 0.675537201923077 0.4188916418269231 0.6793623942307693 0.41316971634615385 0.6791001850961538 0.40432015865384613 0.6900513485576922 0.3694552596153846 0.6890899158653846 0.33700688221153846 0.6848277067307692 0.3279795480769231 0.6845654975961538 0.31912999038461537 0.6803906923076923 0.31305250721153843 0.662041079326923 0.3004530961538462
1 0.35301278365384614 0.3868814158653846 0.3497120072115385 0.41030245673076926 0.35014902163461536 0.42505171875000003 0.3482364254807692 0.4279126850961538 0.3484112307692308 0.4338123894230769 0.35458603846153847 0.43997876201923075 0.3685860384615385 0.44060098317307694 0.3884112307692308 0.4355901658653846 0.39806162019230773 0.4242352019230769 0.4000616201923077 0.42432409134615384 0.4037120072115385 0.4127024567307692 0.40162460336538464 0.40966371875 0.40136239423076925 0.4008141610576923 0.39710018509615386 0.39178682451923075 0.3910127836538461 0.3885703052884616 0.36692537980769235 0.3845537836538462 0.36501278365384615 0.38741475 0.35301278365384614 0.3868814158653846
1 0.2163906923076923 0.2924302860576923 0.22091511057692306 0.31030717788461537 0.25117731971153845 0.3204900697115385 0.30605134855769234 0.35238859375000003 0.33613875240384616 0.35667178125 0.35778913942307694 0.3458501466346154 0.3369922427884615 0.2506548653846154 0.31994340624999995 0.2145455264423077 0.3014189879807692 0.1960464110576923 0.27324418269230766 0.18890226201923077 0.24359379326923078 0.1993683389423077 0.23403081009615387 0.21367315625 0.22125445192307694 0.25434886778846155 0.22186627403846154 0.27499783653846155 0.2163906923076923 0.2924302860576923
1 0.06283797596153846 0.3680928221153846 0.06327499278846153 0.38284208413461535 0.06144979807692308 0.38865289903846156 0.0677994110576923 0.4007189783653846 0.06971200721153846 0.39785801442307694 0.12379941105769231 0.40320786778846157 0.12571200721153847 0.40034690144230767 0.12510018509615384 0.37969793509615385 0.12301278365384616 0.37665919471153847 0.12266317067307692 0.36485978365384614 0.12040096153846153 0.3559213389423077 0.10787654326923077 0.3376888894230769 0.08387654326923077 0.3366222235576923 0.07613875240384615 0.34511622596153846 0.07413875240384615 0.34502733653846157 0.06648836538461539 0.35647118990384613 0.06283797596153846 0.3680928221153846
0 0.16684824759615385 0.4404727644230769 0.16884824759615386 0.44056165384615387 0.16858603846153847 0.43171209615384615 0.14023642548076923 0.41866824038461536 0.1340616201923077 0.41250186778846154 0.1220616201923077 0.4119685360576923 0.11658603846153846 0.4294009831730769 0.10963487259615384 0.46444365625 0.11242150000000001 0.49108121875 0.11668370913461537 0.5001085552884615 0.11703332211538461 0.5119079663461539 0.12538293509615384 0.5240629302884615 0.13347033653846155 0.5273683389423077 0.13764514423076923 0.5334458197115385 0.13720812740384616 0.5186965576923077 0.1410333221153846 0.5129746322115385 0.13894591826923078 0.5099358894230769 0.1446837091346154 0.501353 0.1525963076923077 0.4987587019230769 0.16424669471153847 0.487492625 0.16780968028846152 0.4729211418269231 0.16511045673076924 0.4492334302884615 0.16684824759615385 0.4404727644230769
0 0.4512210889423077 0.4339951706730769 0.4489170721153846 0.4332181418269231 0.4479631298076923 0.43182943749999997 0.4342804471153846 0.44737700721153845 0.4195653269230769 0.47432377403846154 0.42986168028846156 0.5138243028846154 0.4494877524038462 0.5140248942307692 0.45851915625 0.48009397836538464 0.45980787980769233 0.46197463461538457 0.4512210889423077 0.4339951706730769
0 0.43479745432692307 0.4224918269230769 0.4524238221153846 0.4629927596153846 0.4800954975961539 0.47297508173076924 0.47957145432692305 0.42448178124999997 0.4636945913461539 0.3968499975961538 0.44703025 0.40418720432692307 0.43479745432692307 0.4224918269230769
2 0.6567350600961538 0.8628971490384616 0.6228224615384614 0.8643358918269232 0.6210846706730769 0.8730965600961539 0.6214342836538461 0.88489596875 0.6195216875 0.8877569326923077 0.6208327331730769 0.9320047187499999 0.6272697475961538 0.9470206490384616 0.6718815697115385 0.969625170673077 0.6878815697115385 0.9703362836538462 0.6956193605769231 0.96184228125 0.6953571514423077 0.9529927235576923 0.6851823437500001 0.9466485745192308 0.6809201346153846 0.9376212379807692 0.6666579254807693 0.9281494591346154 0.6620461057692307 0.9073227139423078 0.6656090889423076 0.8927512283653846 0.66664765625 0.8603917403846153 0.6625602524038462 0.8572641105769231 0.6567350600961538 0.8628971490384616
2 0.42429804326923076 0.8378367764423077 0.42456025240384615 0.8466863341346154 0.4267350600961538 0.8526749254807692 0.42882246153846154 0.8557136682692307 0.43282246153846154 0.8558914471153846 0.4347350600961538 0.8530304807692308 0.4447350600961538 0.8534749254807692 0.44664765625 0.8506139615384616 0.4464728509615385 0.8447142572115385 0.4399484326923077 0.8267484759615384 0.42977362500000005 0.820404326923077 0.41977362500000004 0.8199598822115385 0.42003583413461537 0.8288094399038461 0.42429804326923076 0.8378367764423077
2 0.3915114158653846 0.8098658798076923 0.3815114158653846 0.8094214350961538 0.37942401442307694 0.8063826923076923 0.371773625 0.8178265480769231 0.369773625 0.8177376610576924 0.36594843269230765 0.8234595865384615 0.3662106418269231 0.8323091442307693 0.37821064182692304 0.8328424783653846 0.38603583413461534 0.8272983293269232 0.3935988197115385 0.8129046225961538 0.3915114158653846 0.8098658798076923
2 0.06465792548076923 0.9013939038461539 0.06283273317307693 0.90720471875 0.0550949423076923 0.9156987211538462 0.05570676201923076 0.9363476899038462 0.05796897115384615 0.9452861370192308 0.07058079326923077 0.9664684350961538 0.09058079326923077 0.9673573245192307 0.10040598798076925 0.9619020649038461 0.10223118028846154 0.9560912500000001 0.10179416586538462 0.9413419855769232 0.09395870192307693 0.8791284158653846 0.08204610576923077 0.8815449375 0.07387129807692308 0.8752896754807692 0.06543428365384615 0.860184858173077 0.06160908894230769 0.8659067836538461 0.06465792548076923 0.9013939038461539
2 0.12804610576923078 0.8835893822115384 0.13604610576923076 0.8839449375 0.15187129807692307 0.8787563413461539 0.1413468798076923 0.8606127812500001 0.13699726923076924 0.8486355961538461 0.13673506009615385 0.8397860384615385 0.13464765625 0.8367472956730769 0.11864765625 0.8360361850961537 0.11482246153846153 0.8417581129807693 0.11125947836538462 0.8563295961538462 0.11213350721153846 0.8858281201923077 0.12613350721153846 0.8864503437500001 0.12804610576923078 0.8835893822115384