1 0.17516629807692308 0.3833333341346154 0.1862527716346154 0.39333333413461535 0.19290465625000003 0.39333333413461535 0.1973392451923077 0.39666666586538457 0.19955654086538463 0.39333333413461535 0.20842572115384617 0.39333333413461535 0.21729489903846153 0.38 0.22616407932692306 0.35333333413461543 0.22616407932692306 0.33999999999999997 0.228381375 0.33666666586538463 0.2239467860576923 0.32333333413461535 0.21951219471153843 0.3166666658653846 0.21507760576923077 0.3166666658653846 0.20842572115384617 0.3066666658653846 0.1973392451923077 0.3033333341346154 0.1862527716346154 0.31 0.17960088701923077 0.32 0.17516629807692308 0.33999999999999997 0.17516629807692308 0.35 0.17294900240384617 0.35333333413461543 0.17294900240384617 0.3733333341346154 0.17516629807692308 0.3833333341346154
3 0.228381375 0.33666666586538463 0.228381375 0.35333333413461543 0.21951219471153843 0.38 0.2039911298076923 0.39666666586538457 0.19290465625000003 0.39666666586538457 0.17738359134615383 0.39 0.18403547596153846 0.39333333413461535 0.17738359134615383 0.42 0.1862527716346154 0.42666666586538465 0.19512195192307694 0.42666666586538465 0.20177383653846154 0.41666666586538464 0.2239467860576923 0.41666666586538464 0.228381375 0.41000000000000003 0.24833702884615386 0.41333333413461537 0.2616407980769231 0.42 0.2660753870192308 0.42666666586538465 0.27494456730769234 0.42666666586538465 0.2771618629807692 0.4233333341346154 0.2771618629807692 0.40666666586538464 0.27272727163461535 0.3866666658653846 0.27494456730769234 0.35333333413461543 0.2572062091346154 0.3066666658653846 0.2527716177884615 0.3 0.22616407932692306 0.29 0.21951219471153843 0.29 0.20177383653846154 0.3 0.2039911298076923 0.3066666658653846 0.21507760576923077 0.31 0.2239467860576923 0.32333333413461535 0.228381375 0.33666666586538463
0 0.2904656322115385 0.39333333413461535 0.29268292788461536 0.38 0.2904656322115385 0.3733333341346154 0.28824833653846155 0.3733333341346154 0.2815964519230769 0.3633333341346154 0.2771618629807692 0.36 0.2771618629807692 0.38 0.2815964519230769 0.39333333413461535 0.2904656322115385 0.39333333413461535
0 0.2217294903846154 0.5633333341346154 0.2305986706730769 0.5633333341346154 0.2328159639423077 0.56 0.2328159639423077 0.5533333341346154 0.2239467860576923 0.5233333341346154 0.21951219471153843 0.52 0.21951219471153843 0.5266666658653846 0.21507760576923077 0.5399999999999999 0.21507760576923077 0.55 0.2217294903846154 0.5633333341346154
2 0.2682926826923077 0.53 0.27937915625 0.53 0.2815964519230769 0.5266666658653846 0.2815964519230769 0.4933333341346154 0.27937915625 0.4833333341346154 0.2771618629807692 0.4766666658653846 0.26385809375 0.4766666658653846 0.25498891346153846 0.4833333341346154 0.25498891346153846 0.4866666658653846 0.2660753870192308 0.5266666658653846 0.2682926826923077 0.53
2 0.21951219471153843 0.52 0.2217294903846154 0.52 0.2239467860576923 0.5133333341346155 0.2239467860576923 0.5 0.2217294903846154 0.49666666586538466 0.2217294903846154 0.4766666658653846 0.20842572115384617 0.4766666658653846 0.20620842548076926 0.48000000000000004 0.20842572115384617 0.4833333341346154 0.20842572115384617 0.4933333341346154 0.21951219471153843 0.52
1 0.48651884615384616 0.2232833341346154 0.47711751682692305 0.22354999999999997 0.4756984471153846 0.23421999999999998 0.48172949038461543 0.23421999999999998 0.4902439014423077 0.23341666586538462 0.48651884615384616 0.2232833341346154
1 0.5280266081730769 0.22301666586538463 0.5193348125 0.22141333413461536 0.5175609759615385 0.23235 0.5173835913461539 0.23341666586538462 0.5273170721153846 0.23341666586538462 0.5280266081730769 0.22301666586538463
1 0.5361862524038462 0.22941666586538462 0.5328159639423077 0.2397333341346154 0.5439911298076923 0.23981999999999998 0.5434589807692307 0.23075 0.5361862524038462 0.22941666586538462
1 0.5963192908653846 0.17829 0.588691795673077 0.16335 0.5707760528846154 0.16815333413461536 0.5680709543269231 0.1844 0.5789356995192307 0.18896 0.5920620841346154 0.20096333413461537 0.5963192908653846 0.17829
1 0.608381375 0.22362666586538463 0.6043015528846154 0.2238933341346154 0.6006651875 0.2337333341346154 0.6119290456730769 0.23456 0.6112195120192307 0.22922666586538462 0.608381375 0.22362666586538463
1 0.7364124158653845 0.050023334134615384 0.7415188461538461 0.038506665865384614 0.7330931274038461 0.01893 0.71471396875 0.011253334134615385 0.701694014423077 0.0339 0.6993968966346155 0.06691666586538461 0.7134368076923077 0.06653 0.7262017740384615 0.05923666586538461 0.7364124158653845 0.050023334134615384
0 0.4811529927884616 0.3000666658653846 0.4776496682692307 0.30316 0.4794235024038462 0.3124966658653846 0.48527716105769236 0.3132966658653846 0.4811529927884616 0.3000666658653846
2 0.4868736153846154 0.3611733341346154 0.4819068725961539 0.3587733341346154 0.4822616418269231 0.34383666586538464 0.47445676201923076 0.3454366658653846 0.47676275 0.36811 0.48545454567307694 0.3667766658653846 0.4868736153846154 0.3611733341346154
2 0.4971618629807692 0.3654433341346154 0.4989356995192308 0.36064 0.49432372596153845 0.3571733341346154 0.49201773798076925 0.3411666658653846 0.4849223942307692 0.3449033341346154 0.48527716105769236 0.34517000000000003 0.4863414639423077 0.3611733341346154 0.4971618629807692 0.3654433341346154
3 0.47374722836538463 0.2929733341346154 0.47374722836538463 0.2863066658653846 0.47587583173076925 0.25829666586538463 0.4819068725961539 0.26122999999999996 0.4835033269230769 0.2969766658653846 0.4879379158653846 0.2913733341346154 0.48474501201923076 0.2569633341346154 0.47747228365384614 0.24656 0.47002217307692307 0.25243 0.4623946778846154 0.2820366658653846 0.4639911298076923 0.29084 0.47374722836538463 0.2929733341346154
3 0.5301552115384616 0.28443666586538463 0.5301552115384616 0.2767033341346154 0.5324611971153846 0.2518933341346154 0.5285587572115384 0.24256 0.5266075384615385 0.2529633341346154 0.5216407980769231 0.2598966658653846 0.5195121947115384 0.2444266658653846 0.5129490024038461 0.25562999999999997 0.5175609759615385 0.2724333341346154 0.5184478942307693 0.2863066658653846 0.5301552115384616 0.28443666586538463
3 0.5372948990384615 0.2684266658653846 0.5328603100961539 0.2889666658653846 0.5585809302884616 0.30257 0.5749002211538461 0.3148433341346154 0.5788026610576923 0.29937 0.5860753870192308 0.26496 0.588026608173077 0.23188333413461537 0.58128603125 0.22628333413461538 0.5743680721153847 0.2678933341346154 0.5697560985576924 0.20867666586538464 0.5569844783653847 0.20973333413461537 0.563547670673077 0.22548333413461538 0.5589356995192307 0.24122000000000002 0.5429711754807692 0.24122000000000002 0.5372948990384615 0.2684266658653846
0 0.5908647451923077 0.2753633341346154 0.5800443461538461 0.27206666586538464 0.5786252764423077 0.2871 0.595831485576923 0.29697 0.5961862524038462 0.28283333413461537 0.5908647451923077 0.2753633341346154
0 0.6146341466346154 0.2654 0.6120177379807692 0.27696 0.6221286033653846 0.2878966658653846 0.6265631923076923 0.27189333413461536 0.6146341466346154 0.2654
2 0.5210199567307693 0.4188533341346154 0.5252771610576923 0.4145866658653846 0.5336141899038462 0.37671000000000004 0.5226164086538462 0.37297333413461536 0.519068735576923 0.3865766658653846 0.51356984375 0.41165333413461536 0.5210199567307693 0.4188533341346154
2 0.5761862524038461 0.40925 0.5735255 0.3777766658653846 0.5630598677884615 0.38071 0.5662527716346154 0.4164533341346154 0.5788470072115385 0.41992 0.5761862524038461 0.40925
0 0.7188913533653847 0.24551333413461537 0.7165853653846154 0.2167033341346154 0.7103769399038461 0.21510333413461538 0.7096674062499999 0.22844 0.711618625 0.23591 0.7188913533653847 0.24551333413461537
0 0.8020842572115385 0.20950333413461536 0.8029711754807691 0.18896333413461536 0.7996008870192307 0.18576333413461538 0.7948115288461538 0.1782933341346154 0.7880709543269231 0.18176 0.7886031033653846 0.20363333413461537 0.7955210649038461 0.2156366658653846 0.8020842572115385 0.20950333413461536
2 0.7364523293269231 0.36263 0.7155210649038461 0.3583633341346154 0.7240354759615385 0.3762366658653846 0.7387583149038461 0.38317 0.7364523293269231 0.36263