1 0.5527835264423077 0.8147285841346155 0.5466015360576922 0.8093786466346155 0.5456938677884615 0.8034179543269231 0.5368747187499999 0.7983733990384615 0.5263260745192307 0.7995949158653846 0.5193222596153846 0.8064717475961539 0.5166851009615384 0.806777125 0.5138312283653846 0.8232830649038461 0.5197106634615385 0.8266461009615385 0.5200132211538462 0.828633 0.5311669735576923 0.83138528125 0.5496270985576923 0.829247625 0.5542963052884615 0.8246630721153847 0.5527835264423077 0.8147285841346155
1 0.5507964975961538 0.7664322788461538 0.5416747908653846 0.7594008245192309 0.5311261490384616 0.7606223413461539 0.5264569399038461 0.7652068942307693 0.5244248918269231 0.7694860673076923 0.5253325624999999 0.7754467644230769 0.5315145480769231 0.7807966971153846 0.5370914278846154 0.7821728365384615 0.5502772307692307 0.7806459423076924 0.5549464399038462 0.7760613870192308 0.5507964975961538 0.7664322788461538
1 0.5391684927884616 0.7253181826923077 0.5230429759615385 0.7251635600961539 0.5201032572115385 0.7234820432692307 0.5121917764423076 0.7243981802884616 0.509857173076923 0.7266904567307692 0.5113699543269231 0.7366249447115384 0.5175519447115385 0.7419748798076923 0.5342825745192308 0.746103298076923 0.5421940552884615 0.7451871610576923 0.5374390024038461 0.7315842548076923 0.5397736057692307 0.7292919783653846 0.5391684927884616 0.7253181826923077
1 0.5372673124999999 0.6952093365384615 0.5343275961538462 0.6935278197115384 0.5264161129807692 0.6944439567307692 0.5164725841346154 0.6996392692307692 0.5074367235576923 0.7107952740384615 0.5115866634615385 0.7204243822115385 0.528317295673077 0.7245528028846154 0.5388659375 0.7233312860576924 0.5455671971153846 0.7144675576923076 0.5440544134615385 0.7045330673076923 0.5372673124999999 0.6952093365384615
1 0.5453096586538462 0.6599051802884616 0.5437968774038462 0.6499706899038462 0.5408571610576923 0.6482891706730769 0.5399494903846154 0.6423284783653845 0.5367072211538462 0.6386600625000001 0.5311303413461539 0.6372839230769232 0.5179445384615384 0.6388108197115384 0.5080010096153846 0.6440061322115385 0.50423946875 0.6545513774038461 0.5048445793269231 0.6585251730769232 0.5113291274038462 0.6658620048076924 0.5139662884615385 0.6655566274038461 0.5198457211538462 0.6689196658653846 0.5409430072115384 0.6664766322115384 0.5453096586538462 0.6599051802884616
1 0.48911165625 0.5552064879807692 0.5081768942307693 0.5570426322115385 0.5178178677884615 0.5498604206730769 0.5106423629807693 0.5203623317307693 0.5074000913461538 0.5166939158653846 0.4918796826923077 0.5205130889423077 0.4769643870192307 0.5283060576923077 0.47493234134615386 0.5325852307692307 0.47584000961538464 0.5385459230769231 0.47350540625000004 0.5408382019230769 0.47644512019230767 0.5425197187499999 0.47735279086538457 0.5484804134615385 0.48911165625 0.5552064879807692
1 0.4514638197115385 0.34321918509615384 0.4764084903846154 0.34841836538461535 0.4816828100961539 0.3478076081730769 0.48665457692307695 0.3452099519230769 0.4886866225961538 0.34093077403846156 0.4894226009615385 0.3105165504807692 0.4934866995192308 0.30195820192307693 0.49054697836538463 0.3002766826923077 0.48963931009615386 0.29431599038461537 0.4811227163461539 0.2912583317307692 0.4705740745192308 0.29247984615384615 0.4676343605769231 0.29079832692307694 0.4652997548076923 0.29309060576923074 0.4494767908653846 0.2949228798076923 0.4375012139423077 0.30439736538461537 0.43343711778846156 0.3129557163461539 0.4346473413461539 0.3209033076923077 0.4323127379807692 0.3231955841346154 0.43291784855769233 0.32716937980769234 0.4397049495192308 0.3364931081730769 0.4514638197115385 0.34321918509615384
1 0.4373787355769231 0.09210855288461538 0.4411402740384615 0.08156330288461539 0.43820055769230765 0.0798817860576923 0.4366877764423077 0.06994729807692307 0.4337480600961538 0.06826577884615384 0.4273289447115385 0.04373493509615385 0.43409563701923076 0.017677197115384617 0.4229418798076923 0.014924918269230768 0.42233676682692306 0.010951122596153846 0.41939705288461543 0.009269600961538461 0.4114855697115385 0.010185740384615385 0.40417919951923076 0.015075673076923079 0.3936305576923077 0.0162971875 0.37434861057692304 0.030661608173076924 0.3702845144230769 0.03921995913461539 0.3748228581730769 0.06902342548076923 0.3845496778846154 0.08002867307692307 0.41273662259615385 0.08889626923076924 0.4373787355769231 0.09210855288461538
3 0.5071143076923077 0.02135334855769231 0.5223321610576923 0.015547276442307691 0.562192125 0.012953490384615386 0.6015328197115385 0.024573365384615384 0.6232352163461539 0.026104127403846156 0.6408735192307693 0.03619324038461538 0.6494759591346154 0.05743835817307692 0.7051588870192307 0.05301229567307692 0.730320266826923 0.042010913461538464 0.7248742548076923 0.006246752403846154 0.7252253774038462 0.005372040865384615 0.46941869471153846 0.0034771754807692307 0.46159162019230765 0.004383538461538461 0.4631044014423077 0.014318026442307692 0.4867079831730769 0.045957634615384615 0.49198230288461536 0.04534687740384616 0.49544128605769233 0.03281473317307692 0.5071143076923077 0.02135334855769231
3 0.7196323725961539 0.3242972860576923 0.7424591490384616 0.31558818028846153 0.7324297716346154 0.30259603365384613 0.7218811298076923 0.30381755048076925 0.7235247788461538 0.2793640168269231 0.7314362596153846 0.2784478798076923 0.7431092788461539 0.26698649759615384 0.7515400288461538 0.2518566971153846 0.7514541850961538 0.23366923798076922 0.74557475 0.23030619951923076 0.7077468341346154 0.2286208125 0.555094076923077 0.24831969711538462 0.5168327403846154 0.2790354350961538 0.5313146129807692 0.3036435889423077 0.5460131971153847 0.3120511802884615 0.6014794158653847 0.3238256802884615 0.6472188100961538 0.32459493028846154 0.6613122836538461 0.3290287283653846 0.7196323725961539 0.3242972860576923
3 0.58698915625 0.5458943605769231 0.6215747980769231 0.5439113317307692 0.6629475432692308 0.55125203125 0.6787705048076924 0.5494197572115385 0.686076875 0.5445298245192307 0.6947243365384614 0.5131994615384615 0.6872462740384615 0.4817144783653846 0.6813668413461538 0.47835143990384615 0.6731528028846154 0.4772806778846154 0.5914008245192307 0.4867474302884615 0.5638189951923077 0.4818536298076923 0.5456614302884616 0.4859781826923077 0.5313512451923077 0.4977449447115384 0.5348960745192307 0.5034002572115385 0.5428075576923077 0.5024841201923077 0.5557766490384616 0.5171577884615385 0.5406446442307693 0.5411513173076923 0.5457022524038462 0.5567411201923077 0.58698915625 0.5458943605769231
3 0.6684343822115385 0.6577791298076924 0.6951085432692307 0.6567122355769232 0.7067815673076924 0.6452508533653846 0.7125751538461539 0.6304264326923078 0.7101547043269231 0.61453125 0.6995202163461538 0.5975653052884615 0.6804549783653846 0.5957291634615385 0.6036747692307692 0.6025982596153846 0.5898838509615385 0.600151358173077 0.5717262836538461 0.6042759086538462 0.5723313990384615 0.608249704326923 0.5944221971153846 0.629954826923077 0.5784683653846154 0.6661751201923077 0.6124488966346153 0.6602182956730769 0.6147835024038462 0.6579260168269231 0.6572806274038462 0.6550268509615385 0.6684343822115385 0.6577791298076924
3 0.5849078942307693 0.7260874326923077 0.6007308581730769 0.7242551586538462 0.6030654615384615 0.7219628822115385 0.6215255865384616 0.7198252283653847 0.6382562163461538 0.7239536466346154 0.6672649807692307 0.7205944759615384 0.6786354495192307 0.7071461947115385 0.6770368221153846 0.6790242475961539 0.6737945480769232 0.6753558317307693 0.631297423076923 0.6782549975961539 0.6283577067307693 0.6765734807692307 0.576738875 0.6724411923076924 0.5667953461538462 0.6776365048076923 0.5674004591346153 0.6816103004807693 0.5839143774038461 0.7019392812499999 0.567874704326923 0.7199721153846154 0.5687823725961538 0.7259328100961538 0.5717220913461538 0.7276143293269232 0.5825732908653847 0.7283797091346155 0.5849078942307693 0.7260874326923077
3 0.6246778197115385 0.8286446033653847 0.6961837115384615 0.8223862668269231 0.7058246826923077 0.8152040552884615 0.7078567331730768 0.8109248822115384 0.7033183894230769 0.7811214158653846 0.6959261730769231 0.7678238894230769 0.6871070240384616 0.7627793341346153 0.6788929855769231 0.7617085721153847 0.6636751322115385 0.7675146418269231 0.6399406899038461 0.7702630528846155 0.5948064038461538 0.7734676009615384 0.5783783269230769 0.7713260793269231 0.5737091201923077 0.7759106322115384 0.5725847403846154 0.7861505 0.5864615024038462 0.8067848605769231 0.5873691682692308 0.8127455528846154 0.5789384206730769 0.8278753533653845 0.586028079326923 0.8391859831730769 0.5995164375 0.8396459831730769 0.6246778197115385 0.8286446033653847
3 0.6471612115384615 0.7471856634615384 0.6494958173076923 0.7448933870192308 0.6626816201923076 0.7433664903846153 0.6676533846153846 0.7407688341346154 0.6652329350961538 0.7248736514423076 0.66229321875 0.7231921322115386 0.6411959350961538 0.7256351658653847 0.6081230721153846 0.7375526850961538 0.5969693149038462 0.7348004038461539 0.580843795673077 0.73464578125 0.5776015240384615 0.7309773653846154 0.5749643629807693 0.7312827451923076 0.5758720312500001 0.7372434375 0.5641990120192307 0.7487048221153846 0.5648041225961539 0.7526786153846154 0.583869358173077 0.7545147596153845 0.6049666442307692 0.7520717259615384 0.6073012475961538 0.7497794495192308 0.6152127283653847 0.7488633124999999 0.6181524471153845 0.7505448317307692 0.6471612115384615 0.7471856634615384
2 0.7227071490384614 0.1682523653846154 0.7095213437500001 0.16977926201923077 0.7045495793269231 0.17237691826923077 0.7034252019230769 0.18261678365384615 0.7066674735576922 0.18628520432692308 0.7184263413461539 0.1930112764423077 0.7263378245192308 0.19209513942307693 0.7283698701923077 0.18781596394230768 0.7256468653846154 0.16993388461538464 0.7227071490384614 0.1682523653846154
2 0.9567601129807692 0.3130137307692307 0.9564575576923077 0.3110268317307692 0.9614293221153846 0.3084291778846154 0.9634613677884616 0.30415000240384615 0.9625536995192309 0.29818931009615385 0.9590088701923077 0.2925339951923077 0.9452179567307692 0.29008709375 0.9349718701923078 0.29329550721153846 0.9309077740384615 0.3018538605769231 0.9113232692307692 0.31423137980769233 0.9041027451923077 0.33730877163461537 0.9102847379807693 0.3426587067307692 0.9234705384615385 0.34113181249999996 0.9284423052884615 0.33853415625 0.9567601129807692 0.3130137307692307
2 0.9029741730769231 0.4708870576923077 0.9002511682692307 0.4530049759615385 0.8973114495192308 0.45132345673076923 0.89640378125 0.4453627644230769 0.8934640673076923 0.4436812475961539 0.8776411033653846 0.44551352163461544 0.8726693365384615 0.4481111778846154 0.87539234375 0.4659932548076923 0.8733602956730769 0.4702724326923077 0.8895716586538461 0.4886145144230769 0.897483141826923 0.48769837740384614 0.9021523509615386 0.48311382451923074 0.9006395697115385 0.4731793341346154 0.9029741730769231 0.4708870576923077
2 0.8718024951923078 0.5129134206730769 0.86856021875 0.5092450048076923 0.8474629375 0.5116880384615384 0.8460360024038462 0.5199410072115385 0.8337578701923077 0.5274285961538461 0.8317258173076923 0.5317077716346155 0.8349680937499999 0.5353761875 0.84054496875 0.536752326923077 0.8484564495192307 0.5358361923076923 0.8706781129807692 0.5231532884615384 0.8727101634615385 0.5188741153846154 0.8718024951923078 0.5129134206730769
2 0.7360154278846154 0.3790142860576923 0.7330757115384615 0.37733276682692307 0.7278013894230769 0.37794352644230766 0.7228296274038463 0.38054118269230763 0.7204950216346154 0.3828334591346154 0.723823139423077 0.4046893341346154 0.726762858173077 0.4063708533653846 0.7320371778846154 0.40576009375 0.73579871875 0.39521484855769234 0.7339833798076923 0.38329346153846156 0.7360154278846154 0.3790142860576923
2 0.8499242115384615 0.5983461586538461 0.8555010889423078 0.5997222980769231 0.8631100144230769 0.596819264423077 0.8721458774038461 0.5856632596153847 0.8738753677884615 0.5793971875 0.870027983173077 0.5717549735576923 0.8670882644230768 0.570073454326923 0.8591767860576923 0.5709895913461538 0.8386846129807692 0.5774064206730769 0.8392897235576923 0.5813802163461539 0.8422294423076924 0.583061733173077 0.8434396682692308 0.5910093245192308 0.8411050625 0.5933016009615385 0.8437422235576922 0.5929962211538462 0.84962165625 0.5963592620192307 0.8499242115384615 0.5983461586538461
2 0.853640733173077 0.6403763894230768 0.850701016826923 0.6386948725961539 0.8322408918269232 0.6408325264423076 0.8211729855769231 0.656267704326923 0.8109268966346155 0.6594761177884615 0.8144717259615385 0.6651314350961539 0.8203511586538461 0.6684944711538462 0.8361741225961539 0.6666621971153847 0.841145889423077 0.6640645408653847 0.8528189110576924 0.65260315625 0.8548509591346154 0.6483239831730769 0.853640733173077 0.6403763894230768
2 0.8583915937500001 0.7773177139423078 0.8617197115384615 0.7991735889423077 0.8699337500000001 0.8002443485576923 0.8749055144230768 0.7976466923076924 0.8754247836538462 0.78343303125 0.8718799543269231 0.7777777163461538 0.8660005192307693 0.7744146778846154 0.8583915937500001 0.7773177139423078
2 0.8321508533653846 0.7459834855769232 0.8251470408653846 0.7528603149038461 0.8384186899038462 0.7695208798076922 0.8436930096153846 0.7689101201923076 0.8460276153846155 0.76661784375 0.8436071634615385 0.7507226610576924 0.8403648918269231 0.7470542451923077 0.8374251754807692 0.7453727259615385 0.8321508533653846 0.7459834855769232
2 0.7720154278846153 0.7387935384615385 0.7828666249999999 0.7395589206730769 0.7852012307692308 0.7372666442307693 0.7839910072115385 0.7293190528846154 0.7784141274038461 0.7279429134615385 0.7734423605769231 0.7305405697115385 0.7720154278846153 0.7387935384615385
2 0.7984320504807693 0.6831642692307691 0.7908231274038461 0.6860673052884615 0.788791079326923 0.6903464783653847 0.7906064158653846 0.7022678677884616 0.7991230096153846 0.7053255240384615 0.8096716514423077 0.7041040072115384 0.8107960336538462 0.6938641418269231 0.804311485576923 0.6865273052884615 0.7984320504807693 0.6831642692307691
2 0.7904347259615385 0.6658929471153846 0.7945846682692307 0.6755220576923077 0.8024961466346153 0.6746059206730769 0.8124396778846154 0.6694106081730768 0.8088948509615383 0.6637552932692308 0.8030154158653846 0.6603922572115385 0.7951039326923077 0.6613083942307691 0.7904347259615385 0.6658929471153846
2 0.8969062740384615 0.9245027716346154 0.8803923533653847 0.9041737908653846 0.8751180336538462 0.9047845504807692 0.8736910961538461 0.9130375192307691 0.8643526802884616 0.9222066298076924 0.8623206322115385 0.9264858028846154 0.8658654615384616 0.9321411177884615 0.863530858173077 0.9344333942307692 0.8667731298076924 0.9381018100961539 0.8937498461538461 0.9390218149038462 0.8987216129807692 0.9364241610576923 0.8969062740384615 0.9245027716346154
2 0.875073014423077 0.9573600288461539 0.8961702956730769 0.9549169975961539 0.8985049014423077 0.95262471875 0.8963870072115385 0.9387164375 0.8726525649038461 0.9414648461538462 0.8679833557692308 0.9460494014423078 0.875073014423077 0.9573600288461539
2 0.7919391201923076 0.9225042716346153 0.7907288966346153 0.9145566802884615 0.7821264543269231 0.8933115625 0.7771546923076923 0.8959092187500001 0.7733931514423078 0.9064544663461539 0.7663893365384615 0.9133312980769231 0.7666918918269231 0.9153181947115385 0.7731764399038461 0.9226550264423078 0.7790558725961538 0.9260180649038462 0.7896045168269231 0.9247965480769231 0.7919391201923076 0.9225042716346153