1 0.8979999999999999 0.31976744230769233 0.91 0.3284883725961538 0.9179999999999999 0.3284883725961538 0.92 0.3313953485576923 0.928 0.3313953485576923 0.9319999999999999 0.3255813942307692 0.9319999999999999 0.30232558173076923 0.926 0.28488372115384614 0.92 0.2819767451923077 0.908 0.2819767451923077 0.902 0.28488372115384614 0.894 0.2965116274038462 0.894 0.29941860576923074 0.89 0.30523255769230767 0.89 0.31976744230769233 0.8979999999999999 0.31976744230769233
1 0.838 0.2674418605769231 0.88 0.26453488461538466 0.8840000000000001 0.26162790625 0.878 0.22674418509615385 0.87 0.21511627884615384 0.8659999999999999 0.2122093028846154 0.846 0.2122093028846154 0.842 0.21511627884615384 0.8340000000000001 0.22674418509615385 0.83 0.24127906971153848 0.83 0.26453488461538466 0.8340000000000001 0.27034883653846153 0.838 0.2674418605769231
1 0.7100000000000001 0.3284883725961538 0.714 0.34011627884615386 0.718 0.3430232548076923 0.718 0.3284883725961538 0.7100000000000001 0.3139534879807692 0.7 0.3139534879807692 0.6900000000000001 0.3255813942307692 0.6880000000000001 0.33720930288461537 0.696 0.3255813942307692 0.7060000000000001 0.3255813942307692 0.7100000000000001 0.3284883725961538
1 0.6479999999999999 0.3139534879807692 0.6659999999999999 0.3139534879807692 0.672 0.30232558173076923 0.672 0.28779069711538463 0.6679999999999999 0.27034883653846153 0.66 0.26162790625 0.646 0.26162790625 0.642 0.26453488461538466 0.6340000000000001 0.2790697668269231 0.6319999999999999 0.30232558173076923 0.6340000000000001 0.3081395360576923 0.638 0.3110465120192308 0.6479999999999999 0.3139534879807692
1 0.5780000000000001 0.3313953485576923 0.5940000000000001 0.3343023245192308 0.596 0.3313953485576923 0.596 0.3081395360576923 0.588 0.29941860576923074 0.582 0.29941860576923074 0.5760000000000001 0.30523255769230767 0.572 0.3168604639423077 0.572 0.3255813942307692 0.574 0.3255813942307692 0.5780000000000001 0.3313953485576923
1 0.5479999999999999 0.2936046514423077 0.544 0.2761627908653846 0.536 0.2674418605769231 0.53 0.2674418605769231 0.528 0.26453488461538466 0.522 0.2674418605769231 0.518 0.27325581490384615 0.514 0.28488372115384614 0.516 0.29941860576923074 0.546 0.2965116274038462 0.5479999999999999 0.2936046514423077
1 0.438 0.2790697668269231 0.452 0.2790697668269231 0.46 0.27325581490384615 0.47000000000000003 0.27325581490384615 0.476 0.26162790625 0.474 0.25872093028846155 0.474 0.24418604567307692 0.47200000000000003 0.24127906971153848 0.47000000000000003 0.2238372091346154 0.46799999999999997 0.2238372091346154 0.464 0.21802325480769233 0.464 0.21511627884615384 0.45799999999999996 0.2122093028846154 0.44 0.2122093028846154 0.43400000000000005 0.21802325480769233 0.43400000000000005 0.22093023317307692 0.428 0.23255813942307693 0.424 0.25872093028846155 0.424 0.26453488461538466 0.428 0.27325581490384615 0.438 0.2790697668269231
1 0.356 0.25872093028846155 0.358 0.25581395432692305 0.366 0.25581395432692305 0.368 0.25290697596153844 0.368 0.24127906971153848 0.364 0.23255813942307693 0.364 0.2238372091346154 0.356 0.2122093028846154 0.348 0.20639534855769232 0.33999999999999997 0.20639534855769232 0.33 0.2122093028846154 0.326 0.21802325480769233 0.32399999999999995 0.22674418509615385 0.32399999999999995 0.25581395432692305 0.326 0.25872093028846155 0.356 0.25872093028846155
1 0.16199999999999998 0.24709302403846156 0.17200000000000001 0.24709302403846156 0.174 0.24418604567307692 0.182 0.24418604567307692 0.184 0.24127906971153848 0.2 0.24127906971153848 0.20199999999999999 0.23837209374999999 0.21 0.23837209374999999 0.212 0.24127906971153848 0.218 0.23255813942307693 0.20800000000000002 0.20348837259615385 0.206 0.20348837259615385 0.19799999999999998 0.19186046394230769 0.19399999999999998 0.18895348798076925 0.188 0.18604651201923075 0.176 0.18604651201923075 0.16199999999999998 0.19476744230769233 0.16 0.20348837259615385 0.15799999999999997 0.22674418509615385 0.16 0.22965116346153847 0.16 0.24418604567307692 0.16199999999999998 0.24709302403846156
1 0.26999999999999996 0.3110465120192308 0.276 0.3110465120192308 0.28400000000000003 0.30523255769230767 0.28400000000000003 0.29941860576923074 0.28 0.28779069711538463 0.276 0.28488372115384614 0.26999999999999996 0.28779069711538463 0.266 0.2936046514423077 0.266 0.3081395360576923 0.268 0.3139534879807692 0.26999999999999996 0.3110465120192308
2 0.908 0.7441860456730769 0.91 0.7470930240384616 0.9139999999999999 0.7441860456730769 0.92 0.7441860456730769 0.924 0.7325581394230769 0.924 0.7267441850961538 0.922 0.7238372091346155 0.9159999999999999 0.7209302331730769 0.91 0.7122093028846154 0.906 0.7122093028846154 0.896 0.7180232548076924 0.892 0.7238372091346155 0.892 0.7325581394230769 0.8979999999999999 0.7441860456730769 0.908 0.7441860456730769
2 0.872 0.7034883725961538 0.87 0.6976744182692307 0.864 0.6918604639423077 0.86 0.6744186057692307 0.8520000000000001 0.6744186057692307 0.848 0.6715116274038462 0.842 0.6802325576923077 0.842 0.6918604639423077 0.856 0.7005813942307693 0.872 0.7034883725961538
2 0.798 0.7703488365384616 0.802 0.7732558149038462 0.8079999999999999 0.7732558149038462 0.8059999999999999 0.6831395360576923 0.804 0.6773255817307693 0.798 0.6860465120192308 0.7939999999999999 0.6976744182692307 0.78 0.7180232548076924 0.778 0.7238372091346155 0.778 0.7325581394230769 0.7919999999999999 0.7529069759615384 0.798 0.7703488365384616
2 0.646 0.7325581394230769 0.6499999999999999 0.7209302331730769 0.6499999999999999 0.7093023245192308 0.644 0.7093023245192308 0.638 0.7034883725961538 0.6319999999999999 0.7034883725961538 0.63 0.7005813942307693 0.628 0.7034883725961538 0.626 0.7093023245192308 0.626 0.7354651153846153 0.642 0.7354651153846153 0.646 0.7325581394230769
2 0.722 0.6162790697115385 0.732 0.6162790697115385 0.736 0.61337209375 0.732 0.5988372091346154 0.728 0.5959302331730769 0.722 0.5959302331730769 0.714 0.6017441850961538 0.712 0.6046511634615385 0.712 0.61337209375 0.72 0.61337209375 0.722 0.6162790697115385
2 0.518 0.6715116274038462 0.522 0.6656976754807692 0.524 0.6656976754807692 0.524 0.6540697668269231 0.522 0.6482558149038462 0.512 0.6453488365384616 0.508 0.6482558149038462 0.508 0.6627906971153846 0.514 0.6715116274038462 0.518 0.6715116274038462
2 0.566 0.5872093028846154 0.566 0.5784883725961538 0.554 0.5784883725961538 0.55 0.5813953485576924 0.5479999999999999 0.5901162788461538 0.5559999999999999 0.5959302331730769 0.564 0.5930232548076924 0.566 0.5872093028846154
2 0.438 0.8081395360576923 0.44 0.7587209302884615 0.43400000000000005 0.7529069759615384 0.42600000000000005 0.7529069759615384 0.42 0.7558139543269231 0.41600000000000004 0.76162790625 0.414 0.8168604639423077 0.41800000000000004 0.8226744182692307 0.43 0.8226744182692307 0.438 0.8081395360576923
2 0.368 0.7674418605769231 0.374 0.7645348846153847 0.374 0.7470930240384616 0.37 0.7412790697115385 0.37 0.73837209375 0.36 0.73837209375 0.356 0.7325581394230769 0.35 0.7354651153846153 0.348 0.7412790697115385 0.352 0.7558139543269231 0.36 0.7674418605769231 0.368 0.7674418605769231
2 0.16199999999999998 0.7936046514423077 0.16199999999999998 0.8052325576923077 0.18 0.8052325576923077 0.186 0.8023255817307693 0.19399999999999998 0.7965116274038462 0.19399999999999998 0.7936046514423077 0.19799999999999998 0.7877906971153846 0.20400000000000001 0.7848837211538461 0.206 0.7790697668269231 0.20400000000000001 0.7558139543269231 0.192 0.7645348846153847 0.186 0.7587209302884615 0.184 0.7529069759615384 0.174 0.7529069759615384 0.174 0.7703488365384616 0.16999999999999998 0.7819767451923076 0.168 0.7819767451923076 0.16199999999999998 0.7936046514423077
2 0.25 0.73837209375 0.254 0.7441860456730769 0.258 0.7441860456730769 0.268 0.7354651153846153 0.268 0.7209302331730769 0.262 0.6976744182692307 0.252 0.7063953485576923 0.24400000000000002 0.7063953485576923 0.246 0.7238372091346155 0.25 0.73837209375
1 0.40800000000000003 0.3110465120192308 0.41000000000000003 0.3081395360576923 0.41800000000000004 0.3081395360576923 0.422 0.30232558173076923 0.41800000000000004 0.28779069711538463 0.414 0.28488372115384614 0.40800000000000003 0.28488372115384614 0.40399999999999997 0.29069767548076925 0.402 0.2965116274038462 0.40399999999999997 0.30232558173076923 0.40399999999999997 0.3110465120192308 0.40800000000000003 0.3110465120192308
1 0.297266 0.2828284879807692 0.288732 0.2795959302884615 0.28626999999999997 0.2866598846153846 0.29467 0.29845930288461536 0.298008 0.29199127884615383 0.297266 0.2828284879807692
1 0.46904999999999997 0.28657848798076924 0.464442 0.3007558149038462 0.46715199999999996 0.31099418509615384 0.483962 0.3129622091346154 0.49031 0.3136104639423077 0.48911200000000005 0.29642441826923077 0.48233400000000004 0.28618313942307694 0.47447199999999995 0.2826395360576923 0.46904999999999997 0.28657848798076924
1 0.489078 0.2970784879807692 0.489078 0.31000872115384615 0.48961200000000005 0.3175058149038461 0.499046 0.31440406971153845 0.497622 0.3066453485576923 0.49370600000000003 0.29863081490384613 0.489078 0.2970784879807692