1 0.770830454326923 0.6980094086538462 0.7754520865384615 0.7090525961538462 0.7857096177884616 0.7143055913461538 0.7978832475961538 0.7096943485576923 0.8063370865384616 0.7010090600961539 0.814527783653846 0.6820665528846154 0.8164438846153845 0.6722023125000001 0.8192618317307693 0.6693072163461539 0.8230940384615385 0.6495787379807693 0.8228308942307693 0.6393215168269231 0.8138507692307692 0.627492360576923 0.80731303125 0.6263134110576923 0.8035932427884614 0.6222393677884616 0.8007752932692308 0.6251344591346153 0.7920583100961539 0.6235625288461539 0.7807865240384615 0.6351429134615384 0.7669599350961539 0.6598756153846155 0.7644051322115384 0.6730279326923078 0.7615871826923077 0.6759230312500001 0.7633908701923077 0.6898613149038462 0.7664719639423077 0.6972234399038462 0.770830454326923 0.6980094086538462
3 0.7756386033653846 0.60358528125 0.75666409375 0.5967603509615385 0.7448660216346153 0.5878262908653846 0.7417849326923077 0.5804641658653846 0.7330679471153847 0.5788922331730769 0.73025 0.5817873245192308 0.7270564951923078 0.5982277259615384 0.7275827836538462 0.6187421682692308 0.7190165288461539 0.6512299783653847 0.7275086826923077 0.7004069615384616 0.7305897740384615 0.7077690865384615 0.7548246177884615 0.7223491249999999 0.7613623557692308 0.723528076923077 0.780712423076923 0.7168077043269231 0.7798105793269231 0.7098385625 0.7695530528846154 0.7045855649038462 0.7633908701923077 0.6898613149038462 0.7615871826923077 0.6759230312500001 0.7647806875000001 0.6594826298076922 0.7786072788461538 0.6347499302884615 0.7970555048076923 0.6210604182692308 0.8079517331730769 0.6230253341346154 0.8219290504807693 0.632352375 0.816030016826923 0.6278853461538462 0.827677358173077 0.6027596610576923 0.8202377788461538 0.5946115673076923 0.8115207932692308 0.5930396346153846 0.8030669543269231 0.6017249206730769 0.7812744975961539 0.5977950889423077 0.7756386033653846 0.60358528125
0 0.7143948942307692 0.6401867908653845 0.7181146850961538 0.6442608389423078 0.7219468894230769 0.6245323605769231 0.7201432019230769 0.6105940745192308 0.71142621875 0.609022141826923 0.7066921682692308 0.6217814759615384 0.7075940120192308 0.6287506201923077 0.7097732596153846 0.6291436009615385 0.7143948942307692 0.6401867908653845
0 0.7987442499999999 0.4614118942307692 0.8017129254807693 0.49257654086538466 0.8054327187499999 0.4966505889423077 0.8067101201923077 0.49007443028846154 0.8136234134615384 0.4777080793269231 0.815539516826923 0.46784384134615387 0.8115565817307692 0.4535125721153846 0.8028395961538461 0.45194063942307694 0.8000216514423077 0.4548357355769231 0.7987442499999999 0.4614118942307692
2 0.7456912379807693 0.47907089663461544 0.7393042283653847 0.5119516899038461 0.7395673725961539 0.5222089134615385 0.7404692163461538 0.5291780552884615 0.7535446874999999 0.5315359567307693 0.7635390745192308 0.5265317307692308 0.7641777740384617 0.5232436514423077 0.7609459591346154 0.48182177884615385 0.7594054134615384 0.47814071634615385 0.7485091850961538 0.47617580048076924 0.7456912379807693 0.47907089663461544
2 0.7997968221153846 0.50244078125 0.7972420192307692 0.5155931009615384 0.7987825625 0.5192741634615385 0.7949503581730769 0.539002641826923 0.8080258341346155 0.5413605408653847 0.81084378125 0.5384654447115385 0.8093032355769231 0.5347843822115385 0.8112193365384616 0.5249201418269231 0.8054327187499999 0.4966505889423077 0.8032534711538462 0.4962576057692308 0.7997968221153846 0.50244078125
1 0.4988842836538462 0.7331454975961538 0.4929567331730769 0.7320765817307693 0.4844345048076923 0.7313599543269231 0.4861539855769231 0.7420159254807692 0.49544508413461535 0.7434191274038462 0.4988842836538462 0.7331454975961538
1 0.45738181250000004 0.7275705817307692 0.4577605360576923 0.7265498365384615 0.44799751682692307 0.7247892716346154 0.44530741105769234 0.7349223245192308 0.4535428389423077 0.7380443846153846 0.45738181250000004 0.7275705817307692
1 0.4385140913461539 0.72716303125 0.44380332451923077 0.7175837596153846 0.43283653365384617 0.7155176346153845 0.43162164423076926 0.7245588125 0.4385140913461539 0.72716303125
1 0.36961655288461537 0.7669378870192307 0.37425050240384616 0.7830269206730769 0.39277917548076924 0.7814641033653846 0.3985508798076923 0.7659174423076922 0.38874631971153845 0.7594937331730769 0.3781451490384615 0.7453268966346154 0.36961655288461537 0.7669378870192307
1 0.37596874519230766 0.7114770120192309 0.3650565745192308 0.7086652139423077 0.36473200961538466 0.7140518942307692 0.36644842788461535 0.7200788870192307 0.37050933413461534 0.7205389278846154 0.37596874519230766 0.7114770120192309
1 0.2383834735576923 0.8906914807692308 0.24696750240384613 0.8585301850961538 0.23309443028846152 0.8564232307692308 0.21915103365384617 0.8613551466346153 0.20735023798076924 0.8686337067307692 0.20012472596153846 0.8790889831730768 0.20465476682692307 0.8998932091346153 0.22124760817307693 0.9107230961538462 0.2383834735576923 0.8906914807692308
0 0.5061402355769231 0.6672260360576924 0.5101761586538461 0.6647956105769232 0.5102217620192308 0.6552713149038462 0.5046218413461538 0.6534446971153846 0.5061402355769231 0.6672260360576924
2 0.5122264447115384 0.6059350625 0.5166480913461539 0.609182764423077 0.513437391826923 0.6238537716346154 0.5214149158653846 0.6236587956730768 0.5234929423076923 0.6008845745192308 0.5146948197115384 0.6006593125 0.5122264447115384 0.6059350625
2 0.5107291009615385 0.6220040817307692 0.5127494639423077 0.6060293774038461 0.5029329206730769 0.5998995913461539 0.50026915625 0.6043233269230769 0.5041377379807692 0.6085603317307693 0.5033371153846153 0.6247583966346154 0.5110266826923077 0.6223300048076923 0.5107291009615385 0.6220040817307692
3 0.5107823581730769 0.6821117908653846 0.5033232788461539 0.7093642620192308 0.4979577884615385 0.7054018341346153 0.50323815625 0.6698575216346154 0.49780601201923075 0.6745988149038461 0.49435081490384614 0.7091075576923077 0.4995053557692308 0.720658639423077 0.507952375 0.7161887548076924 0.5211219206730769 0.6883358966346154 0.5212396754807692 0.6793691322115385 0.5120597596153846 0.6755356322115385 0.5107823581730769 0.6821117908653846
3 0.4464819831730769 0.7056517211538461 0.4485290961538461 0.7155499975961538 0.45244021634615383 0.7056337259615385 0.4586502235576923 0.6996748052884616 0.4577780889423077 0.7153120456730769 0.4663753317307692 0.7054240408653847 0.4650621899038461 0.6880314254807692 0.46684876442307693 0.6741892451923076 0.45498403365384615 0.67395890625 0.45350225 0.6815872475961539 0.4464819831730769 0.7056517211538461
3 0.41841666826923074 0.7114879302884615 0.4341072403846154 0.7143174110576923 0.44489918749999996 0.6884861466346154 0.45319335096153845 0.6690109663461539 0.43052063942307695 0.6510337067307692 0.4168330889423077 0.6360346394230769 0.41003276442307696 0.6506062524038462 0.39629153125000005 0.6832601129807692 0.38803596394230766 0.7155419014423077 0.39358785336538465 0.7222605432692308 0.4083600024038461 0.6824415552884615 0.40154631249999995 0.7416716947115384 0.41430123798076923 0.7428929543269231 0.4108685336538462 0.726193548076923 0.41841666826923074 0.7114879302884615
0 0.40785604567307693 0.6627411129807693 0.39283629326923075 0.6499555576923076 0.3897788846153846 0.6638374254807692 0.3935777451923077 0.6721491706730769 0.4035807860576923 0.67731884375 0.40785604567307693 0.6627411129807693
0 0.36830715384615387 0.6777644615384616 0.37309368028846157 0.6668251225961538 0.3652518942307692 0.6542449278846154 0.35782700240384613 0.66924503125 0.36830715384615387 0.6777644615384616
2 0.4897181418269231 0.5429861899038462 0.48471645192307694 0.54644040625 0.4692649326923077 0.5823252355769231 0.4793580048076923 0.5879603677884615 0.4854513365384615 0.5751704903846154 0.4956608149038461 0.5514088677884615 0.4897181418269231 0.5429861899038462
2 0.44109098798076923 0.5731607211538461 0.44480166586538467 0.5373367451923077 0.4330877980769231 0.5316849975961538 0.43365841105769226 0.5426817211538462 0.4302428918269231 0.5741993485576923 0.44109098798076923 0.5731607211538461
0 0.2645699663461538 0.7104092668269231 0.2678227668269231 0.6973794158653847 0.2673363581730769 0.6896650048076923 0.26202852884615385 0.6789030625 0.25877465384615383 0.7077306370192308 0.2645699663461538 0.7104092668269231
0 0.18548840865384617 0.7078590961538461 0.18098912019230767 0.6947926153846153 0.17336334375 0.6996794495192307 0.16855597115384613 0.7197834014423077 0.17125527163461537 0.7235372908653847 0.17453111538461538 0.7317547211538462 0.18182026923076922 0.7295297908653846 0.18548840865384617 0.7078590961538461
2 0.26720965865384616 0.5602639615384615 0.2869642019230769 0.5681824663461538 0.28202061298076925 0.5490427283653846 0.26887891826923077 0.5395941129807692 0.26720965865384616 0.5602639615384615