1 0.6882919807692307 0.10934300480769231 0.6887468100961538 0.11237962019230768 0.6908176802884616 0.11213011538461538 0.6983947836538462 0.12049145673076923 0.6988496153846153 0.12352807211538462 0.7009204807692307 0.12327856730769231 0.6968270120192308 0.09594902884615385 0.6938464831730768 0.09012529807692307 0.6841985096153846 0.08201345913461539 0.6759150264423077 0.08301146875 0.6653091225961538 0.09665494711538461 0.6646027427884615 0.10601429567307694 0.6682896538461538 0.10247867548076924 0.6765731370192308 0.10148066826923077 0.6882919807692307 0.10934300480769231
1 0.16178024278846154 0.7323241298076923 0.16799285817307694 0.7315756225961538 0.16960889663461537 0.7282895048076923 0.18708552403846154 0.7323667163461539 0.17768910096153848 0.7118589134615385 0.16642508653846155 0.7070331947115385 0.15445469230769232 0.7115668221153846 0.15006140144230767 0.7244617932692308 0.1527903798076923 0.7426814879807692 0.15486125240384616 0.7424319831730769 0.1544064230769231 0.7393953677884616 0.16178024278846154 0.7323241298076923
1 0.2850847524038462 0.8658560649038461 0.28346871153846154 0.8691421850961538 0.28942977403846154 0.8807896418269231 0.2965520456730769 0.8861143677884615 0.30690639903846156 0.8848668557692307 0.3105933100961539 0.8813312355769232 0.31705747115384614 0.8681867596153846 0.31432849038461536 0.8499670697115385 0.3118027908653846 0.8471799543269231 0.30260964903846155 0.8421047331730769 0.2963970336538461 0.8428532403846154 0.29387133413461536 0.8400661274038461 0.29225529567307695 0.8433522451923078 0.2839718125 0.8443502548076923 0.2823557716346154 0.8476363725961539 0.2850847524038462 0.8658560649038461
1 0.7231894807692308 0.6801415721153846 0.7243506899038461 0.6738188389423077 0.7229862019230769 0.6647089951923076 0.7200056682692307 0.6588852644230769 0.7124285649038461 0.6505239254807692 0.7020742139423077 0.6517714350961538 0.6926295192307692 0.6590921802884615 0.6893974350961538 0.6656644158653846 0.6907619278846154 0.6747742620192307 0.6981357499999999 0.6677030216346154 0.7231894807692308 0.6801415721153846
1 0.6548126754807692 0.8429504615384615 0.6617316658653846 0.8328426057692307 0.6603671754807692 0.8237327572115384 0.6527900745192308 0.8153714158653845 0.6491031610576923 0.8189070384615385 0.6378391466346154 0.8140813173076923 0.6336974086538463 0.8145803245192307 0.6320813653846155 0.8178664399038461 0.6364263894230769 0.8328000168269232 0.6419326177884616 0.841410858173077 0.6548126754807692 0.8429504615384615
0 0.7190552187500001 0.1458249783653846 0.7167810697115384 0.13064189903846152 0.7117296682692308 0.12506767067307692 0.7059718846153846 0.12885279326923077 0.7027398028846155 0.13542503125 0.7052655024038461 0.1382121466346154 0.7070848245192308 0.15035860576923077 0.7100653533653846 0.15618233894230768 0.7142070961538463 0.15568333173076926 0.7190552187500001 0.1458249783653846
0 0.27497923317307693 0.19314524759615384 0.26992783173076923 0.1875710216346154 0.2683117908653846 0.19085713942307692 0.2620991802884615 0.19160564423076923 0.2648281610576923 0.20982534134615383 0.26780868990384615 0.21564906730769232 0.27195043028846155 0.21515006490384614 0.27679855288461536 0.20529171153846154 0.27497923317307693 0.19314524759615384
0 0.7424473509615385 0.8509405600961538 0.7426989014423077 0.8385445937499999 0.7351217980769231 0.830183252403846 0.7268383173076922 0.8311812620192308 0.7252222764423077 0.8344673822115385 0.7245158942307692 0.8438267307692308 0.7279512572115384 0.8526870745192308 0.7325478293269231 0.8552246874999999 0.7387604399038461 0.8544761778846154 0.7424473509615385 0.8509405600961538
0 0.7148196514423077 0.8635434399038461 0.7130003317307693 0.8513969759615385 0.7070392716346153 0.8397495168269231 0.7049683990384616 0.8399990216346154 0.7001202764423078 0.8498573774038461 0.6989590649038462 0.856180108173077 0.7028492572115385 0.8680770673076924 0.707445829326923 0.8706146778846153 0.7115875721153846 0.8701156730769231 0.7148196514423077 0.8635434399038461
2 0.7747858437499999 0.3771493605769231 0.7734213533653846 0.3680395144230769 0.7704408221153846 0.36221578365384616 0.76286371875 0.3538544447115385 0.7587219759615385 0.35435344711538463 0.75134815625 0.36142469230769236 0.7522578149038461 0.367497923076923 0.7623606177884615 0.37864637740384616 0.7690280600961539 0.3809344855769231 0.7747858437499999 0.3771493605769231
2 0.7263528966346153 0.44790435576923077 0.7314042956730769 0.4534785817307692 0.7380717379807693 0.4557666923076923 0.7661542692307692 0.4462004278846154 0.7664058173076923 0.4338044615384616 0.7597383774038462 0.43151635336538463 0.751454891826923 0.43251436298076923 0.7468583197115385 0.4299767548076923 0.7452422836538461 0.4332628701923077 0.7307461875 0.4350093870192308 0.7275141057692308 0.44158162259615386 0.725443235576923 0.44183112259615387 0.7263528966346153 0.44790435576923077
2 0.30712735817307696 0.49223059855769236 0.30803701923076926 0.49830383173076925 0.31056271874999997 0.5010909423076924 0.32712968509615387 0.4990949230769231 0.32965538461538463 0.5018820384615384 0.3420806081730769 0.5003850216346154 0.3453126875 0.4938127884615385 0.3448578581730769 0.4907761730769231 0.3372807572115385 0.48241483173076927 0.33520988701923077 0.4826643365384615 0.3301584855769231 0.4770901081730769 0.32601674278846154 0.47758911057692305 0.3207137932692307 0.48441085096153846 0.31243030769230773 0.48540886057692306 0.30874339663461536 0.48894448076923075 0.30712735817307696 0.49223059855769236
2 0.3735984975961539 0.4996791057692308 0.37521453846153846 0.4963929855769231 0.3876397620192308 0.49489597115384615 0.3892558028846154 0.49160985336538465 0.3865268245192308 0.4733901610576923 0.3803142091346154 0.47413866826923073 0.37778851201923075 0.4713515528846154 0.3695050264423077 0.47234956250000004 0.36465690384615385 0.4822079158653846 0.3572830841346154 0.4892791586538462 0.3510704711538462 0.4900276658653846 0.3519801298076923 0.4961008966346154 0.35703153365384616 0.501675125 0.3735984975961539 0.4996791057692308