1 0.5572704254807692 0.6953933894230769 0.5797221730769231 0.6921776177884615 0.5893313677884615 0.6755567475961539 0.5835132860576923 0.6421828125 0.5362683004807692 0.6552706370192307 0.5359359086538462 0.6751647764423077 0.5572704254807692 0.6953933894230769
1 0.46708003365384615 0.6926931730769231 0.4871056298076923 0.6882242235576924 0.49663732932692306 0.6728433125000001 0.4959076201923077 0.6428305649038462 0.44850047596153847 0.6492488894230769 0.45431856009615385 0.6826228221153846 0.46708003365384615 0.6926931730769231
1 0.5311786009615385 0.6507224230769231 0.49620994230769233 0.6550591177884615 0.4994432980769231 0.6850850841346153 0.5146273413461538 0.6918339038461538 0.5268212620192307 0.6785610048076923 0.5311786009615385 0.6507224230769231
1 0.4165796995192308 0.6746445841346154 0.42954096875 0.6845926153846154 0.4418594110576923 0.6847810288461538 0.45251662259615383 0.6702863245192308 0.44347118990384615 0.6481120048076924 0.4158499903846154 0.6446318365384616 0.4165796995192308 0.6746445841346154
1 0.19513342548076923 0.7301587644230769 0.2175851730769231 0.7269429951923077 0.23195842548076923 0.7003443149038462 0.2286439903846154 0.6669836009615384 0.1690429278846154 0.6866748245192308 0.17691715625 0.7098932716346155 0.19513342548076923 0.7301587644230769
1 0.5963558365384615 0.6555879110576923 0.5989405649038462 0.6589358798076923 0.6139624471153846 0.6590151995192308 0.6188075841346153 0.6523721370192308 0.6184021899038462 0.6356983918269231 0.6158174639423077 0.6323504206730769 0.60596503125 0.6389670432692308 0.6033803052884615 0.6356190721153846 0.5958693629807692 0.6355794134615385 0.5963558365384615 0.6555879110576923
1 0.4132652620192308 0.6412838653846153 0.4105183798076923 0.6312663990384616 0.4055110841346154 0.6312399591346154 0.3980812235576923 0.6345350504807693 0.39323608413461536 0.641178108173077 0.3937225576923077 0.6611866057692308 0.4015578149038461 0.6745652644230768 0.40906875721153846 0.6746049230769231 0.41165348317307693 0.6779528942307693 0.4165796995192308 0.6746445841346154 0.41633646394230767 0.6646403341346154 0.41375173798076925 0.6612923653846153 0.4132652620192308 0.6412838653846153
2 0.5820957524038461 0.1720359951923077 0.580078576923077 0.19203127163461536 0.5827443822115385 0.19871399278846152 0.5930022091346154 0.20877112259615385 0.5955058581730769 0.20878434134615384 0.5954247788461539 0.20544959134615384 0.6002699158653846 0.19880653365384615 0.6026114038461539 0.19215025240384614 0.6022870889423078 0.17881125240384615 0.5969554783653847 0.16544581490384613 0.5869408894230769 0.16539293509615385 0.5820957524038461 0.1720359951923077
2 0.5428481826923077 0.2051719735576923 0.5527006153846153 0.19855535817307693 0.5525384567307692 0.19188585576923078 0.5369490216346153 0.16846329086538464 0.5219271370192308 0.16838397115384615 0.5196667259615384 0.17837500240384616 0.5224946874999999 0.19172721634615383 0.53283359375 0.20511909615384616 0.5428481826923077 0.2051719735576923
2 0.4443140697115385 0.16797415865384616 0.4448816201923077 0.19131740625000002 0.4523925600961538 0.1913570625 0.45223040384615387 0.18468756490384616 0.4546529735576923 0.18136603605769233 0.4696748581730769 0.18144535336538462 0.4745199927884615 0.17480229567307692 0.4815444639423077 0.15483345673076923 0.4812201466346154 0.1414944591346154 0.46862083173076924 0.13809361057692307 0.46119096875000004 0.14138869951923078 0.4443140697115385 0.16797415865384616
2 0.4043367884615385 0.17109738942307692 0.41249636298076925 0.19781504807692307 0.4225109519230769 0.19786792788461538 0.4249335192307692 0.1945463966346154 0.4324444639423077 0.19458605528846154 0.4292921826923077 0.16789484134615387 0.4215380072115385 0.15785093028846153 0.4139459831730769 0.15447652163461537 0.4040124735576923 0.15775839182692308 0.4043367884615385 0.17109738942307692
2 0.1964529783653846 0.16666539903846156 0.20622433173076923 0.15671402884615387 0.22350662740384616 0.14680231971153845 0.22342554807692305 0.14346756971153846 0.22827068509615384 0.13682450961538462 0.2281085264423077 0.13015500961538462 0.22544272115384614 0.12347229086538461 0.22035434615384614 0.12011110096153846 0.195317875 0.11997890384615384 0.19289530528846152 0.1233004326923077 0.18037706971153847 0.12323433413461539 0.17795450240384614 0.12655586538461538 0.16793991105769232 0.12650298557692308 0.16551734134615387 0.12982451442307694 0.16592273557692308 0.14649826442307692 0.1686696201923077 0.15651573076923078 0.17109218990384617 0.15319420192307692 0.17609948317307692 0.15322064182692308 0.1964529783653846 0.16666539903846156
2 0.12416172115384616 0.07625700721153847 0.11939766586538461 0.08623481250000001 0.11980306009615385 0.1029085625 0.11738049038461539 0.10623009375 0.12271210096153846 0.11959552884615385 0.15057653846153846 0.13307994471153847 0.1529180264423077 0.12642366826923077 0.16204075 0.08979430048076924 0.16171643269230768 0.07645530288461538 0.15913170673076923 0.07310733173076923 0.13159158653846154 0.07296191586538461 0.12416172115384616 0.07625700721153847
3 0.5286566850961538 0.44516818990384616 0.5295755504807692 0.48296090625 0.5143743076923077 0.5784656370192308 0.5424009014423077 0.5986195504807692 0.5516857788461539 0.5686596850961538 0.5688869975961539 0.5554132235576923 0.58480075 0.5921747884615385 0.5825403365384616 0.6021658173076923 0.58496290625 0.5988442908653846 0.6000658701923076 0.6022583557692308 0.6223554591346154 0.5923730841346153 0.6244537115384615 0.5757125576923077 0.6129797019230769 0.5156341850961538 0.6203284879807692 0.5090043461538462 0.6177437596153846 0.5056563749999999 0.6189501442307692 0.45231360096153844 0.6128077475961539 0.40560066586538457 0.6076382956730769 0.3989047283653846 0.5824396634615385 0.39210303124999996 0.5724250721153846 0.3920501514423077 0.5526391322115385 0.4019486418269231 0.5475507572115385 0.39858745432692305 0.52760265625 0.4018164447115385 0.5301873846153846 0.4051644134615385 0.5281702091346154 0.4251596923076923 0.5335828990384616 0.44185987740384614 0.5286566850961538 0.44516818990384616