1 0.856 0.5377906971153846 0.8500000000000001 0.5523255817307692 0.872 0.5639534879807692 0.872 0.5377906971153846 0.856 0.5377906971153846
1 0.768 0.5261627908653846 0.766 0.5348837211538462 0.782 0.5552325576923077 0.786 0.5319767451923076 0.768 0.5261627908653846
1 0.6799999999999999 0.5610465120192308 0.678 0.5726744182692308 0.702 0.5813953485576924 0.696 0.5581395360576923 0.6799999999999999 0.5610465120192308
1 0.58 0.5465116274038462 0.56 0.5552325576923077 0.5579999999999999 0.5639534879807692 0.5780000000000001 0.5784883725961538 0.5860000000000001 0.5726744182692308 0.58 0.5465116274038462
1 0.48800000000000004 0.5813953485576924 0.482 0.6046511634615385 0.504 0.61337209375 0.504 0.5843023245192308 0.48800000000000004 0.5813953485576924
1 0.394 0.5755813942307693 0.374 0.5843023245192308 0.374 0.6104651153846153 0.392 0.6162790697115385 0.398 0.6075581394230769 0.394 0.5755813942307693
1 0.26 0.5843023245192308 0.26 0.6104651153846153 0.29 0.5988372091346154 0.27799999999999997 0.5755813942307693 0.26 0.5843023245192308
1 0.17200000000000001 0.6017441850961538 0.174 0.6162790697115385 0.19799999999999998 0.6308139543269231 0.196 0.5959302331730769 0.17200000000000001 0.6017441850961538
1 0 0.6540697668269231 0.014 0.6656976754807692 0.02 0.6424418605769231 0.006 0.6279069759615384 0 0.6308139543269231 0 0.6540697668269231
0 0.540146 0.7071511634615385 0.53642 0.6990290697115384 0.538594 0.6980145360576924 0.52866 0.6976744182692307 0.527728 0.7035406971153846 0.5305219999999999 0.716625 0.540146 0.7071511634615385
2 0.501652 0.7757325576923078 0.496064 0.7512558149038462 0.48458 0.7608430240384615 0.48737199999999997 0.7820494182692308 0.496996 0.7942325576923076 0.501652 0.7757325576923078
2 0.732302 0.7545261634615384 0.725162 0.7409912788461538 0.71678 0.7531715120192307 0.7295079999999999 0.77212209375 0.734474 0.7630988365384616 0.732302 0.7545261634615384