0 0.584 0.6650831346153846 0.56 0.6484560576923077 0.5559999999999999 0.6532066514423077 0.538 0.7220902620192308 0.56 0.7315914495192307 0.5780000000000001 0.7173396682692308 0.584 0.6650831346153846
0 0.49 0.6935866995192307 0.492 0.7268408557692307 0.502 0.7363420432692307 0.516 0.7363420432692307 0.526 0.7315914495192307 0.53 0.7244655576923077 0.53 0.7078384807692307 0.518 0.6793349158653845 0.516 0.6603325408653846 0.51 0.6460807596153846 0.49 0.6460807596153846 0.482 0.6532066514423077 0.48000000000000004 0.6603325408653846 0.482 0.6627078389423077 0.482 0.6722090264423077 0.49 0.6935866995192307
1 0.282 0.3230403798076923 0.3 0.2945368173076923 0.27799999999999997 0.26128266105769227 0.26 0.2494061754807692 0.238 0.2517814735576923 0.216 0.2802850360576923 0.216 0.3420427548076923 0.224 0.3515439423076923 0.238 0.3515439423076923 0.282 0.3230403798076923
1 0.482 0.47268408653846156 0.498 0.4251781466346154 0.49600000000000005 0.40380047596153845 0.482 0.3800475048076923 0.45799999999999996 0.3705463173076923 0.428 0.3729216153846154 0.412 0.3824228028846154 0.4 0.4061757716346154 0.398 0.44655581971153846 0.422 0.4940617572115385 0.452 0.5035629447115384 0.482 0.47268408653846156
1 0.524 0.23990498798076926 0.526 0.21377672115384616 0.506 0.1828978629807692 0.48800000000000004 0.18052256490384616 0.47000000000000003 0.19714964423076922 0.46799999999999997 0.22802850240384617 0.476 0.2470308798076923 0.5 0.2517814735576923 0.524 0.23990498798076926
1 0.612 0.14251781490384616 0.5860000000000001 0.12589073557692307 0.562 0.13539192307692308 0.5479999999999999 0.15201900240384617 0.546 0.19952493990384615 0.552 0.20427553365384615 0.624 0.17102137740384615 0.612 0.14251781490384616
2 0.786 0.6674584326923078 0.824 0.6627078389423077 0.828 0.5676959615384616 0.7899999999999999 0.5700712596153846 0.7919999999999999 0.6128266033653846 0.78 0.6460807596153846 0.764 0.6603325408653846 0.786 0.6674584326923078
2 0.702 0.6840855096153846 0.672 0.6840855096153846 0.6859999999999999 0.7387173389423077 0.7100000000000001 0.7315914495192307 0.702 0.6840855096153846
2 0.6880000000000001 0.8574821850961538 0.678 0.7387173389423077 0.638 0.7505938245192307 0.646 0.8147268413461538 0.628 0.8384798100961538 0.676 0.8764845600961538 0.6880000000000001 0.8574821850961538
2 0.59 0.8503562956730769 0.5760000000000001 0.7268408557692307 0.534 0.7363420432692307 0.538 0.8479809975961538 0.5700000000000001 0.8669833725961538 0.582 0.864608076923077 0.59 0.8503562956730769
2 0.338 0.8052256538461537 0.352 0.8028503557692308 0.366 0.7743467932692307 0.364 0.7054631826923077 0.352 0.6840855096153846 0.326 0.6888361033653846 0.33999999999999997 0.7410926370192308 0.328 0.7790973870192308 0.338 0.8052256538461537
2 0.386 0.8384798100961538 0.38799999999999996 0.7648456057692308 0.39599999999999996 0.7410926370192308 0.40800000000000003 0.7363420432692307 0.412 0.6722090264423077 0.392 0.6722090264423077 0.376 0.6840855096153846 0.382 0.7505938245192307 0.368 0.8123515432692308 0.376 0.8361045120192308 0.386 0.8384798100961538
2 0.58 0.5866983365384615 0.5760000000000001 0.5961995240384615 0.566 0.6508313533653846 0.584 0.6603325408653846 0.606 0.5890736346153846 0.58 0.5866983365384615
1 0.302422 0.22695011778846153 0.299914 0.22029928846153846 0.288526 0.22029928846153846 0.28814 0.2342874110576923 0.301264 0.23520427644230768 0.302422 0.22695011778846153
1 0.240756 0.23938954807692306 0.244354 0.22807125961538463 0.23504 0.2273182908653846 0.23228800000000002 0.22882660336538463 0.22996 0.2366247019230769 0.240756 0.23938954807692306