1 0.228 0.6144578317307693 0.20400000000000001 0.6234939759615384 0.20199999999999999 0.6626506033653846 0.20800000000000002 0.6686746995192308 0.24000000000000002 0.647590360576923 0.228 0.6144578317307693
1 0.368 0.4548192764423077 0.34600000000000003 0.4638554206730769 0.34400000000000003 0.4879518076923077 0.352 0.5030120480769231 0.38 0.4849397596153846 0.368 0.4548192764423077
1 0.51 0.37349397596153844 0.494 0.3644578317307693 0.48000000000000004 0.37349397596153844 0.48000000000000004 0.4066265072115384 0.5 0.4186746995192308 0.508 0.4066265072115384 0.51 0.37349397596153844
1 0.883938 0.6253765072115385 0.894 0.608433735576923 0.897224 0.5884066274038461 0.894 0.569277108173077 0.881908 0.5653313245192307 0.87 0.5662650600961538 0.859766 0.5758975913461538 0.860504 0.5906295192307692 0.871576 0.6092560240384615 0.883938 0.6253765072115385
2 0.544 0.5481927716346153 0.522 0.5451807235576923 0.526 0.6234939759615384 0.5399999999999999 0.6325301201923076 0.55 0.6174698798076924 0.544 0.5481927716346153
1 0.19799999999999998 0.5783132524038461 0.188 0.5421686754807692 0.16999999999999998 0.5421686754807692 0.16199999999999998 0.5572289158653846 0.16 0.5873493966346154 0.168 0.6054216875 0.186 0.6024096394230769 0.19799999999999998 0.5783132524038461
0 0.8696900000000001 0.7575783125 0.8632420000000001 0.7427951802884615 0.850764 0.7465993966346154 0.8486619999999999 0.7668704807692308 0.868288 0.7732048197115385 0.8696900000000001 0.7575783125
0 0.9086200000000001 0.56138253125 0.9034519999999999 0.552487951923077 0.8984700000000001 0.551933735576923 0.891088 0.56138253125 0.885738 0.5663885552884615 0.887352 0.5652590360576923 0.892196 0.5788975913461538 0.89884 0.5805662644230769 0.9034519999999999 0.5741716875 0.9086200000000001 0.56138253125
0 0.5537799999999999 0.4787198798076923 0.55506 0.5128945793269231 0.577882 0.49907530048076926 0.567858 0.4842951802884615 0.5537799999999999 0.4787198798076923
2 0.397668 0.7170873485576923 0.38832599999999995 0.7824939759615385 0.413998 0.7849427716346155 0.415296 0.7217921682692308 0.397668 0.7170873485576923
2 0.278246 0.8639036153846154 0.28238800000000003 0.9153584326923077 0.303186 0.9134006033653846 0.297662 0.8727680721153847 0.278246 0.8639036153846154
2 0.259316 0.9021415673076922 0.24274400000000002 0.9031204807692308 0.23624399999999998 0.9359186754807692 0.234296 0.9569698798076923 0.257692 0.9540331322115385 0.259316 0.9021415673076922
0 0.237544 0.7944427716346154 0.23193999999999998 0.7947771081730769 0.22584600000000002 0.8140240961538462 0.240794 0.8189186754807692 0.244044 0.8027650600961539 0.237544 0.7944427716346154