1 0.184 0.27927927884615383 0.19799999999999998 0.27927927884615383 0.20800000000000002 0.2852852860576923 0.24000000000000002 0.2882882884615384 0.242 0.29129129086538463 0.246 0.2882882884615384 0.252 0.2882882884615384 0.254 0.29129129086538463 0.26 0.2882882884615384 0.258 0.2462462451923077 0.252 0.22822822836538462 0.24000000000000002 0.2132132139423077 0.232 0.20720720673076926 0.226 0.20420420432692307 0.214 0.20420420432692307 0.212 0.20720720673076926 0.20400000000000001 0.20720720673076926 0.196 0.2132132139423077 0.19 0.22222222115384616 0.182 0.24924924999999998 0.182 0.26426426442307693 0.18 0.2672672668269231 0.18 0.2732732740384615 0.184 0.27927927884615383
1 0.31599999999999995 0.8768768774038461 0.322 0.8858858870192308 0.33199999999999996 0.891891891826923 0.34400000000000003 0.891891891826923 0.35400000000000004 0.8828828822115384 0.358 0.8768768774038461 0.36200000000000004 0.8648648653846155 0.36200000000000004 0.8558558557692308 0.364 0.8528528533653846 0.36200000000000004 0.8288288293269231 0.35400000000000004 0.8018018028846154 0.34199999999999997 0.7837837836538462 0.33 0.7837837836538462 0.312 0.8048048052884614 0.30799999999999994 0.8138138149038461 0.30799999999999994 0.8618618629807693 0.314 0.8768768774038461 0.31599999999999995 0.8768768774038461
1 0.6859999999999999 0.31231231249999997 0.6880000000000001 0.3153153149038461 0.6880000000000001 0.32432432451923077 0.6920000000000001 0.3303303293269231 0.7 0.32432432451923077 0.7060000000000001 0.3153153149038461 0.732 0.2942942932692308 0.734 0.2852852860576923 0.732 0.2762762764423077 0.7260000000000001 0.2672672668269231 0.7260000000000001 0.26426426442307693 0.718 0.25525525480769234 0.712 0.25225225240384613 0.7080000000000001 0.25225225240384613 0.7060000000000001 0.25525525480769234 0.698 0.25525525480769234 0.6940000000000001 0.25825825721153844 0.6859999999999999 0.2732732740384615 0.6859999999999999 0.29129129086538463 0.6839999999999999 0.2942942932692308 0.6859999999999999 0.29729729807692307 0.6859999999999999 0.31231231249999997
1 0.998 0.15015014903846155 0.99 0.15315315384615386 0.9760000000000001 0.1651651658653846 0.9760000000000001 0.16816816826923078 0.968 0.18018018028846153 0.966 0.18618618509615384 0.962 0.20120120192307694 0.962 0.2132132139423077 0.998 0.2132132139423077 0.998 0.15015014903846155
1 0.946 0.3393393389423077 0.95 0.33633633653846157 0.954 0.3153153149038461 0.95 0.29729729807692307 0.946 0.29129129086538463 0.9420000000000001 0.2882882884615384 0.92 0.2882882884615384 0.9139999999999999 0.2942942932692308 0.91 0.30630630528846153 0.91 0.3213213221153846 0.9440000000000001 0.33333333413461536 0.946 0.3393393389423077
0 0.988 0.6066066057692308 0.9920000000000001 0.6156156153846154 0.998 0.6156156153846154 0.998 0.5465465456730769 0.988 0.5465465456730769 0.986 0.5435435432692308 0.978 0.5405405408653846 0.9760000000000001 0.5435435432692308 0.97 0.5435435432692308 0.97 0.5525525528846154 0.968 0.5555555552884616 0.964 0.5825825817307693 0.968 0.5975975985576923 0.9760000000000001 0.6066066057692308 0.988 0.6066066057692308
0 0.952 0.5525525528846154 0.9580000000000001 0.53153153125 0.9580000000000001 0.5225225216346154 0.954 0.5195195192307692 0.9339999999999999 0.5345345336538462 0.9339999999999999 0.5375375384615384 0.9299999999999999 0.5435435432692308 0.928 0.5645645649038461 0.9299999999999999 0.5675675673076923 0.9380000000000001 0.5675675673076923 0.952 0.5525525528846154
3 0.97 0.6096096105769231 0.984 0.6186186177884616 0.998 0.6186186177884616 0.998 0.35735735817307696 0.9920000000000001 0.3663663653846154 0.98 0.4144144134615385 0.978 0.5075075072115385 0.9740000000000001 0.516516516826923 0.964 0.5825825817307693 0.97 0.6096096105769231
3 0.9600000000000001 0.5135135144230769 0.962 0.5105105096153847 0.968 0.48348348317307693 0.966 0.4114114110576923 0.962 0.39339339423076924 0.9560000000000001 0.38438438461538466 0.952 0.38438438461538466 0.952 0.39939939903846156 0.954 0.40240240144230766 0.952 0.43543543509615384 0.95 0.4444444447115385 0.948 0.4444444447115385 0.9420000000000001 0.4804804807692308 0.9359999999999999 0.49849849759615383 0.9339999999999999 0.5285285288461539 0.9400000000000001 0.53153153125 0.954 0.5135135144230769 0.9600000000000001 0.5135135144230769
3 0.8979999999999999 0.5345345336538462 0.9139999999999999 0.5405405408653846 0.9159999999999999 0.5375375384615384 0.9159999999999999 0.5285285288461539 0.9179999999999999 0.5255255264423077 0.9179999999999999 0.5075075072115385 0.926 0.4924924927884616 0.926 0.4714714711538462 0.928 0.46846846875 0.928 0.46246246153846154 0.926 0.4594594591346154 0.902 0.4594594591346154 0.896 0.4774774783653846 0.896 0.4864864855769231 0.894 0.48948949038461537 0.894 0.5285285288461539 0.8979999999999999 0.5345345336538462
3 0.9179999999999999 0.44144144230769233 0.92 0.4384384375 0.92 0.4204204206730769 0.922 0.4174174182692308 0.922 0.40840840865384614 0.924 0.40540540625 0.924 0.3903903894230769 0.926 0.38738738701923076 0.92 0.38738738701923076 0.9159999999999999 0.3903903894230769 0.91 0.39939939903846156 0.906 0.4144144134615385 0.906 0.42942943028846153 0.902 0.43543543509615384 0.902 0.44144144230769233 0.9179999999999999 0.44144144230769233
3 0.768 0.5015015024038462 0.7739999999999999 0.5015015024038462 0.786 0.48348348317307693 0.804 0.4774774783653846 0.8119999999999999 0.4804804807692308 0.822 0.5225225216346154 0.8200000000000001 0.5405405408653846 0.824 0.5555555552884616 0.872 0.5225225216346154 0.876 0.5135135144230769 0.888 0.5135135144230769 0.888 0.48948949038461537 0.8819999999999999 0.4774774783653846 0.848 0.44144144230769233 0.8180000000000001 0.42642642548076926 0.788 0.4234234230769231 0.76 0.4444444447115385 0.7579999999999999 0.4534534543269231 0.77 0.4594594591346154 0.772 0.48948949038461537 0.768 0.5015015024038462
3 0.701688 0.5077147139423077 0.7149439999999999 0.526201201923077 0.7487199999999999 0.526201201923077 0.775234 0.5134024014423078 0.7626080000000001 0.42619819711538465 0.741144 0.4214564567307692 0.74651 0.36126726682692306 0.760082 0.3418348341346154 0.745878 0.33425225240384615 0.709894 0.4129279278846154 0.703898 0.39681381490384615 0.7067380000000001 0.3579489495192308 0.702634 0.33662162259615386 0.687484 0.39159759855769233 0.69064 0.4129279278846154 0.681802 0.5115075072115385 0.701688 0.5077147139423077
0 0.796 0.7087087091346155 0.8 0.7117117115384615 0.8059999999999999 0.7117117115384615 0.8119999999999999 0.6966966971153846 0.8119999999999999 0.6756756754807692 0.8099999999999999 0.6726726730769231 0.798 0.6726726730769231 0.796 0.6756756754807692 0.7919999999999999 0.6906906899038462 0.7919999999999999 0.6996996995192308 0.796 0.7057057067307693 0.796 0.7087087091346155
0 0.7652180000000001 0.6509549543269231 0.778104 0.6645405408653846 0.787426 0.6488978990384615 0.790168 0.6184324326923077 0.775088 0.6118468461538462 0.773168 0.6102012019230769 0.771798 0.6254324326923076 0.7652180000000001 0.6509549543269231
0 0.66 0.38138138221153844 0.6639999999999999 0.37837837740384617 0.672 0.3633633629807692 0.6659999999999999 0.35435435336538457 0.6659999999999999 0.3483483485576923 0.654 0.3423423413461538 0.646 0.3423423413461538 0.64 0.34534534615384616 0.6340000000000001 0.35435435336538457 0.6319999999999999 0.3633633629807692 0.6340000000000001 0.3693693701923077 0.642 0.38138138221153844 0.66 0.38138138221153844
0 0.252 0.5675675673076923 0.256 0.5675675673076923 0.258 0.5645645649038461 0.258 0.5555555552884616 0.26 0.5495495504807693 0.254 0.5285285288461539 0.246 0.5105105096153847 0.242 0.5045045048076923 0.23399999999999999 0.49849849759615383 0.228 0.49849849759615383 0.22 0.5075075072115385 0.218 0.5195195192307692 0.222 0.53153153125 0.24400000000000002 0.5615615625 0.252 0.5675675673076923
3 0.1 0.59459459375 0.09 0.6276276274038461 0.09 0.6426426418269231 0.13 0.6516516514423076 0.15399999999999997 0.6426426418269231 0.188 0.6456456466346154 0.206 0.6606606610576923 0.22 0.6636636634615385 0.226 0.6516516514423076 0.22 0.5765765769230768 0.226 0.5465465456730769 0.23 0.5435435432692308 0.22 0.5255255264423077 0.184 0.5225225216346154 0.184 0.516516516826923 0.174 0.5105105096153847 0.16999999999999998 0.4954954951923077 0.156 0.47447447355769234 0.136 0.46246246153846154 0.13 0.43243243269230774 0.114 0.46846846875 0.11 0.5225225216346154 0.10400000000000001 0.5495495504807693 0.11 0.5765765769230768 0.1 0.59459459375
3 0.16999999999999998 0.3693693701923077 0.16999999999999998 0.3633633629807692 0.18 0.35735735817307696 0.20199999999999999 0.3633633629807692 0.21 0.375375375 0.212 0.38738738701923076 0.218 0.39339339423076924 0.218 0.40840840865384614 0.224 0.4384384375 0.224 0.45045044951923074 0.218 0.47447447355769234 0.23 0.49849849759615383 0.23399999999999999 0.4954954951923077 0.24000000000000002 0.4774774783653846 0.242 0.4474474471153846 0.222 0.37837837740384617 0.20199999999999999 0.34534534615384616 0.186 0.3303303293269231 0.18 0.33633633653846157 0.168 0.33633633653846157 0.15399999999999997 0.3483483485576923 0.14200000000000002 0.37837837740384617 0.138 0.3963963966346154 0.15399999999999997 0.375375375 0.16599999999999998 0.3723723725961538 0.16999999999999998 0.3693693701923077
0 0.6792079999999999 0.45557357451923075 0.686758 0.4521231225961539 0.702844 0.44275675721153845 0.6956220000000001 0.41909609615384613 0.686758 0.42846246153846157 0.671656 0.43782882932692313 0.6792079999999999 0.45557357451923075
2 0.952 0.7357357355769231 0.954 0.7297297307692308 0.954 0.7237237235576923 0.952 0.7207207211538461 0.922 0.7177177187499999 0.91 0.7207207211538461 0.904 0.7237237235576923 0.904 0.732732733173077 0.908 0.7357357355769231 0.952 0.7357357355769231
2 0.8079999999999999 0.7747747740384615 0.828 0.7747747740384615 0.83 0.7717717716346153 0.8360000000000001 0.7717717716346153 0.842 0.7687687692307693 0.844 0.7627627620192308 0.846 0.7627627620192308 0.846 0.7537537548076922 0.848 0.75075075 0.846 0.7387387379807693 0.844 0.7447447451923076 0.838 0.7477477475961538 0.828 0.7477477475961538 0.824 0.7417417427884616 0.8160000000000001 0.7477477475961538 0.8160000000000001 0.75075075 0.804 0.7687687692307693 0.804 0.7717717716346153 0.8079999999999999 0.7747747740384615
2 0.622 0.9159159158653847 0.624 0.9099099110576923 0.626 0.9099099110576923 0.636 0.8948948942307692 0.638 0.888888889423077 0.638 0.873873875 0.64 0.8708708701923077 0.638 0.8678678677884615 0.63 0.8648648653846155 0.626 0.8708708701923077 0.62 0.873873875 0.6 0.9039039038461538 0.61 0.9189189182692308 0.6180000000000001 0.9189189182692308 0.622 0.9159159158653847
3 0.491232 0.7865105096153846 0.543368 0.7578078076923076 0.550898 0.7360630625 0.5167200000000001 0.6951831826923077 0.49702599999999997 0.6499549543269231 0.482544 0.6366906899038463 0.425774 0.6621321322115384 0.44315200000000005 0.7560690697115385 0.450104 0.8221741730769231 0.491232 0.7865105096153846