1 0.8760146634615384 0.18260688701923078 0.8527188533653847 0.18027668509615385 0.8382393173076923 0.1969266971153846 0.8267130552884615 0.24249383173076922 0.8327947908653847 0.24607029567307695 0.8513156802884615 0.2337732596153846 0.8821793581730769 0.24804852163461538 0.8938659519230769 0.23408068990384615 0.8881387235576923 0.19566581009615386 0.8760146634615384 0.18260688701923078
1 0.6592993221153846 0.14645090144230768 0.6631219423076923 0.1372905 0.667240673076923 0.11137761057692308 0.6631993197115384 0.10702463701923078 0.6426964447115384 0.10201225240384616 0.6399035072115384 0.10469443509615385 0.6330692163461538 0.10302363942307692 0.6313059615384616 0.09922759855769231 0.6039687932692307 0.09254442307692308 0.60165434375 0.1106643125 0.6061788461538462 0.11307940384615385 0.6077140360576924 0.11364988461538461 0.6148114206730769 0.11475238221153847 0.6163115841346154 0.11911672115384617 0.6180748389423076 0.12291276201923076 0.6346591490384615 0.12309744471153847 0.643352639423077 0.1425523846153846 0.6458118269230769 0.1533158125 0.6504056634615385 0.15773655528846156 0.6592993221153846 0.14645090144230768
1 0.39018774038461534 0.0974854951923077 0.3818089254807692 0.10553203846153845 0.37188558653846154 0.12329591105769232 0.3680629639423077 0.1324563125 0.3660035985576923 0.14541275961538463 0.36725201201923074 0.15244791105769231 0.3811393269230769 0.16930287740384614 0.3874587788461538 0.17421278365384613 0.3965711658653846 0.17644050721153848 0.39833442067307695 0.18023654807692308 0.41655919951923076 0.18469199759615387 0.42493801442307694 0.17664545913461538 0.4280270625 0.15721079086538461 0.4270747620192308 0.13342315144230768 0.41980300721153846 0.10472560336538463 0.4134835552884616 0.09981569951923076 0.3998149711538461 0.09647411057692307 0.3970220336538462 0.09915629086538462 0.39018774038461534 0.0974854951923077
1 0.23620262740384618 0.29202374759615385 0.23267611778846156 0.2844316634615385 0.22863476201923078 0.28007868990384616 0.2218004735576923 0.2784078942307692 0.21672943509615386 0.2805331442307692 0.21393649759615385 0.28321532451923076 0.21136229086538463 0.2994108798076923 0.21312554326923075 0.3032069254807692 0.2313503221153846 0.307662375 0.23414326201923077 0.3049801947115385 0.23620262740384618 0.29202374759615385
1 0.09730267307692309 0.33209604326923076 0.09759878365384617 0.3153435576923077 0.09407227163461539 0.30775147115384616 0.08775282211538461 0.3028415673076923 0.07812559134615384 0.30385295192307693 0.07533265144230769 0.30653513221153844 0.07275844471153846 0.3227306875 0.07452170192307693 0.3265267307692307 0.09046838221153847 0.33042525 0.09223163701923077 0.3342212932692308 0.09730267307692309 0.33209604326923076
1 0.07833091826923076 0.42167729807692306 0.07936060096153846 0.4151990721153846 0.07105916586538462 0.39297975 0.061946774038461536 0.39075202403846154 0.05731320192307692 0.4199040264423077 0.05907645673076923 0.42370006971153845 0.06363265144230769 0.4248139326923077 0.06642559375 0.42213175240384615 0.07553797836538462 0.4243594759615385 0.07833091826923076 0.42167729807692306
2 0.8896461634615385 0.7301703846153846 0.885709016826923 0.7298371129807693 0.8811146875 0.7280846754807692 0.873491625 0.7230680673076922 0.8658924230769232 0.726254375 0.8569119134615384 0.7196978798076923 0.8480182548076923 0.7309835336538462 0.8411065865384616 0.7595786033653845 0.8418401586538462 0.7698528677884616 0.8374253173076922 0.8125182427884615 0.8391885745192307 0.8163142884615385 0.8355846826923077 0.8389880673076924 0.8396260336538461 0.8433410384615385 0.8510165216346154 0.8461256971153847 0.8560875576923077 0.8440004471153847 0.8692191490384615 0.8531028293269232 0.8853427379807692 0.7939479375 0.8889466274038462 0.7712741610576923 0.8854201153846154 0.7636820721153845 0.8887278942307693 0.7577607812499999 0.8923317836538461 0.7350870024038462 0.8915982115384615 0.7248127379807693 0.8896461634615385 0.7301703846153846
0 0.29747911778846153 0.39785848557692305 0.2992423725961538 0.40165452644230765 0.29718300721153845 0.4146109735576923 0.3047508677884615 0.42655603124999997 0.31614135576923075 0.42934068990384616 0.3185377908653846 0.429182889423077 0.3206975504807692 0.43045455048076925 0.32481628125 0.4045416610576923 0.32305302884615383 0.40074562019230775 0.3238639759615385 0.38075401923076924 0.31805937019230773 0.37260500240384614 0.3112250769230769 0.3709342091346154 0.3023314206730769 0.3822198605769231 0.2985088004807692 0.39138026201923076 0.29747911778846153 0.39785848557692305
0 0.4552965961538461 0.24126850961538462 0.45631537259615385 0.2464876418269231 0.4570486466346154 0.2522224783653846 0.45336275721153846 0.2650639423076923 0.45414082211538465 0.2705169807692308 0.4588844375 0.2743080745192308 0.47139065625 0.27063890865384616 0.47609570192307693 0.2720819134615385 0.48501753365384614 0.27543406490384614 0.4953210264423077 0.28175203846153846 0.4993533028846154 0.25379229807692305 0.49816779807692313 0.24444059615384614 0.48345415384615387 0.24259667307692306 0.47014944951923077 0.2486986778846154 0.46495016105769227 0.2332273966346154 0.4552965961538461 0.24126850961538462
0 0.7189701634615384 0.23379962980769228 0.7277921105769232 0.2172773701923077 0.733277766826923 0.21861846153846154 0.7366587355769231 0.2035858846153846 0.7346927427884615 0.18477622836538463 0.7285758822115385 0.181167625 0.721971764423077 0.1806097019230769 0.7151001442307692 0.18174963461538463 0.7129155721153846 0.18770660336538464 0.7193389687499999 0.19406194230769233 0.7210304519230769 0.2068114639423077 0.7206117932692307 0.22503476923076923 0.7189701634615384 0.23379962980769228
0 0.7736414615384616 0.38803994471153846 0.7751766995192307 0.38195451442307693 0.7765600865384615 0.37205982451923075 0.7771815 0.3681502163461538 0.7621229086538462 0.3604510288461539 0.754026235576923 0.36493573557692305 0.7538300192307692 0.37808183653846156 0.7574687836538462 0.38139419471153846 0.7660627235576923 0.38807490625 0.7736414615384616 0.38803994471153846
0 0.7500868846153845 0.49841354807692306 0.7569211778846154 0.5000843413461539 0.775442064903846 0.48778730528846154 0.7757381730769232 0.47103481730769226 0.7722116634615385 0.46344273317307694 0.7494306899038462 0.4578734182692308 0.7415667163461539 0.4626808485576923 0.7326730576923077 0.4739665 0.734951153846154 0.47452343028846156 0.7384776682692308 0.48211551442307693 0.7379628245192307 0.485354625 0.7500868846153845 0.49841354807692306
2 0.5378633605769231 0.5737504447115385 0.5350704206730769 0.576432625 0.5282361274038462 0.5747618317307692 0.5249283485576923 0.5806831225961538 0.5233838245192307 0.5904004567307692 0.5091230192307692 0.6205638437500001 0.49728166826923076 0.6950634014423076 0.49801524038461537 0.7053376682692308 0.50205659375 0.7096906442307692 0.5045534230769231 0.7237609471153846 0.5227781995192308 0.7282163990384615 0.5349796370192308 0.7110094567307693 0.5526255961538461 0.6446589110576924 0.5554185384615384 0.6419767331730769 0.5574779038461538 0.6290202884615385 0.5674012427884615 0.6112564158653846 0.5694606105769231 0.59829996875 0.5631411586538462 0.5933900649038462 0.5606443317307692 0.5793197548076923 0.5378633605769231 0.5737504447115385
2 0.46089649038461544 0.575773483173077 0.45368870913461534 0.6211210432692307 0.4554519639423077 0.6249170841346154 0.4533925985576923 0.6378735288461539 0.45059966346153846 0.6405557091346155 0.4462621971153846 0.6529552211538461 0.44927386778846157 0.6637864182692308 0.4697767427884615 0.6687988004807692 0.4730845240384615 0.6628775096153846 0.4772032548076923 0.6369646201923077 0.48381881250000003 0.6251220360576923 0.4874227043269231 0.6024482596153846 0.49021564423076924 0.5997660769230769 0.4927898533653846 0.5835705216346153 0.49102659375 0.5797744783653846 0.46368943028846155 0.5730913028846154 0.46089649038461544 0.575773483173077
2 0.830388579326923 0.7535159783653846 0.8448032115384615 0.739269516826923 0.8576497475961538 0.6693598822115384 0.8231140769230769 0.6638780504807692 0.8205410096153846 0.7106345937499999 0.80385125 0.7435725096153847 0.830388579326923 0.7535159783653846
1 0.7154969567307692 0.4536222668269231 0.7169066971153846 0.43936291346153844 0.7143648509615385 0.4302213846153846 0.7014846466346154 0.4286944543269231 0.6970596899038461 0.45114394951923076 0.7154969567307692 0.4536222668269231
0 0.07610727884615384 0.5789342139423077 0.07044408413461539 0.5877927043269231 0.07677605528846154 0.6056372716346154 0.08636578125 0.5968066105769231 0.08833112019230768 0.58238696875 0.07610727884615384 0.5789342139423077
2 0.17693479807692308 0.52494425 0.1850985985576923 0.5316510384615385 0.2034199471153846 0.52805415625 0.1966526153846154 0.5200062788461538 0.18766380048076922 0.5140231682692308 0.17693479807692308 0.52494425