1 1 0.5198459975961538 0.984198298076923 0.5024283341346154 0.9442758509615385 0.5063845024038461 0.9290095432692307 0.5362220264423077 0.9315393004807693 0.5574820625 0.9398022067307692 0.5678862283653846 1 0.5635070793269231 1 0.5198459975961538
1 0.9048837235576923 0.5316652427884615 0.9269438197115385 0.5336209831730769 0.9384764110576923 0.5145748076923077 0.9321466490384616 0.5014405408653846 0.9122185721153847 0.5047514134615384 0.9048837235576923 0.5316652427884615
1 0.8619836538461538 0.5485732091346154 0.8697017908653847 0.5450374927884616 0.8653791153846153 0.5364109086538462 0.8546244519230769 0.5334713846153846 0.8524343365384616 0.5146840240384616 0.844105139423077 0.5016142860576923 0.8307132572115384 0.49699118509615386 0.8119815697115385 0.497315625 0.8004489759615385 0.5163618028846154 0.7991124399038461 0.5430820408653847 0.8462771322115384 0.5446970721153847 0.8619836538461538 0.5485732091346154
1 0.6067687644230769 0.5332834879807693 0.6012344831730769 0.5521360745192307 0.5973681899038461 0.5575962764423077 0.5975007692307692 0.5629274206730769 0.6056973846153846 0.570666014423077 0.6316900649038462 0.5698271225961539 0.6336232115384616 0.5670970216346154 0.6416209591346154 0.5668389014423076 0.6454209615384615 0.5587131274038462 0.6432889471153846 0.5534465192307693 0.6430237860576924 0.5427842331730769 0.6408254807692307 0.5348520504807692 0.6366940264423077 0.5296499711538462 0.6326288629807693 0.5271134543269231 0.6266305528846154 0.5273070480769231 0.6245648269230769 0.5247060048076923 0.616567079326923 0.5249641274038461 0.6067687644230769 0.5332834879807693
1 0.4465379158653846 0.6078152596153846 0.4506693701923077 0.6130173413461538 0.4627985721153846 0.6179613028846155 0.4687968822115384 0.6177677139423078 0.4708626057692307 0.6203687548076923 0.4947895600961539 0.6169288269230768 0.4986558533653846 0.6114686225961539 0.49799295432692303 0.5848129134615385 0.49159690624999997 0.5690130769230769 0.48140085096153845 0.5613390120192308 0.4634059206730769 0.5619197836538462 0.4516081706730769 0.5703036754807692 0.44780816586538463 0.5784294495192308 0.44833848317307695 0.5997540168269231 0.44640533653846154 0.6024841177884616 0.4465379158653846 0.6078152596153846
1 0.49286715625 0.5396272644230768 0.5167941081730769 0.5361873365384615 0.5206604014423077 0.5307271322115384 0.52046153125 0.522730420673077 0.5161312091346154 0.509531625 0.5099340288461538 0.5017285 0.5018037019230769 0.4966554783653846 0.4938059543269231 0.49691360096153847 0.48613965625 0.5104995745192308 0.4866036850961538 0.5291585721153846 0.4887357019230769 0.5344251826923077 0.49286715625 0.5396272644230768
1 0.36389810576923076 0.5838052740384615 0.3679632692307692 0.5863417884615385 0.38409134615384616 0.5911566899038462 0.4040857139423077 0.590511391826923 0.40588628125 0.5824501466346154 0.4054222524038461 0.5637911514423076 0.4033565264423077 0.561190110576923 0.40315765625 0.5531933966346154 0.39282902403846154 0.5401881923076923 0.3728346538461539 0.5408334903846154 0.36316891826923076 0.5544839951923077 0.36356665865384613 0.5704774206730769 0.3616335120192308 0.5732075240384615 0.3617660913461539 0.5785386658653846 0.36389810576923076 0.5838052740384615
1 0.4465379158653846 0.6078152596153846 0.45180703846153847 0.5783003894230769 0.4516081706730769 0.5703036754807692 0.44760929567307695 0.570432733173077 0.4416772764423077 0.5732918966346154 0.43394468750000004 0.5842123004807692 0.4321441201923077 0.5922735432692308 0.4324092788461539 0.6029358269230769 0.4365407331730769 0.6081379086538461 0.4426053317307692 0.6106098894230769 0.4465379158653846 0.6078152596153846
1 0.42550439423076925 0.40574809855769234 0.43563415865384614 0.41075659134615383 0.4395667427884616 0.40796196394230766 0.4413673076923077 0.39990071875 0.44096956971153844 0.3839072932692308 0.4387712644230769 0.37597511057692307 0.4305083581730769 0.3655709423076923 0.42451004567307693 0.3657645336538462 0.4174949927884616 0.3711796346153846 0.4149768918269231 0.3847461826923077 0.4170426177884616 0.38734722355769236 0.41724148798076927 0.39534393509615384 0.42550439423076925 0.40574809855769234
1 0.3775179110576923 0.4072968173076923 0.37778306971153847 0.41795910336538467 0.3920442884615385 0.42816967788461535 0.3980425985576923 0.42797608653846153 0.4071719615384615 0.4276787788461538 0.40390832692307693 0.42245135576923076 0.4037094591346154 0.41445464182692304 0.4015774423076923 0.40918803125 0.3953802620192307 0.40138490625 0.39531397115384614 0.3987193341346154 0.3912488076923077 0.39618282451923076 0.3852505 0.39637641346153846 0.3813179134615385 0.39917104326923075 0.3813842043269231 0.4018366177884615 0.3775179110576923 0.4072968173076923
1 0.36152241586538464 0.4078130552884615 0.36119096875 0.394485204326923 0.35692693509615386 0.3839519783653846 0.34493031249999995 0.38433915625 0.34106401923076923 0.38979936057692305 0.33920305528846156 0.40790381490384614 0.3456595 0.41366043990384616 0.34880847836538464 0.41258776201923075 0.35400563701923077 0.41075537740384616 0.36152241586538464 0.4078130552884615
1 0.3253336850961538 0.4009778822115385 0.3250022355769231 0.38765002884615385 0.3229365072115385 0.3850489855769231 0.31887134375 0.3825124759615385 0.3088741610576923 0.382835125 0.3050078653846154 0.38829532692307694 0.30270654326923074 0.39609529086538464 0.30540560336538464 0.40428875240384615 0.3194016610576923 0.4038370456730769 0.3253336850961538 0.4009778822115385
1 0.27251156971153845 0.33360497115384613 0.27555737259615387 0.3305561826923077 0.2744645 0.3220147668269231 0.2707757235576923 0.31530181249999994 0.2671347403846154 0.31051073317307687 0.26123762019230773 0.3115547235576923 0.25716470432692307 0.3151435264423077 0.25607418990384617 0.32922688461538463 0.25966744471153846 0.3320987524038461 0.26400213701923075 0.3325991033653847 0.27251156971153845 0.33360497115384613
1 0.10983704807692307 0.5866694350961539 0.1099696298076923 0.592000576923077 0.11203535576923077 0.5946016201923077 0.11230051442307692 0.6052639014423077 0.11436624038461538 0.6078649423076923 0.13436061057692308 0.6072196442307692 0.14815779807692306 0.5987712211538462 0.15009094471153844 0.5960411225961538 0.1498257860576923 0.5853788365384616 0.14762748076923077 0.57744665625 0.1454954639423077 0.5721800408653845 0.13329997355769233 0.5645705072115385 0.12530222596153845 0.5648286274038461 0.1135044735576923 0.5732125192307692 0.11157132932692308 0.5759426201923077 0.11177019711538462 0.5839393341346154 0.10983704807692307 0.5866694350961539
1 0.02865190865384615 0.6077154855769231 0.033250918269230774 0.6003375625 0.025993283653846153 0.5947108317307692 0.013201185096153846 0.5631111610576923 0.01113545673076923 0.5605101201923077 0.007136581730769231 0.5606391802884615 0.007837466346153846 0.5888222620192308 0.008313028846153845 0.6079450697115385 0.015648963942307692 0.6106854735576923 0.02232585817307692 0.6081677475961539 0.02865190865384615 0.6077154855769231
3 0.6235218918269231 0.6719385961538461 0.611659375 0.6370036298076923 0.608956329326923 0.6212473317307693 0.6086248798076923 0.6079194759615384 0.6023614086538461 0.5974507836538462 0.5943636610576923 0.5977089038461538 0.5865647860576924 0.6059637355769231 0.5852945360576923 0.635349548076923 0.5880894519230769 0.6672718701923077 0.5958775865384616 0.7390486995192307 0.6024725048076923 0.7628452475961538 0.6245326009615385 0.7648009903846155 0.6584567379807692 0.7610384110576922 0.6663219038461539 0.7554491466346154 0.6718561875 0.7365965625 0.6731927259615385 0.7098763197115385 0.6702652307692307 0.6726228557692308 0.6640680504807693 0.6648197331730769 0.6586108004807693 0.6063062283653846 0.6522810408653845 0.5931719639423076 0.6422175673076923 0.5908290432692308 0.6402844206730769 0.5935591442307693 0.6331484399038462 0.6284696850961539 0.6235218918269231 0.6719385961538461
3 1 0.7836653269230769 0.993765516826923 0.7262072427884616 0.9959111153846153 0.7072372668269231 0.9818747932692309 0.7137139663461538 0.9680351778846153 0.702110579326923 0.952155576923077 0.6604572451923078 0.9367313894230769 0.60533328125 0.9147375841346155 0.6060431129807692 0.907841733173077 0.6171365889423076 0.9270086610576923 0.6612688365384615 0.9261828870192308 0.731861766826923 0.9122534879807692 0.7426380312499999 0.9026015576923078 0.7438085408653846 0.90994790625 0.7797162548076924 0.9162013173076923 0.7975855048076923 0.9167786995192307 0.8208026274038461 0.9236331754807693 0.8369318028846154 0.9288302139423077 0.8643028461538461 0.9451609399038462 0.8638291442307692 1 0.8248586009615385 1 0.7836653269230769
3 0.3449767572115385 0.4236223629807692 0.3358565096153846 0.4270219254807692 0.3375451971153846 0.4590386394230769 0.33526326201923073 0.5105857620192308 0.35322168509615387 0.5163419831730769 0.36114359615384617 0.5006429350961539 0.3528126850961538 0.4640893990384616 0.3449767572115385 0.4236223629807692
2 0.63515771875 0.9796222620192307 0.6468779134615384 0.9854997884615385 0.661174673076923 0.9742074663461538 0.6491993942307693 0.9451984543269231 0.6305193822115385 0.9483249903846154 0.63515771875 0.9796222620192307
1 0.17708281490384614 0.3344466346153846 0.18609411778846155 0.32988480048076924 0.18974656490384617 0.32869983413461534 0.18386700721153845 0.3175758341346154 0.17549015384615385 0.32190110817307693 0.17708281490384614 0.3344466346153846
1 0.18451419471153846 0.3435998028846154 0.17943964903846155 0.33266056971153846 0.17084457211538462 0.3346479663461538 0.17252818028846154 0.3444134735576923 0.18451419471153846 0.3435998028846154
1 0.1405118485576923 0.29293022115384615 0.13899635576923078 0.3027989735576923 0.15469315384615384 0.3031460432692308 0.15342046875 0.2905928581730769 0.14461764423076923 0.2906635432692308 0.1405118485576923 0.29293022115384615