1 0.22888888942307692 0.22330097115384615 0.23111111057692307 0.2103559879807692 0.24000000000000002 0.20064725 0.2577777788461538 0.20064725 0.2711111105769231 0.2103559879807692 0.28 0.22006472596153845 0.28222222115384615 0.2427184471153846 0.28888888942307694 0.2427184471153846 0.2933333341346154 0.23948219951923078 0.29555555528846156 0.23300970913461538 0.29555555528846156 0.22006472596153845 0.28 0.18122977403846155 0.2711111105769231 0.16828478846153846 0.2511111105769231 0.15533980528846153 0.23333333413461538 0.15533980528846153 0.22666666586538461 0.15857605288461538 0.21555555528846154 0.1715210360576923 0.20444444471153847 0.19741100240384618 0.20222222115384614 0.21359223317307693 0.21111111057692306 0.23300970913461538 0.21777777884615385 0.23300970913461538 0.22888888942307692 0.22330097115384615
1 0.5844444447115384 0.2038834951923077 0.5911111105769231 0.2071197403846154 0.6 0.2071197403846154 0.6022222211538462 0.2038834951923077 0.6044444447115385 0.19741100240384618 0.6044444447115385 0.1715210360576923 0.6022222211538462 0.16828478846153846 0.6022222211538462 0.15857605288461538 0.6 0.15533980528846153 0.5822222211538461 0.15210356009615383 0.5733333341346154 0.15857605288461538 0.5688888894230769 0.16504854326923077 0.5666666658653846 0.1715210360576923 0.5688888894230769 0.18446601923076925 0.5733333341346154 0.18770226442307691 0.5844444447115384 0.2038834951923077
1 0.6533333341346155 0.19741100240384618 0.6577777788461538 0.19417475721153846 0.66 0.18446601923076925 0.6555555552884615 0.1715210360576923 0.6488888894230769 0.16504854326923077 0.6466666658653846 0.16828478846153846 0.64 0.16828478846153846 0.631111110576923 0.18122977403846155 0.6333333341346153 0.19093851201923076 0.6377777788461538 0.19741100240384618 0.6533333341346155 0.19741100240384618
1 0.9733333341346154 0.19417475721153846 0.9977777788461538 0.18122977403846155 0.9977777788461538 0.13915857692307693 0.9822222211538462 0.13915857692307693 0.98 0.14239482211538462 0.9733333341346154 0.14239482211538462 0.9644444447115385 0.15533980528846153 0.9600000000000001 0.1715210360576923 0.9600000000000001 0.18122977403846155 0.9577777788461539 0.18770226442307691 0.9644444447115385 0.19417475721153846 0.9733333341346154 0.19417475721153846
1 0.9288888894230769 0.18770226442307691 0.9311111105769231 0.19093851201923076 0.9377777788461539 0.19093851201923076 0.9377777788461539 0.18122977403846155 0.9311111105769231 0.16828478846153846 0.9266666658653846 0.16504854326923077 0.92 0.16828478846153846 0.9133333341346154 0.17799352644230768 0.9133333341346154 0.18446601923076925 0.9155555552884616 0.18770226442307691 0.9288888894230769 0.18770226442307691
0 0.9933333341346154 0.3462783173076923 0.9977777788461538 0.3430420721153846 0.9977777788461538 0.31391585817307693 0.9888888894230768 0.31391585817307693 0.98 0.3236245961538462 0.9777777788461539 0.33009708653846154 0.9844444447115385 0.3430420721153846 0.991111110576923 0.3430420721153846 0.9933333341346154 0.3462783173076923
2 0.9044444447115385 0.3851132692307692 0.9066666658653847 0.3915857596153846 0.9111111105769231 0.3915857596153846 0.9133333341346154 0.3883495144230769 0.9133333341346154 0.3624595480769231 0.9111111105769231 0.3592233004807692 0.9022222211538462 0.3592233004807692 0.9022222211538462 0.37216828365384613 0.9044444447115385 0.37540453125 0.9044444447115385 0.3851132692307692
2 0.9286777788461538 0.3867896442307692 0.933048889423077 0.3641779927884615 0.922828889423077 0.36342071153846156 0.9197133341346154 0.3896569567307692 0.9284577788461538 0.3998478966346154 0.9286777788461538 0.3867896442307692
2 0.6340555552884616 0.4075048533653846 0.6408466658653846 0.40688673076923076 0.6406355552884615 0.39792232932692306 0.6346911105769231 0.38648219951923074 0.6389377788461539 0.37689643990384614 0.6499733341346154 0.36205825240384615 0.6412177788461538 0.3524304206730769 0.6308711105769231 0.36916828365384613 0.6255666658653846 0.3874110024038462 0.6340555552884616 0.4075048533653846
2 0.56292 0.5363624591346153 0.5769133341346154 0.5359967644230769 0.5781644447115385 0.5232588990384616 0.5616711105769231 0.5196181225961538 0.56392 0.4923171514423077 0.5676688894230769 0.4748446610576923 0.54568 0.46543365625 0.54468 0.4963203894230769 0.5414311105769231 0.5214368942307692 0.5461777788461538 0.5294466009615385 0.56292 0.5363624591346153
2 0.10567333413461538 0.9144627836538461 0.13983111057692307 0.9262815528846153 0.15733555528846152 0.909488673076923 0.14025777884615384 0.8951812307692308 0.15007777884615384 0.8566213581730769 0.16672888942307693 0.8137022644230769 0.13769555528846153 0.7937993533653847 0.12862222115384617 0.766511326923077 0.12787555528846153 0.767676375 0.1061 0.8684368942307692 0.10567333413461538 0.9144627836538461
2 0.2019533341346154 0.8793203894230769 0.24379555528846156 0.8942459543269231 0.25575111057692307 0.8786990288461538 0.24550444471153846 0.8507087379807692 0.25703111057692307 0.7891326850961539 0.26258222115384616 0.749326860576923 0.21721777884615384 0.7400873798076923 0.20579555528846155 0.7760711971153846 0.20793111057692307 0.8264530745192308 0.2019533341346154 0.8793203894230769
2 0.627248889423077 0.40923624519230767 0.62958 0.36922330048076923 0.616882221153846 0.3662006466346154 0.6181777788461538 0.3960258894230769 0.6127355552884615 0.4081035600961539 0.627248889423077 0.40923624519230767
0 0.6248444447115384 0.3228122980769231 0.6266222211538461 0.3106407764423077 0.6186666658653847 0.31074433653846156 0.6154222211538461 0.3140064735576923 0.6198666658653846 0.3243656947115384 0.6248444447115384 0.3228122980769231
0 0.5905644447115385 0.31059870432692305 0.584591110576923 0.33010032451923077 0.6030444447115385 0.3445760528846154 0.6077755552884615 0.327 0.5905644447115385 0.31059870432692305
0 0.662311110576923 0.27563430528846156 0.660711110576923 0.26838187740384617 0.6539555552884615 0.2712330096153846 0.6521777788461538 0.2782233004807692 0.6589333341346154 0.2870291274038462 0.662311110576923 0.27563430528846156