3 0.4020833341346154 0.453125 0.4104166658653846 0.44218749999999996 0.4020833341346154 0.42500000000000004 0.35624999999999996 0.44218749999999996 0.3145833341346154 0.428125 0.3104166658653846 0.4390625 0.3083333341346154 0.51875 0.38749999999999996 0.528125 0.3979166658653846 0.509375 0.4020833341346154 0.453125
3 0.375 0.38007812500000004 0.3458333341346154 0.376953125 0.3458333341346154 0.38789062500000004 0.36250000000000004 0.400390625 0.38541666586538464 0.39726562499999996 0.375 0.38007812500000004
3 0.6854166658653846 0.5078125 0.7 0.5171875 0.7104166658653847 0.4625 0.6812499999999999 0.47343749999999996 0.6166666658653847 0.45781249999999996 0.5979166658653846 0.459375 0.5958333341346154 0.4921875 0.6125 0.5109375 0.6458333341346154 0.5171875 0.6854166658653846 0.5078125
3 0.6604166658653846 0.396875 0.6791666658653847 0.3765625 0.6729166658653847 0.375 0.6416666658653847 0.40156250000000004 0.6208333341346154 0.3890625 0.60625 0.40312499999999996 0.6104166658653847 0.43437499999999996 0.6520833341346154 0.43437499999999996 0.66875 0.415625 0.6604166658653846 0.396875
3 0.06875 0.3421875 0.06041666586538462 0.33906250000000004 0.056249999999999994 0.33906250000000004 0.05833333413461539 0.35624999999999996 0.06875 0.3765625 0.06875 0.38749999999999996 0.07291666586538462 0.39375000000000004 0.08333333413461538 0.390625 0.09791666586538463 0.3890625 0.09791666586538463 0.36250000000000004 0.09583333413461538 0.3609375 0.1 0.3359375 0.10208333413461539 0.33281249999999996 0.09791666586538463 0.328125 0.08958333413461537 0.3265625 0.08958333413461537 0.3296875 0.07916666586538461 0.3375 0.075 0.3375 0.06875 0.3421875
3 0.2833333341346154 0.3515625 0.2916666658653846 0.34062499999999996 0.29375 0.3296875 0.29087916586538465 0.3343875 0.28200208413461536 0.33938281249999996 0.27978333413461537 0.33938281249999996 0.27439375 0.3372421875 0.2708333341346154 0.3375 0.26875 0.33906250000000004 0.26875 0.35468750000000004 0.2666666658653846 0.3578125 0.2708333341346154 0.36250000000000004 0.2833333341346154 0.3515625
2 0.2812291658653846 0.460803125 0.2846166658653846 0.45963125000000005 0.2869625 0.45884843750000004 0.29191458413461535 0.457284375 0.29269583413461536 0.45102968750000005 0.29191458413461535 0.448096875 0.2863104158653846 0.44808125000000004 0.2825333341346154 0.4539609375 0.2734125 0.457284375 0.27263125 0.4604125 0.2812291658653846 0.460803125
2 0.29191458413461535 0.466471875 0.30103333413461536 0.4619765625 0.30624583413461537 0.458653125 0.3085895841346154 0.4549390625 0.3067666658653846 0.45200625000000005 0.29973125 0.45142031250000003 0.2958229158653846 0.4506375 0.29191458413461535 0.4592390625 0.2874833341346154 0.46393124999999996 0.2880041658653846 0.46705937499999994 0.29191458413461535 0.466471875
2 0.6853229158653846 0.6885328125 0.6887104158653846 0.68208125 0.6868854158653845 0.6758265625 0.6819354158653846 0.676021875 0.6728145841346154 0.68208125 0.6668208341346153 0.6828640625000001 0.6624048774038461 0.6818823389423077 0.6470166658653846 0.6889234375 0.6464958341346154 0.694984375 0.6496229158653846 0.706321875 0.6566583341346154 0.7119906250000001 0.67724375 0.6977203125 0.6853229158653846 0.6885328125
2 0.6121 0.694396875 0.6253895841346153 0.6942015625 0.6209604158653845 0.6840359374999999 0.6178333341346154 0.679540625 0.6167895841346154 0.6748484374999999 0.6162687499999999 0.677228125 0.60610625 0.68266875 0.6048041658653847 0.6895109374999999 0.6058458341346153 0.6934203125 0.6121 0.694396875
2 0.3486541658653846 0.718978125 0.34657083413461537 0.72640625 0.3554291658653846 0.728165625 0.3614229158653846 0.7275796875 0.36611249999999995 0.7275796875 0.37315 0.7332484374999999 0.38252916586538466 0.73618125 0.4054604158653846 0.73833125 0.4197916658653846 0.73833125 0.42109583413461543 0.7256250000000001 0.41536249999999997 0.7195640624999999 0.40598125 0.718978125 0.3955583341346154 0.709203125 0.3898270841346154 0.7047078125 0.38696041586538465 0.701775 0.3853958341346154 0.700796875 0.36038125 0.7054890625 0.3533458341346154 0.7072484375 0.35073958413461537 0.7146765625 0.3486541658653846 0.718978125
2 0.26569375 0.5916796875 0.2704229158653846 0.59483125 0.2793541658653846 0.597984375 0.29931666586538463 0.59818125 0.30194375 0.59404375 0.30325625 0.5897078125 0.2951145841346154 0.5865546875000001 0.2903854158653846 0.5820234375 0.2856583341346154 0.5794906249999999 0.2775145841346154 0.5828109375 0.2706854158653846 0.5836 0.2672708341346154 0.5853734375 0.26569375 0.5916796875
2 0.1271541658653846 0.49241406249999997 0.13961875 0.4956234375 0.1530125 0.4940890625 0.15226875 0.48962187500000004 0.14557291586538462 0.48599374999999995 0.14017708413461538 0.4820859375 0.13906041586538462 0.480690625 0.13329375000000002 0.479015625 0.12827083413461537 0.477759375 0.12157291586538463 0.4783171875 0.11952708413461538 0.4768640625 0.12064375000000001 0.4829234375 0.11766666586538463 0.48613281249999996 0.11692291586538461 0.488925 0.1271541658653846 0.49241406249999997
2 0.10966666586538462 0.4751078125 0.10669166586538462 0.4712 0.10185416586538462 0.4686875 0.09887708413461538 0.46659375000000003 0.09013333413461538 0.4657578125 0.084925 0.47245624999999997 0.08938958413461538 0.476225 0.10445833413461539 0.476921875 0.10966666586538462 0.4751078125
2 0.08864583413461538 0.46296562500000005 0.08548333413461538 0.4624078125 0.0836229158653846 0.461709375 0.07413541586538462 0.46017499999999995 0.07153125 0.46045312499999996 0.06706141105769231 0.46045312499999996 0.064275 0.4643609375 0.064275 0.465059375 0.07246041586538463 0.4681296875 0.08436666586538462 0.4681296875 0.0890166658653846 0.4677109375 0.08864583413461538 0.46296562500000005