1 0.4439158173076923 0.30323565384615386 0.4450726826923077 0.2812388846153846 0.43362323076923076 0.2591355913461538 0.40933048076923073 0.25271670913461536 0.38755338701923076 0.2577107091346154 0.37310730769230765 0.27001586538461536 0.3712675432692307 0.28242754567307693 0.43726770673076926 0.3055095841346154 0.4439158173076923 0.30323565384615386
1 0.67998625 0.3285314567307692 0.6835354663461538 0.3249104302884615 0.6873312884615385 0.3073636754807692 0.6825229375 0.2972259278846154 0.6716203822115384 0.28860561778846155 0.6550246225961539 0.28404854326923074 0.6333023846153847 0.2921495528846154 0.6208641754807692 0.30162403125 0.6194843509615384 0.3109327908653846 0.6713202115384616 0.3252028125 0.67998625 0.3285314567307692
1 0.7806138149038462 0.3166956177884615 0.7830226466346153 0.31137278125 0.7824535817307693 0.3042839350961538 0.7806208245192308 0.3024561466346154 0.7767253485576924 0.30035202403846156 0.7705371754807693 0.29952303365384614 0.7661817548076922 0.30052183413461536 0.7597532115384615 0.30514636538461537 0.7586137596153846 0.3090016033653846 0.7764883653846154 0.3161429567307692 0.7806138149038462 0.3166956177884615
1 0.7191850216346154 0.31954225961538457 0.7214777163461539 0.3182671298076923 0.7219376562500001 0.3151642115384616 0.72056484375 0.31023350000000005 0.7152965528846154 0.30319866826923075 0.711401076923077 0.3010945504807692 0.6990247307692308 0.2994365673076923 0.6898539519230769 0.3045370865384615 0.6887040985576923 0.3122943870192308 0.6942023605769231 0.31777775721153845 0.7191850216346154 0.31954225961538457
1 0.7095683221153847 0.2992667572115385 0.7272129567307692 0.30795956971153843 0.73133840625 0.3085122307692308 0.7359237956730769 0.30596197115384616 0.7352408942307692 0.29637688221153846 0.731805358173077 0.29116984134615387 0.7279098822115385 0.28906571875 0.7196589831730769 0.28796039903846155 0.7153035649038462 0.28895919951923077 0.7061327836538461 0.29405971875000003 0.7059028149038462 0.2956111778846154 0.7095683221153847 0.2992667572115385
1 0.9068859062500001 0.35892777644230767 0.9133040504807692 0.3582053076923077 0.9144539038461539 0.35044800961538464 0.9107883942307692 0.3467924278846154 0.9110183653846153 0.34524096875 0.9022624278846153 0.3424762307692308 0.8901611538461538 0.34402912740384617 0.8876384903846154 0.3468557139423077 0.8864886346153846 0.3546130168269231 0.8917569278846155 0.36164784615384615 0.8979450985576923 0.3624768365384616 0.9068859062500001 0.35892777644230767
1 0.9279901201923076 0.3463389423076923 0.9302828149038462 0.3450638125 0.9314326682692309 0.33730651442307696 0.9282271033653846 0.3305480144230769 0.9245615937499999 0.3268924326923077 0.9142479735576923 0.32551078365384617 0.9050771947115385 0.33061130048076925 0.9046172548076924 0.33371421875 0.9121782403846154 0.33947392307692303 0.9137810240384615 0.3428531730769231 0.9279901201923076 0.3463389423076923
1 0.9667189278846154 0.3384624134615385 0.9713043173076923 0.3359121538461538 0.9706214134615384 0.3263270625 0.9669559086538461 0.3226714831730769 0.9566422884615384 0.3212898317307692 0.9522868677884616 0.3222886322115385 0.9454087836538462 0.3261140216346154 0.9442589326923077 0.33387131971153844 0.9481544110576923 0.3359754423076923 0.9667189278846154 0.3384624134615385
3 0.9429121225961539 0.3855338966346154 0.9406194278846154 0.3868090264423077 0.9367099278846154 0.4131838485576923 0.9445008822115385 0.41739208894230767 0.9548145048076923 0.4187737379807693 0.9566472572115384 0.42060152884615387 0.9607727091346153 0.4211541899038461 0.9655880673076923 0.4170524711538462 0.967197860576923 0.40619225000000003 0.9722431899038462 0.40053907211538464 0.9729331009615384 0.3958846923076923 0.9805010961538462 0.3874049206730769 0.9848635264423078 0.3721666514423077 0.9786753533653846 0.37133766105769234 0.9720272403846154 0.37361159134615385 0.9662990096153846 0.36967968028846154 0.9665289807692308 0.3681282211538462 0.9587380240384615 0.36391998076923077 0.9516369807692308 0.35505736057692305 0.9454488100961539 0.35422836778846156 0.9431561129807692 0.35550349759615385 0.9424661995192308 0.3601578774038462 0.9477344927884614 0.3671927091346153 0.9461246995192307 0.37805293028846154 0.9438320024038462 0.3793280600961539 0.9429121225961539 0.3855338966346154
3 0.6205781225961539 0.41709125 0.6233097235576923 0.4554316105769231 0.6191772692307692 0.46911842067307696 0.6230587235576923 0.4997014783653846 0.6294698557692308 0.5132184807692307 0.6480343725961538 0.5157054519230769 0.692961375 0.5106481658653846 0.7094631658653847 0.5128588100961539 0.7140555673076924 0.49606907932692307 0.71889896875 0.4350094783653846 0.7163833100961539 0.42359659855769227 0.6978117860576922 0.43534909855769227 0.6730590961538462 0.4320331346153846 0.6638953293269231 0.42289418509615384 0.651748954326923 0.4196847427884615 0.6343342884615384 0.40944047115384613 0.6205781225961539 0.41709125
3 0.6565783341346154 0.38710408173076927 0.6730801274038462 0.3893147259615385 0.6847735697115385 0.38138761778846153 0.6868362956730769 0.38166394471153847 0.6914216826923076 0.3791136875 0.6966969855769231 0.3719090480769231 0.6950942019230768 0.36852979807692304 0.6765296850961539 0.36604282692307694 0.6636933990384615 0.3674877644230769 0.6614007043269231 0.3687628942307692 0.6609407620192307 0.3718658125 0.6517699855769231 0.3769663341346154 0.6508501033653846 0.38317217307692303 0.6565783341346154 0.38710408173076927
3 0.35744828125 0.41823355528846157 0.34117646153846154 0.4144714519230769 0.32353182451923074 0.405778641826923 0.31803356490384616 0.40029527163461537 0.3145910168269231 0.4093276995192308 0.3184794831730769 0.42567129086538463 0.3170926514423077 0.4492195216346154 0.31983827644230767 0.45908093990384613 0.32167102884615384 0.4609087307692308 0.3326745625 0.45763600240384616 0.33748992307692305 0.4535342836538462 0.34780354326923074 0.4549159326923077 0.3553645288461539 0.46067563461538463 0.36728093028846154 0.4654365360576923 0.3879081706730769 0.46819983894230766 0.4112880504807693 0.4665850913461539 0.42779685336538464 0.4545562620192308 0.4333161442307692 0.4173212211538461 0.43171336298076923 0.4139419711538462 0.42415237740384615 0.40818227163461535 0.4136525216346154 0.4107677307692308 0.4034786778846154 0.41365161298076925 0.39206166105769236 0.4117946177884615 0.38059818990384614 0.4181702668269231 0.3682218461538461 0.4165122860576923 0.35744828125 0.41823355528846157
3 0.3772047139423077 0.32752640624999996 0.36597822115384615 0.3181111274038461 0.3616228052884616 0.3191099254807692 0.3478736442307693 0.31252123317307695 0.3389328389423077 0.31607029326923075 0.35680043269230766 0.33745111538461536 0.35770629567307693 0.3597242139423077 0.36365748557692307 0.3763441346153846 0.362500625 0.39834090384615384 0.3670860120192308 0.39579064423076926 0.37716966346153846 0.3987237572115384 0.37670972115384616 0.4018266754807692 0.3890860697115385 0.40348465624999996 0.39871678605769234 0.39528121875 0.42117678125 0.3998723125 0.4299275793269231 0.3874719086538461 0.43700969471153844 0.3640189230769231 0.4257902115384615 0.34036417307692307 0.4177692860576923 0.3377073918269231 0.4134138653846154 0.3387061899038461 0.41250951923076923 0.3561893509615385 0.4098165673076923 0.37435694711538464 0.39865004326923076 0.35626305048076923 0.3772047139423077 0.32752640624999996
2 0.6353299134615384 0.7149515096153846 0.6392324014423078 0.7028161610576924 0.6351139639423077 0.6880240312500001 0.6039431298076923 0.6854305360576922 0.5826189687500001 0.7015610841346154 0.5697826826923077 0.7030060240384616 0.5679429182692307 0.7154177043269231 0.6004865625 0.72294190625 0.6353299134615384 0.7149515096153846
2 0.68896775 0.7078966250000001 0.6765914062499999 0.7062386466346153 0.6758874735576923 0.7393719639423076 0.6848212716346154 0.7500623750000001 0.6981174975961538 0.745514516826923 0.6960617836538462 0.7309987163461538 0.68896775 0.7078966250000001
2 0.3149458028846154 0.6198168293269231 0.30967050240384614 0.6270214711538462 0.32134992548076924 0.6475733004807692 0.3385346201923077 0.6593690336538462 0.35436052163461534 0.6377551129807693 0.34771941826923075 0.6257895721153847 0.3149458028846154 0.6198168293269231
2 0.8864294423076923 0.5130280552884615 0.9013284471153846 0.5118594471153846 0.9036211442307691 0.5105843149038461 0.9040810865384615 0.5074813966346153 0.8992727355769231 0.49734364423076927 0.8924295528846155 0.5005787788461539 0.8884991754807692 0.49906491586538465 0.8823110024038462 0.4982359254807692 0.8685548341346153 0.5058867043269231 0.8678649230769231 0.5105410841346154 0.8810454639423076 0.5123795817307693 0.8864294423076923 0.5130280552884615
2 0.9604536418269232 0.49426759134615383 0.9613735216346153 0.4880617524038462 0.9566152259615385 0.4856616658653846 0.9484162596153846 0.4847595048076923 0.9428090048076924 0.48557478125000003 0.9402863413461537 0.48840137019230767 0.9391364879807692 0.4961586706730769 0.949106252403846 0.49624110096153845 0.9538055288461538 0.4965415216346154 0.9604536418269232 0.49426759134615383
2 0.9193134711538461 0.49864231009615384 0.9296270913461538 0.5000239615384615 0.9360452331730769 0.49930149278846153 0.9385678990384616 0.49647490384615384 0.9371950865384615 0.4915441923076923 0.9335295817307692 0.4878886129807692 0.9314668557692307 0.48761228125 0.9291741610576923 0.4888874110576923 0.9209232644230769 0.48778209134615386 0.9165678461538461 0.4887808918269231 0.9154179951923077 0.4965381899038462 0.9193134711538461 0.49864231009615384
2 0.7273658149038462 0.46304228124999997 0.7376794350961539 0.4644239302884615 0.7399721298076922 0.4631488028846154 0.7404320697115385 0.4600458798076923 0.7383693461538462 0.4597695504807692 0.7328710841346153 0.4542861802884615 0.7319332620192308 0.45270802403846155 0.7211846514423077 0.4479738197115385 0.716599264423077 0.45052407932692307 0.7156793798076924 0.45672992067307694 0.7193448870192308 0.4603855 0.7255330600961538 0.46121449038461537 0.7273658149038462 0.46304228124999997
2 0.7495488798076924 0.4546992091346154 0.7420418653846154 0.44918566346153843 0.7338043317307693 0.45166596634615386 0.7367665624999999 0.45639030048076923 0.741497048076923 0.4626679639423077 0.7546411658653847 0.46353165144230773 0.7553310793269231 0.4588772716346154 0.7495488798076924 0.4546992091346154