1 0.608397045673077 0.5822263822115384 0.6060059038461538 0.5687318557692308 0.6006199254807693 0.5616426923076923 0.5828390961538461 0.5661766899038462 0.58181990625 0.5720782788461538 0.58325459375 0.5801749951923078 0.5817571754807692 0.5833776754807692 0.5871431538461539 0.5904668389423077 0.6049239783653846 0.5859328413461539 0.608397045673077 0.5822263822115384
1 0.5789505360576923 0.5558848461538461 0.5764966634615385 0.5536897163461538 0.5750619783653846 0.545593 0.5721298725961538 0.5406989639423077 0.5677003485576922 0.5390076153846154 0.5558464639423076 0.54203028125 0.5523733990384615 0.5457367379807693 0.5508759783653846 0.5489394230769231 0.5547018052884616 0.5705306682692307 0.5788878028846154 0.5671842427884616 0.5789505360576923 0.5558848461538461
1 0.5175800024038462 0.5941007427884615 0.5151888581730769 0.5806062163461538 0.5073490048076923 0.5713219254807692 0.5009438317307692 0.5701343509615385 0.4915438245192308 0.5753521442307693 0.48854898798076923 0.5817575096153846 0.4918965865384616 0.6006498485576923 0.4943504615384615 0.6028449759615385 0.5160825841346154 0.5973034254807692 0.5175800024038462 0.5941007427884615
1 0.4529873341346154 0.5908255048076924 0.4514899134615385 0.5940281850961538 0.4549002475961539 0.601621125 0.4613054206730769 0.6028086995192308 0.46920800721153844 0.6007935913461538 0.4732220360576923 0.5884866346153846 0.47076816105769226 0.5862915072115384 0.46933347596153846 0.5781947908653846 0.4644257235576923 0.5738045336538462 0.4639474951923077 0.5711056298076923 0.4570640961538462 0.5672191490384615 0.45113715625 0.568730483173077 0.4505961923076923 0.5773309759615385 0.4529873341346154 0.5908255048076924
1 0.4097740288461538 0.5567110072115384 0.40923306249999997 0.5653115 0.41114597596153846 0.5761071249999999 0.41605373076923075 0.5804973798076923 0.4234780889423077 0.5757833653846154 0.4249755120192308 0.5725806826923077 0.4388050432692308 0.5690542427884615 0.44030245913461535 0.5658515576923077 0.44622940144230766 0.5643402259615384 0.44479471634615386 0.5562435096153846 0.43845228125 0.5437565336538461 0.4315688822115385 0.5398700576923077 0.4197149975961538 0.5428927235576924 0.41426628365384616 0.5471029615384615 0.4097740288461538 0.5567110072115384
1 0.3637695336538461 0.6699924807692308 0.37759906490384615 0.6664660408653845 0.3790964855769231 0.6632633581730769 0.3727540480769231 0.6507763846153847 0.36287581009615383 0.6532952716346153 0.3618566201923077 0.6591968605769231 0.3637695336538461 0.6699924807692308
1 0.2502875528846154 0.588916483173077 0.24627352644230768 0.6012234375 0.24525433173076922 0.6071250264423077 0.24716724759615383 0.6179206490384614 0.25255322836538463 0.6250098100961539 0.25602629567307694 0.6213033485576923 0.26195323557692307 0.619792014423077 0.27829937740384614 0.6071613028846155 0.2797967956730769 0.6039586225961538 0.28967503125 0.6014397355769231 0.2887185769230769 0.596041923076923 0.2838108245192308 0.5916516658653846 0.2804004903846154 0.5840587259615385 0.26908756971153847 0.5784808966346154 0.2537606201923077 0.5852100240384616 0.2502875528846154 0.588916483173077
1 0.1827391394230769 0.6738413100961539 0.18082622596153847 0.6630456874999999 0.17789412259615386 0.65815165625 0.1670594278846154 0.6552727331730769 0.16113248557692308 0.6567840625 0.15813764903846156 0.6631894278846153 0.156162 0.6636932091346155 0.15466458173076925 0.666895889423077 0.17279817067307693 0.6876595985576923 0.1767494639423077 0.6866520408653846 0.1827391394230769 0.6738413100961539
1 0.22948824759615385 0.6929499471153846 0.22744986778846155 0.7047531225961539 0.23235761538461538 0.7091433798076923 0.23630891346153846 0.7081358245192307 0.23834729567307691 0.6963326490384615 0.23691261057692306 0.6882359326923078 0.2309856658653846 0.689747264423077 0.22948824759615385 0.6929499471153846
1 0.05364549759615385 0.7475178317307692 0.06009238221153846 0.7447455793269231 0.058556555288461536 0.7370103341346154 0.051780401442307694 0.7351275192307691 0.047023790865384614 0.7390484423076923 0.04768782451923077 0.7474573221153846 0.05364549759615385 0.7475178317307692
1 0.10070950000000001 0.7203914134615383 0.09383173798076923 0.72259653125 0.0935168125 0.7378332668269232 0.10336846153846155 0.7391264903846154 0.10445303365384614 0.7284663774038461 0.10070950000000001 0.7203914134615383
1 0.10886767067307691 0.7293745096153846 0.10477290144230769 0.7277078125 0.10260564663461538 0.7415805048076923 0.10098185096153847 0.7426715649038461 0.11303204567307693 0.7398245120192308 0.10886767067307691 0.7293745096153846
2 0.6632287548076923 0.8334046153846154 0.6656826298076923 0.8355997451923076 0.6814878100961538 0.8315695240384616 0.6829852283653846 0.8283668389423077 0.682507 0.8256679350961539 0.6741261826923076 0.8249841394230769 0.6643106778846154 0.8162036274038461 0.6579055072115385 0.8150160528846153 0.6480272716346154 0.8175349423076923 0.6465298533653846 0.8207376225961538 0.6513748701923077 0.8364272788461539 0.6632287548076923 0.8334046153846154
2 0.6483173004807692 0.8541320408653846 0.6458634230769231 0.8519369158653846 0.6438877740384614 0.8524406923076923 0.6365261490384615 0.8458553076923077 0.6281453317307691 0.8451715144230769 0.6271261394230769 0.8510730985576923 0.6295172788461538 0.8645676274038461 0.6319711586538461 0.8667627572115385 0.6497519855769232 0.8622287596153846 0.6483173004807692 0.8541320408653846
2 0.6353814903846153 0.8743556971153846 0.6383763269230769 0.8679503317307693 0.6378981009615384 0.8652514278846154 0.6314929302884615 0.8640638509615385 0.6221556538461539 0.8579822451923077 0.6167069399038462 0.862192483173077 0.6142530649038462 0.8599973557692308 0.6141903317307692 0.8712967548076923 0.6171224350961538 0.8761907884615384 0.6215519615384615 0.8778821370192307 0.6353814903846153 0.8743556971153846
2 0.5975541634615384 0.8473303629807692 0.5798360721153846 0.8405649567307693 0.5654655769230769 0.8526918942307693 0.56396815625 0.855894579326923 0.5649246153846155 0.861292389423077 0.5673784903846154 0.863487516826923 0.5970131995192308 0.8559308557692307 0.6004862692307692 0.8522243990384616 0.5975541634615384 0.8473303629807692
2 0.5431924927884615 0.8668339423076923 0.5481002451923077 0.8712241971153846 0.5639054254807692 0.8671939759615385 0.5649246153846155 0.861292389423077 0.5570847596153846 0.8520081009615385 0.541279579326923 0.8560383173076923 0.5431924927884615 0.8668339423076923
2 0.53115040625 0.9037548028846154 0.5336042836538462 0.9059499302884616 0.5533607572115384 0.90091215625 0.5563555961538461 0.8945067908653846 0.5367245913461539 0.876945766826923 0.5322950649038461 0.8752544158653847 0.5218758653846154 0.8863737956730768 0.5203784471153846 0.8895764807692307 0.5227695913461539 0.9030710096153847 0.5252234639423077 0.9052661346153846 0.53115040625 0.9037548028846154
2 0.4845658605769231 0.9438420697115385 0.4889953846153846 0.9455334206730769 0.5280301033653847 0.9327589687500001 0.5265954182692307 0.92466225 0.5241415432692308 0.9224671225961539 0.5162389519230769 0.9244822331730769 0.513785076923077 0.9222871057692308 0.5039068413461538 0.9248059927884615 0.5024094206730769 0.9280086754807692 0.48857988942307695 0.9315351153846153 0.48415036778846154 0.9298437644230769 0.4826529471153846 0.9330464495192307 0.4845658605769231 0.9438420697115385
2 0.4569067980769231 0.9508949543269231 0.45056436057692306 0.9384079831730769 0.4338027259615385 0.937040389423077 0.4308078870192308 0.9434457548076923 0.4322425721153846 0.9515424711538463 0.43762855288461544 0.9586316322115385 0.44205807692307697 0.9603229855769231 0.4519363125 0.9578040985576923 0.4569067980769231 0.9508949543269231
2 0.42604924519230775 0.8233625985576923 0.4211414927884615 0.8189723413461538 0.41419536298076925 0.8263852644230769 0.41317616826923076 0.8322868509615385 0.4161082764423077 0.8371808846153846 0.4220352163461539 0.8356695504807692 0.4289813485576923 0.8282566346153846 0.4280248918269231 0.8228588221153846 0.42604924519230775 0.8233625985576923
2 0.3791119375 0.8381521610576923 0.37761451682692304 0.8413548461538463 0.3790492043269231 0.8494515625 0.3834787259615385 0.8511429110576922 0.3909030865384615 0.8464288966346154 0.3899466298076923 0.8410310841346154 0.38456065144230767 0.8339419254807693 0.3791119375 0.8381521610576923
2 0.2131966514423077 0.9622641634615385 0.21469406971153845 0.9590614807692308 0.21080550721153848 0.9487696346153847 0.2058977548076923 0.9443793798076924 0.19799516586538463 0.9463944879807692 0.19254645432692305 0.9506047283653847 0.19739147115384614 0.9662943846153845 0.20331841346153848 0.9647830504807692 0.20577229086538462 0.9669781778846154 0.2131966514423077 0.9622641634615385
2 0.17811322596153845 0.9740310624999999 0.17620031249999998 0.9632354423076923 0.17374643750000002 0.9610403149038462 0.16045786778846155 0.9559662596153846 0.15746302884615385 0.962371625 0.15440545673076922 0.9800763918269231 0.15536191586538461 0.9854742019230769 0.1578157884615385 0.9876693317307693 0.17314274038461536 0.9809402043269231 0.17811322596153845 0.9740310624999999
2 0.13037297115384616 0.9013166610576923 0.12095775721153847 0.898524295673077 0.11928425240384614 0.9086575745192308 0.12815883173076922 0.9093311177884615 0.13701475240384614 0.9061702451923076 0.13037297115384616 0.9013166610576923