1 0.582 0.28228228125 0.566 0.24924924999999998 0.546 0.25225225240384613 0.532 0.27027026923076924 0.534 0.31231231249999997 0.5579999999999999 0.3213213221153846 0.582 0.31231231249999997 0.582 0.28228228125
1 0.44200000000000006 0.33633633653846157 0.456 0.32432432451923077 0.454 0.24324324278846154 0.44 0.21621621634615387 0.41000000000000003 0.20720720673076926 0.38 0.23123123076923077 0.38 0.26426426442307693 0.398 0.27927927884615383 0.422 0.3273273269230769 0.44200000000000006 0.33633633653846157
1 0 0.33633633653846157 0.07200000000000001 0.35435435336538457 0.046 0.2612612620192308 0.030000000000000002 0.2462462451923077 0 0.2462462451923077 0 0.33633633653846157
1 0.484 0.7267267259615384 0.5 0.7117117115384615 0.49600000000000005 0.6936936947115384 0.43400000000000005 0.6726726730769231 0.40599999999999997 0.7027027019230769 0.398 0.7297297307692308 0.40800000000000003 0.7417417427884616 0.484 0.7897897908653846 0.484 0.7267267259615384
1 0.13977 0.37570570673076925 0.123458 0.3647237235576923 0.111396 0.3814084086538462 0.12964599999999998 0.40104804807692307 0.135832 0.4078048052884615 0.138082 0.3892222211538462 0.13977 0.37570570673076925
3 0.31807599999999997 0.50621921875 0.31414000000000003 0.5476126129807692 0.31076400000000004 0.6059009014423077 0.331014 0.622795795673077 0.325388 0.5526816826923077 0.326514 0.47834234134615383 0.33382599999999996 0.4141411418269231 0.337764 0.3854204206730769 0.365326 0.36599099038461536 0.381638 0.38035135096153844 0.387262 0.3989369375 0.388386 0.4572252259615385 0.371512 0.47918618509615385 0.365326 0.6422252259615384 0.374888 0.6456036033653846 0.431136 0.6312432427884616 0.413698 0.4361051057692308 0.396262 0.37697297355769227 0.36138800000000004 0.32037237259615386 0.35745 0.3153063052884616 0.32257600000000003 0.4132972980769231 0.31807599999999997 0.50621921875
3 0.37320000000000003 0.7849879879807692 0.31301399999999996 0.8660870865384616 0.286016 0.9311321322115386 0.26689 0.9969969975961538 0.35745 0.9969969975961538 0.356974 0.9528828822115384 0.34395000000000003 0.9294414423076923 0.37376200000000004 0.8500360360576923 0.40971015384615384 0.8369476346153846 0.39963600000000005 0.8170900889423076 0.383886 0.7883693701923077 0.37320000000000003 0.7849879879807692
0 0.338 0.7387387379807693 0.33999999999999997 0.7387387379807693 0.34400000000000003 0.7447447451923076 0.34400000000000003 0.7537537548076922 0.352 0.7537537548076922 0.36474 0.7239039038461539 0.368 0.7087087091346155 0.368 0.6996996995192308 0.366 0.6966966971153846 0.366 0.6846846850961538 0.364 0.6756756754807692 0.36 0.6726726730769231 0.358 0.6756756754807692 0.34400000000000003 0.6756756754807692 0.33999999999999997 0.6726726730769231 0.336 0.6786786778846154 0.33199999999999996 0.6906906899038462 0.33199999999999996 0.6996996995192308 0.33 0.7057057067307693 0.33399999999999996 0.7267267259615384 0.338 0.7387387379807693
3 0.5490820000000001 0.5758168173076923 0.535988 0.5732942932692308 0.52256 0.5480840841346154 0.520208 0.5188408413461538 0.491 0.5062342331730769 0.492344 0.5712792788461538 0.517524 0.5768258269230769 0.554118 0.5783363365384615 0.578962 0.57178078125 0.576948 0.46942642548076924 0.576948 0.36908708653846156 0.566204 0.35950750721153846 0.55546 0.37917117067307693 0.548746 0.4543003004807692 0.52961 0.36858258173076924 0.522224 0.3448858870192308 0.49873058653846153 0.3530970480769231 0.50275 0.4210210216346154 0.488986 0.4532912908653846 0.490328 0.47093993990384614 0.545724 0.5238828822115384 0.542368 0.5460660649038462 0.5490820000000001 0.5758168173076923
3 0 0.8158348341346154 0.054948 0.8041621610576922 0.05728 0.6932432427884615 0.07671599999999999 0.7889819831730769 0.059612 0.5286156153846154 0.031626 0.4515555552884616 0.053394000000000004 0.5321171177884616 0.033958 0.4947567572115385 0 0.4211981971153846 0 0.8158348341346154
2 0.526 0.891891891826923 0.528 0.9009009014423076 0.532 0.90690690625 0.5399999999999999 0.9129129134615385 0.552 0.9129129134615385 0.5559999999999999 0.9009009014423076 0.554 0.8768768774038461 0.5479999999999999 0.8588588581730769 0.5399999999999999 0.8588588581730769 0.534 0.8618618629807693 0.524 0.8618618629807693 0.526 0.8678678677884615 0.526 0.891891891826923
2 0.552 0.8678678677884615 0.562 0.8678678677884615 0.564 0.8708708701923077 0.566 0.8678678677884615 0.572 0.8678678677884615 0.574 0.8648648653846155 0.574 0.8588588581730769 0.5700000000000001 0.8528528533653846 0.562 0.8468468461538462 0.5579999999999999 0.8468468461538462 0.5559999999999999 0.8498498509615384 0.5479999999999999 0.8498498509615384 0.5479999999999999 0.8558558557692308 0.552 0.8678678677884615
3 0.048 0.4714714711538462 0.056 0.4774774783653846 0.078 0.4804804807692308 0.088 0.4534534543269231 0.088 0.43243243269230774 0.09 0.42942943028846153 0.088 0.42642642548076926 0.09 0.4174174182692308 0.094 0.4204204206730769 0.10400000000000001 0.4144144134615385 0.11 0.4174174182692308 0.108 0.4144144134615385 0.11 0.3963963966346154 0.10200000000000001 0.38738738701923076 0.08 0.38738738701923076 0.074 0.3903903894230769 0.062000000000000006 0.40840840865384614 0.056 0.42642642548076926 0.042 0.4534534543269231 0.042 0.46246246153846154 0.048 0.4714714711538462