1 0.2822203389423077 0.44636933894230774 0.2523709254807692 0.4484620336538461 0.23175723317307695 0.4744205144230769 0.23672998317307695 0.4896712475961538 0.26468235096153847 0.5010824375 0.29453176442307694 0.49898974278846153 0.3099318125 0.4867676682692308 0.3035395048076923 0.4582455721153846 0.2822203389423077 0.44636933894230774
1 0.184412875 0.2192359759615385 0.18014560096153845 0.24181995673076925 0.19459496875 0.2519493389423077 0.23463078124999998 0.2513709735576923 0.22610913942307692 0.2029418317307692 0.20289292788461538 0.2045694831730769 0.184412875 0.2192359759615385
1 0.2822289471153846 0.38397127163461536 0.26114207211538465 0.4055059663461539 0.2658782283653846 0.41854480769230773 0.3134936153846154 0.4263489711538462 0.29857106009615386 0.41179580288461537 0.3123149543269231 0.38409047115384615 0.3049719735576923 0.37791983173076926 0.2822289471153846 0.38397127163461536
1 0.2556660048076923 0.6042246754807692 0.2374225432692308 0.6211030625 0.23884209855769228 0.6343744230769232 0.28053406009615384 0.6492793124999999 0.29356387500000003 0.6461373341346154 0.29925501201923077 0.6056256826923077 0.28285496875 0.5976275480769231 0.2556660048076923 0.6042246754807692
1 0.1845275264423077 0.7464396995192307 0.2023088004807692 0.7656015096153846 0.23379906009615384 0.7697271225961538 0.26167829807692305 0.7548696490384615 0.24849363221153847 0.7196703317307692 0.2020612091346154 0.7229256322115384 0.1845275264423077 0.7464396995192307
3 0.36729054086538465 0.2732691442307692 0.39927359134615387 0.2598844591346154 0.5068243990384615 0.2657151298076923 0.5362006274038461 0.25919864903846157 0.5283973750000001 0.15500712259615385 0.43126955769230774 0.15290267307692307 0.37583370192307697 0.16570311538461538 0.3211119254807692 0.15394020432692307 0.30523869951923077 0.1617384951923077 0.28865138701923077 0.19410013701923076 0.3639825456730769 0.2111035985576923 0.3892776346153846 0.22422536778846155 0.3369722451923077 0.23973901682692308 0.29409301682692307 0.24497369230769234 0.31422491346153847 0.2769894879807692 0.36729054086538465 0.2732691442307692
3 0.5624624134615385 0.5047188461538462 0.5418659399038461 0.4058811971153846 0.35637284375 0.42111430048076925 0.3426289471153846 0.4488196322115385 0.41132690384615384 0.4662881346153846 0.41250986778846155 0.4773476057692308 0.3838434158653846 0.49049976682692303 0.33764758653846155 0.4959669639423077 0.3677292908653846 0.5272851947115385 0.5624624134615385 0.5047188461538462
3 0.3826346274038462 0.6666344975961539 0.48070881730769227 0.6775865192307692 0.5271412379807692 0.67433121875 0.5193336802884615 0.6013387283653846 0.38027731009615384 0.5821174927884616 0.35113767548076924 0.5908458701923076 0.3395274158653846 0.6072592115384615 0.39116918028846154 0.6214665360576923 0.4178432884615385 0.6360159038461538 0.3769520985576923 0.6447480817307691 0.3241230673076923 0.6506803221153846 0.33691198557692303 0.6765254807692307 0.3826346274038462 0.6666344975961539
3 0.37314509615384617 0.7653529495192307 0.4652958581730769 0.7834056971153847 0.5107819110576923 0.7713028197115384 0.4937300192307692 0.7368426081730769 0.4991845649038461 0.6941190625 0.41295292548076923 0.700164625 0.3726805192307693 0.69853109375 0.3378583557692308 0.6853730552884615 0.3148787331730769 0.6892125985576923 0.29781823798076923 0.7171504519230769 0.34188043028846155 0.7229752475961538 0.3757224254807693 0.7421832475961538 0.3312165408653846 0.7482361658653847 0.2954437019230769 0.7574295841346154 0.2930734711538462 0.7665096778846153 0.37314509615384617 0.7653529495192307
2 0.8946344975961539 0.20509917788461537 0.8510454927884615 0.20369817307692306 0.8512777788461539 0.2371090985576923 0.8785203701923077 0.2418846057692308 0.8946344975961539 0.20509917788461537
2 0.8446574903846155 0.14397704326923078 0.8467868245192308 0.16388408653846154 0.85744640625 0.1698222019230769 0.8823230697115385 0.15247877403846155 0.8446574903846155 0.14397704326923078
2 0.7754519110576923 0.37167701442307693 0.7989047163461538 0.37226125721153847 0.799145610576923 0.3432741177884615 0.785879204326923 0.3442042043269231 0.7733225769230769 0.3517699711538462 0.7754519110576923 0.37167701442307693
2 0.8758920240384616 0.40474797596153844 0.8398825913461538 0.41172949999999997 0.8488817235576923 0.4333833942307692 0.8749413509615385 0.42709943269230766 0.8758920240384616 0.40474797596153844
2 0.8204518629807692 0.4487474495192308 0.7740194423076924 0.45200275240384613 0.7794653774038461 0.47167727403846155 0.8292144038461539 0.46818944951923075 0.8204518629807692 0.4487474495192308
2 0.7867868389423076 0.633843076923077 0.73727440625 0.6395427932692308 0.7422471562499999 0.6547935288461539 0.7915229927884616 0.6468819182692307 0.7867868389423076 0.633843076923077
0 0.5437414615384616 0.5483724783653846 0.6036768846153846 0.5463989831730769 0.615996920673077 0.5366213221153846 0.6150505504807693 0.5277737499999999 0.5875713653846154 0.5207863461538461 0.5416121274038461 0.5284654350961538 0.5437414615384616 0.5483724783653846
0 0.43905989903846154 0.35069130048076924 0.4284003149038461 0.3447531826923077 0.4051841057692308 0.3463808341346154 0.4021040961538462 0.34882524759615385 0.4023406875 0.3510371418269231 0.3900206514423077 0.36081480528846155 0.4042334302884615 0.36873229326923074 0.41110322355769235 0.3704791418269231 0.4513548245192308 0.3632336346153846 0.45704166586538464 0.3521404591346154 0.43905989903846154 0.35069130048076924
0 0.3993448798076923 0.7871825889423077 0.41225621153846154 0.7808399038461539 0.4059718966346154 0.7697280432692307 0.40016833894230774 0.76311075 0.38891925721153847 0.7595962091346155 0.3806070240384616 0.7644821610576924 0.3817854206730769 0.7691573533653846 0.3917315961538461 0.7827334639423077 0.3993448798076923 0.7871825889423077
0 0.5226873774038462 0.6825189230769231 0.5218044423076923 0.6963818052884616 0.5350959423076923 0.698997701923077 0.5515715817307693 0.6982370600961538 0.5698535288461538 0.6977442259615384 0.56042203125 0.6814511706730768 0.5424794134615385 0.6795557980769231 0.5257273798076922 0.6832930096153846 0.5226873774038462 0.6825189230769231
0 0.5223938701923078 0.5656891081730769 0.5189839086538461 0.5746705048076923 0.5229925072115384 0.5794392067307692 0.5461846730769231 0.5838345961538461 0.5605208822115384 0.5762242908653846 0.5568246274038462 0.5689088245192307 0.5457127908653846 0.5630848677884616 0.5223938701923078 0.5656891081730769
0 0.43075435817307695 0.3894719759615385 0.41878581009615384 0.39631905528846156 0.4065584855769231 0.3969044206730769 0.3955785865384615 0.4014982764423077 0.3933111177884615 0.4109455528846154 0.3932486730769231 0.4257002451923077 0.41140269951923075 0.42688550961538463 0.4370839423076923 0.41415879807692313 0.4669433701923077 0.40987926201923075 0.451204375 0.38913021394230773 0.43075435817307695 0.3894719759615385