1 0.2994828365384615 0.42934336538461537 0.29069376923076923 0.4062555721153846 0.2606354543269231 0.4090820769230769 0.2274190216346154 0.4281483990384615 0.23023449278846153 0.4478122019230769 0.24813623317307693 0.46007881490384617 0.29023691346153846 0.45412706249999996 0.2994828365384615 0.42934336538461537
1 0.19315562259615385 0.5569202163461539 0.18385259134615387 0.5876878485576923 0.20761370673076923 0.6153463245192308 0.24067785336538464 0.6122371682692308 0.25587833413461536 0.5928721081730769 0.30420006730769233 0.5644139519230769 0.3134079206730769 0.5436195456730769 0.30151784375 0.5307876322115385 0.22034135576923075 0.5404138413461539 0.19315562259615385 0.5569202163461539
1 0.32792129567307693 0.9109330432692307 0.2344930528846154 0.9456256057692307 0.2193116081730769 0.9629960216346153 0.21910751201923076 0.9843821057692307 0.3105955793269231 0.9789605913461539 0.32792129567307693 0.9109330432692307
1 0.6797767283653846 0.5450397860576923 0.7067530697115385 0.5504745144230769 0.7188715769230769 0.5393706850961538 0.7676882403846155 0.45905175000000004 0.7045657764423077 0.4649874134615385 0.6896889038461538 0.4504435024038462 0.67161584375 0.4561286947115385 0.6499849158653846 0.5199412596153846 0.6797767283653846 0.5450397860576923
1 0.3499377860576923 0.8413348389423077 0.3387902043269231 0.8586368197115385 0.3553758004807692 0.8690961201923078 0.3752076394230769 0.8490464471153847 0.38202963701923076 0.8422410432692308 0.3634509639423077 0.8417461081730769 0.3499377860576923 0.8413348389423077
3 0.45572142548076927 0.6004734230769231 0.6188551586538461 0.5912971947115385 0.6223277283653845 0.5814428125 0.6084892019230769 0.5266970384615385 0.4130012884615385 0.5624552716346154 0.35364750480769236 0.5854102644230769 0.2966616658653846 0.6255182956730769 0.29155334375 0.6299225841346154 0.3893047091346154 0.6554800432692307 0.4822713245192308 0.6512219375 0.5236662451923076 0.65125134375 0.5819773028846154 0.6491320552884615 0.5990808509615385 0.627346076923077 0.5288471466346154 0.6395563437499999 0.45444850000000003 0.645430375 0.3902564254807693 0.6441807379807692 0.3615461322115384 0.6429565528846154 0.3423607331730769 0.61729709375 0.35688987499999997 0.5996771298076923 0.3755464975961538 0.5923188605769231 0.4339003846153846 0.5857116225961538 0.45572142548076927 0.6004734230769231
3 0.765313610576923 0.55903140625 0.7618273341346153 0.5700070625 0.8424299783653846 0.6223986658653846 0.9072793269230769 0.6432021730769232 0.9682488149038462 0.6551423822115384 0.972213576923077 0.5659352836538462 0.9297259350961539 0.5703869086538462 0.906138451923077 0.5855824110576923 0.8269420024038462 0.5633240721153846 0.8141834206730769 0.528704076923077 0.7942112860576922 0.5406203052884615 0.765313610576923 0.55903140625
0 0.6522673870192308 0.5954551346153847 0.6521341370192307 0.6094176514423076 0.649090233173077 0.61368959375 0.6550638245192307 0.6171135841346154 0.667049079326923 0.6199722692307692 0.6760665745192308 0.6191243197115385 0.6820592019230769 0.6205536634615385 0.70313809375 0.6145858173076924 0.7151994927884615 0.6094659254807693 0.7152185264423078 0.6074712788461538 0.7212682644230769 0.6029166875 0.7302857572115384 0.6020687355769231 0.7303619014423077 0.5940901538461538 0.7006051947115384 0.5841938076923077 0.6854267139423077 0.58237275 0.67640921875 0.583220701923077 0.6733843509615384 0.5854979975961538 0.6613610240384615 0.5866286009615385 0.6523244951923076 0.5894711971153846 0.6492805913461539 0.5937431394230769 0.6522673870192308 0.5954551346153847
3 0.357363 0.4264315817307692 0.43249899038461537 0.4260562548076923 0.3465184014423077 0.45320900240384615 0.32272908413461543 0.4628056225961539 0.3307243725961539 0.48546328125 0.3987505841346154 0.4750614447115385 0.4309202427884615 0.48575123076923077 0.44859828846153843 0.48275168509615385 0.5021183509615385 0.4225208677884615 0.524290485576923 0.4237799423076923 0.5541331634615385 0.4142836971153846 0.5514836370192308 0.4275800673076923 0.5261218750000001 0.44334496875 0.4968287043269231 0.4484431225961538 0.48393222355769233 0.4787594903846154 0.5490513269230769 0.4712968798076923 0.5548427596153845 0.4456622355769231 0.5567029879807692 0.40902403365384615 0.5503777211538462 0.38486357692307693 0.44790778605769227 0.3965060480769231 0.3474739375 0.40595025240384613 0.3377830745192308 0.41756714423076924 0.357363 0.4264315817307692
3 0.4248297788461538 0.9420501153846155 0.5056744086538462 0.9127577259615385 0.4680938677884615 0.9356581490384616 0.3990970432692308 0.9737160600961539 0.46428311298076924 0.9698531826923078 0.7891511658653846 0.9393045120192307 0.7779904855769231 0.8856022836538462 0.6669892860576923 0.8937165120192307 0.7630031947115385 0.8653213653846153 0.5022287884615385 0.9068859471153845 0.4248297788461538 0.9420501153846155
2 0.8702862620192308 0.40755407451923076 0.879322795673077 0.40471147596153845 0.8853725264423077 0.40015688461538457 0.8914603365384616 0.39161300000000004 0.891574548076923 0.3796451274038462 0.879589295673077 0.37678644230769226 0.8555236057692308 0.3810422908653846 0.8374315072115385 0.38872213221153845 0.8373553653846154 0.3967007115384616 0.8403040913461539 0.40240200000000004 0.8402089134615385 0.4123752235576923 0.8462396105769231 0.4098152788461539 0.8702862620192308 0.40755407451923076
2 0.8344256778846154 0.38900478125 0.8464870745192308 0.3838848894230769 0.8465822548076923 0.3739116610576923 0.8496071201923077 0.37163436538461536 0.8466203269230769 0.36992237259615385 0.8466774326923077 0.36393843509615387 0.8436906370192307 0.3622264399038461 0.8376789735576923 0.3627917403846154 0.8316292403846154 0.3673463317307692 0.8255414326923076 0.3758902163461538 0.8255033605769231 0.37987950480769234 0.8284901586538461 0.3815915 0.8284140144230769 0.3895700817307692 0.8344256778846154 0.38900478125
3 0.3703646177884616 0.8690776730769231 0.36127098076923075 0.8779042067307692 0.36106158653846154 0.8998453076923076 0.36401031009615387 0.9055465913461538 0.38193108653846153 0.9158185600961539 0.39990896634615386 0.9201065913461538 0.42682820432692303 0.9315252548076922 0.4358456971153846 0.9306773052884616 0.4449202980769231 0.9238454158653846 0.4510081057692308 0.9153015336538461 0.4542233293269231 0.8930777836538462 0.4272660240384616 0.8856484110576923 0.4062252043269231 0.8876269639423077 0.40323840865384614 0.88591496875 0.40021353846153845 0.8881922668269231 0.39121508173076924 0.8870455721153847 0.39425898317307695 0.8827736322115385 0.38834249759615386 0.8733657043269231 0.39140543990384613 0.8670991177884615 0.38838056971153845 0.8693764158653846 0.3703646177884616 0.8690776730769231