1 0.02581188701923077 0.6176806875 0.02216230528846154 0.6296492115384615 0.03471786778846154 0.6584845240384615 0.05290272115384616 0.6557320721153845 0.060469685096153844 0.6425851706730769 0.05434682451923077 0.6145325336538462 0.02581188701923077 0.6176806875
1 0.2331024014423077 0.6015267620192307 0.2373086057692308 0.5921084759615385 0.23229898798076926 0.5691563197115385 0.20040328846153846 0.5760330913461538 0.21295885336538461 0.6048684038461538 0.2331024014423077 0.6015267620192307
1 0.23982392067307692 0.5940695288461538 0.2507096129807692 0.6152541225961539 0.2731006706730769 0.6030833846153846 0.27004974759615386 0.5795420384615384 0.23982392067307692 0.5940695288461538
1 0.31289418750000003 0.5367596971153846 0.30984325961538467 0.5132183509615384 0.3028539375 0.5098854375 0.2703805985576923 0.5332420216346153 0.2793075985576923 0.5550158028846154 0.2907709302884615 0.5597205817307692 0.3098012307692307 0.5512784615384615 0.31289418750000003 0.5367596971153846
1 0.4726194639423077 0.532196048076923 0.4664966009615385 0.5041434110576923 0.45574948557692313 0.5142628076923077 0.44676573798076924 0.5203160769230769 0.44020633653846153 0.5197753365384615 0.44297127884615384 0.5302437211538462 0.45163047596153844 0.5412273557692308 0.4726194639423077 0.532196048076923
1 0.4729082860576923 0.523956139423077 0.4854041634615385 0.51919990625 0.48608352403846156 0.4982515264423077 0.4762329663461538 0.4895748341346154 0.4673420456730769 0.4984537403846154 0.4729082860576923 0.523956139423077
1 0.5708639086538462 0.47546667548076926 0.5792342860576923 0.49469021875 0.5963058918269231 0.48683728605769233 0.5918528990384615 0.46643536778846156 0.5708639086538462 0.47546667548076926
1 0.6195634086538462 0.44994682451923074 0.6315623485576923 0.4762318990384615 0.6494793990384615 0.46268929807692305 0.6419544663461539 0.43777608653846156 0.6195634086538462 0.44994682451923074
2 0 0.3129123197115385 0.008808735576923077 0.31026259134615386 0.011324052884615384 0.31222364423076926 0.0152414375 0.31104526682692313 0.014684812500000002 0.3084950264423077 0.02225177644230769 0.2953481274038462 0.03093198798076923 0.2873017067307692 0.029818740384615385 0.28220122836538464 0.023386038461538465 0.28141855288461537 0 0.2884532331730769 0 0.3129123197115385
2 0.1428452451923077 0.2645081298076923 0.1400411081730769 0.27078698557692304 0.14171098076923078 0.27843770432692305 0.15065899759615384 0.28118143269230766 0.16129790384615386 0.27254582211538464 0.16550410817307692 0.2631275408653846 0.16746279807692308 0.26253835096153844 0.16690617548076922 0.25998811298076924 0.1604734735576923 0.2592054375 0.1428452451923077 0.2645081298076923
2 0.11989756490384615 0.27412862740384614 0.13948448557692308 0.26823674519230767 0.1442473125 0.26136870192307693 0.1439795096153846 0.2505785552884615 0.13699018509615385 0.24724563942307692 0.13111410817307692 0.24901320192307694 0.11515575 0.26196661538461535 0.11738224759615384 0.2721675769230769 0.11989756490384615 0.27412862740384614
2 0.1907833653846154 0.1685577283653846 0.19218543509615385 0.1654182980769231 0.18995893990384616 0.1552173389423077 0.18744362259615382 0.15325628605769231 0.1737327764423077 0.15738060576923077 0.16336167548076921 0.17680636057692306 0.16783568509615382 0.1781782235576923 0.1907833653846154 0.1685577283653846
2 0.23135927884615384 0.15363453365384616 0.19806151201923078 0.16365073317307693 0.195257375 0.1699295889423077 0.19888593990384618 0.17699112019230767 0.20335994711538463 0.17836298317307692 0.22742087740384614 0.17384296634615384 0.2279775 0.17639320673076925 0.23385357692307693 0.17462564423076923 0.24057509615384615 0.16716840865384613 0.24337923557692306 0.16088955288461537 0.24226598557692308 0.15578907451923077 0.23135927884615384 0.15363453365384616
2 0.5930135865384615 0.17529487259615387 0.5882507596153845 0.18216291586538463 0.5879619375 0.1904028245192308 0.5910338798076923 0.1949141153846154 0.5943736201923077 0.2102155576923077 0.6052803317307692 0.21237009375 0.6080844663461538 0.20609123798076923 0.6058579711538461 0.19589027884615387 0.6072600408653847 0.19275085096153846 0.6019616033653846 0.17803859855769233 0.5930135865384615 0.17529487259615387
2 0.5773230336538462 0.1990384326923077 0.5647464519230769 0.18923317548076923 0.5588703749999999 0.1910007403846154 0.5574683076923077 0.19414016586538463 0.5596948028846154 0.20434112740384616 0.5622101201923078 0.2063021778846154 0.5638799927884615 0.2139528966346154 0.5630345480769231 0.2196425673076923 0.5812194014423077 0.21689011298076924 0.5826214711538461 0.21375068509615386 0.5795495288461538 0.20923939182692308 0.5773230336538462 0.1990384326923077
2 0.41895778846153847 0.23852276682692308 0.42062766105769234 0.24617348557692306 0.43153437019230767 0.24832802403846152 0.4354517548076923 0.24714964903846154 0.43685382451923077 0.24401022115384616 0.4376992668269231 0.2383205528846154 0.43602939423076925 0.23066983173076924 0.4335140793269231 0.22870878125 0.42372061778846154 0.2316547235576923 0.41895778846153847 0.23852276682692308
2 0.38957740865384616 0.24736059134615385 0.38258808413461537 0.24402767307692308 0.3727946225961538 0.24697361298076922 0.3705471081730769 0.2558027091346154 0.37110373317307693 0.25835294951923077 0.3786496826923077 0.26423610576923073 0.3792063052884615 0.26678634615384617 0.38899976682692305 0.26384040384615387 0.39431921875000003 0.2595225985576923 0.39516466346153845 0.25383293269230767 0.39013403125 0.2499108293269231 0.38957740865384616 0.24736059134615385
2 0.27177754326923076 0.25688799519230765 0.2854551826923077 0.25623598798076924 0.29347458413461536 0.2381617283653846 0.28621377403846154 0.22458602644230768 0.2680292379807692 0.23971467788461537 0.27177754326923076 0.25688799519230765
2 0.5265079495192307 0.24639525721153846 0.5241571634615385 0.22766829086538462 0.5096801658653847 0.22976468028846153 0.5087391225961538 0.23818175721153848 0.5121209759615385 0.2520790817307692 0.5266453605769231 0.2486123125 0.5254419399038461 0.24309869711538462 0.5265079495192307 0.24639525721153846
2 0.5414376754807693 0.22137496634615386 0.5337924158653846 0.2271533389423077 0.5296457403846154 0.23535250721153847 0.5342891850961539 0.24438616586538459 0.5453808413461538 0.24244388701923075 0.5551263846153847 0.2188036658653846 0.5414376754807693 0.22137496634615386
2 0.31267926201923074 0.24076070432692306 0.30849698317307694 0.2447228533653846 0.2947199903846154 0.2550470625 0.2961331923076923 0.26968875961538463 0.31339128365384616 0.26571220432692305 0.3182019543269231 0.24566534615384614 0.31267926201923074 0.24076070432692306