1 0.7553899663461539 0.5193380745192308 0.7731927235576923 0.5070714615384616 0.7758609134615385 0.48740765865384617 0.7425174951923077 0.46834133653846155 0.7124514182692308 0.46551483173076924 0.7038376899038461 0.488602625 0.7132636129807692 0.5133863221153846 0.7553899663461539 0.5193380745192308
1 0.7486375240384615 0.6521313653846155 0.7639751370192307 0.6714964278846154 0.7970478269230769 0.6746055841346154 0.8205930649038462 0.6469471081730769 0.8110656177884615 0.6161794759615385 0.7837692572115385 0.5996731009615385 0.7025570024038461 0.590046891826923 0.6907674615384616 0.6028788052884615 0.7001256995192308 0.6236732115384616 0.7486375240384615 0.6521313653846155
1 0.7594476826923077 1 0.6789884975961538 0.9701923028846154 0.6867981634615384 1 0.7594476826923077 1
1 0.2976463389423077 0.6097337740384615 0.3245704447115385 0.6042990456730769 0.3541627403846154 0.5792005192307692 0.3320673966346154 0.5153879543269231 0.3139600697115385 0.5097027596153846 0.29919776201923076 0.5242466730769231 0.2360589951923077 0.5183110072115384 0.28545069951923074 0.5986299447115384 0.2976463389423077 0.6097337740384615
1 0.6677359711538462 0.9178960793269231 0.6564647932692308 0.9005940985576923 0.6429606177884615 0.9010053677884616 0.6243937980769231 0.9015003004807693 0.6312633365384616 0.908305704326923 0.6512353557692308 0.9283553798076922 0.6677359711538462 0.9178960793269231
3 0.6290179206730768 0.6515781201923077 0.6477209807692308 0.658936389423077 0.6623745913461538 0.6765563533653847 0.6433882091346154 0.7022158100961539 0.614699641826923 0.7034399975961538 0.5505451009615384 0.7046896346153846 0.4761355721153846 0.6988156033653846 0.40584209374999997 0.6866053365384615 0.42309991826923077 0.7083913149038461 0.4814010504807692 0.7105106033653846 0.5227775360576923 0.7104811971153846 0.6157348605769232 0.7147393028846154 0.7132533894230769 0.68918184375 0.7081146057692307 0.6847775552884615 0.6508559639423077 0.6446695240384616 0.5913578173076923 0.62171453125 0.3956903653846154 0.5859562980769231 0.3822645264423077 0.6407020697115384 0.38580875480769233 0.6505564519230769 0.5489388413461538 0.6597326802884615 0.5706406442307692 0.6449708822115384 0.6290179206730768 0.6515781201923077
3 0.19010158413461536 0.5879633365384616 0.17760573798076923 0.6225833317307692 0.09860945673076923 0.644841670673077 0.0749195 0.6296461682692308 0.032417495192307695 0.6251945432692309 0.037043048076923074 0.714401641826923 0.09789702163461539 0.7024614302884615 0.16256332451923078 0.6816579254807693 0.24274138221153846 0.6292663221153846 0.23917512500000002 0.6182906658653846 0.21015342788461538 0.5998795649038462 0.19010158413461536 0.5879633365384616
0 0.34328692307692305 0.645887860576923 0.33126049278846154 0.6447572572115384 0.32822004326923077 0.6424799615384615 0.31920021875000004 0.6416320072115386 0.3040419423076923 0.6434530673076923 0.27437183173076923 0.6533494134615385 0.2745071995192308 0.6613279951923077 0.28352701923076923 0.6621759447115385 0.28960792307692307 0.6667305384615384 0.28964176201923075 0.6687251826923077 0.3017358798076923 0.6738450769230769 0.3228498149038461 0.679812923076923 0.3288291899038462 0.6783835793269231 0.3378490144230769 0.6792315288461539 0.34980776442307693 0.6763728437500001 0.3557532956730769 0.6729488533653847 0.35267900240384614 0.6686769110576923 0.3524421129807692 0.654714391826923 0.35541487740384614 0.6530023990384616 0.35234058894230774 0.6487304543269231 0.34328692307692305 0.645887860576923
3 0.6654668461538461 0.4768264038461538 0.6556939711538461 0.4652095120192307 0.5552341826923077 0.45576530769230766 0.4527228798076923 0.4441228365384615 0.4465798341346154 0.46828329326923074 0.44871135576923077 0.5049214951923077 0.45469062740384614 0.5305561370192308 0.5198364951923077 0.53801875 0.5067205312499999 0.5077023822115385 0.4774023894230769 0.5026042283653847 0.4519347043269231 0.4868393245192308 0.4491875913461539 0.4735429567307692 0.47908766346153847 0.4830392019230769 0.5012406875000001 0.481780125 0.5551845288461539 0.5420109447115384 0.5728770721153846 0.5450104903846154 0.6049531802884616 0.534320704326923 0.673026704326923 0.5447225408653846 0.6808501947115384 0.5220648822115385 0.6570000769230769 0.5124682620192308 0.5708556658653846 0.4853155144230769 0.6459613774038462 0.48569084134615387 0.6654668461538461 0.4768264038461538
3 0.57946328125 1 0.5047276634615385 0.9661452067307692 0.24375933173076922 0.924580625 0.3399418725961538 0.9529757716346154 0.22892926201923075 0.9448615432692308 0.21817233653846155 0.9985637716346154 0.23344976923076924 1 0.5483093942307693 1 0.5390612524038462 0.9949174086538461 0.5013271706730769 0.9720169855769231 0.5787318677884615 1 0.57946328125 1
2 0.12406999038461539 0.4639707355769231 0.13312365625 0.46681333413461534 0.15717651923076922 0.46907453846153846 0.16322357451923078 0.47163448317307693 0.16305436778846155 0.4616612596153846 0.1659594519230769 0.4559599711538462 0.16582408653846153 0.4479813918269231 0.14768291346153847 0.44030155048076924 0.12359620673076922 0.43604570192307696 0.1116374591346154 0.4389043870192308 0.11184050721153847 0.45087225961538463 0.11798909134615385 0.45941614423076926 0.12406999038461539 0.4639707355769231
2 0.15352692307692306 0.430893625 0.15656737019230768 0.43317092067307694 0.15673657932692306 0.44314414903846155 0.16883069471153847 0.4482640408653846 0.17484390865384616 0.4488293413461539 0.17470854086538462 0.4408507596153846 0.17768131009615384 0.4391387644230769 0.17761362500000002 0.4351494735576923 0.1714650432692308 0.42660559134615383 0.1653841466346154 0.422051 0.15937093028846153 0.42148569951923076 0.1563981610576923 0.42319769230769233 0.1564996875 0.4291816298076923 0.15352692307692306 0.430893625
3 0.6183148774038462 0.9326249639423078 0.6124708677884615 0.942032891826923 0.61554515625 0.9463048317307692 0.6065591778846154 0.9474515264423077 0.6035187259615384 0.9451742283653846 0.6005459615384615 0.9468862235576924 0.5794997043269231 0.9449076706730769 0.5526094423076923 0.9523370432692307 0.5559883052884615 0.9745607932692307 0.5621368870192307 0.9831046754807692 0.5712582379807692 0.9899365649038461 0.5802780600961538 0.9907845144230769 0.607100641826923 0.9793658509615385 0.6250387644230769 0.9750778197115384 0.6428753629807692 0.9648058509615385 0.6457804447115384 0.9591045673076923 0.6454081875 0.9371634663461539 0.6362529975961538 0.9283369326923077 0.6182471947115384 0.9286356754807692 0.6152067427884615 0.9263583774038462 0.6183148774038462 0.9326249639423078