2 0.9328523028846154 0.8314625721153847 0.9660459759615385 0.8299171850961538 0.9684538629807692 0.7234850673076922 0.9411479903846154 0.7223977043269231 0.9104363533653845 0.8118227716346154 0.9328523028846154 0.8314625721153847
2 0.8663925264423077 0.15744701201923078 0.8865506153846153 0.18934797596153846 0.9256320889423078 0.18516983653846156 0.9233868725961538 0.14935053846153845 0.8889458557692307 0.1309963173076923 0.8770455168269231 0.13427186057692306 0.8663925264423077 0.15744701201923078
0 0.4144166105769231 0.3339780168269231 0.4028904783653846 0.34322344230769236 0.39499428365384615 0.36209727884615384 0.40526042788461536 0.3810327019230769 0.42054123317307696 0.38340564663461535 0.4587495721153846 0.36529777884615383 0.46426316586538463 0.3566951442307692 0.4448534855769231 0.3367339471153846 0.4144166105769231 0.3339780168269231
2 0.896017766826923 0.38866546874999996 0.9210657788461538 0.4020139903846154 0.9314566586538462 0.422939375 0.9466127283653846 0.42332235817307695 0.9443801586538462 0.3394226033653846 0.9202052860576924 0.3400038076923077 0.896017766826923 0.38866546874999996
0 0.5816196826923077 0.3942311418269231 0.543536079326923 0.41432896874999997 0.5633199639423077 0.4402600504807692 0.6176822451923076 0.43845485336538464 0.6165596370192308 0.4205452043269231 0.6407345096153846 0.4199640024038462 0.64124609375 0.37984338701923076 0.58663434375 0.37766866346153843 0.5816196826923077 0.3942311418269231
0 0.26172064423076924 0.3603189927884615 0.27600357932692304 0.3467722475961538 0.25984963221153845 0.33046957692307694 0.21838556009615384 0.3449189158653846 0.22238970192307692 0.3605172091346154 0.26172064423076924 0.3603189927884615
2 0.870284579326923 0.12297488461538462 0.9232621394230769 0.1473605769230769 0.9164017572115385 0.03791272355769231 0.8919774158653847 0.0345140048076923 0.8715572115384614 0.04671357932692308 0.870284579326923 0.12297488461538462
2 0.9337254423076923 0.8453923004807693 0.9284486634615384 0.9060553149038462 0.9408479375 0.9107396153846155 0.9765489423076923 0.9009129879807692 0.9726821826923077 0.8392241995192309 0.9572766418269231 0.8348612908653846 0.9337254423076923 0.8453923004807693
1 0.49311471153846154 0.6721347499999999 0.45303536057692306 0.6603932019230769 0.4261036875 0.6652757211538461 0.3767434230769231 0.6985988966346154 0.3757329038461539 0.7307596706730769 0.39564151923076923 0.7586807115384615 0.43347565625 0.7346029615384615 0.5191605961538461 0.7014029615384616 0.515156454326923 0.6858046682692307 0.49311471153846154 0.6721347499999999
1 0.08074622596153845 0.27349199759615384 0.042038951923076925 0.2836400216346154 0.010092617788461537 0.30508501923076925 0.00945630048076923 0.3432156706730769 0.02849178125 0.3572069855769231 0.09299547355769232 0.37234725240384614 0.07898730048076923 0.293713 0.08725769711538461 0.2808090504807692 0.08074622596153845 0.27349199759615384
1 0.2056988798076923 0.48049606971153846 0.19116648076923076 0.4900628894230769 0.17425148557692308 0.5099009110576923 0.18238450240384615 0.5430874591346154 0.22258858653846153 0.5568189639423077 0.28534599759615387 0.5440997788461538 0.284348125 0.5281800889423077 0.22987375480769232 0.4799148653846154 0.2056988798076923 0.48049606971153846
0 0.7650508509615384 0.6650987283653845 0.7887267836538462 0.6565576826923076 0.8190389278846154 0.6573236490384615 0.8243030552884616 0.64474109375 0.8078996466346153 0.6244585 0.7595498966346154 0.6256209062500001 0.7650508509615384 0.6650987283653845
0 0.29666060096153846 0.38663305528846154 0.31620766105769227 0.36050375721153843 0.28489764423076924 0.3438181009615385 0.2791345793269231 0.34844081250000003 0.25958751682692305 0.37457011298076925 0.29666060096153846 0.38663305528846154
0 0.8858004807692308 0.6602027548076923 0.872515423076923 0.6896691850961538 0.9125947716346154 0.7014107331730769 0.9698385865384616 0.6972941802884616 0.9692275600961539 0.6392639182692308 0.9179962836538462 0.6427376778846153 0.8858004807692308 0.6602027548076923