1 0.2823792067307692 0.7606074759615384 0.28283087740384616 0.749346639423077 0.28048859375 0.7455849158653846 0.2809402668269231 0.734324079326923 0.27859798076923076 0.730562358173077 0.25880577403846156 0.7267438629807692 0.25646349038461536 0.7229821394230769 0.24150641826923075 0.7229334807692307 0.23637017067307695 0.7266708701923077 0.22798828846153846 0.7491682139423077 0.2266332644230769 0.7829507259615384 0.23320844951923075 0.8054967283653846 0.2581369014423077 0.8055778317307692 0.27090224038461536 0.7981111562500001 0.2764901658653846 0.7831129278846153 0.2823792067307692 0.7606074759615384
1 0.4278848461538462 0.8624416225961539 0.4503204519230769 0.8625146129807693 0.4554566995192308 0.8587772211538461 0.46074350961538457 0.85128621875 0.46368802644230767 0.8400334927884615 0.46897483413461544 0.832542485576923 0.47146767788461535 0.8325505961538462 0.4770555985576923 0.8175523701923078 0.4773567163461539 0.8100451442307691 0.4729732572115385 0.7950144735576923 0.46345355528846155 0.7837211971153846 0.4636041105769231 0.7799675841346154 0.4542349639423077 0.7649206947115386 0.4543855216346154 0.7611670817307693 0.4375378365384615 0.7460958605769231 0.4225807668269231 0.7460471971153846 0.4148011153846154 0.75353009375 0.41419888221153844 0.7685445432692308 0.4115554783653846 0.7722900456730769 0.4094476658653846 0.8248406153846154 0.41602285096153846 0.8473866201923077 0.4230497115384615 0.8586717884615385 0.4278848461538462 0.8624416225961539
1 0.7103291394230768 0.844590016826923 0.7308741322115384 0.8296404495192308 0.7414477451923077 0.8146584423076924 0.7422005360576923 0.7958903798076923 0.7379676370192307 0.7771060961538462 0.7262561995192307 0.7582974855769231 0.7264067596153846 0.7545438701923076 0.6981487548076923 0.7131568125 0.693313625 0.7093869831730769 0.6783565552884615 0.7093383197115385 0.6702757860576922 0.7243284399038461 0.6661268028846153 0.7656100649038462 0.6633328389423077 0.7731091778846154 0.6624294927884615 0.7956308509615385 0.6644706634615385 0.8068997980769231 0.6807161129807693 0.8369854687499999 0.6903863774038462 0.8445251370192307 0.7103291394230768 0.844590016826923
1 0.629570829326923 0.8067862572115385 0.6319131177884615 0.8105479783653846 0.6314614423076923 0.821808814903846 0.6336531706730769 0.8293241490384615 0.6453646057692308 0.848132764423077 0.6603216754807693 0.8481814254807692 0.670594173076923 0.840706639423077 0.6758809807692308 0.8332156370192307 0.6603883197115384 0.7843619038461539 0.6356104254807692 0.7805271899038462 0.6303236201923077 0.7880181947115384 0.629570829326923 0.8067862572115385
1 1 0.7666962908653846 0.9877038245192308 0.7666562836538462 0.9800747331730769 0.7703855673076923 0.9793219423076922 0.7891536274038462 0.9882394158653847 0.8154613533653846 0.9954168365384616 0.8229929110576923 1 0.8230078197115385 1 0.7666962908653846
0 0.24717730288461537 0.4999995576923077 0.24849444951923075 0.5201821442307693 0.2595287956730769 0.5220575504807692 0.2596971610576923 0.5127629423076923 0.27027077403846156 0.49778093509615384 0.27306473557692307 0.49028181971153845 0.271174125 0.4752592596153846 0.27025100240384614 0.4561929254807692 0.2626750528846154 0.45424617788461535 0.2563676105769231 0.4714569879807692 0.24717730288461537 0.4999995576923077
0 0.3426246201923077 0.5017704326923077 0.33514608173076926 0.5017461009615385 0.3294076009615384 0.5204979423076923 0.32910648557692307 0.5280051658653846 0.3314487740384615 0.531766891826923 0.33024430769230767 0.5617957884615384 0.33258659375 0.5655575120192308 0.34006513221153845 0.5655818413461539 0.34300965144230766 0.5543291153846154 0.3439129975961538 0.5318074423076923 0.3465564038461538 0.5280619375 0.3470080769230769 0.5168011033653847 0.3426246201923077 0.5017704326923077
0 0.5152504399038461 0.6112010168269231 0.5177432860576923 0.6112091274038461 0.5105658653846153 0.6036775697115385 0.5085246947115385 0.5924086225961539 0.5036895649038462 0.5886387908653846 0.4937181826923077 0.5886063509615385 0.4910747788461538 0.5923518533653847 0.47611770673076925 0.5923031923076923 0.4705297860576923 0.6073014182692308 0.47022867067307694 0.6148086442307692 0.4725709567307692 0.6185703653846153 0.4800494903846154 0.6185946971153846 0.48239177884615386 0.6223564182692307 0.5023345408653846 0.6224213004807692 0.5099636346153846 0.6186920216346153 0.5152504399038461 0.6112010168269231
0 0.7069823149038462 0.6793986370192309 0.7149125264423077 0.6681621274038462 0.7117335336538461 0.6231025625 0.6972281370192307 0.6117930625 0.6922424471153845 0.6117768413461538 0.6816688341346153 0.6267588509615384 0.6815182764423077 0.6305124615384615 0.6762314687500001 0.6380034663461539 0.6732869471153846 0.6492561923076923 0.6652061802884616 0.6642463125 0.6673979086538462 0.6717616466346155 0.6667956778846154 0.6867760937499999 0.6688368485576923 0.6980450432692307 0.676014266826923 0.7055766009615384 0.6786576706730769 0.7018310961538461 0.686136204326923 0.7018554254807692 0.7069823149038462 0.6793986370192309
0 0.5856523365384615 0.5964136514423077 0.5852006634615384 0.6076744879807692 0.5895841201923078 0.6227051610576922 0.599103826923077 0.6339984375000001 0.6093763245192307 0.6265236538461539 0.6121702860576923 0.6190245384615385 0.6126219567307692 0.6077637019230769 0.6104302307692308 0.6002483653846153 0.6034033677884616 0.5889631995192308 0.5935825456730769 0.5851771490384615 0.5856523365384615 0.5964136514423077
2 0.28359849759615385 0.2951027788461538 0.28284570673076925 0.31387084134615384 0.29485825721153847 0.32517223076923074 0.2973511033653846 0.3251803389423077 0.3052813125 0.3139438341346154 0.30543187019230766 0.31019022115384615 0.3160054831730769 0.2952082139423077 0.3163066009615385 0.2877009879807692 0.30429405048076924 0.2763995985576923 0.29681551201923073 0.2763752692307692 0.28359849759615385 0.2951027788461538
2 0.3976671418269231 0.3104903004807692 0.39532485576923077 0.3067285793269231 0.36526015625 0.3103848677884615 0.36012390625 0.31412225721153847 0.3595216754807692 0.3291367091346154 0.36171340144230774 0.33665204326923076 0.3691919375 0.3366763725961538 0.37636935576923075 0.3442079302884615 0.3916275456730769 0.33674936778846154 0.40952913461538465 0.3255453004807692 0.40998081009615384 0.3142844615384615 0.40763852403846157 0.31052274038461536 0.3976671418269231 0.3104903004807692
2 0.597847545673077 0.2923710576923077 0.6019965288461538 0.2510894326923077 0.6046399326923078 0.24734393028846155 0.6055432836538461 0.22482225480769233 0.6196636466346154 0.18357307211538462 0.6272927403846154 0.1798437908653846 0.6352229495192308 0.16860728365384617 0.635674625 0.1573464471153846 0.6308394927884616 0.1535766153846154 0.6009253509615384 0.15347929326923077 0.5982819495192307 0.15722479326923075 0.5908034110576923 0.1572004639423077 0.57358796875 0.21345598798076923 0.5674817283653846 0.3035345721153846 0.5698240144230768 0.30729629326923075 0.5897667764423077 0.30736117788461537 0.597847545673077 0.2923710576923077
2 0.4607410625 0.2919249951923077 0.4630833485576923 0.29568671634615384 0.4624811153846154 0.31070116586538465 0.48491672355769233 0.31077415865384617 0.4853683966346154 0.2995133221153846 0.46375222355769236 0.21685274759615383 0.4581643028846154 0.23185097596153847 0.45756206971153845 0.24686542788461538 0.46209608413461534 0.2581424855769231 0.4607410625 0.2919249951923077
2 0.6458138341346153 0.27751070432692304 0.6431704302884615 0.28125620192307693 0.6356918966346154 0.28123187259615384 0.6328979375 0.28873098557692306 0.6397742379807692 0.3037697692307692 0.6471022139423077 0.3075477139423077 0.6695378245192308 0.30762070432692307 0.6751257475961538 0.29262247596153845 0.6804125528846154 0.28513146875 0.6832065120192308 0.27763235576923073 0.6836581875000001 0.26637151923076924 0.6662082716346155 0.26631474759615387 0.6458138341346153 0.27751070432692304
2 0.8718754110576923 0.04924594230769231 0.8671908365384616 0.041722497596153846 0.8550277283653845 0.034174723557692306 0.8450563461538461 0.03414228365384615 0.8427140576923077 0.030380557692307693 0.8152927620192307 0.030291343749999998 0.8100059567307691 0.037782350961538466 0.8075131105769231 0.03777424038461538 0.8020757451923076 0.04901885576923077 0.8019251875000001 0.05277246875 0.8091026057692308 0.06030402403846154 0.82625140625 0.06786802163461539 0.8337299423076924 0.06789235096153846 0.8360722307692308 0.07165407451923077 0.8681781009615384 0.07926673076923077 0.8718754110576923 0.04924594230769231
2 0.8168156153846154 0.11664064903846152 0.7794229374999999 0.1165189951923077 0.7716432860576923 0.12400188942307692 0.7686987668269231 0.13525461778846154 0.7710410528846154 0.1390163389423077 0.7785195913461538 0.13904067067307693 0.7808618774038462 0.14280238942307694 0.7958189471153846 0.1428510528846154 0.8137205360576923 0.13164698798076924 0.8190073437500001 0.12415598317307691 0.8215001923076923 0.12416409375 0.8216507475961539 0.12041048076923078 0.8168156153846154 0.11664064903846152
2 0.8864153533653846 0.3083262932692307 0.8886737235576923 0.2520221081730769 0.8863314350961539 0.24826038701923075 0.8873853413461539 0.22198510096153848 0.8929732644230769 0.20698687259615384 0.895466110576923 0.20699498317307694 0.8984106298076924 0.19574225721153848 0.8996150961538463 0.16571335576923077 0.8974233653846154 0.15819802163461538 0.8774806057692307 0.1581331394230769 0.872344358173077 0.16187053365384615 0.871742125 0.17688497836538464 0.8690987211538462 0.18063048317307692 0.8659871370192308 0.25820638701923077 0.861788016826923 0.30073796875 0.8639797451923077 0.3082533028846154 0.8864153533653846 0.3083262932692307
1 0.14043759134615386 0.7563915817307693 0.08763616586538461 0.7674821033653847 0.086883375 0.7862501634615384 0.09126683173076923 0.8012808341346154 0.12307158894230769 0.81640071875 0.16212040625 0.7752326322115385 0.16173537259615384 0.7226739519230769 0.14043759134615386 0.7563915817307693