3 0.421875 0.3359375 0.40937500000000004 0.375 0.4078125 0.390625 0.40156250000000004 0.4046875 0.38749999999999996 0.46406250000000004 0.3828125 0.47187500000000004 0.3734375 0.5140625 0.3734375 0.525 0.37031250000000004 0.528125 0.37031250000000004 0.534375 0.375 0.53125 0.37968749999999996 0.5390625 0.3765625 0.5421875 0.37968749999999996 0.5484375 0.3828125 0.546875 0.38593750000000004 0.5515625 0.390625 0.5484375 0.39375000000000004 0.5578125 0.390625 0.5609375 0.3734375 0.5625 0.36875 0.559375 0.365625 0.5625 0.3671875 0.5734375 0.375 0.5625 0.37812500000000004 0.5671875 0.3828125 0.5640625 0.38593750000000004 0.5671875 0.40312499999999996 0.5671875 0.4078125 0.571875 0.4046875 0.578125 0.4078125 0.58125 0.3984375 0.584375 0.39531249999999996 0.578125 0.3921875 0.5828125 0.38749999999999996 0.5828125 0.38593750000000004 0.5796875 0.384375 0.5828125 0.37187499999999996 0.5828125 0.365625 0.5765625 0.36250000000000004 0.5765625 0.359375 0.590625 0.35624999999999996 0.59375 0.3453125 0.5859375 0.3453125 0.5375 0.34062499999999996 0.509375 0.3421875 0.38593750000000004 0.33906250000000004 0.359375 0.31718749999999996 0.36406249999999996 0.30625 0.37187499999999996 0.2921875 0.390625 0.2859375 0.41093749999999996 0.284375 0.4375 0.2890625 0.490625 0.2890625 0.6 0.29375 0.6265624999999999 0.290625 0.6984375 0.2921875 0.7703125 0.3 0.7765625 0.34843749999999996 0.7765625 0.3671875 0.7703125 0.375 0.778125 0.38749999999999996 0.7828124999999999 0.41093749999999996 0.7828124999999999 0.42656249999999996 0.778125 0.4390625 0.778125 0.46562499999999996 0.7703125 0.47187500000000004 0.765625 0.47187500000000004 0.7124999999999999 0.475 0.6890624999999999 0.47343749999999996 0.6828125 0.478125 0.6 0.47187500000000004 0.55625 0.45625000000000004 0.5390625 0.4609375 0.47343749999999996 0.4703125 0.4078125 0.46875 0.40156250000000004 0.47343749999999996 0.36250000000000004 0.47187500000000004 0.3453125 0.45625000000000004 0.3453125 0.44218749999999996 0.3515625 0.43437499999999996 0.3453125 0.43437499999999996 0.34062499999999996 0.4296875 0.3359375 0.421875 0.3359375
3 0.7265625 0.5609375 0.734375 0.5640625 0.7453125 0.5578125 0.7453125 0.5078125 0.7359374999999999 0.484375 0.7359374999999999 0.46406250000000004 0.721875 0.4515625 0.7203124999999999 0.46406250000000004 0.7250000000000001 0.475 0.7281249999999999 0.5328125 0.7265625 0.5609375
3 0.7749999999999999 0.5625 0.7765625 0.56875 0.7796875000000001 0.5703125 0.7828124999999999 0.56875 0.7984374999999999 0.5703125 0.8078125 0.5671875 0.8046875 0.5609375 0.8109375000000001 0.509375 0.8109375000000001 0.49375 0.8046875 0.484375 0.79375 0.490625 0.784375 0.5109375 0.7828124999999999 0.5453125 0.7749999999999999 0.5625
3 0.809375 0.546875 0.8109375000000001 0.559375 0.815625 0.5640625 0.84375 0.559375 0.8500000000000001 0.5515625 0.8515625 0.5125 0.8484375 0.484375 0.84375 0.46875 0.8374999999999999 0.46406250000000004 0.83125 0.46406250000000004 0.8234375 0.4703125 0.8187500000000001 0.51875 0.809375 0.546875
3 0.9640625 0.546875 0.971875 0.540625 0.971875 0.5171875 0.9609375 0.4828125 0.9421875 0.48124999999999996 0.9375 0.5 0.940625 0.5484375 0.95 0.55 0.9640625 0.546875
0 0.9624999999999999 0.5484375 0.9468749999999999 0.553125 0.9484375 0.5734375 0.9578125 0.5703125 0.9624999999999999 0.5484375
0 0.909375 0.534375 0.91875 0.5296875 0.91875 0.521875 0.909375 0.534375
0 0.815625 0.55 0.8078125 0.5515625 0.8078125 0.565625 0.8171875 0.5609375 0.815625 0.55
0 0.7749999999999999 0.5703125 0.78125 0.5703125 0.78125 0.5515625 0.7749999999999999 0.5703125
0 0.671875 0.5734375 0.6828125 0.5765625 0.6765625 0.553125 0.671875 0.5734375
3 0.7265625 0.5609375 0.7390625 0.5640625 0.746875 0.55625 0.746875 0.5421875 0.7515624999999999 0.5328125 0.7515624999999999 0.5265625 0.746875 0.5140625 0.7453125 0.5 0.7359374999999999 0.47968750000000004 0.734375 0.4609375 0.721875 0.4546875 0.7203124999999999 0.4625 0.7265625 0.47968750000000004 0.7281249999999999 0.528125 0.7265625 0.5609375