3 0.49231508653846157 0.29080128605769234 0.4867503798076923 0.31309996153846154 0.49870957692307694 0.3270708149038462 0.5659961971153846 0.3218955817307692 0.56955425 0.28625656971153846 0.5199787956730769 0.28122824278846154 0.49231508653846157 0.29080128605769234
3 0.5451547788461538 0.3300132331730769 0.5049700721153847 0.33124263221153843 0.4625914471153846 0.32100743990384617 0.45170257211538456 0.3297556081730769 0.46015698798076926 0.3453920288461539 0.4988435673076923 0.35916852403846156 0.5384664759615384 0.36356633173076924 0.5451547788461538 0.3300132331730769
3 0.5197398798076923 0.5511400745192307 0.5341335336538461 0.5407263413461538 0.4851198798076923 0.5300708004807693 0.4311033149038461 0.5360867259615385 0.4334845024038462 0.5456755841346154 0.5197398798076923 0.5511400745192307
1 0.38164953125 0.26680194230769233 0.37944106490384616 0.2794259903846154 0.3893548846153846 0.2899413100961538 0.4193997788461538 0.289957125 0.4219055168269231 0.26643025240384616 0.3968357355769231 0.26205969471153845 0.38164953125 0.26680194230769233
1 0.38998228125 0.5466948149038461 0.37596316105769234 0.5533570769230769 0.3871732908653846 0.5748308750000001 0.4303009807692308 0.5775631177884615 0.4411898533653846 0.5688149519230769 0.4360529543269231 0.5533887067307692 0.38998228125 0.5466948149038461
1 0.41529425721153845 0.41812375 0.4332513701923077 0.4107067692307692 0.41139662259615384 0.4048976826923077 0.39701766826923074 0.40934563942307695 0.39017549759615383 0.4188919182692308 0.4015927716346154 0.43039909374999996 0.41486952884615386 0.4328446730769231 0.41529425721153845 0.41812375
3 0.50935953125 0.5882344759615384 0.5397789615384615 0.5844988149038461 0.5407152884615385 0.5751201298076923 0.4553962427884616 0.560276954326923 0.4332439639423077 0.581524766826923 0.50935953125 0.5882344759615384
1 0.3664933149038462 0.7150908365384615 0.3659847884615385 0.6867446033653846 0.3562195120192308 0.6842383485576923 0.3348162980769231 0.6979832115384615 0.34658822596153843 0.7138298004807692 0.3664933149038462 0.7150908365384615
1 0.39244094230769233 0.1542295360576923 0.37842181971153843 0.16089179567307693 0.38575264182692304 0.1877826346153846 0.4019656850961538 0.1925849735576923 0.4231816322115384 0.18071584615384614 0.42893360096153843 0.1565414326923077 0.39244094230769233 0.1542295360576923
3 0.42417447596153846 0.6054890096153847 0.42286361538461537 0.6186191706730769 0.5043033485576923 0.6388793870192307 0.5507485528846154 0.6418218052884614 0.5474843125000001 0.6076381850961539 0.4547811706730769 0.599877610576923 0.42417447596153846 0.6054890096153847
0 0.4690117644230769 0.22325892307692305 0.45574170432692307 0.22241823076923076 0.44891941346153846 0.22387362259615384 0.4446655673076923 0.23304213942307694 0.4509260625 0.23721395913461538 0.46382159134615386 0.24180612259615383 0.4673263701923077 0.24014056009615384 0.4712056826923077 0.23472351923076923 0.47821524519230774 0.23139238942307694 0.46882449759615386 0.22513465865384616 0.4690117644230769 0.22325892307692305
0 0.4746329855769231 0.6351120961538462 0.4681852235576923 0.6328160120192308 0.45159764903846156 0.6317651490384615 0.45084858413461537 0.6392680985576923 0.47075367067307694 0.6405291346153846 0.47444571874999997 0.6369878317307692 0.4746329855769231 0.6351120961538462
2 0.7533316514423076 0.7528111971153847 0.7568364350961538 0.7511456346153846 0.7575854975961539 0.7436426826923076 0.75482978125 0.7378052980769231 0.7415597235576924 0.7369646081730769 0.7380549423076924 0.7386301754807693 0.7367440793269231 0.7517603341346154 0.7533316514423076 0.7528111971153847
1 0.4073463653846154 0.6402873293269231 0.39482537259615386 0.6319436899038462 0.39206965384615383 0.6261063028846153 0.38580915625 0.6219344831730769 0.3758566129807692 0.6213039663461538 0.3651550048076923 0.6281763990384616 0.37047917067307695 0.6417269038461538 0.3798699182692308 0.6479846346153846 0.3997750048076923 0.6492456706730769 0.4065973004807692 0.6477902788461538 0.4102893461538461 0.6442489759615384 0.4073463653846154 0.6402873293269231
2 0.7443973605769231 0.6227349855769231 0.7187316658653846 0.6237648557692308 0.7159668798076922 0.6409914951923077 0.7315193894230769 0.6419767836538461 0.7432226754807693 0.6554010072115385 0.7540965336538462 0.6457666033653846 0.7443973605769231 0.6227349855769231
2 0.6926099086538462 0.5300799831730769 0.706185858173077 0.5247468341346153 0.693073096153846 0.5097572139423077 0.6740023389423077 0.5126791057692308 0.674322814903846 0.5185981610576923 0.6926099086538462 0.5300799831730769
0 0.4438417764423077 0.39869490625 0.43593017307692306 0.4099911947115385 0.46571524038461537 0.41866218749999995 0.47669501201923076 0.4040210240384615 0.4610873942307692 0.4036211754807692 0.45395495913461537 0.3966797451923077 0.4438417764423077 0.39869490625
1 0.41790003846153845 0.3155127259615385 0.42811731009615384 0.30730527884615383 0.4341620072115384 0.29604927403846154 0.4047722235576923 0.29014034375000003 0.40672955769230773 0.30190140625 0.41790003846153845 0.3155127259615385
2 0.7535856009615384 0.3775136586538462 0.7435690793269232 0.3837103173076923 0.7393851754807692 0.38977060817307696 0.7355170312499999 0.39711559375 0.735542125 0.39686424759615385 0.7337137524038462 0.39725429086538466 0.75715590625 0.40000410096153843 0.7535856009615384 0.3775136586538462
2 0.7481135769230769 0.2888668990384615 0.7581584927884616 0.2958286201923077 0.755266704326923 0.3057667355769231 0.7684221129807691 0.30508064423076925 0.7692866466346153 0.2740164182692308 0.7600157956730769 0.27722505528846153 0.7481135769230769 0.2888668990384615
2 0.7789552836538461 0.18710277403846154 0.7743981658653846 0.19807172115384614 0.7687261875 0.20285232932692307 0.7746966057692308 0.22109860096153847 0.7861228317307692 0.21937426201923077 0.7889209591346155 0.18699984615384618 0.7789552836538461 0.18710277403846154
2 0.7838895600961538 0.1810503798076923 0.7873354375 0.17686491105769228 0.7900850576923077 0.14497631490384616 0.7730931682692308 0.14610266586538462 0.7711808028846154 0.16091055288461537 0.7641121514423077 0.16560267307692306 0.7771085216346154 0.17523734615384615 0.7838895600961538 0.1810503798076923