3 0.6550072668269231 0.4887869278846154 0.6768859831730769 0.48138241105769236 0.6845293966346154 0.45307808894230767 0.6760776610576923 0.40421764663461535 0.6407405456730769 0.4107476923076923 0.6402304927884616 0.47807163461538466 0.6550072668269231 0.4887869278846154
3 0.6081736201923077 0.48063403365384616 0.62460621875 0.51793521875 0.6408033822115384 0.5250265480769231 0.6487842427884616 0.5134672908653847 0.6356318822115384 0.47219845673076927 0.6340780625 0.4321477788461538 0.6010402596153847 0.44161441586538464 0.6081736201923077 0.48063403365384616
3 0.4384879903846154 0.5086292475961538 0.42445671153846154 0.46079986538461537 0.4150554591346154 0.4759830865384615 0.4264814014423077 0.5612702451923077 0.4362200985576923 0.5628320865384615 0.4384879903846154 0.5086292475961538
1 0.6960558557692308 0.5926346442307693 0.70850734375 0.5893790384615385 0.712191108173077 0.5738842427884616 0.7060922211538462 0.54932953125 0.6827755048076922 0.5537962860576923 0.6848707884615385 0.583662451923077 0.6960558557692308 0.5926346442307693
1 0.4227931201923077 0.6190970432692308 0.42847467548076923 0.6046011971153846 0.4186025504807693 0.5593647139423077 0.4028448485576923 0.5555536586538461 0.3948639855769231 0.5671129182692307 0.40057695673076926 0.6097565 0.4227931201923077 0.6190970432692308
1 0.5437852524038461 0.5832926225961539 0.5560646875 0.59367609375 0.5651224975961538 0.5860726177884615 0.5685683004807692 0.5714050240384615 0.5612556538461538 0.5501671730769231 0.5550931129807692 0.5686411394230769 0.5404245697115384 0.570299641826923 0.5437852524038461 0.5832926225961539
3 0.38966106971153847 0.4571453990384615 0.3803618293269231 0.4588638317307692 0.3787374182692308 0.4894173725961538 0.3907048317307692 0.5645200168269231 0.4103862524038462 0.5407141249999999 0.38966106971153847 0.4571453990384615
1 0.29348268028846153 0.6497156658653847 0.2903044543269231 0.6402185288461539 0.26196727644230766 0.6420935504807692 0.26460403125 0.6617752019230768 0.2812406514423077 0.6721468100961538 0.29348268028846153 0.6497156658653847
1 0.8144755576923076 0.5836932403846153 0.8201571105769231 0.5691973918269231 0.8153230576923077 0.5331143629807692 0.7915844951923077 0.5408625625 0.7812023125 0.5629500240384615 0.7871193076923078 0.5786640264423076 0.8144755576923076 0.5836932403846153
3 0.3543867884615385 0.5779543028846154 0.3674057259615384 0.5755484951923078 0.3708899855769231 0.5446512716346154 0.3567252764423077 0.4531472475961538 0.3223690913461539 0.4527730576923077 0.3285215216346154 0.4986969110576923 0.3543867884615385 0.5779543028846154
0 0.7343372499999999 0.4976577019230769 0.7291971634615385 0.5019690360576923 0.7277767764423076 0.505593 0.7332543100961538 0.5180267259615385 0.7378529254807693 0.5238999014423077 0.746712704326923 0.5189011947115385 0.7476936346153846 0.5119969567307693 0.7459357980769231 0.4988758533653846 0.7440759471153846 0.4992195408653846 0.7371780264423078 0.4904097764423077 0.7343372499999999 0.4976577019230769
0 0.3370752692307692 0.5340925673076924 0.33433650480769234 0.5278757043269231 0.3324766538461539 0.5282193918269231 0.3291964206730769 0.5321870384615385 0.3318331754807692 0.5518686923076923 0.3392725673076923 0.5504939447115385 0.3370752692307692 0.5340925673076924
2 0.2127478341346154 0.2747027139423077 0.21416822596153845 0.2710787548076923 0.21241038701923076 0.2579576514423077 0.20639138461538462 0.2557084350961538 0.1989519927884615 0.2570831826923077 0.1975316033653846 0.26070714663461536 0.19972890144230768 0.2771085216346154 0.2127478341346154 0.2747027139423077
1 0.3296672956730769 0.5926067427884616 0.3263870576923077 0.596574389423077 0.32540612980769235 0.6034786274038462 0.32804288461538456 0.6231602788461538 0.33494080769230766 0.6319700456730769 0.3488386610576923 0.6361247908653845 0.3549596730769231 0.6249092163461539 0.3536412956730769 0.6150683918269231 0.34904268269230765 0.6091952139423077 0.34302367788461535 0.6069459975961539 0.3338264495192308 0.5951996418269231 0.3296672956730769 0.5926067427884616
2 0.3287712572115385 0.28426538221153846 0.32802312499999997 0.2586647451923077 0.3043561514423077 0.2509570576923077 0.29548939903846155 0.2625758197115385 0.30970268509615384 0.27308262019230767 0.3117628701923077 0.28846055528846154 0.3287712572115385 0.28426538221153846
2 0.4443768269230769 0.3001979591346154 0.4285030336538461 0.28842146634615384 0.4241178413461538 0.3023651394230769 0.4368474423076923 0.31958000240384615 0.4427794375 0.3194014951923077 0.4443768269230769 0.3001979591346154
0 0.5617847043269231 0.5474440913461538 0.5725157716346154 0.5386305288461538 0.573827826923077 0.5284078245192307 0.5664035769230769 0.521900451923077 0.5649241009615384 0.5064185721153847 0.5510657355769231 0.5185630913461539 0.5617847043269231 0.5474440913461538
1 0.6756711274038462 0.5396328509615385 0.6648510697115384 0.5465871490384615 0.6573635985576923 0.557433360576923 0.6717268125 0.5673947908653847 0.6836049879807693 0.568352860576923 0.6756711274038462 0.5396328509615385
2 0.5538912668269231 0.25034915384615386 0.5541541514423077 0.24849881971153845 0.5539049326923077 0.24854487259615385 0.5609707307692308 0.24408273076923076 0.5667319807692308 0.23941457932692306 0.5722256923076923 0.22893680048076923 0.54952325 0.2272763485576923 0.5538912668269231 0.25034915384615386
2 0.6534667115384616 0.21753091346153844 0.6611128004807691 0.22693186298076923 0.6719126850961538 0.21412222836538464 0.6744746466346154 0.20463665384615387 0.6435187548076923 0.20810489182692307 0.6437442596153846 0.22124023557692307 0.6534667115384616 0.21753091346153844
2 0.7499470072115385 0.1931773990384615 0.7605834182692307 0.18772600240384613 0.7599964326923078 0.17781052884615384 0.7278662235576923 0.18331097115384615 0.7269354206730768 0.19481454086538463 0.7455664375000001 0.1992173653846154 0.7499470072115385 0.1931773990384615
2 0.7830772932692308 0.20067588942307693 0.7872728461538461 0.19325492548076922 0.8019252548076923 0.1901102716346154 0.8018737932692308 0.17312411778846154 0.7702252860576924 0.17853554326923077 0.7662848485576923 0.18231257692307692 0.7725581442307692 0.18856538942307693 0.7830772932692308 0.20067588942307693