1 0.7796280264423078 0.2803176923076923 0.7539151057692308 0.2685187644230769 0.7375813918269232 0.3114325192307692 0.7698708245192307 0.32064823798076925 0.7945058413461539 0.30184727403846157 0.7796280264423078 0.2803176923076923
1 0.7139704927884616 0.34260550721153843 0.7469068197115385 0.3479173341346154 0.7534295504807692 0.3271062596153846 0.7280400745192307 0.31335538221153847 0.7139704927884616 0.34260550721153843
1 0.7303572187499999 0.42923877403846156 0.7063153125 0.42590797596153845 0.6922457331730769 0.45515810336538465 0.7133228293269231 0.45782855528846156 0.7360171658653846 0.4507392740384616 0.7303572187499999 0.42923877403846156
1 0.7138083846153845 0.3992410576923077 0.7115980312500001 0.43113255528846156 0.7323516826923077 0.4357549567307692 0.7405454302884615 0.4234120144230769 0.7372033942307692 0.40647574999999997 0.7138083846153845 0.3992410576923077
1 0.7594121754807692 0.45797396634615384 0.7373109543269231 0.4429314855769231 0.7255592836538463 0.47674584855769225 0.7374185144230769 0.47938722115384613 0.7571480432692308 0.4716375961538462 0.7594121754807692 0.45797396634615384
1 0.6907360552884616 0.5013735745192307 0.7118131514423076 0.5040440288461538 0.7081476706730769 0.4890597115384615 0.6900353774038461 0.4870496009615385 0.6907360552884616 0.5013735745192307
1 0.7043617427884615 0.5393646730769232 0.7264485504807693 0.5417115192307692 0.7412188052884615 0.5267853653846154 0.7317561466346153 0.5119630841346153 0.7082286995192307 0.503245673076923 0.7047127908653846 0.5061523125 0.7034972355769231 0.5270868942307693 0.6983100120192307 0.5331410048076923 0.7043617427884615 0.5393646730769232
1 0.7010856033653846 0.5502304158653846 0.6984980240384615 0.5658459927884615 0.6952097716346154 0.5671375985576923 0.6942394278846155 0.5729934375 0.6968807860576922 0.5756057283653846 0.7028104014423077 0.5769264158653846 0.7153165264423078 0.5756638918269231 0.71860478125 0.5743722884615384 0.7195751225961539 0.5685164471153846 0.7228633774038461 0.5672248437499999 0.7248040600961538 0.5555131610576923 0.71952134375 0.5502885817307692 0.710626923076923 0.5483075528846154 0.7010856033653846 0.5502304158653846
1 0.6735925673076923 0.7161459254807692 0.6729456730769231 0.7200498197115385 0.6617871177884616 0.731732420673077 0.6588223125 0.731072076923077 0.6581754158653846 0.7349759735576923 0.6608167764423077 0.7375882596153847 0.6786056201923076 0.7415503197115385 0.6917586394230769 0.7363839038461539 0.6953703413461538 0.7331403509615384 0.6969875769230769 0.7233806153846154 0.6923517548076923 0.7142521418269231 0.6841042283653846 0.7083672187500001 0.6722450000000001 0.7057258461538461 0.6689567451923076 0.7070174495192307 0.6735925673076923 0.7161459254807692
1 0.6924063028846154 0.621160858173077 0.6940773197115385 0.6296289879807693 0.6931069783653846 0.6354848293269231 0.6799539615384614 0.6406512475961539 0.6793070625000001 0.6445551394230769 0.69709590625 0.6485171995192308 0.70334896875 0.6478859375 0.7141840721153846 0.6381552836538462 0.7138068461538462 0.6218793653846154 0.7055593197115384 0.6159944399038462 0.6966649014423076 0.6140134110576922 0.6940235384615385 0.6114011201923076 0.6759112475961538 0.6093910096153846 0.6924063028846154 0.621160858173077
1 0.6712201057692307 0.8046729711538462 0.664967048076923 0.8053042331730769 0.6624332451923076 0.8391476778846154 0.6680394086538463 0.8424203124999999 0.6769338341346154 0.8444013413461539 0.6894399567307693 0.8431388173076922 0.69601646875 0.8405556105769231 0.7032398701923076 0.8340685072115386 0.7045336610576923 0.8262607187500001 0.6998978365384616 0.8171322451923076 0.6946151153846153 0.8119076634615384 0.6860441418269231 0.8079746875 0.6712201057692307 0.8046729711538462
2 0.22483186298076924 0.14055761538461536 0.22154360817307694 0.14184922115384616 0.2202498173076923 0.1496570096153846 0.2169615625 0.15094861298076923 0.21960292307692308 0.1535609014423077 0.21830913221153844 0.1613686923076923 0.22095049278846154 0.1639809831730769 0.22688010336538464 0.16530166586538464 0.23016836057692308 0.16401006490384618 0.2479572043269231 0.16797212259615385 0.2545337139423077 0.16538891346153847 0.2571212932692308 0.14977333894230768 0.2551268269230769 0.1432571514423077 0.2491972139423077 0.14193646634615384 0.24590895913461536 0.14322806971153848 0.23108492307692308 0.13992635576923076 0.22483186298076924 0.14055761538461536
2 0.25690540384615385 0.18818101923076924 0.24876543750000002 0.21875183173076923 0.24515373557692308 0.22199538221153844 0.24779509615384615 0.22460767307692306 0.24585440865384617 0.23631935336538462 0.24849576923076924 0.2389316442307692 0.25442538701923073 0.24025233173076924 0.26429014663461536 0.23637751923076925 0.27577214903846153 0.22274297115384614 0.28563691346153847 0.21886815865384615 0.2862838076923077 0.21496426442307692 0.28331900240384617 0.2143039206730769 0.2690880793269231 0.18887044471153847 0.2634819158653846 0.18559781009615386 0.25690540384615385 0.18818101923076924
2 0.24046336057692308 0.30595819230769233 0.23916957211538462 0.31376598076923073 0.2444522908653846 0.3189905625 0.27178244951923075 0.32102975480769236 0.27803551442307695 0.32039849278846155 0.28029964423076925 0.30673486538461536 0.2783051802884616 0.30021867788461537 0.2750169254807692 0.3015102836538462 0.26348114423076924 0.29691696394230765 0.2476867668269231 0.29947109134615385 0.24046336057692308 0.30595819230769233
2 0.27081210817307694 0.32688559615384616 0.26234869471153843 0.3594083557692308 0.26499005288461536 0.3620206442307692 0.26401971153846154 0.3678764879807692 0.26666106971153847 0.3704887764423077 0.2725906850961538 0.37180946394230774 0.2762023870192308 0.3685659110576923 0.2912960889423077 0.35168781250000003 0.2929133293269231 0.3419280769230769 0.2882775048076923 0.3327996009615385 0.28957129567307693 0.32499181250000003 0.2869299326923077 0.32237952163461536 0.27803551442307695 0.32039849278846155 0.27081210817307694 0.32688559615384616
2 0.37339489903846157 0.28294197596153847 0.38228931971153846 0.2849230048076923 0.3826127668269231 0.2829710576923077 0.4029891875 0.27131753846153844 0.4082181298076923 0.25831424999999997 0.4055767692307692 0.25570196153846153 0.3877879254807692 0.25173990384615386 0.3812114182692307 0.2543231105769231 0.3792707307692308 0.26603479326923074 0.3759824759615385 0.2673263990384615 0.37339489903846157 0.28294197596153847
2 0.3118338533653846 0.3947178966346154 0.3105400625 0.40252568509615383 0.32207584375000003 0.4071190048076923 0.32832890625 0.40648774278846156 0.3355523100961539 0.40000064182692313 0.33684609855769226 0.3921928533653846 0.3315633822115384 0.3869682716346154 0.3203510480769231 0.38042300721153843 0.31706279326923076 0.381714610576923 0.31512210817307695 0.3934262908653846 0.3118338533653846 0.3947178966346154
2 0.3093000528846154 0.42856134134615387 0.31027039663461536 0.42270549999999996 0.3076290360576923 0.4200932091346154 0.30956971875 0.40838152644230774 0.31285797596153847 0.4070899230769231 0.28320990384615385 0.4004864903846154 0.2766333942307692 0.4030696995192308 0.2756630528846154 0.4089255408653846 0.2779809639423077 0.4134897788461539 0.28919329807692307 0.4200350456730769 0.29447601682692304 0.42525962500000003 0.3093000528846154 0.42856134134615387
2 0.2821312331730769 0.48120575 0.2985725048076923 0.47474773076923077 0.3045021201923077 0.4760684182692308 0.30811382211538463 0.4728248653846154 0.30148353365384617 0.457180204326923 0.29884217307692307 0.45456791346153846 0.2899477524038461 0.4525868846153846 0.2751774951923077 0.46751303846153847 0.27323681250000004 0.4792247211538462 0.2821312331730769 0.48120575
2 0.30175243269230767 0.5483195432692308 0.30304622115384616 0.5405117548076923 0.3099461778846154 0.5359765985576923 0.31123996634615386 0.5281688100961538 0.30595725 0.5229442307692308 0.3062806971153846 0.5209922836538461 0.29210355288461537 0.513786673076923 0.2882221850961538 0.5372100408653846 0.29582281730769233 0.5469988581730769 0.30175243269230767 0.5483195432692308
2 0.26628230528846153 0.5768511634615385 0.26892366346153845 0.5794634519230769 0.2778180865384615 0.581444483173077 0.29657727403846157 0.5795506971153845 0.2939359110576923 0.5769384062499999 0.2965234927884616 0.5613228317307692 0.29388213221153847 0.5587105408653846 0.2879525192307692 0.5573898533653846 0.28169945673076924 0.5580211153846154 0.26789954326923077 0.5670914278846154 0.26628230528846153 0.5768511634615385
2 0.34875833894230773 0.5243812451923077 0.3606175673076923 0.5270226177884616 0.3645527163461538 0.5218271201923077 0.3806705456730769 0.5173210456730769 0.3826112283653846 0.5056093605769231 0.37996986778846153 0.5029970721153846 0.36218102644230765 0.49903501442307696 0.3546341730769231 0.5074740649038462 0.35366383173076926 0.5133299038461538 0.3503755769230769 0.5146215096153847 0.34875833894230773 0.5243812451923077
2 0.3145274543269231 0.638196358173077 0.32272119951923073 0.6258534134615386 0.32304464903846153 0.6239014663461538 0.30886750721153844 0.6166958581730769 0.29700827884615383 0.6140544855769231 0.29372002403846154 0.6153460913461538 0.2921027860576923 0.6251058269230769 0.30563303365384614 0.636215329326923 0.3145274543269231 0.638196358173077
2 0.2724808173076923 0.6693111875 0.2994875288461538 0.6733023269230769 0.3020751105769231 0.65768675 0.2935041370192308 0.6537537716346153 0.29021588221153843 0.6550453774038462 0.2783566538461538 0.6524040048076922 0.27210359134615386 0.6530352644230769 0.2698394615384615 0.6666988966346155 0.2724808173076923 0.6693111875
2 0.27172559375 0.7480784975961539 0.27733176201923077 0.7513511298076924 0.28062001682692306 0.7500595264423077 0.2895144375 0.7520405552884615 0.2914551201923077 0.7403288725961539 0.29474337740384615 0.7390372692307692 0.29571371875 0.7331814278846154 0.29339580769230766 0.7286171899038462 0.28283036778846155 0.7181680288461538 0.27690075721153845 0.7168473413461538 0.27172559375 0.7480784975961539
2 0.24709057451923078 0.7668794615384615 0.26455597115384616 0.77279346875 0.27080903125 0.7721622067307692 0.27409728605769235 0.7708706009615385 0.2763614182692308 0.7572069735576924 0.26450218990384616 0.7545656009615385 0.26186083173076924 0.7519533100961537 0.25593121875 0.7506326249999999 0.24935470673076926 0.7532158317307692 0.24709057451923078 0.7668794615384615