1 0.38799999999999996 0.2745664735576923 0.366 0.18497109855769228 0.31599999999999995 0.12138728365384616 0.258 0.11849711057692308 0.216 0.14161849759615383 0.186 0.1907514447115385 0.176 0.2341040456730769 0.176 0.27601156009615385 0.16599999999999998 0.30924855528846157 0.246 0.2890173413461538 0.38799999999999996 0.2745664735576923
1 0.452 0.23121387259615386 0.44 0.17052023076923076 0.414 0.1271676298076923 0.392 0.10982658894230769 0.34400000000000003 0.10404624278846154 0.322 0.1156069375 0.318 0.12138728365384616 0.364 0.17919075240384613 0.40399999999999997 0.30635838221153844 0.452 0.23121387259615386
1 0.542 0.43063583894230767 0.564 0.4508670528846154 0.564 0.4797687860576923 0.596 0.4335260120192308 0.574 0.2976878605769231 0.524 0.23988439423076924 0.492 0.23121387259615386 0.448 0.2427745673076923 0.42600000000000005 0.26300578125 0.40399999999999997 0.3236994230769231 0.38799999999999996 0.4219653173076923 0.394 0.4335260120192308 0.412 0.4219653173076923 0.542 0.43063583894230767
1 0.8180000000000001 0.3381502884615385 0.8160000000000001 0.21965318028846154 0.804 0.18786127163461538 0.78 0.15895953846153846 0.744 0.14161849759615383 0.712 0.1445086706730769 0.674 0.17630057692307693 0.662 0.2080924855769231 0.646 0.2976878605769231 0.744 0.34682081009615384 0.8059999999999999 0.34682081009615384 0.8180000000000001 0.3381502884615385
1 0.998 0.1676300576923077 0.978 0.14161849759615383 0.948 0.1271676298076923 0.906 0.13583815144230768 0.8819999999999999 0.16184971153846156 0.8659999999999999 0.19942196634615383 0.854 0.2861271682692308 0.948 0.30346820913461536 0.998 0.30057803365384617 0.998 0.1676300576923077
3 0.24800000000000003 0.913294798076923 0.192 0.6994219663461538 0.188 0.5693641610576923 0.078 0.6156069375000001 0.066 0.6791907524038462 0.07 0.9537572259615386 0.084 0.9971098269230769 0.24800000000000003 0.9971098269230769 0.24800000000000003 0.913294798076923
3 0.436 0.8381502884615385 0.454 0.7861271682692308 0.456 0.6965317908653846 0.47000000000000003 0.653179189903846 0.464 0.6271676298076923 0.42600000000000005 0.6213872836538462 0.36 0.5722543341346154 0.34400000000000003 0.6618497115384615 0.282 0.8381502884615385 0.262 0.9277456658653846 0.26 0.9971098269230769 0.41600000000000004 0.9913294807692308 0.432 0.913294798076923 0.436 0.8381502884615385
3 0.62 0.8612716754807692 0.66 0.7803468197115385 0.674 0.7369942187499999 0.672 0.7196531802884615 0.624 0.676300576923077 0.5760000000000001 0.6878612716346153 0.5479999999999999 0.8699421971153847 0.52 0.9653179182692307 0.52 0.9971098269230769 0.592 0.9971098269230769 0.596 0.9479768798076923 0.62 0.8612716754807692
3 0.844 0.9971098269230769 0.8500000000000001 0.9739884399038462 0.842 0.9479768798076923 0.84 0.8728323701923077 0.87 0.734104045673077 0.8819999999999999 0.6069364158653846 0.8819999999999999 0.5635838149038461 0.864 0.48554913221153845 0.824 0.4826589591346154 0.796 0.4971098269230769 0.8099999999999999 0.5520231201923077 0.736 0.6069364158653846 0.7260000000000001 0.6271676298076923 0.6880000000000001 0.7369942187499999 0.704 0.8381502884615385 0.696 0.9971098269230769 0.844 0.9971098269230769
3 0.604 0.6676300576923077 0.658 0.6936416177884616 0.674 0.7167630048076923 0.66 0.5549132956730769 0.622 0.5231213870192307 0.644 0.4826589591346154 0.588 0.4942196538461538 0.562 0.5433526009615385 0.554 0.5838150288461539 0.5760000000000001 0.653179189903846 0.59 0.6705202307692308 0.604 0.6676300576923077
3 0.998 0.4797687860576923 0.9920000000000001 0.4797687860576923 0.982 0.5317919086538462 0.926 0.6965317908653846 0.922 0.7427745673076923 0.928 0.7716763004807692 0.998 0.765895954326923 0.998 0.4797687860576923
0 0.998 0.846820810096154 0.998 0.7543352596153846 0.9319999999999999 0.7630057812500001 0.926 0.765895954326923 0.926 0.7947976874999999 0.9380000000000001 0.85260115625 0.998 0.846820810096154