1 0.39844199999999996 0.5355855865384616 0.39173399999999997 0.5316186177884615 0.38767 0.5368078076923077 0.38401199999999996 0.54840540625 0.399864 0.5514594591346154 0.399864 0.5416906899038462 0.39844199999999996 0.5355855865384616
1 0.535968 0.61228228125 0.542992 0.6166546538461539 0.544192 0.6084234230769231 0.54539 0.6012162163461539 0.5459040000000001 0.5927267259615385 0.542308 0.5886096105769231 0.536826 0.5891261250000001 0.532028 0.5963303293269231 0.531172 0.5983873870192308 0.533914 0.6045615625 0.535968 0.61228228125
1 0.579082 0.7320330336538461 0.586224 0.7320330336538461 0.590816 0.7241171177884616 0.591156 0.7136456466346155 0.587926 0.7080270264423076 0.582994 0.7041951947115385 0.577042 0.7075165168269231 0.573472 0.7200690697115385 0.572962 0.7207957956730768 0.575002 0.7266696706730769 0.579082 0.7320330336538461
1 0.619894 0.8316786778846155 0.623294 0.8258048052884616 0.623464 0.8176336346153845 0.621084 0.8107357355769231 0.614112 0.8079279278846154 0.60765 0.8135465456730769 0.60799 0.8237627620192308 0.612072 0.8304024014423077 0.619894 0.8316786778846155
1 0.823436 0.8653153149038462 0.8186739999999999 0.8683783774038462 0.8188439999999999 0.877828829326923 0.8224159999999999 0.8885555552884615 0.825646 0.8801261250000001 0.8308739999999999 0.8640030024038462 0.830408 0.86378078125 0.826666 0.8640360360576923 0.823436 0.8653153149038462
1 0.9067999999999999 0.8094624615384615 0.9073100000000001 0.8000150144230769 0.9076500000000001 0.7857117115384615 0.897616 0.7807057067307692 0.8897940000000001 0.7903093100961538 0.892856 0.8066546538461539 0.9003380000000001 0.8130390384615385 0.9067999999999999 0.8094624615384615
1 0.7338480000000001 0.5680120120192308 0.7323240000000001 0.559873875 0.726906 0.5522462451923077 0.722334 0.5522462451923077 0.716408 0.5629249254807692 0.719626 0.5753873870192308 0.725382 0.5779279278846153 0.7338480000000001 0.5680120120192308
1 0.720302 0.4922342331730769 0.720642 0.4790090096153846 0.711498 0.4748018028846154 0.7047260000000001 0.4871471466346154 0.714716 0.4975735745192308 0.717256 0.49630030048076923 0.720302 0.4922342331730769
2 0.6093200000000001 0.9739759759615385 0.61044 0.939609610576923 0.6008 0.9418018028846155 0.59716 0.9634024014423077 0.5925199999999999 0.9744564567307693 0.6045200000000001 0.9773393389423077 0.6093200000000001 0.9739759759615385
2 0.59156 0.9670060048076923 0.59444 0.9492222211538461 0.5888 0.9393993990384615 0.5850000000000001 0.9581141129807692 0.57492 0.9631621610576923 0.5853200000000001 0.9684474471153847 0.59156 0.9670060048076923
2 0.5715760000000001 0.8406576586538462 0.562844 0.8400900889423077 0.564362 0.8725945937499999 0.571956 0.8731651658653846 0.5715760000000001 0.8406576586538462
0 0.5630339999999999 0.7572072067307692 0.569298 0.764621622596154 0.571908 0.7554594591346154 0.5670200000000001 0.7469429423076923 0.562084 0.7497927932692308 0.5630339999999999 0.7572072067307692
0 0.5681579999999999 0.7270690697115385 0.5636019999999999 0.7210810817307693 0.555818 0.7267837836538462 0.558476 0.7381891899038462 0.5670200000000001 0.7379039038461539 0.569868 0.7339129134615384 0.5681579999999999 0.7270690697115385
2 0.50556 0.674327326923077 0.4952 0.6757357355769231 0.4966 0.7017237235576924 0.51212 0.6998018028846154 0.5078 0.6906696706730769 0.50556 0.674327326923077
0 0.5237200000000001 0.6692732740384616 0.51732 0.6685525528846153 0.51556 0.6748018028846154 0.52324 0.6805675673076923 0.52388 0.6760030024038461 0.5237200000000001 0.6692732740384616
2 0.71444 0.6772132139423076 0.7063999999999999 0.6721321322115384 0.7026000000000001 0.700045045673077 0.7117199999999999 0.7038888894230768 0.71284 0.6969189182692308 0.71444 0.6772132139423076
2 0.7302799999999999 0.6788978990384614 0.7219599999999999 0.6764924927884616 0.72324 0.6779339350961539 0.7233999999999999 0.6769369375000001 0.7194 0.7019669663461539 0.7262799999999999 0.6995645649038462 0.72804 0.6904324326923077 0.7302799999999999 0.6788978990384614
2 0.8474799999999999 0.6976966971153846 0.8396 0.6946546538461539 0.83212 0.6986576586538462 0.83836 0.7037057067307693 0.84636 0.7068288293269231 0.8474799999999999 0.6976966971153846
2 0.84828 0.6955345336538462 0.85132 0.7082702692307692 0.85804 0.7082702692307692 0.85596 0.6972162163461538 0.84828 0.6955345336538462
0 0.7380399999999999 0.6282462451923077 0.7342000000000001 0.6263243245192308 0.7332400000000001 0.6397807812499999 0.7367600000000001 0.6390600600961539 0.7388399999999999 0.6400210216346154 0.7380399999999999 0.6282462451923077
0 0.7061379999999999 0.6249699711538461 0.707724 0.6413183173076923 0.7138800000000001 0.6349639639423077 0.7115720000000001 0.6257177187499999 0.7061379999999999 0.6249699711538461
2 0.9434400000000001 0.9279129134615385 0.95128 0.914933935096154 0.9405600000000001 0.8961891899038462 0.9336800000000001 0.9038798798076922 0.9397599999999999 0.9120510504807692 0.94024 0.9233453461538462 0.9434400000000001 0.9279129134615385
0 0.9025200000000001 0.8613033028846153 0.8968 0.8574174182692308 0.8926 0.86490690625 0.89516 0.8706756754807692 0.90076 0.8689909903846154 0.9025200000000001 0.8613033028846153
0 0.9092399999999999 0.8651471466346153 0.9012 0.8622222211538462 0.90188 0.8757207211538461 0.9074800000000001 0.876921923076923 0.9092399999999999 0.8651471466346153
2 0.388076 0.6885765769230769 0.38584399999999996 0.6803783774038461 0.37888 0.6788888894230769 0.37939399999999995 0.69528228125 0.39105399999999996 0.7004984975961539 0.392542 0.6975195192307692 0.388076 0.6885765769230769
2 0.39024000000000003 0.6933093100961538 0.39344 0.6961921923076922 0.39568 0.6885015024038462 0.3952 0.6767267259615385 0.38880000000000003 0.6748048052884615 0.38799999999999996 0.6810510504807692 0.39024000000000003 0.6933093100961538