1 0.9292682932692308 0.5421245432692308 0.9341463413461538 0.545787545673077 0.9512195120192307 0.545787545673077 0.960975610576923 0.5531135528846154 0.9634146346153846 0.5531135528846154 0.9682926826923077 0.545787545673077 0.9682926826923077 0.5201465192307693 0.960975610576923 0.5018315024038462 0.9585365865384615 0.5018315024038462 0.9512195120192307 0.49084249038461536 0.9365853653846153 0.49084249038461536 0.9341463413461538 0.4945054951923077 0.9268292692307691 0.4945054951923077 0.9195121947115384 0.5054945048076923 0.9195121947115384 0.5164835168269231 0.9243902427884615 0.5238095240384616 0.9292682932692308 0.5421245432692308
1 0.8731707307692307 0.5494505504807692 0.8878048774038461 0.5494505504807692 0.8902439014423076 0.5531135528846154 0.8999999999999999 0.5531135528846154 0.9024390240384614 0.5567765576923077 0.9121951225961538 0.5567765576923077 0.9146341466346153 0.5604395600961538 0.9243902427884615 0.5604395600961538 0.9268292692307691 0.5567765576923077 0.9268292692307691 0.5347985336538461 0.92195121875 0.5274725264423077 0.9195121947115384 0.5164835168269231 0.9073170721153846 0.5018315024038462 0.8878048774038461 0.5018315024038462 0.8804878052884615 0.5054945048076923 0.8707317067307693 0.5201465192307693 0.8658536586538462 0.5347985336538461 0.8634146346153847 0.545787545673077 0.8658536586538462 0.5531135528846154 0.8707317067307693 0.5531135528846154 0.8731707307692307 0.5494505504807692
1 0.7731707307692308 0.49816849759615384 0.795121951923077 0.49816849759615384 0.7975609759615385 0.5018315024038462 0.8024390240384616 0.5018315024038462 0.8048780480769231 0.49816849759615384 0.8024390240384616 0.49084249038461536 0.8024390240384616 0.47619047596153846 0.7902439014423077 0.47619047596153846 0.7878048774038462 0.4725274735576923 0.7756097572115385 0.4725274735576923 0.7707317067307693 0.47619047596153846 0.7585365865384616 0.4945054951923077 0.7585365865384616 0.5054945048076923 0.7609756105769231 0.5091575096153846 0.7731707307692308 0.49816849759615384
1 0.7146341466346153 0.673992673076923 0.7170731706730769 0.6703296706730769 0.7121951225961538 0.6373626370192308 0.7097560985576923 0.6300366298076923 0.6975609759615384 0.6117216105769231 0.6902439014423076 0.6117216105769231 0.6878048774038461 0.6080586081730769 0.6658536586538462 0.6117216105769231 0.660975610576923 0.6153846153846154 0.6512195120192307 0.6300366298076923 0.6487804879807691 0.6373626370192308 0.6487804879807691 0.6703296706730769 0.6536585360576923 0.6776556778846154 0.7146341466346153 0.673992673076923
1 0.7609756105769231 0.6043956033653847 0.7585365865384616 0.6007326009615385 0.7585365865384616 0.5897435889423077 0.7414634134615384 0.5714285721153846 0.7243902427884615 0.5714285721153846 0.7121951225961538 0.5787545793269231 0.704878048076923 0.5897435889423077 0.7024390240384615 0.6117216105769231 0.7073170721153846 0.6227106225961538 0.7609756105769231 0.6227106225961538 0.7609756105769231 0.6043956033653847
1 0.6 0.5384615384615384 0.6243902427884614 0.5384615384615384 0.6414634134615385 0.5531135528846154 0.6414634134615385 0.5347985336538461 0.6439024399038461 0.53113553125 0.6390243894230768 0.5164835168269231 0.6292682932692307 0.5054945048076923 0.6097560985576923 0.5054945048076923 0.6 0.5164835168269231 0.5951219519230769 0.53113553125 0.5951219519230769 0.5384615384615384 0.5975609759615385 0.5421245432692308 0.6 0.5384615384615384
1 0.5707317067307692 0.5091575096153846 0.5707317067307692 0.4835164831730769 0.5682926826923077 0.47619047596153846 0.5634146346153847 0.4725274735576923 0.5463414639423078 0.4725274735576923 0.539024389423077 0.4835164831730769 0.5365853653846154 0.49084249038461536 0.5365853653846154 0.5128205120192308 0.5682926826923077 0.5164835168269231 0.5707317067307692 0.5091575096153846
1 0.5195121947115384 0.4871794879807692 0.5341463413461539 0.4871794879807692 0.5414634134615385 0.4725274735576923 0.5341463413461539 0.46520146634615384 0.5219512187500001 0.46520146634615384 0.5121951225961539 0.47619047596153846 0.5097560985576923 0.49816849759615384 0.5121951225961539 0.49816849759615384 0.5121951225961539 0.4945054951923077 0.5195121947115384 0.4871794879807692
1 0.4756097572115384 0.673992673076923 0.47804878125 0.6703296706730769 0.4902439014423077 0.6703296706730769 0.4926829278846154 0.6666666658653846 0.5146341466346154 0.6666666658653846 0.5170731706730769 0.6703296706730769 0.5317073173076923 0.6703296706730769 0.5317073173076923 0.6630036634615385 0.5292682932692307 0.6593406586538462 0.5292682932692307 0.6446886442307692 0.5219512187500001 0.6300366298076923 0.5219512187500001 0.6263736274038462 0.5024390240384615 0.6117216105769231 0.4902439014423077 0.6117216105769231 0.48292682932692305 0.6153846153846154 0.4731707307692308 0.6227106225961538 0.46341463461538457 0.6410256418269231 0.4585365865384615 0.6776556778846154 0.46585365865384615 0.6776556778846154 0.46829268269230767 0.673992673076923 0.4756097572115384 0.673992673076923
1 0.5585365865384616 0.6043956033653847 0.5585365865384616 0.5787545793269231 0.5560975600961539 0.5714285721153846 0.5439024399038461 0.5531135528846154 0.5365853653846154 0.5494505504807692 0.5219512187500001 0.5531135528846154 0.5170731706730769 0.5567765576923077 0.5073170721153846 0.5750915745192308 0.504878048076923 0.5824175817307693 0.5073170721153846 0.5897435889423077 0.5121951225961539 0.5824175817307693 0.5585365865384616 0.6043956033653847
1 0.43658536538461534 0.59340659375 0.43658536538461534 0.5897435889423077 0.44634146394230767 0.5824175817307693 0.44634146394230767 0.5677655673076922 0.43658536538461534 0.5494505504807692 0.43170731730769235 0.5494505504807692 0.4195121947115385 0.5714285721153846 0.4195121947115385 0.5824175817307693 0.4146341466346154 0.5970695961538461 0.42926829326923077 0.5970695961538461 0.43658536538461534 0.59340659375
1 0.43902438942307687 0.46520146634615384 0.4707317067307692 0.46520146634615384 0.4756097572115384 0.45787545673076924 0.4731707307692308 0.4542124543269231 0.4731707307692308 0.44322344230769234 0.46585365865384615 0.42857142788461544 0.44634146394230767 0.42857142788461544 0.44146341346153845 0.43589743509615386 0.44146341346153845 0.4395604399038462 0.43658536538461534 0.4468864471153846 0.43658536538461534 0.46153846153846156 0.43902438942307687 0.46520146634615384
1 0.27073170673076924 0.6080586081730769 0.27804878125 0.6080586081730769 0.29756097596153847 0.6007326009615385 0.29756097596153847 0.5970695961538461 0.3048780480769231 0.5897435889423077 0.32195121875 0.5897435889423077 0.3024390240384615 0.5567765576923077 0.2951219519230769 0.5531135528846154 0.27804878125 0.5567765576923077 0.27073170673076924 0.5677655673076922 0.27073170673076924 0.5787545793269231 0.2682926826923077 0.5824175817307693 0.2682926826923077 0.6007326009615385 0.27073170673076924 0.6080586081730769
1 0.23414634134615384 0.7692307692307693 0.27804878125 0.7655677644230768 0.28048780528846157 0.7619047620192307 0.29024390144230766 0.7619047620192307 0.3024390240384615 0.75091575 0.3024390240384615 0.732600733173077 0.2951219519230769 0.7069597067307692 0.28780487740384614 0.6959706971153847 0.28048780528846157 0.6923076923076923 0.27317073076923076 0.6813186802884614 0.27317073076923076 0.6776556778846154 0.24390243990384614 0.6959706971153847 0.22926829326923076 0.7216117211538461 0.22926829326923076 0.732600733173077 0.2268292692307692 0.736263735576923 0.2268292692307692 0.7582417572115384 0.23414634134615384 0.7692307692307693
1 0.21219512259615386 0.6593406586538462 0.20731707211538464 0.6336996346153847 0.19512195192307694 0.6153846153846154 0.18292682932692308 0.6080586081730769 0.17804878124999998 0.6080586081730769 0.1634146346153846 0.6190476201923077 0.1536585360576923 0.6336996346153847 0.14878048798076923 0.6520146514423076 0.15853658653846156 0.6630036634615385 0.2097560985576923 0.6630036634615385 0.21219512259615386 0.6593406586538462
1 0.2097560985576923 0.5018315024038462 0.20731707211538464 0.49816849759615384 0.20731707211538464 0.4871794879807692 0.2 0.4725274735576923 0.18780487740384616 0.46520146634615384 0.18048780528846153 0.46520146634615384 0.17804878124999998 0.46886446875 0.17073170673076923 0.46886446875 0.16097561057692306 0.4835164831730769 0.15609756009615383 0.5054945048076923 0.15609756009615383 0.5164835168269231 0.2097560985576923 0.5201465192307693 0.2097560985576923 0.5018315024038462
0 0.08536585336538462 0.49816849759615384 0.09024390144230769 0.49084249038461536 0.09268292788461538 0.49084249038461536 0.10243902403846154 0.46153846153846156 0.1 0.4468864471153846 0.09512195192307692 0.44322344230769234 0.07560975721153845 0.45787545673076924 0.07073170673076923 0.46520146634615384 0.06829268269230769 0.47619047596153846 0.06585365865384615 0.49816849759615384 0.07073170673076923 0.5054945048076923 0.07560975721153845 0.5054945048076923 0.08536585336538462 0.49816849759615384
0 0.007317072115384616 0.5274725264423077 0.007317072115384616 0.5347985336538461 0.01951219471153846 0.5677655673076922 0.01951219471153846 0.5787545793269231 0.02682926923076923 0.5897435889423077 0.02682926923076923 0.59340659375 0.03658536538461538 0.6117216105769231 0.048780487980769234 0.6117216105769231 0.06341463461538462 0.6043956033653847 0.06341463461538462 0.59340659375 0.056097560096153846 0.5677655673076922 0.03658536538461538 0.5091575096153846 0.03170731730769231 0.5054945048076923 0.03170731730769231 0.5091575096153846 0.02682926923076923 0.5128205120192308 0.02682926923076923 0.5164835168269231 0.007317072115384616 0.5274725264423077
0 0.40975609855769235 0.5897435889423077 0.42682926923076925 0.5567765576923077 0.42682926923076925 0.5531135528846154 0.43658536538461534 0.5421245432692308 0.43902438942307687 0.5347985336538461 0.43902438942307687 0.5164835168269231 0.43658536538461534 0.5054945048076923 0.43170731730769235 0.49816849759615384 0.42195121875 0.49816849759615384 0.4195121947115385 0.5018315024038462 0.4121951225961539 0.5018315024038462 0.40731707211538465 0.5054945048076923 0.3902439014423077 0.53113553125 0.38780487740384617 0.5384615384615384 0.38780487740384617 0.5860805865384615 0.3902439014423077 0.5897435889423077 0.40975609855769235 0.5897435889423077
0 0.3731707307692308 0.5787545793269231 0.3731707307692308 0.5824175817307693 0.37804878125 0.5860805865384615 0.38292682932692307 0.5824175817307693 0.38292682932692307 0.5677655673076922 0.38536585336538465 0.5641025649038461 0.38780487740384617 0.5238095240384616 0.38292682932692307 0.5238095240384616 0.3731707307692308 0.5384615384615384 0.3634146346153846 0.53113553125 0.3634146346153846 0.5604395600961538 0.3731707307692308 0.5787545793269231
0 0.4195121947115385 0.45787545673076924 0.42682926923076925 0.45787545673076924 0.43170731730769235 0.45054944951923076 0.43170731730769235 0.4468864471153846 0.43902438942307687 0.4395604399038462 0.43902438942307687 0.43589743509615386 0.44634146394230767 0.4212454206730769 0.44634146394230767 0.41391941346153843 0.44146341346153845 0.3956043966346154 0.4341463413461539 0.3882783894230769 0.43170731730769235 0.3956043966346154 0.43170731730769235 0.40659340624999996 0.4170731706730769 0.4468864471153846 0.4170731706730769 0.4542124543269231 0.4195121947115385 0.45787545673076924
0 0.46829268269230767 0.5897435889423077 0.4756097572115384 0.5897435889423077 0.48780487740384615 0.5641025649038461 0.4951219519230769 0.5201465192307693 0.4951219519230769 0.5018315024038462 0.4902439014423077 0.4871794879807692 0.4853658533653846 0.4835164831730769 0.4756097572115384 0.4871794879807692 0.46341463461538457 0.5238095240384616 0.46097561057692304 0.5238095240384616 0.4560975600961538 0.5347985336538461 0.4536585360576923 0.545787545673077 0.4585365865384615 0.5567765576923077 0.4585365865384615 0.5824175817307693 0.46829268269230767 0.5897435889423077
0 0.4975609759615385 0.46886446875 0.4975609759615385 0.46520146634615384 0.5073170721153846 0.45054944951923076 0.5097560985576923 0.44322344230769234 0.5097560985576923 0.42490842548076924 0.5073170721153846 0.41391941346153843 0.5024390240384615 0.4102564110576923 0.4975609759615385 0.4102564110576923 0.4902439014423077 0.4212454206730769 0.4853658533653846 0.44322344230769234 0.4853658533653846 0.46520146634615384 0.4926829278846154 0.4725274735576923 0.4975609759615385 0.46886446875
0 0.6414634134615385 0.4468864471153846 0.6463414639423076 0.43589743509615386 0.6487804879807691 0.43589743509615386 0.6487804879807691 0.40659340624999996 0.6512195120192307 0.4029304038461538 0.6512195120192307 0.3956043966346154 0.6463414639423076 0.39194139182692306 0.6341463413461538 0.39194139182692306 0.6317073173076923 0.3956043966346154 0.6292682932692307 0.40659340624999996 0.6292682932692307 0.44322344230769234 0.6317073173076923 0.4468864471153846 0.6414634134615385 0.4468864471153846
0 0.660975610576923 0.43589743509615386 0.6634146346153845 0.4322344326923077 0.6634146346153845 0.42490842548076924 0.6731707307692307 0.41758241826923076 0.6707317067307692 0.41391941346153843 0.6731707307692307 0.3956043966346154 0.6707317067307692 0.39194139182692306 0.6585365865384615 0.39194139182692306 0.6536585360576923 0.3956043966346154 0.6536585360576923 0.4322344326923077 0.6560975600961538 0.43589743509615386 0.660975610576923 0.43589743509615386
0 0.6731707307692307 0.46520146634615384 0.67804878125 0.45054944951923076 0.6804878052884615 0.4212454206730769 0.6731707307692307 0.41391941346153843 0.6731707307692307 0.4102564110576923 0.6658536586538462 0.41758241826923076 0.660975610576923 0.4322344326923077 0.660975610576923 0.4542124543269231 0.6634146346153845 0.46153846153846156 0.6731707307692307 0.46520146634615384
0 0.6731707307692307 0.5274725264423077 0.6804878052884615 0.5274725264423077 0.6853658533653846 0.5201465192307693 0.6951219519230769 0.49084249038461536 0.6926829278846154 0.4835164831730769 0.6902439014423076 0.4835164831730769 0.6829268293269231 0.4725274735576923 0.6731707307692307 0.4725274735576923 0.6682926826923077 0.47985348076923073 0.6658536586538462 0.47985348076923073 0.660975610576923 0.4871794879807692 0.660975610576923 0.5091575096153846 0.6682926826923077 0.5238095240384616 0.6731707307692307 0.5274725264423077
0 0.7024390240384615 0.49816849759615384 0.7170731706730769 0.47619047596153846 0.7170731706730769 0.45787545673076924 0.7146341466346153 0.45054944951923076 0.704878048076923 0.4542124543269231 0.6926829278846154 0.47619047596153846 0.6902439014423076 0.4835164831730769 0.6926829278846154 0.49084249038461536 0.6926829278846154 0.5018315024038462 0.7024390240384615 0.49816849759615384
0 0.7317073173076923 0.46886446875 0.7365853653846154 0.4725274735576923 0.7463414639423077 0.46153846153846156 0.7487804879807692 0.45054944951923076 0.7487804879807692 0.42490842548076924 0.7512195120192308 0.4212454206730769 0.7512195120192308 0.4029304038461538 0.7390243894230769 0.4029304038461538 0.7365853653846154 0.39926739903846153 0.7317073173076923 0.4029304038461538 0.7268292692307692 0.42490842548076924 0.72195121875 0.42857142788461544 0.72195121875 0.46886446875 0.7317073173076923 0.46886446875
0 0.8292682932692308 0.49084249038461536 0.8365853653846155 0.47619047596153846 0.8365853653846155 0.46153846153846156 0.8414634134615385 0.45054944951923076 0.8463414639423077 0.42857142788461544 0.8463414639423077 0.4102564110576923 0.8414634134615385 0.4029304038461538 0.8341463413461538 0.4102564110576923 0.8243902427884616 0.4102564110576923 0.8146341466346154 0.45054944951923076 0.8097560985576924 0.45787545673076924 0.8097560985576924 0.46886446875 0.8073170721153846 0.4725274735576923 0.8097560985576924 0.4945054951923077 0.8292682932692308 0.49084249038461536
0 0.8999999999999999 0.9670329663461538 0.8999999999999999 0.9890109879807691 0.9073170721153846 0.985347985576923 0.9097560985576922 0.9926739927884616 0.9146341466346153 0.9926739927884616 0.9195121947115384 0.985347985576923 0.9243902427884615 0.9633699639423077 0.9317073173076923 0.9487179495192308 0.9341463413461538 0.9377289375 0.9341463413461538 0.9194139182692307 0.9365853653846153 0.9157509158653846 0.9341463413461538 0.9010989014423078 0.9268292692307691 0.9010989014423078 0.9243902427884615 0.8974358966346153 0.9146341466346153 0.8974358966346153 0.9121951225961538 0.9010989014423078 0.8999999999999999 0.9377289375 0.8999999999999999 0.9523809519230769 0.9024390240384614 0.9560439567307693 0.8999999999999999 0.9670329663461538
0 0.9682926826923077 0.8717948725961538 0.9756097572115384 0.8608058605769231 0.9756097572115384 0.8461538461538461 0.9585365865384615 0.8424908413461538 0.9536585360576922 0.8498168509615385 0.9536585360576922 0.8681318677884615 0.9560975600961539 0.8754578749999999 0.9682926826923077 0.8717948725961538
0 0.8268292692307693 0.4102564110576923 0.8317073173076923 0.4102564110576923 0.8341463413461538 0.40659340624999996 0.8439024399038462 0.4029304038461538 0.8487804879807693 0.4102564110576923 0.8487804879807693 0.4322344326923077 0.8560975600961539 0.41758241826923076 0.8560975600961539 0.40659340624999996 0.8585365865384615 0.4029304038461538 0.8585365865384615 0.38461538461538464 0.8487804879807693 0.37728937740384616 0.8414634134615385 0.37728937740384616 0.8292682932692308 0.3882783894230769 0.82195121875 0.3882783894230769 0.82195121875 0.39194139182692306 0.8268292692307693 0.4102564110576923
0 0.7634146346153846 0.9340659350961539 0.7707317067307693 0.9120879110576923 0.7707317067307693 0.8974358966346153 0.7658536586538461 0.8827838822115385 0.7585365865384616 0.8754578749999999 0.7585365865384616 0.8717948725961538 0.7536585360576923 0.8717948725961538 0.7512195120192308 0.8827838822115385 0.7512195120192308 0.9377289375 0.7560975600961538 0.9413919423076924 0.7634146346153846 0.9340659350961539