1 0.4326530600961539 0.36890243990384614 0.43469387740384613 0.40243902403846155 0.46326530528846155 0.3932926826923077 0.4530612235576923 0.3597560985576923 0.4326530600961539 0.36890243990384614
2 0.8591836730769231 0.8384146346153846 0.8346938774038463 0.8231707307692309 0.8102040817307692 0.8323170721153846 0.8040816322115384 0.8414634134615385 0.8102040817307692 0.8597560985576924 0.8428571418269232 0.8597560985576924 0.8591836730769231 0.8384146346153846
1 0.06122449038461538 0.3597560985576923 0.06326530528846154 0.37804878125 0.09591836778846154 0.375 0.08367346875000001 0.34451219471153843 0.06122449038461538 0.3597560985576923
1 0.29387755048076925 0.34146341346153847 0.29387755048076925 0.37195121875 0.32653061298076924 0.3597560985576923 0.3061224495192308 0.3262195120192307 0.29387755048076925 0.34146341346153847
1 0.5938775504807693 0.375 0.58367346875 0.36280487740384615 0.5714285721153846 0.36280487740384615 0.5591836730769231 0.38109756009615386 0.5551020408653846 0.40243902403846155 0.5612244903846154 0.40853658653846153 0.5959183677884615 0.3993902427884616 0.5938775504807693 0.375
2 0.9204081634615384 0.875 0.8897959182692308 0.8658536586538462 0.8755102043269231 0.8780487812500001 0.8673469399038461 0.9146341466346153 0.8999999999999999 0.9298780480769231 0.9224489807692307 0.8871951225961539 0.9204081634615384 0.875
1 0.4795918365384615 0.3597560985576923 0.47755101923076926 0.38109756009615386 0.5020408173076923 0.38109756009615386 0.5 0.3567073173076923 0.4795918365384615 0.3597560985576923
1 0.1979591826923077 0.36280487740384615 0.2 0.38719512259615385 0.23265306009615383 0.375 0.21836734615384618 0.34756097596153845 0.1979591826923077 0.36280487740384615
1 0.7367346947115384 0.33841463461538457 0.7183673461538462 0.33841463461538457 0.7061224495192308 0.3567073173076923 0.7061224495192308 0.37804878125 0.7469387764423078 0.375 0.7367346947115384 0.33841463461538457
1 0.8755102043269231 0.3338414639423077 0.8632653052884615 0.32469512259615385 0.8408163269230768 0.32164634134615383 0.8285714278846155 0.3338414639423077 0.8183673461538461 0.3612804879807693 0.8224489807692308 0.3704268293269231 0.8795918365384616 0.3673780480769231 0.8755102043269231 0.3338414639423077
2 0.7270693870192309 0.7359664639423078 0.7096346947115385 0.7311371947115385 0.7071 0.7525457307692308 0.7178775504807693 0.7658079278846154 0.7292877548076924 0.7534908533653847 0.7270693870192309 0.7359664639423078
2 0.68887346875 0.7309847572115384 0.665416326923077 0.7234054879807693 0.667303298076923 0.7248149639423077 0.6590775504807692 0.7361951225961539 0.6451306129807691 0.7380914639423076 0.6565408173076922 0.7489847572115385 0.6904591826923077 0.7485121947115385 0.68887346875 0.7309847572115384
2 0.07876938701923077 0.680774389423077 0.0588 0.6803018293269231 0.05943265384615385 0.6765121947115385 0.04865714182692308 0.6983018293269231 0.05594693990384615 0.7077743894230769 0.08003673557692308 0.6940396346153845 0.07876938701923077 0.680774389423077
2 0.11870816346153847 0.6826707307692307 0.10127550961538462 0.680774389423077 0.10064081730769231 0.6793536586538462 0.10190816346153847 0.6930914639423077 0.12377959134615385 0.7063536586538461 0.12663265384615385 0.6973536586538462 0.11870816346153847 0.6826707307692307
2 0.2283836730769231 0.7139329278846154 0.20873061298076923 0.7063536586538461 0.20080612259615385 0.7234054879807693 0.2119 0.7328780480769231 0.2252122451923077 0.723878048076923 0.2283836730769231 0.7139329278846154
2 0.23694081730769231 0.704503048076923 0.2394775504807692 0.7290884134615384 0.25976326442307696 0.726246951923077 0.2537408173076923 0.7096676826923077 0.23694081730769231 0.704503048076923
2 0.30652473317307694 0.6911835889423077 0.30707346875 0.6914786586538462 0.30295306009615386 0.7248262187500001 0.3156306129807692 0.7290884134615384 0.32355510096153844 0.716774389423077 0.3260918365384615 0.708246951923077 0.3226040817307692 0.6907225600961537 0.30652473317307694 0.6911835889423077
2 0.3485979591346154 0.6878810985576924 0.3305285721153846 0.6874054879807693 0.33147959134615385 0.7115640240384615 0.3485979591346154 0.7229329278846154 0.35113265384615383 0.708246951923077 0.3485979591346154 0.6878810985576924
2 0.4715061225961538 0.7216676826923076 0.4707918365384615 0.741878048076923 0.4847387764423077 0.7432987812499999 0.48220408173076923 0.7257743894230769 0.4715061225961538 0.7216676826923076
0 0.5811836730769231 0.47117682932692306 0.5860204086538462 0.45783536538461533 0.5808122451923077 0.4467164639423077 0.5703959182692308 0.4456036586538462 0.5689061225961539 0.46005792788461536 0.5811836730769231 0.47117682932692306