2 0.799870389423077 0.10445861057692309 0.8151470144230769 0.06526937740384615 0.797876048076923 0.06789808173076924 0.7801507187500001 0.0830175360576923 0.7725271466346153 0.10982244711538461 0.799870389423077 0.10445861057692309
1 0.2950999759615385 0.3796313557692308 0.3056855769230769 0.3932466514423077 0.3210506490384616 0.3973191706730769 0.3512674711538461 0.38911378605769226 0.34110675 0.34858716105769233 0.30801635096153845 0.35963409375000005 0.2950999759615385 0.3796313557692308
1 0.2402660841346154 0.3182561033653846 0.2484619471153846 0.33664278605769227 0.2916541057692308 0.3372813100961538 0.28010081971153844 0.3198063365384615 0.2920495048076923 0.2959493942307692 0.25127656249999997 0.30496006971153844 0.2402660841346154 0.3182561033653846
1 0.2607175841346154 0.22819217548076923 0.2655560216346154 0.24749056971153843 0.28860363221153845 0.25359935096153846 0.31930430048076924 0.2473238028846154 0.30481846634615384 0.20384920913461538 0.2750854903846154 0.21398443028846154 0.2607175841346154 0.22819217548076923
1 0.29530634855769233 0.48057545192307694 0.3427941370192308 0.46974136057692306 0.32352883173076924 0.4358095384615384 0.2933120096153846 0.4440149230769231 0.2808794807692308 0.4659420240384616 0.29530634855769233 0.48057545192307694
1 0.21529523076923077 0.07562844471153846 0.19182274278846154 0.09643099519230769 0.20050244711538462 0.11674751923076923 0.23026490865384613 0.1210328798076923 0.25712430528846153 0.11373920673076923 0.23595310576923076 0.08650861298076923 0.23879720432692306 0.06924648076923078 0.21529523076923077 0.07562844471153846
1 0.35178601201923076 0.8774838389423076 0.3532670264423077 0.8976939423076923 0.36959978605769234 0.9056261394230769 0.4079829879807692 0.9013868533653846 0.3982766298076923 0.8483694807692307 0.37190107692307695 0.8575929951923077 0.35178601201923076 0.8774838389423076
2 0.8938834927884615 0.5509503725961539 0.9144529206730769 0.5185687860576923 0.9077085889423077 0.5059716201923077 0.8914053076923077 0.5124600072115385 0.8784889375 0.5324572692307693 0.8938834927884615 0.5509503725961539
1 0.31408781009615383 0.5125774326923077 0.30020375240384617 0.5287150144230769 0.3050421899038462 0.5480134062500001 0.3175336826923077 0.5549274783653846 0.3520756153846154 0.5496700625 0.3395546418269231 0.5283354086538462 0.34430463461538463 0.5043720456730769 0.31408781009615383 0.5125774326923077
1 0.3884818293269231 0.7520903533653847 0.3616224302884615 0.75938403125 0.3405396754807692 0.7754151923076923 0.33963095432692303 0.8003966850961538 0.36987725721153847 0.8066118822115385 0.400577923076923 0.8003363389423076 0.38424516105769235 0.792404139423077 0.37892287980769235 0.77117590625 0.3884818293269231 0.7520903533653847
1 0.2510701923076923 0.2040159735576923 0.28464443990384614 0.19489887740384615 0.27880883173076926 0.15732022115384614 0.23851973317307693 0.16826073557692306 0.23857869951923077 0.19710190384615386 0.2510701923076923 0.2040159735576923
2 0.7642428365384616 0.048174009615384615 0.804531935096154 0.03723349278846154 0.7996934975961539 0.017935100961538462 0.7627618245192308 0.027963903846153847 0.7733474230769232 0.041579201923076924 0.7642428365384616 0.048174009615384615
1 0.4056816995192308 0.9494199951923077 0.3509952163461539 0.9601476682692307 0.33233168028846155 0.9858280288461538 0.3340238245192308 0.9925772475961538 0.4046129038461539 0.9910086009615384 0.4056816995192308 0.9494199951923077
1 0.33873436298076925 0.5965786538461538 0.32485030288461536 0.612716235576923 0.3287210528846154 0.6281549519230769 0.3450538125 0.6360871514423077 0.38295317307692306 0.6299180264423078 0.36898066826923076 0.6027938557692308 0.37566603365384615 0.5865498485576923 0.33873436298076925 0.5965786538461538
2 0.8167459567307692 0.1431618173076923 0.7898865576923076 0.1504554951923077 0.7827468293269231 0.17919024278846155 0.8081546971153847 0.16610705048076924 0.8167459567307692 0.1431618173076923
1 0.3096621201923077 0.6951672283653847 0.3154387644230769 0.7039047139423077 0.33897021875 0.7119433341346154 0.36295603365384616 0.7074912067307693 0.3628675865384615 0.6642294543269232 0.3316830793269231 0.6685751586538462 0.3096621201923077 0.6951672283653847
2 0.7670606658653847 0 0.7670279735576924 0.0020707043269230768 0.798241966346154 0.01214558173076923 0.7961583629807693 0 0.7670606658653847 0
2 0.8171708365384615 0.11625048798076923 0.8056470312499999 0.1131960985576923 0.8051631874999999 0.11126625961538461 0.7974806490384616 0.10922999759615384 0.7773361033653846 0.11470025721153847 0.7744625216346154 0.11754180288461538 0.7816906971153846 0.13206881009615384 0.7788171177884615 0.13491035817307692 0.8004131947115384 0.1352296201923077 0.8008970384615384 0.13715945913461539 0.8176841634615385 0.1326009110576923 0.8205577427884615 0.12975936538461538 0.8171708365384615 0.11625048798076923
2 0.7894911610576922 0.19178741105769231 0.785649891826923 0.19076927884615386 0.7909721754807693 0.21199751442307693 0.8053695600961538 0.2122103533653846 0.8154418341346154 0.20947522596153847 0.8211889951923077 0.20379212740384614 0.8182859326923076 0.19221309134615383 0.8067621274038461 0.18915870192307693 0.7995634350961538 0.18905228124999998 0.7894911610576922 0.19178741105769231
2 0.827449485576923 0.21445945432692307 0.7871603870192309 0.22539996874999998 0.7842868076923076 0.22824151682692306 0.7886119182692308 0.23118948557692307 0.7924826682692309 0.2466282019230769 0.8126272163461539 0.24115794471153845 0.8313202355769231 0.22989816826923076 0.8298687043269232 0.22410865144230768 0.8322584399038462 0.21933726201923076 0.827449485576923 0.21445945432692307
2 0.8294733028846154 0.26544056730769233 0.8256320360576923 0.2644224375 0.8241805048076922 0.2586329182692308 0.8155302788461539 0.25273698076923073 0.8116890120192307 0.25171885096153845 0.7949018870192308 0.25627739903846153 0.7891547259615385 0.2619604951923077 0.7929959951923077 0.262978625 0.7944475264423076 0.2687681442307692 0.7896680528846154 0.27831092067307694 0.8155892451923077 0.2815781514423077 0.8290189423076922 0.2779313125 0.8318925216346155 0.2750897644230769 0.8294733028846154 0.26544056730769233
2 0.8372148028846154 0.29631799759615385 0.8338278966346154 0.2828091201923077 0.8266292067307692 0.28270269951923077 0.8122613004807693 0.2969104471153846 0.8127451442307693 0.2988402860576923 0.8041244038461539 0.3073649302884615 0.8079656706730769 0.30838306009615385 0.8118364206730769 0.3238217740384615 0.8161615312499999 0.3267697451923077 0.8228763822115385 0.3249463269230769 0.8372148028846154 0.29631799759615385
2 0.8248117572115384 0.33266568509615385 0.8209704903846154 0.3316475528846154 0.8229058653846154 0.33936690865384617 0.8200322812499999 0.3422084591346154 0.8238735528846154 0.34322659134615385 0.8258089278846155 0.3509459471153846 0.8493108990384616 0.3445639831730769 0.8545742163461539 0.3369510432692308 0.8521549975961539 0.32730184615384617 0.8483137307692308 0.32628371875 0.8248117572115384 0.33266568509615385
2 0.8752615745192307 0.3622517956730769 0.8670951923076923 0.3582856995192308 0.8536654927884615 0.36193253605769227 0.8440770625 0.36659750240384614 0.8383299038461539 0.3722806009615385 0.8412329663461539 0.38385963701923076 0.845074233173077 0.3848777668269231 0.8465257644230769 0.39066728605769235 0.8599554615384615 0.38702044951923076 0.8748072115384615 0.3747425432692308 0.8752615745192307 0.3622517956730769
2 0.8878415120192307 0.41242762019230766 0.8854222932692307 0.4027784230769231 0.8738984879807692 0.3997240336538462 0.8633423677884615 0.4005293221153846 0.8465552475961539 0.40508787019230774 0.8427139783653845 0.40406973798076923 0.8292842788461539 0.40771657932692307 0.8235371177884615 0.4133996754807692 0.8221150697115385 0.42203074278846153 0.83412271875 0.4270149711538461 0.8542672644230769 0.42154471634615387 0.87586334375 0.42186397596153846 0.8825781947115385 0.4200405576923077 0.8820943509615385 0.41811071875 0.8878415120192307 0.41242762019230766
2 0.8662749134615384 0.42652894471153846 0.8576541706730769 0.43505359134615385 0.8509393221153847 0.4368770096153846 0.8480657427884615 0.4397185576923077 0.863460298076923 0.45821166346153847 0.8701751466346154 0.4563882427884615 0.8840592091346154 0.4402506610576923 0.8883548365384615 0.4287780456730769 0.8763471875 0.42379381490384616 0.8662749134615384 0.42652894471153846
2 0.8798225408653846 0.4805644447115384 0.86639284375 0.48421128365384614 0.8601618365384615 0.4879645432692307 0.8645164302884615 0.5053330961538461 0.8861125096153846 0.505652358173077 0.9028996322115385 0.5010938125 0.9057732139423076 0.4982522620192308 0.9038378389423076 0.49053290384615383 0.8951876153846154 0.4846369663461539 0.8798225408653846 0.4805644447115384
2 0.9389815432692308 0.5448876682692307 0.9188369951923078 0.5503579254807692 0.9159634158653845 0.5531994735576923 0.9193503221153846 0.5667083485576924 0.9164767427884615 0.5695498990384615 0.927516704326923 0.5706744471153846 0.9409464014423077 0.5670276105769231 0.9495671442307692 0.5585029639423077 0.9461802379807692 0.5449940889423077 0.9389815432692308 0.5448876682692307
2 0.9285728365384615 0.6177958822115385 0.9429112596153846 0.5891675528846154 0.9404920408653846 0.579518358173077 0.9361669254807693 0.5765703870192308 0.9165062235576923 0.583970483173077 0.9169900673076923 0.5859003221153846 0.9026221610576923 0.6001080673076923 0.8896763076923077 0.6056847451923077 0.9074605985576922 0.6194064615384616 0.9045870192307692 0.6222480096153846 0.9089121298076923 0.6251959783653847 0.9285728365384615 0.6177958822115385
2 0.9766034326923076 0.6377328004807693 0.9679532067307692 0.6318368605769231 0.9645957836538461 0.6327485697115385 0.9497145528846154 0.6306058918269231 0.9295700048076923 0.6360761466346154 0.9257287379807693 0.6350580168269231 0.9281479567307692 0.6447072139423077 0.925274375 0.6475487620192308 0.92575821875 0.6494786033653847 0.9367981802884615 0.6506031514423077 0.9339245985576923 0.6534447019230769 0.9526470985576924 0.6566055120192308 0.9727916466346154 0.6511352548076924 0.9785388076923076 0.6454521562500001 0.9766034326923076 0.6377328004807693
2 0.9531604254807693 0.6729559350961538 0.9647137091346154 0.6904309110576924 0.9747859831730769 0.68769578125 0.9925113149038461 0.6725763269230769 0.9886405649038461 0.6571376129807691 0.9814418701923077 0.6570311923076922 0.9646547475961539 0.6615897403846154 0.9531604254807693 0.6729559350961538
2 1 0.7045985817307692 0.9762669975961539 0.7079058846153846 0.984462860576923 0.7262925697115384 0.9815892788461539 0.7291341177884616 1 0.7286970120192306 1 0.7045985817307692