1 0.7226367451923077 0.1261996298076923 0.7029221057692308 0.11246677884615384 0.69006321875 0.11013291586538461 0.6819198365384616 0.10611623557692308 0.6677733197115384 0.1111646826923077 0.6712011947115385 0.1168641778846154 0.6677675168269231 0.13655033653846155 0.6716246009615384 0.13978906009615383 0.6703369735576923 0.1471713701923077 0.6656214663461538 0.14885418509615383 0.6643338341346153 0.1562364951923077 0.6677617115384616 0.16193598798076922 0.6763343028846154 0.16349189903846154 0.7033397067307692 0.16077731490384617 0.71277071875 0.15741168509615383 0.7230601514423077 0.14912451442307692 0.7256354110576922 0.13435989423076922 0.7226367451923077 0.1261996298076923
1 0.6502047307692307 0.08512798076923077 0.6484878894230769 0.09497106009615384 0.6553436418269231 0.10637004807692309 0.6639162331730769 0.10792595673076924 0.682349045673077 0.10365546634615384 0.6844950961538461 0.09135161538461538 0.6810672235576922 0.08565212259615386 0.6733530504807692 0.07917467307692308 0.6562078677884616 0.07606285576923076 0.6472060649038462 0.07696771634615383 0.6463476442307693 0.08188925721153846 0.6502047307692307 0.08512798076923077
1 0.7020288605769232 0.2697022379807692 0.6848836778846153 0.2665904206730769 0.6810265913461537 0.26335169471153846 0.672454 0.2617957860576923 0.6630229879807692 0.2651614158653846 0.6664508653846154 0.27086091105769233 0.6638756033653846 0.2856255288461539 0.6677326899038462 0.2888642548076923 0.6660158485576922 0.2987073341346154 0.6733008100961538 0.30764555288461537 0.6908752043269231 0.30829660096153844 0.7050217235576923 0.30324815384615383 0.7067385625 0.29340507451923076 0.7118832764423076 0.2892614903846154 0.7080261923076924 0.28602276682692307 0.7093138221153846 0.2786404567307692 0.7020288605769232 0.2697022379807692
1 0.6201252043269231 0.4096957908653846 0.637270389423077 0.4128076105769231 0.6471306105769231 0.4069812067307692 0.6497058677884616 0.3922165889423077 0.6424209086538462 0.3832783701923077 0.6257049350961539 0.37770578125000004 0.62056021875 0.3818493677884615 0.62398809375 0.38754886057692306 0.6222712548076923 0.39739193990384614 0.6124110336538462 0.40321834134615386 0.6201252043269231 0.4096957908653846
1 0.6321024567307691 0.5184938076923077 0.6501060576923077 0.5166840865384615 0.6505352668269231 0.5142233149038462 0.65996628125 0.5108576850961538 0.6629707524038462 0.4936322956730769 0.6513994927884615 0.48391612259615385 0.651828704326923 0.4814553533653846 0.6436853197115385 0.47743867307692306 0.6222538413461538 0.47354889903846153 0.615386483173077 0.51292121875 0.6235298629807692 0.5169378990384615 0.6321024567307691 0.5184938076923077
1 0.6321024567307691 0.5184938076923077 0.6239590721153847 0.5144771274038461 0.6111001850961538 0.5121432620192308 0.5969536658653847 0.5171917091346153 0.5960952475961538 0.5221132500000001 0.5999523341346154 0.5253519735576924 0.6085249254807692 0.5269078822115385 0.6175267283653846 0.5260030240384616 0.6321024567307691 0.5184938076923077
1 0.5879286490384615 0.6196391850961539 0.5832131442307692 0.6213219975961538 0.5823547235576924 0.6262435384615385 0.5862118125 0.6294822644230769 0.5836365504807692 0.6442468822115385 0.5789210432692308 0.6459296971153846 0.5776334134615385 0.6533120072115385 0.5814905 0.6565507307692309 0.5986356826923077 0.6596625504807693 0.6076374855769231 0.6587576899038462 0.6183561274038462 0.6480097499999999 0.619214545673077 0.6430882091346154 0.6123587956730769 0.6316892211538462 0.6080725 0.6309112668269231 0.6003583269230769 0.6244338173076923 0.5879286490384615 0.6196391850961539
1 0.5810496826923077 0.7097828076923077 0.5981948677884615 0.7128946274038461 0.607625875 0.7095289975961538 0.6136290120192307 0.7004638725961538 0.6063440504807692 0.6915256514423077 0.5982006682692307 0.6875089735576924 0.589628076923077 0.6859530649038461 0.5849125697115385 0.6876358798076924 0.5831957331730769 0.6974789591346154 0.5784802259615385 0.6991617740384615 0.5810496826923077 0.7097828076923077
3 0.5317601826923076 0.6881435048076923 0.5437664519230769 0.6700132524038461 0.5356230721153846 0.6659965745192308 0.5261920625 0.6693622067307692 0.5253336394230769 0.6742837451923077 0.43060592548076926 0.6596295168269232 0.42803066586538463 0.6743941346153846 0.44174216586538456 0.6971921129807692 0.44559925 0.7004308389423077 0.48846220913461535 0.7082103822115384 0.49317771634615387 0.7065275673076923 0.510752110576923 0.7071786153846153 0.5266096610576922 0.7176727427884615 0.5360406706730769 0.714307110576923 0.5463301057692308 0.7060199423076923 0.5471885264423076 0.7010984038461537 0.5347588485576923 0.6963037692307693 0.5317601826923076 0.6881435048076923
3 0.48118885817307694 0.648500858173077 0.5039079663461539 0.6450083197115385 0.5296257403846154 0.6496760480769231 0.5334828269230769 0.6529147740384615 0.5420554182692308 0.6544706826923077 0.546770920673077 0.6527878653846154 0.5480585528846154 0.6454055552884616 0.5279147043269231 0.6341334735576923 0.5266328822115385 0.6161301322115385 0.5227757932692307 0.61289140625 0.5146324134615384 0.6088747283653846 0.46748315865384615 0.6003172283653846 0.45419505769230767 0.6004441322115385 0.40233030048076923 0.5935694471153846 0.39204086778846153 0.6018566177884616 0.3886071875 0.6215427764423077 0.3924642764423077 0.6247815024038462 0.39117664423076925 0.6321638100961539 0.39889081490384615 0.6386412596153845 0.416036 0.6417530793269232 0.4198930865384615 0.6449918052884616 0.44132456490384614 0.6488815769230769 0.4451816490384616 0.6521203004807692 0.4580405360576923 0.6544541634615384 0.4760441394230769 0.6526444423076924 0.48118885817307694 0.648500858173077
3 0.5463707355769231 0.5283203677884616 0.5750929783653846 0.5157627091346154 0.5815253245192308 0.5042368125000001 0.5600996514423077 0.47496138701923074 0.535240295673077 0.46537212019230767 0.44865596153846155 0.45473456971153847 0.44137099999999996 0.44579635096153847 0.4156532235576923 0.44112862500000005 0.41179613942307697 0.43788989903846154 0.40708063221153845 0.4395727139423077 0.38993544951923076 0.4364608966346154 0.3805044350961539 0.4398265264423077 0.3856317403846154 0.5118399014423077 0.38948882692307696 0.515078625 0.4109203028846154 0.5189683990384615 0.4507845985576923 0.5185876802884615 0.47650237259615386 0.52325540625 0.48121787740384614 0.5215725913461539 0.502649358173077 0.5254623653846153 0.5206529591346154 0.5236526418269231 0.5463707355769231 0.5283203677884616
3 0.5875574807692308 0.36824342067307697 0.5768446442307693 0.35360570673076924 0.5554131658653846 0.3497159375 0.5481282043269231 0.34077771634615384 0.45382969471153844 0.32366271874999997 0.4443986850961539 0.3270283485576923 0.4349618677884616 0.3557796322115384 0.43024636298076924 0.35746244951923073 0.43109897836538463 0.37792656009615383 0.43495606490384614 0.38116528605769234 0.4563875456730769 0.3850550576923077 0.4602446298076923 0.38829378125 0.5459705456730769 0.403852875 0.5592586442307692 0.4037259663461539 0.5639741490384615 0.40204315144230773 0.5768388413461538 0.3789913629807692 0.5862698533653846 0.3756257307692307 0.5875574807692308 0.36824342067307697
3 0.4551289350961539 0.26550910096153846 0.4585568125 0.2712085961538462 0.4667001923076923 0.27522527644230765 0.5052768557692308 0.2822268653846154 0.5275667548076923 0.2811950985576923 0.5532845288461539 0.2858628245192308 0.5978643269230769 0.28379929086538463 0.6325897067307692 0.26217650480769233 0.6343065480769231 0.2523334254807692 0.6188782019230769 0.2393785264423077 0.6145919086538462 0.23860057211538463 0.6120166490384615 0.2533651923076923 0.6025856394230769 0.2567308221153846 0.5888683317307692 0.2593184975961539 0.56272134375 0.2571115408653846 0.547293 0.24415664423076924 0.5507266826923077 0.2244704855769231 0.5425833004807692 0.22045380769230769 0.5254381177884615 0.21734198798076923 0.5215810288461539 0.21410326442307692 0.47871807451923076 0.20632371875000002 0.4697162716346154 0.20722857932692307 0.4598560480769231 0.21305498076923077 0.45298868990384616 0.25242729807692305 0.45684577403846155 0.2556660216346154 0.4551289350961539 0.26550910096153846
3 0.5203108149038461 0.1453286153846154 0.6124690745192308 0.14936181009615385 0.6184722115384615 0.14029668509615384 0.6099054230769231 0.11335512259615385 0.6339121610576922 0.10248027403846154 0.6351997932692307 0.09509796634615385 0.6279148317307693 0.08615974759615384 0.6202006610576922 0.07968230048076924 0.6116280673076923 0.07812639182692308 0.611198858173077 0.08058715865384616 0.5657606418269231 0.08757223317307691 0.5529017524038461 0.08523837259615384 0.5331871129807693 0.07150551923076923 0.5117556346153846 0.0676157451923077 0.5078985504807693 0.06437701923076923 0.4736081802884616 0.05815338461538462 0.4688926754807692 0.05983619951923077 0.4298868052884615 0.05529537980769231 0.41873895432692304 0.0685040889423077 0.4123008052884615 0.10541563942307691 0.41529946875 0.11357590144230768 0.4302986033653846 0.1289915673076923 0.5203108149038461 0.1453286153846154
2 0.3618472091346154 0.03454839903846154 0.36289673798076927 0.02617341105769231 0.3675495456730769 0.01374571875 0.34855607451923076 0.008579759615384614 0.3484718894230769 0.028076701923076923 0.3524432524038461 0.043311076923076924 0.3618472091346154 0.03454839903846154
2 0.1654124879807692 0.050451194711538465 0.17655453365384616 0.06262813942307692 0.18512712740384615 0.06418404807692307 0.1945581346153846 0.06081841826923077 0.1988444326923077 0.061596372596153845 0.20827544471153844 0.058230742788461534 0.20870465384615383 0.05576997115384615 0.2027073221153846 0.03944944230769231 0.18556213942307692 0.036337625 0.17656033653846154 0.03724248557692308 0.16670011778846155 0.04306888701923077 0.1654124879807692 0.050451194711538465
2 0.19755680528846156 0.06897868028846153 0.18897840624999998 0.09280842548076923 0.1842629014423077 0.0944912403846154 0.18297527163461538 0.10187355288461539 0.18940181490384617 0.11573331009615385 0.19840361298076925 0.11482844711538462 0.20440675 0.10576332211538463 0.21855326923076923 0.10071487740384615 0.21984089663461537 0.09333256730769232 0.2134143581730769 0.07947281009615385 0.21470198798076925 0.0720905 0.2108449014423077 0.0688517764423077 0.20227231009615385 0.06729586538461539 0.19755680528846156 0.06897868028846153
2 0.20567696875 0.17453797355769232 0.20396012740384617 0.18438105288461537 0.19924462259615383 0.18606386778846154 0.19838619951923078 0.19098540625 0.20524195432692308 0.20238439663461538 0.21424375480769228 0.2014795360576923 0.21467296634615385 0.19901876442307692 0.22924869230769232 0.19150954807692308 0.23311158413461538 0.16936262259615387 0.2292544951923077 0.16612389663461538 0.22068190625 0.1645679855769231 0.2112508942307692 0.16793361778846153 0.20567696875 0.17453797355769232
2 0.23780967548076923 0.24383676442307692 0.24166676201923076 0.2470754903846154 0.2459530576923077 0.24785344471153847 0.2510977716346154 0.24370986057692307 0.25281461057692306 0.23386678125 0.26267483413461534 0.2280403798076923 0.26182221875 0.20757626442307692 0.2541080480769231 0.2010988173076923 0.2412491610576923 0.19876495192307694 0.23738626923076925 0.22091188221153846 0.24124335576923078 0.22415060576923077 0.23780967548076923 0.24383676442307692
2 0.2536556201923077 0.3051021995192308 0.2609405841346154 0.3140404182692308 0.2789441850961538 0.3122306971153846 0.28194865384615386 0.29500530528846153 0.27337606490384614 0.29344939903846157 0.2596587548076923 0.2960370745192308 0.2536556201923077 0.3051021995192308
2 0.26564448076923075 0.3631289086538461 0.27464628125 0.3622240480769231 0.28493571153846153 0.35393687740384616 0.2815078389423077 0.34823738221153844 0.2836538894230769 0.33593353605769233 0.27979680048076927 0.3326948100961538 0.27122421153846155 0.3311389014423077 0.26907816105769233 0.34344275 0.2643626538461538 0.34512556490384616 0.26178739182692307 0.35989018509615384 0.26564448076923075 0.3631289086538461
2 0.1451931826923077 0.3691926057692308 0.13576217307692307 0.3725582355769231 0.1301882451923077 0.3791625913461539 0.12675456490384615 0.39884875 0.13061165144230769 0.40208747355769237 0.12846560096153847 0.4143913245192307 0.13532135336538462 0.4257903125 0.14432315384615385 0.424885451923077 0.14561078365384617 0.4175031418269231 0.15032628846153845 0.4158203269230769 0.15290155048076923 0.4010557067307693 0.15761705528846154 0.3993728918269231 0.15247814423076925 0.3781308221153846 0.1447639735576923 0.37165337499999995 0.1451931826923077 0.3691926057692308
2 0.20987039663461537 0.5814863774038461 0.21115802403846157 0.5741040697115385 0.2210182451923077 0.5682776682692308 0.21073461778846153 0.5511791850961538 0.21202225 0.5437968774038462 0.20344965865384615 0.5422409687499999 0.19615308894230768 0.5840740552884616 0.20901197596153848 0.5864079182692308 0.2137274807692308 0.5847251033653846 0.20987039663461537 0.5814863774038461
2 0.21843137980769228 0.63381359375 0.2137216754807692 0.6101107572115384 0.1982933341346154 0.5971558605769232 0.19014994951923075 0.5931391802884616 0.18543444711538462 0.5948219951923077 0.18714548076923077 0.6103645697115385 0.1940012355769231 0.6217635576923077 0.2021446153846154 0.625780235576923 0.2055724903846154 0.6314797307692307 0.21843137980769228 0.63381359375