0 0.16623115865384616 0.5008764375 0.15398506730769232 0.49886530769230764 0.15435658653846154 0.54410646875 0.16689312740384615 0.549111829326923 0.17170915144230767 0.536643358173077 0.16623115865384616 0.5008764375
1 0.5101551899038461 0.6506646586538462 0.47403835096153846 0.6717431947115385 0.49375504326923075 0.7093573942307692 0.5079937427884615 0.7112046754807693 0.5184971370192307 0.6952504230769231 0.5101551899038461 0.6506646586538462
1 0.7857024519230769 0.9237818798076923 0.7819671514423077 0.90598034375 0.7475119350961539 0.9027773341346154 0.7052551322115386 0.8398535552884615 0.6978656033653846 0.8464974158653846 0.6951232548076922 0.90104896875 0.7177039014423077 0.9474820120192308 0.7490452475961539 0.9599954158653846 0.7857024519230769 0.9237818798076923
2 0.3229107716346154 0.25257994471153844 0.3389326995192308 0.2935160745192308 0.36313443269230766 0.2945441081730769 0.3662482980769231 0.28523371634615385 0.34279630528846156 0.22981797836538462 0.32656500000000005 0.22813455048076922 0.3229107716346154 0.25257994471153844
0 0.05900190144230769 0.5549654975961539 0.03874484855769231 0.5324863004807692 0.04023762740384615 0.568580920673077 0.04966030048076923 0.5828966754807692 0.0616159423076923 0.5819135745192308 0.05900190144230769 0.5549654975961539
2 0.2747166826923077 0.21127118269230769 0.26330140384615386 0.19711927884615385 0.23627625240384614 0.20839587259615386 0.24914377884615385 0.23751892788461537 0.27218371394230767 0.2265700360576923 0.2747166826923077 0.21127118269230769
0 0.3825134375 0.45291063701923073 0.40588436057692306 0.46607943990384615 0.41896126201923073 0.4559497956730769 0.41576632451923073 0.42301326201923073 0.3972519639423077 0.4184994495192308 0.38247290144230767 0.43178717067307687 0.3825134375 0.45291063701923073
2 0.103514625 0.3098561394230769 0.10716885576923077 0.2854107451923077 0.07586804086538462 0.29402080528846153 0.08366962740384615 0.3537415697115385 0.11098522596153847 0.34545920913461536 0.103514625 0.3098561394230769
0 0.35154360817307695 0.4856383918269231 0.36607275480769236 0.4904799038461538 0.3768666009615385 0.47751988221153846 0.3756642716346154 0.4444194951923077 0.35714990865384616 0.4399056826923077 0.3432421971153846 0.46217609615384614 0.35154360817307695 0.4856383918269231
2 0.6183636682692307 0.06832512259615385 0.6289886730769231 0.11574126442307693 0.6426464711538462 0.11160008173076924 0.643808266826923 0.1235770048076923 0.6746092524038462 0.15122541346153845 0.684653360576923 0.19265309375 0.7344279975961538 0.16743338221153847 0.7375418677884615 0.15812298798076924 0.7200676947115384 0.10221570432692308 0.6846600600961538 0.047783067307692315 0.6544805072115385 0.047246588942307696 0.6183636682692307 0.06832512259615385
2 0.01342991826923077 0.30217313942307694 0.014593230769230768 0.32834769711538464 0.025553038461538464 0.33437552403846155 0.030450134615384615 0.3641539807692308 0.056063579326923074 0.3590296995192308 0.059177444711538456 0.34971930769230763 0.04029156490384615 0.2999643341346154 0.01342991826923077 0.30217313942307694
2 0.3898285961538462 0.2591498173076923 0.3983799254807692 0.2644828798076923 0.41913680288461536 0.2507036081730769 0.40963306009615386 0.19414092548076922 0.3871334879807692 0.18995481250000001 0.38293889423076927 0.2295352091346154 0.3898285961538462 0.2591498173076923
0 0.652582704326923 0.6902609350961538 0.674582451923077 0.7307055168269231 0.6987841850961539 0.7317335480769231 0.7016076033653846 0.719428923076923 0.6850858509615385 0.7147512644230769 0.6742109326923077 0.6854643557692307 0.652582704326923 0.6902609350961538
3 0.05194335576923077 0.5857270552884615 0.06314925721153847 0.6391316610576923 0.10059003365384614 0.7145239110576923 0.13790920673076923 0.726545764423077 0.14326559375 0.6989422884615385 0.16518426923076923 0.6971399399038462 0.17963234374999998 0.6597345216346154 0.1711687908653846 0.5517783629807692 0.16461007211538461 0.546281451923077 0.13326872115384616 0.533768048076923 0.09569963942307692 0.5398754278846154 0.05194335576923077 0.5857270552884615
1 0.47486916346153846 0.6596024230769231 0.4639131754807692 0.5880685841346154 0.446229625 0.5714139975961539 0.4248918461538462 0.5792048100961538 0.4104437716346154 0.6166102283653847 0.41766445673076924 0.67034253125 0.4379215120192308 0.6928217259615385 0.4541528173076923 0.6945051586538462 0.47486916346153846 0.6596024230769231
1 0.1789231418269231 0.7352456875000001 0.15646410096153845 0.7521830408653846 0.1416445048076923 0.7443472980769231 0.14969600480769232 0.7859388293269232 0.16053038701923078 0.7941022740384616 0.18556293028846155 0.7829895288461538 0.18606275721153848 0.7467310625000001 0.1789231418269231 0.7352456875000001
0 0.48636473317307694 0.4537362620192308 0.48837303605769233 0.42836986778846153 0.4837323173076923 0.41305727884615384 0.4703228653846154 0.4068591033653846 0.47655490624999997 0.4548718870192308 0.48636473317307694 0.4537362620192308