1 0.13145725 0.14291614182692308 0.129226625 0.15490553846153846 0.17139428125 0.1862299326923077 0.1811675673076923 0.14444822115384615 0.16006942788461537 0.11811412259615385 0.13145725 0.14291614182692308
1 0.6697272668269231 0.2809312283653846 0.6733377163461539 0.25077655528846154 0.6567580697115385 0.2431512644230769 0.6402356706730769 0.2782135721153846 0.6697272668269231 0.2809312283653846
1 0.7735232764423077 0.19598519471153847 0.7566791129807692 0.20053047596153845 0.7465840649038462 0.21179516346153845 0.7342870192307692 0.2563930480769231 0.7822957451923076 0.24557337740384616 0.7873146466346154 0.21859723317307692 0.7735232764423077 0.19598519471153847
1 0.5506169423076923 0.25471149759615386 0.553669735576923 0.22755417548076923 0.5356816370192308 0.21675035817307692 0.5177507884615384 0.2486341346153846 0.5506169423076923 0.25471149759615386
1 0.45706600240384615 0.23084706971153846 0.43823118509615383 0.2556476466346154 0.44195205528846154 0.26908790384615383 0.4694775456730769 0.27162438461538463 0.4816619615384615 0.25151577163461536 0.47420330528846155 0.23547501442307692 0.45706600240384615 0.23084706971153846
1 0.8298326899038462 0.3017824519230769 0.832356451923077 0.29896627884615384 0.8365531802884616 0.28715806009615386 0.8348515889423077 0.2748063076923077 0.8334431370192308 0.27162778365384616 0.8275448173076924 0.27108424999999997 0.8261363677884616 0.2679057235576923 0.8177142860576924 0.27017836538461537 0.8048309591346154 0.2964297980769231 0.8062394110576924 0.29960832451923075 0.8298326899038462 0.3017824519230769
2 0.66645340625 0.7714762524038462 0.6726162403846154 0.7598492091346153 0.6723231033653847 0.750675985576923 0.6680977475961538 0.7411404086538462 0.6543350024038461 0.7398721658653845 0.6456484062500001 0.7543153822115385 0.643417783653846 0.7663047788461538 0.6482007932692307 0.7728430072115385 0.6594397764423078 0.7769274206730769 0.66645340625 0.7714762524038462
2 0.6349670769230769 0.7472336177884615 0.6363755288461538 0.7504121466346153 0.6442399543269232 0.7511368557692308 0.6523688966346154 0.7396909903846154 0.6545995192307692 0.72770159375 0.6531910673076923 0.7245230649038461 0.6413944302884615 0.7234360024038462 0.634938454326923 0.7258898197115384 0.6343808004807693 0.728887170673077 0.6293332740384615 0.7345195120192307 0.6276603076923077 0.7435115600961539 0.6290687572115385 0.7466900889423077 0.6349670769230769 0.7472336177884615
2 0.34771516346153847 0.5713751610576924 0.33538949278846153 0.5946292475961539 0.3452200240384615 0.5955351322115384 0.3561658677884615 0.5904463197115384 0.3598049423076923 0.5816354495192309 0.3620355625 0.5696460528846153 0.3681983990384615 0.5580190096153846 0.37042902163461544 0.546029610576923 0.37295278365384615 0.5432134399038462 0.37629871634615386 0.52522934375 0.3788224783653846 0.522413173076923 0.37797168509615386 0.516237295673077 0.3675834951923077 0.5183287620192307 0.3630936274038462 0.5209637548076923 0.36001220913461535 0.5267772764423077 0.3580461033653846 0.5265960985576923 0.3552578245192307 0.5415828461538461 0.3527340625 0.544399016826923 0.34771516346153847 0.5713751610576924
2 0.3954879975961539 0.5940698653846154 0.3960456538461538 0.5910725120192308 0.40109317788461535 0.585440170673077 0.403881454326923 0.5704534230769231 0.40640521875 0.56763725 0.4136547403846154 0.5286717091346154 0.4122462884615385 0.5254931850961538 0.4043818629807693 0.5247684759615384 0.40185810096153846 0.5275846466346154 0.39851216826923075 0.5455687427884615 0.39598840625 0.5483849158653846 0.3862151201923077 0.5901666274038462 0.38903202163461537 0.5965236826923077 0.3954879975961539 0.5940698653846154
2 0.4553219879807692 0.6056810528846154 0.4491591514423077 0.61730809375 0.4441116298076923 0.6229404423076923 0.4421455216346154 0.6227592644230769 0.4390641033653846 0.6285727836538462 0.4379487932692308 0.634567483173077 0.4413233509615385 0.6379271875 0.45115388221153846 0.6388330721153845 0.4536776442307692 0.6360169014423077 0.4595759639423077 0.6365604326923078 0.46375337019230767 0.6321222788461539 0.48023784375 0.5470023076923077 0.4664750985576923 0.5457340673076924 0.46591744471153845 0.5487314158653847 0.45946146875000005 0.5511852355769231 0.4555578798076923 0.5721666802884615 0.4569663293269231 0.5753452067307692 0.45473570913461536 0.5873346057692308 0.4569949543269231 0.5966890048076923 0.4553219879807692 0.6056810528846154
2 0.47530481730769225 0.6380098509615385 0.48490364423076926 0.6427938822115385 0.49425683173076923 0.6455244927884615 0.4957039855769231 0.6340055745192308 0.48146765144230774 0.6263828076923077 0.5002602043269231 0.5740451875 0.4871270456730769 0.5643625216346154 0.46447281730769235 0.6226551730769232 0.46649451923076923 0.6397894014423078 0.47530481730769225 0.6380098509615385
2 0.1026240048076923 0.6311058653846153 0.08692377403846155 0.65100025 0.07680010336538462 0.6409211370192308 0.07063726923076923 0.6525481778846154 0.11277630048076923 0.6625287740384616 0.12061210096153846 0.6419096850961539 0.1026240048076923 0.6311058653846153
2 0.9535118533653846 0.5936633509615384 0.9521034038461539 0.5904848245192308 0.9422728701923078 0.5895789375 0.9397491081730769 0.592395108173077 0.938076141826923 0.6013871562499999 0.9394845913461538 0.6045656850961538 0.9473490192307692 0.6052903918269231 0.9518388870192307 0.6026553990384615 0.9535118533653846 0.5936633509615384
2 0.9035083966346154 0.582958045673077 0.9001338389423077 0.57959834375 0.8942355192307693 0.5790548125 0.8891879951923076 0.5846871538461539 0.8875150288461539 0.593679201923077 0.8993116682692308 0.594766266826923 0.9043591923076922 0.5891339206730769 0.9035083966346154 0.582958045673077
2 0.8710854014423077 0.4885081394230769 0.8789498269230769 0.4892328461538461 0.8825888990384616 0.48042197836538464 0.8747244735576923 0.4796972716346154 0.8702346057692308 0.482332264423077 0.8710854014423077 0.4885081394230769
2 0.5618822211538462 0.5983819447115384 0.578523173076923 0.6094183221153846 0.5859961658653846 0.6057869014423077 0.5875520817307692 0.5844824134615385 0.5763018197115385 0.5832963100961538 0.5618822211538462 0.5983819447115384
2 0.6084038846153846 0.6147632644230769 0.620189079326923 0.6244893966346154 0.621048264423077 0.6107455961538462 0.6221645865384615 0.5887512139423077 0.6115589375 0.5947524615384615 0.6084038846153846 0.6147632644230769
0 0.04217235576923077 0.22175436057692308 0.050720812500000004 0.20859107932692306 0.03962991826923078 0.2005935408653846 0.03561359134615384 0.20661663942307693 0.03348725240384615 0.21804553125 0.04217235576923077 0.22175436057692308
0 0.19132212259615383 0.22969984855769232 0.18931219471153846 0.21589897115384618 0.17748681490384616 0.2203945456730769 0.17461021634615384 0.23339452403846156 0.19132212259615383 0.22969984855769232