1 0.8680000000000001 0.3802395216346154 0.8520000000000001 0.3622754495192308 0.828 0.38323353365384616 0.828 0.42215568750000004 0.862 0.41916167548076927 0.872 0.4071856298076923 0.8680000000000001 0.3802395216346154
1 0.764 0.39820359375 0.75 0.39820359375 0.74 0.4131736538461538 0.74 0.43712574759615386 0.7759999999999999 0.4341317355769231 0.7739999999999999 0.41017964182692307 0.764 0.39820359375
1 0.64 0.3712574855769231 0.63 0.3892215576923077 0.6340000000000001 0.41017964182692307 0.6639999999999999 0.4131736538461538 0.658 0.3712574855769231 0.64 0.3712574855769231
1 0.572 0.34431137740384615 0.5579999999999999 0.3473053894230769 0.546 0.3712574855769231 0.542 0.3952095817307692 0.5940000000000001 0.38622754567307693 0.588 0.35928143749999997 0.572 0.34431137740384615
1 0.508 0.3562874254807692 0.504 0.3922155697115385 0.532 0.3892215576923077 0.534 0.3532934134615384 0.508 0.3562874254807692
1 0.41600000000000004 0.3413173653846154 0.40399999999999997 0.3562874254807692 0.40399999999999997 0.3892215576923077 0.446 0.3892215576923077 0.43400000000000005 0.34431137740384615 0.41600000000000004 0.3413173653846154
1 0.34600000000000003 0.3712574855769231 0.34600000000000003 0.4041916177884615 0.372 0.40119760576923075 0.364 0.36526946153846157 0.34600000000000003 0.3712574855769231
1 0.34199999999999997 0.38622754567307693 0.326 0.3772455096153846 0.314 0.3892215576923077 0.314 0.43712574759615386 0.33999999999999997 0.43712574759615386 0.34600000000000003 0.41916167548076927 0.34199999999999997 0.38622754567307693
1 0.25 0.3892215576923077 0.242 0.4041916177884615 0.242 0.44011975961538463 0.27799999999999997 0.42215568750000004 0.266 0.3892215576923077 0.25 0.3892215576923077
1 0.2 0.33233532932692306 0.184 0.33233532932692306 0.16999999999999998 0.35029940144230765 0.16999999999999998 0.38622754567307693 0.224 0.38323353365384616 0.214 0.3473053894230769 0.2 0.33233532932692306
1 0.16599999999999998 0.3892215576923077 0.14400000000000002 0.38323353365384616 0.138 0.3922155697115385 0.14200000000000002 0.41916167548076927 0.16999999999999998 0.4161676658653847 0.16599999999999998 0.3892215576923077
1 0.106 0.38323353365384616 0.094 0.40119760576923075 0.096 0.42814371153846154 0.12200000000000001 0.41916167548076927 0.12000000000000001 0.39820359375 0.106 0.38323353365384616
1 0.082 0.3772455096153846 0.082 0.34431137740384615 0.068 0.31437125721153847 0.046 0.3113772451923077 0.030000000000000002 0.32934131730769234 0.022 0.34431137740384615 0.024 0.36526946153846157 0.07 0.38622754567307693 0.082 0.3772455096153846
1 0.9339999999999999 0.4311377235576923 0.9299999999999999 0.45209580769230767 0.954 0.4491017956730769 0.95 0.4311377235576923 0.9339999999999999 0.4311377235576923
1 0.998 0.4730538918269231 0.998 0.4461077836538462 0.988 0.4461077836538462 0.982 0.45508981971153845 0.98 0.46107784375 0.98 0.47005987980769226 0.986 0.4730538918269231 0.998 0.4730538918269231
1 0.9046500000000001 0.4442784423076923 0.8978619999999999 0.43770059855769233 0.8910739999999999 0.44009281490384616 0.8860840000000001 0.4520508990384616 0.8940680000000001 0.4601227548076923 0.9034519999999999 0.4589251490384615 0.9046500000000001 0.4442784423076923
1 0.88748 0.44935928124999996 0.878498 0.4353083822115385 0.8703120000000001 0.43471257451923073 0.863724 0.4427814375 0.863674 0.46105987980769225 0.87131 0.46131736538461543 0.883088 0.45503892307692306 0.88748 0.44935928124999996
3 0.8 0.667664670673077 0.804 0.6736526947115385 0.822 0.6766467067307692 0.826 0.6706586826923077 0.83 0.6137724543269231 0.8340000000000001 0.6047904182692307 0.8360000000000001 0.5598802403846154 0.8340000000000001 0.4850299399038462 0.826 0.4580838317307692 0.8099999999999999 0.4670658677884615 0.8 0.4820359278846154 0.804 0.5119760480769231 0.798 0.5748503004807692 0.798 0.6526946105769231 0.8 0.667664670673077
3 0.87 0.6077844302884615 0.876 0.6197604783653846 0.874 0.6497005985576922 0.878 0.6706586826923077 0.888 0.6736526947115385 0.892 0.6616766466346153 0.896 0.589820358173077 0.894 0.4910179639423077 0.89 0.47904191586538464 0.8819999999999999 0.47005987980769226 0.8680000000000001 0.4670658677884615 0.8659999999999999 0.47005987980769226 0.8680000000000001 0.5658682644230769 0.87 0.5688622764423077 0.87 0.6077844302884615
2 0.9510620000000001 0.7114850288461538 0.949486 0.7036257475961538 0.937938 0.6934071850961538 0.925604 0.702446108173077 0.929802 0.7110928149038462 0.944762 0.7126646706730769 0.9510620000000001 0.7114850288461538
2 0.824 0.9371257475961539 0.83 0.9221556875 0.83 0.9131736538461539 0.8140000000000001 0.9071856298076924 0.8099999999999999 0.9071856298076924 0.8059999999999999 0.9131736538461539 0.804 0.9221556875 0.8059999999999999 0.934131735576923 0.8140000000000001 0.9401197596153845 0.824 0.9371257475961539
2 0.842 0.9131736538461539 0.848 0.9131736538461539 0.8500000000000001 0.9161676658653846 0.858 0.9131736538461539 0.858 0.9041916177884615 0.8520000000000001 0.8922155697115385 0.844 0.8892215576923077 0.84 0.8952095817307693 0.84 0.89820359375 0.8360000000000001 0.9041916177884615 0.838 0.910179641826923 0.842 0.9131736538461539
2 0.77 0.8562874254807693 0.784 0.8592814375 0.784 0.8473053894230769 0.772 0.8293413173076923 0.766 0.8263473052884615 0.754 0.8263473052884615 0.752 0.8233532932692308 0.75 0.832335329326923 0.752 0.8353293413461539 0.752 0.8443113774038462 0.77 0.8562874254807693
2 0.714 0.8293413173076923 0.718 0.8233532932692308 0.716 0.8053892211538461 0.7060000000000001 0.8053892211538461 0.704 0.8023952091346154 0.702 0.8053892211538461 0.702 0.8233532932692308 0.7060000000000001 0.8293413173076923 0.714 0.8293413173076923
2 0.638 0.8263473052884615 0.6479999999999999 0.832335329326923 0.656 0.832335329326923 0.658 0.8233532932692308 0.652 0.8143712572115385 0.6499999999999999 0.8053892211538461 0.6479999999999999 0.8023952091346154 0.638 0.8023952091346154 0.6319999999999999 0.8113772451923077 0.6319999999999999 0.8143712572115385 0.638 0.8233532932692308 0.638 0.8263473052884615
2 0.608 0.8772455096153846 0.612 0.8712574855769231 0.614 0.8622754495192309 0.612 0.8562874254807693 0.612 0.8473053894230769 0.61 0.8413173653846153 0.596 0.8413173653846153 0.5940000000000001 0.8443113774038462 0.5940000000000001 0.8652694615384615 0.598 0.8772455096153846 0.608 0.8772455096153846
2 0.562 0.883233533653846 0.5760000000000001 0.8652694615384615 0.5760000000000001 0.8562874254807693 0.5780000000000001 0.8532934134615384 0.5780000000000001 0.8383233533653847 0.5760000000000001 0.8353293413461539 0.574 0.8383233533653847 0.564 0.832335329326923 0.552 0.8383233533653847 0.552 0.8532934134615384 0.544 0.8772455096153846 0.5479999999999999 0.883233533653846 0.562 0.883233533653846
2 0.452 0.8802395216346154 0.456 0.8742514975961538 0.456 0.8652694615384615 0.454 0.8622754495192309 0.454 0.8502994014423078 0.452 0.8413173653846153 0.44999999999999996 0.8353293413461539 0.438 0.8353293413461539 0.436 0.8383233533653847 0.436 0.8682634735576923 0.444 0.8802395216346154 0.452 0.8802395216346154
2 0.41000000000000003 0.8922155697115385 0.414 0.8892215576923077 0.41600000000000004 0.883233533653846 0.424 0.8712574855769231 0.424 0.8652694615384615 0.41000000000000003 0.8592814375 0.40399999999999997 0.8592814375 0.4 0.8652694615384615 0.39599999999999996 0.8772455096153846 0.39599999999999996 0.8892215576923077 0.398 0.8922155697115385 0.41000000000000003 0.8922155697115385
2 0.51 0.7994011971153847 0.514 0.7934131730769232 0.516 0.7814371250000001 0.512 0.7784431129807692 0.5 0.7784431129807692 0.498 0.7814371250000001 0.498 0.7964071850961538 0.502 0.7994011971153847 0.51 0.7994011971153847
2 0.546 0.7904191610576923 0.546 0.7814371250000001 0.5479999999999999 0.7754491009615384 0.546 0.7694610769230769 0.5399999999999999 0.7694610769230769 0.536 0.7664670649038462 0.534 0.7874251490384616 0.538 0.7934131730769232 0.544 0.7934131730769232 0.546 0.7904191610576923
2 0.218 0.8862275456730769 0.232 0.9071856298076924 0.24400000000000002 0.9071856298076924 0.24800000000000003 0.9011976057692308 0.24800000000000003 0.8892215576923077 0.246 0.8802395216346154 0.24000000000000002 0.8712574855769231 0.238 0.8592814375 0.228 0.8592814375 0.224 0.8682634735576923 0.216 0.8652694615384615 0.216 0.8802395216346154 0.218 0.8862275456730769
2 0.17200000000000001 0.8862275456730769 0.184 0.8862275456730769 0.192 0.8772455096153846 0.192 0.8742514975961538 0.196 0.8682634735576923 0.196 0.8592814375 0.186 0.8532934134615384 0.186 0.8502994014423078 0.182 0.8473053894230769 0.176 0.8473053894230769 0.16999999999999998 0.8652694615384615 0.16999999999999998 0.8742514975961538 0.168 0.8772455096153846 0.16999999999999998 0.883233533653846 0.17200000000000001 0.8862275456730769
2 0.31 0.7784431129807692 0.31599999999999995 0.7544910168269231 0.30799999999999994 0.7485029951923077 0.304 0.7485029951923077 0.302 0.7514970048076923 0.298 0.7634730528846153 0.298 0.7814371250000001 0.304 0.7844311370192307 0.31 0.7784431129807692
2 0.33 0.7814371250000001 0.33 0.7904191610576923 0.336 0.7964071850961538 0.34400000000000003 0.7964071850961538 0.348 0.7934131730769232 0.34600000000000003 0.7634730528846153 0.34400000000000003 0.7604790408653846 0.338 0.7634730528846153 0.328 0.7634730528846153 0.328 0.7784431129807692 0.33 0.7814371250000001
2 0.372 0.7574850288461538 0.372 0.7544910168269231 0.376 0.7485029951923077 0.376 0.7365269471153847 0.372 0.7245508990384616 0.364 0.7275449110576923 0.358 0.7365269471153847 0.356 0.7425149711538462 0.358 0.7485029951923077 0.364 0.7574850288461538 0.372 0.7574850288461538
2 0.254 0.7694610769230769 0.258 0.7754491009615384 0.266 0.7754491009615384 0.26999999999999996 0.7724550889423077 0.272 0.7634730528846153 0.272 0.7514970048076923 0.258 0.7455089831730769 0.254 0.7514970048076923 0.256 0.7574850288461538 0.256 0.7664670649038462 0.254 0.7694610769230769
2 0.16199999999999998 0.8023952091346154 0.16599999999999998 0.7964071850961538 0.16599999999999998 0.7694610769230769 0.164 0.7664670649038462 0.146 0.7664670649038462 0.14400000000000002 0.7694610769230769 0.14200000000000002 0.7754491009615384 0.148 0.7994011971153847 0.15 0.8023952091346154 0.16199999999999998 0.8023952091346154
2 0.096 0.7874251490384616 0.1 0.7844311370192307 0.10200000000000001 0.7784431129807692 0.10200000000000001 0.7694610769230769 0.088 0.7694610769230769 0.084 0.7754491009615384 0.084 0.7844311370192307 0.08600000000000001 0.7874251490384616 0.096 0.7874251490384616
2 0.042 0.9520958076923077 0.058 0.9520958076923077 0.062000000000000006 0.949101795673077 0.066 0.9371257475961539 0.066 0.9281437115384615 0.064 0.9251496995192308 0.064 0.9071856298076924 0.05 0.9041916177884615 0.044 0.89820359375 0.036000000000000004 0.9011976057692308 0.034 0.9131736538461539 0.04 0.9251496995192308 0.04 0.949101795673077 0.042 0.9520958076923077
2 0 0.9401197596153845 0.004 0.9371257475961539 0.014 0.9221556875 0.02 0.89820359375 0.030000000000000002 0.8862275456730769 0.034 0.8712574855769231 0.034 0.8652694615384615 0.032 0.8622754495192309 0.032 0.8502994014423078 0.028 0.8502994014423078 0.028 0.8532934134615384 0.022 0.8562874254807693 0.006 0.8712574855769231 0 0.8892215576923077 0 0.9401197596153845