1 0.10190609375000001 0.45582406249999996 0.10298620192307693 0.4905781298076923 0.14361684375 0.5031846778846154 0.2060571346153846 0.4982463557692308 0.24130746153846155 0.48159375961538464 0.25413094230769234 0.4626265625 0.2399187548076923 0.43690996153846157 0.18131576923076922 0.4214587596153846 0.10190609375000001 0.45582406249999996
1 0 0.7707342067307692 0.013550682692307692 0.7777894134615385 0.053872723557692306 0.7804662283653846 0.06085298317307693 0.7173452860576923 0.016385033653846155 0.7251282596153845 0 0.7364043942307692 0 0.7707342067307692
1 0 0.9172184783653846 0.00051596875 0.9338204927884616 0.032237591346153845 0.9474871514423077 0.06341916105769231 0.9437767716346154 0.07070802403846153 0.8905855649038461 0.030617432692307694 0.8953560480769231 0 0.9164268822115385 0 0.9172184783653846
0 0.6602547403846154 0.4493129783653846 0.6254836586538463 0.44944895192307693 0.6064403052884615 0.45817821634615385 0.5911364206730769 0.4630788990384615 0.5961806586538462 0.4655558149038462 0.6023894711538461 0.4845007596153846 0.6424600673076923 0.4806695 0.6753878894230769 0.4745960865384615 0.6775975576923077 0.45678970192307694 0.6602547403846154 0.4493129783653846
0 0.45497742067307695 0.37777995192307695 0.45607146153846156 0.3935612115384615 0.48634328846153846 0.39251548557692306 0.5086446322115384 0.3997111370192308 0.5274827475961539 0.3842340889423077 0.5178850024038462 0.37737557932692306 0.4779502283653846 0.3710473149038461 0.45497742067307695 0.37777995192307695
0 0.42474078605769233 0.7374519014423077 0.4097210072115385 0.7330798774038462 0.3838268293269231 0.7342874014423076 0.3622566778846154 0.7355136009615385 0.3469178052884615 0.7362674206730768 0.34340993028846156 0.7518637403846153 0.3778281394230769 0.757492997596154 0.4041325985576923 0.7540938653846154 0.42644491346153846 0.7458177836538462 0.42474078605769233 0.7374519014423077
0 0.42518863942307694 0.6436790552884616 0.4271745168269231 0.63032440625 0.40161214182692306 0.6266711754807692 0.3758091610576923 0.6308129326923078 0.35811139182692303 0.6329188365384616 0.35185951201923077 0.6481215985576922 0.3738150288461538 0.6439019639423077 0.3850294278846154 0.649262497596154 0.4066658533653846 0.6501687067307693 0.42518863942307694 0.6436790552884616
0 0.3474928245192308 0.8707212163461538 0.35581072836538463 0.8584095576923076 0.3489332235576923 0.8424045552884615 0.3337453197115385 0.8577985697115385 0.3241676826923077 0.8738854302884616 0.3351558581730769 0.8844828485576923 0.3474928245192308 0.8707212163461538
2 0.7572426105769231 0.8263343028846154 0.7400417764423076 0.8483139831730769 0.7090145072115385 0.8569892259615385 0.6910421634615385 0.8541445769230769 0.6821331442307692 0.8552046850961539 0.6777557836538463 0.858217170673077 0.6643922548076924 0.8598073341346153 0.6598605961538462 0.8578549519230769 0.6464970649038461 0.8594451153846154 0.6421197043269231 0.8624576009615385 0.606483625 0.8666980336538461 0.6110924350961539 0.8711328461538461 0.611709639423077 0.8909923149038461 0.6162413004807692 0.8929446923076922 0.642968360576923 0.8897643701923077 0.6475000192307692 0.8917167475961538 0.7054086514423077 0.884826048076923 0.7097860120192307 0.8818135600961539 0.7454220889423078 0.8775731298076923 0.7499537524038461 0.8795255096153846 0.7722263004807692 0.8768752403846154 0.7809810192307692 0.870850266826923 0.7806724182692307 0.8609205336538461 0.7893499879807693 0.852413125 0.7888870841346154 0.8375185240384616 0.7842011225961538 0.8306012788461538 0.7705289903846153 0.8222617091346154 0.7572426105769231 0.8263343028846154
2 0.6765985288461539 0.8209806730769231 0.64987146875 0.8241609951923077 0.645494108173077 0.8271734831730769 0.6143125384615384 0.8308838605769231 0.6146211418269231 0.84081359375 0.6060207235576923 0.8518034350961539 0.6062521754807693 0.859250733173077 0.6107838341346153 0.8612031129807692 0.6820559927884615 0.85272225 0.7130061153846154 0.8415645745192308 0.7441876826923076 0.8378541971153847 0.7657658774038462 0.8128620288461538 0.7654572764423077 0.8029322956730769 0.7563168052884616 0.7965451033653845 0.7513222427884615 0.7796981225961539 0.738113014423077 0.7862531514423078 0.7209893269230769 0.8107152668269231 0.7120803076923077 0.811775375 0.7077029471153846 0.8147878605769231 0.6809758870192308 0.8179681850961539 0.6765985288461539 0.8209806730769231
2 0.7114428870192308 0.6474047235576923 0.6846386778846154 0.6481026129807692 0.6845615288461538 0.6456201778846153 0.6044575 0.6576435817307692 0.6000801394230769 0.6606560673076923 0.573353079326923 0.663836391826923 0.5645212091346153 0.6673789326923077 0.5695929230769231 0.6867083461538462 0.578810545673077 0.6955779711538461 0.5921740745192308 0.6939878076923077 0.5965514326923077 0.6909753221153847 0.6500055528846154 0.6846146754807693 0.6543829134615385 0.6816021899038461 0.6855644831730768 0.6778918100961538 0.7171318052884617 0.6865936009615384 0.72204921875 0.7009581466346154 0.7309582379807692 0.6998980384615384 0.7397129591346154 0.693873064903846 0.7347183942307692 0.6770260865384615 0.7252693221153846 0.6607091610576923 0.7207376610576923 0.6587567788461539 0.7205062091346155 0.6513094807692308 0.7114428870192308 0.6474047235576923
2 0.6254956442307692 0.6152743774038462 0.6209639831730769 0.613322 0.5808733918269231 0.618092485576923 0.57649603125 0.6211049711538461 0.5772675360576923 0.6459293052884616 0.5906310649038462 0.6443391442307692 0.5951627259615384 0.6462915216346155 0.6440851850961539 0.6379784975961538 0.7019938173076923 0.6310877956730769 0.7063711754807692 0.6280753100961539 0.7198118533653847 0.6289675817307692 0.7465389158653846 0.6257872572115384 0.7597481442307692 0.6192322307692308 0.7595166947115385 0.6117849302884616 0.7548307307692308 0.6048676826923077 0.7457674134615384 0.6009629230769231 0.7323267307692307 0.6000706538461539 0.6522227019230769 0.6120940552884615 0.6254956442307692 0.6152743774038462
2 0.8299971322115384 0.43396854807692303 0.8207023629807693 0.42261649038461535 0.8117161923076923 0.42119416346153843 0.8073388317307693 0.4242066514423077 0.7760801105769232 0.42543459375000003 0.7764658629807693 0.43784676201923073 0.7720885048076924 0.44085924759615386 0.7726285552884615 0.45823628365384617 0.8089589903846155 0.47633775 0.8225539735576923 0.4821948894230769 0.8359175024038462 0.4806047283653846 0.8299971322115384 0.43396854807692303
2 0.7419668245192308 0.3348125048076923 0.7509529951923077 0.33623483173076923 0.7555618052884616 0.34066964423076923 0.7644708269230769 0.33960953605769234 0.7818259639423076 0.32259472115384613 0.7813630600961539 0.30770012259615387 0.7857404182692308 0.3046876322115385 0.7809773076923077 0.29528795432692306 0.7631592692307693 0.29740817067307695 0.7454955264423078 0.3044932548076923 0.7367408100961538 0.31051822596153844 0.7324406009615385 0.3160131466346154 0.7369722620192308 0.3179655264423077 0.7373580144230769 0.3303776923076923 0.7419668245192308 0.3348125048076923