1 0.3327427235576923 0.19140607451923078 0.2970942716346154 0.20357896153846153 0.2773981899038462 0.23225489423076923 0.2766284807692308 0.3171108317307692 0.3644159519230769 0.25775438221153846 0.36311989663461536 0.23641548798076922 0.3327427235576923 0.19140607451923078
1 0.670219733173077 0.0771808125 0.6507551562499999 0.07251453365384616 0.6163275697115385 0.09085562259615385 0.6042633774038462 0.1383692548076923 0.6096039230769231 0.17521192548076922 0.6321988221153846 0.17104226201923078 0.6938791875000001 0.12769225 0.670219733173077 0.0771808125
1 0.9091411418269231 0.09116451923076922 0.9126533509615384 0.07932774759615385 0.8941840576923077 0.03531760576923077 0.8707501875 0.030318240384615384 0.8442611899038461 0.049325507211538465 0.8361662908653845 0.09717222596153846 0.8398288870192308 0.11567683653846153 0.8477674735576923 0.11634301442307692 0.9091411418269231 0.09116451923076922
0 0.49087737499999995 0.5564898100961538 0.48934981250000004 0.568493125 0.4953037524038461 0.5689927596153846 0.5130903822115385 0.5553209711538462 0.5165273966346153 0.5283135120192308 0.5113372403846154 0.5218122163461538 0.5101163725961538 0.5156440168269231 0.4902699038461539 0.5139785697115384 0.48790336778846155 0.5168128533653846 0.4871395841346154 0.5228145120192308 0.4891994254807692 0.5381517475961538 0.4911840721153846 0.5383182908653846 0.49324391346153845 0.5536555264423076 0.49087737499999995 0.5564898100961538
0 0.40850564182692306 0.667859622596154 0.40659618509615386 0.6828637668269231 0.4098016971153846 0.689198514423077 0.41896115384615384 0.6960328966346154 0.42293044471153846 0.6963659855769231 0.4233123365384615 0.6933651562500001 0.4280454110576923 0.6876965913461538 0.4300300576923077 0.6878631346153846 0.4355269158653846 0.6761929086538461 0.4366725889423077 0.667190420673077 0.4342308557692308 0.6548540144230769 0.4278198341346154 0.6421845192307691 0.41988124519230774 0.6415183413461538 0.41751470913461536 0.644352625 0.4095761201923077 0.6436864447115384 0.40522493509615387 0.6463541850961538 0.4044611538461539 0.6523558437499999 0.40850564182692306 0.667859622596154
0 0.6885149375 0.4062666923076923 0.6988952548076923 0.41926927884615384 0.7111850288461539 0.41726771634615384 0.7179027499999999 0.41176569230769233 0.720957875 0.38775906250000003 0.7185161466346154 0.37542265384615386 0.7113413389423078 0.36875481730769233 0.7081358269230769 0.36242006971153845 0.6866866033653847 0.35758724999999997 0.6734015432692307 0.39893267548076927 0.6753861923076923 0.3990992211538461 0.6766070552884614 0.4052674254807692 0.6885149375 0.4062666923076923
0 0.7625602692307692 0.3760858100961538 0.7689712932692309 0.38875530528846153 0.7868331129807692 0.3902542091346154 0.7884358701923078 0.39342158173076924 0.7924051658653847 0.3937546706730769 0.7947717019230769 0.39092038701923076 0.8027102884615385 0.3915865649038462 0.8145429783653846 0.37741514182692304 0.8140858918269231 0.36524528125 0.8124831370192307 0.3620779086538462 0.7973697451923076 0.35474389423076924 0.7941642331730769 0.34840914423076924 0.7703484687500001 0.3464106081730769 0.7747748461538462 0.3589135576923077 0.7629421586538462 0.3730849783653846 0.7625602692307692 0.3760858100961538
0 0.9423993509615385 0.39724303605769234 0.9439269158653846 0.3852397211538462 0.9423241586538461 0.3820723485576923 0.9299591923076923 0.36890322115384616 0.9140820192307693 0.3675708605769231 0.9026312211538462 0.3787414543269231 0.9018674399038461 0.38474311057692306 0.9174379182692308 0.4042469903846154 0.9333150913461539 0.40557934615384617 0.9423993509615385 0.39724303605769234
0 0.8915623149038462 0.38691121875 0.8943107427884616 0.3810761033653846 0.8954564158653846 0.37207361538461536 0.8978229519230769 0.3692393317307693 0.8958383076923078 0.3690727860576923 0.88942728125 0.35640329326923076 0.8750776682692307 0.3430676177884615 0.8711083749999999 0.34273452884615385 0.8640087620192307 0.3512373822115385 0.8617174182692308 0.36924235576923076 0.8641591490384616 0.3815787596153846 0.8785087620192308 0.3949144350961538 0.8915623149038462 0.38691121875
2 0.7698617572115385 0.7285121466346154 0.7635259254807691 0.7310133389423077 0.7612345817307692 0.7490183125 0.7661180432692307 0.7736911225961538 0.7658113461538462 0.7918626442307691 0.7698558317307692 0.8073664230769231 0.7797790649038461 0.8081991466346155 0.7991684519230768 0.7976947331730769 0.8237479951923077 0.7936916129807692 0.847106673076923 0.7835202884615384 0.8585574711538461 0.7723496971153847 0.8537492043269231 0.7628475745192307 0.8322999783653846 0.7580147548076923 0.8135239879807692 0.7321761298076923 0.8107003677884616 0.7228405504807692 0.7959688653846153 0.7125057043269231 0.7880302764423077 0.7118395288461539 0.779327908653846 0.7171750072115385 0.7698617572115385 0.7285121466346154
2 0.6561986826923077 0.7705328221153847 0.6530683653846154 0.779368766826923 0.6469581105769231 0.82738203125 0.6517663822115385 0.8368841514423077 0.6867262427884615 0.8458836153846154 0.7014577451923076 0.8562184615384615 0.7113809783653846 0.8570511850961539 0.7323731201923077 0.8497141442307693 0.7374880865384615 0.8410447451923078 0.7366491129807693 0.8318757115384615 0.732222735576923 0.8193727620192307 0.7151246947115385 0.8118722043269231 0.697876266826923 0.7740302620192308 0.6755880673076924 0.7600284086538461 0.6723825552884615 0.7536936610576923 0.6644439687499999 0.7530274831730769 0.6561986826923077 0.7705328221153847
2 0.8631460865384616 0.6574854663461539 0.8647488413461539 0.6606528389423078 0.8636783653846154 0.6848260168269231 0.8668838774038462 0.6911607668269231 0.8787917572115386 0.6921600336538462 0.9251272235576924 0.6748182139423077 0.929860298076923 0.6691496466346153 0.9361961298076923 0.666648451923077 0.9436776346153847 0.6551447668269231 0.9455870865384616 0.6401406225961538 0.9336792067307692 0.6391413557692308 0.932076451923077 0.635973983173077 0.9277252668269231 0.6386417211538462 0.9164782716346154 0.6376979134615385 0.8784909855769231 0.6314772740384615 0.8761244447115384 0.6343115576923076 0.8701705048076923 0.633811923076923 0.8658193197115385 0.6364796634615384 0.8631460865384616 0.6574854663461539
2 0.9037591153846154 0.6063018052884616 0.8923083197115385 0.6174723990384615 0.8887961105769231 0.6293091706730769 0.8939862692307692 0.6358104615384617 0.8999402091346155 0.6363100937499999 0.9015429663461538 0.63947746875 0.9154354927884616 0.6406432788461539 0.9503953557692307 0.6496427451923077 0.9610823725961539 0.6444738100961539 0.9618461514423077 0.6384721538461539 0.9570378846153846 0.62897003125 0.9451300048076923 0.6279707620192307 0.9435272475961539 0.6248033894230769 0.9355886610576923 0.6241372115384615 0.9232236947115384 0.6109680817307692 0.9200181802884615 0.6046333317307693 0.9100949495192308 0.6038006081730769 0.9037591153846154 0.6063018052884616