1 1 0.6864239759615385 0.9776889375 0.6955378004807693 0.9652900817307692 0.7077016826923077 0.9355398149038462 0.7109804831730769 0.9331853149038462 0.7085406298076923 0.9295897620192307 0.7116362451923077 0.9553616826923077 0.7519854759615385 0.9750675937500001 0.7633104134615384 1 0.7605625913461539 1 0.6864239759615385
1 0.9202993557692308 0.6883660144230769 0.918072451923077 0.6724153509615385 0.9129923004807693 0.6648771971153846 0.8974966418269231 0.6692843317307692 0.8951421394230769 0.6668444783653846 0.8888209375 0.6648417932692308 0.8808875336538461 0.6657161394230768 0.87853303125 0.6632762860576923 0.874566329326923 0.6637134591346154 0.8729541274038461 0.6665904879807693 0.8736964302884616 0.6719073725961539 0.891291389423077 0.6969617043269231 0.9019504471153846 0.7011856562500001 0.9079005 0.7005298966346154 0.917074954326923 0.694120076923077 0.9202993557692308 0.6883660144230769
1 0.8330319110576923 0.6979838341346153 0.8279517572115385 0.6904456754807692 0.8200183533653846 0.6913200216346154 0.8076871706730769 0.7085701177884616 0.7717915817307692 0.7209292740384616 0.7732761826923077 0.7315630480769231 0.776372985576923 0.7393197908653846 0.7991756995192307 0.7584014735576923 0.8054969038461538 0.7604041538461538 0.8193803605769231 0.7588740456730769 0.820992560096154 0.7559970192307692 0.8269426129807692 0.7553412572115386 0.835374766826923 0.7436145480769232 0.8378568677884615 0.7325436009615385 0.8330319110576923 0.6979838341346153
1 0.30303131009615386 0.8142993725961538 0.24841881971153848 0.8379962956730769 0.2588226778846154 0.8692418557692307 0.28360874278846154 0.8881049519230769 0.3048377788461539 0.8858030721153847 0.31782445913461543 0.8735366153846154 0.33084966105769226 0.8370095673076924 0.32630358653846153 0.8181508677884615 0.32602470432692304 0.8024497980769231 0.32882265384615383 0.7931795985576924 0.32172730048076925 0.7853722572115385 0.30303131009615386 0.8142993725961538
1 0.08489134134615385 0.4889074158653846 0.10112930048076924 0.4898171634615384 0.10956145432692307 0.47809045432692304 0.12691286538461538 0.4869755336538461 0.14055277163461538 0.46927617788461534 0.1335009110576923 0.4187657475961538 0.10598919230769231 0.3948043581730769 0.07772353124999999 0.4087169350961538 0.06544062740384615 0.4505608701923077 0.0680386826923077 0.4691699735576923 0.08489134134615385 0.4889074158653846
2 0.07484736298076923 0.22399088701923078 0.03195593990384615 0.23411668269230768 0.02191158653846154 0.24872042307692308 0.025750689903846154 0.26179405528846156 0.052276555288461535 0.2642693125 0.07422101201923077 0.24835405048076925 0.08066981490384614 0.2368459278846154 0.07484736298076923 0.22399088701923078
2 0.13254717548076925 0.08553102884615385 0.14607245432692306 0.0870177764423077 0.1517085889423077 0.07969953125000001 0.1529288341346154 0.0819053798076923 0.16250698317307694 0.05767316105769231 0.16732268509615383 0.02633205528846154 0.12368896394230769 0.031140961538461537 0.11451675480769231 0.06370452403846154 0.11659923798076922 0.07463951923076922 0.13254717548076925 0.08553102884615385
2 0.24649419230769232 0.16067196153846153 0.256026125 0.14326338701923078 0.27885415625 0.13281140624999999 0.2793570576923077 0.12357549519230769 0.2722894014423077 0.11463947355769231 0.25637394711538464 0.1060145360576923 0.19382525961538463 0.11518902884615384 0.18713835817307695 0.1307616153846154 0.22279511298076923 0.13576130048076923 0.24649419230769232 0.16067196153846153
2 0.4090013774038462 0.1562586466346154 0.4075167764423077 0.14562487259615384 0.39772761778846155 0.13320700240384614 0.3957442668269231 0.1334255889423077 0.3816172596153846 0.11878644711538462 0.3729415528846154 0.11434390865384615 0.3626536490384616 0.11277839903846153 0.35546254326923077 0.11896963461538462 0.35768944711538464 0.13492029567307692 0.3674786057692308 0.14733816346153847 0.3791235120192308 0.17304825480769231 0.4124693317307692 0.1666738341346154 0.4113558798076923 0.15869850240384614 0.4090013774038462 0.1562586466346154
2 0.4706245024038462 0.09278079567307693 0.46157764903846155 0.08567981009615384 0.45364424519230767 0.08655415625 0.44446978846153845 0.09296397836538461 0.42636443269230767 0.12195287019230769 0.42549453365384615 0.1301467860576923 0.4269791346153846 0.14078056009615383 0.4385080913461538 0.13681059615384614 0.44086259134615385 0.1392504543269231 0.45350500000000005 0.14325581971153845 0.45945505288461536 0.14260005769230769 0.4619371514423077 0.13152911057692307 0.4683859543269231 0.12002098798076923 0.47210910576923076 0.10341456971153845 0.4706245024038462 0.09278079567307693
2 0.6550528581730769 0.1588339375 0.6523272067307692 0.15373563701923076 0.6503438557692308 0.1539542235576923 0.6385713485576924 0.14175493990384616 0.6235744399038462 0.13530971394230767 0.6156410336538461 0.13618406249999998 0.6120454831730769 0.13927967788461537 0.6111755841346154 0.14747359855769232 0.6135300841346154 0.14991345432692307 0.6146435360576923 0.15788878605769233 0.6173691899038461 0.16298708653846153 0.6267871947115384 0.17274651201923077 0.6307538966346153 0.17230933894230768 0.6395571995192307 0.16324107451923078 0.6534406586538462 0.16171096634615384 0.6550528581730769 0.1588339375
2 0.6944763269230769 0.13829295432692307 0.7242265913461539 0.1350141514423077 0.7223708389423076 0.12172193028846154 0.7145650336538462 0.1090854735576923 0.7058893293269232 0.10464293509615384 0.6939892211538462 0.10595445432692308 0.6887814711538461 0.11192710336538461 0.6921218245192308 0.13585309375000001 0.6944763269230769 0.13829295432692307
2 0.7812758076923078 0 0.7801665072115385 0.001979591346153846 0.7742164543269231 0.0026353485576923077 0.7693798509615385 0.011266439903846154 0.7708644543269231 0.02190021634615385 0.778299110576923 0.03187822836538461 0.7921825673076923 0.03034812019230769 0.7945370673076924 0.032787975961538464 0.8044538221153845 0.03169504326923077 0.8056948725961538 0.026159572115384614 0.809290423076923 0.023063951923076923 0.8208193798076924 0.01909398798076923 0.822431579326923 0.016216959134615384 0.8283816322115385 0.015561197115384616 0.8299938341346155 0.01268416826923077 0.8359438870192307 0.012028408653846153 0.8400235336538462 0 0.7812758076923078 0