1 0.4753946442307692 0.5480921634615384 0.4703410697115385 0.5471007572115385 0.4672633365384616 0.5485704543269231 0.4665794783653846 0.5795386153846154 0.46382473798076923 0.5893656298076922 0.4764586754807692 0.5918441514423077 0.48766771875 0.5898961610576923 0.4980028245192308 0.5815562572115385 0.5007575625 0.5717292427884615 0.49680588221153843 0.5668070264423076 0.4973568317307692 0.5648416225961539 0.48945347115384613 0.5549971947115384 0.48495084375 0.5520403846153846 0.4773704855769231 0.5505532716346153 0.4753946442307692 0.5480921634615384
1 0.45464871153846154 0.6601375576923078 0.452672875 0.6576764495192309 0.4450925096153846 0.6561893389423077 0.4394879879807692 0.6571633341346155 0.4323256658653846 0.6827135745192308 0.43430150480769225 0.6851746802884615 0.43209771394230767 0.6930362956730769 0.4360493942307692 0.6979585072115384 0.44110296875000005 0.6989499182692308 0.45791653365384616 0.6960279326923077 0.4707784230769231 0.6881837331730769 0.4724312668269231 0.6822875240384616 0.47550900240384614 0.6808178245192308 0.4746350576923077 0.6744259110576922 0.4647558629807692 0.6621203725961539 0.45464871153846154 0.6601375576923078
1 0.4932529302884615 0.4748765432692308 0.4876484086538462 0.47585053846153846 0.4818159326923077 0.48714725240384615 0.47873819951923074 0.48861694951923074 0.46982799038461537 0.5013833653846154 0.4665223004807692 0.5131757836538461 0.46992303365384613 0.5200634038461538 0.4943169591346154 0.5186285288461538 0.5127833725961538 0.5098103341346154 0.5171909567307693 0.49408711057692306 0.5112634375 0.48670378846153844 0.5118143846153846 0.48473838461538465 0.5073117596153847 0.4817815721153846 0.49973139423076923 0.4802944615384615 0.4932529302884615 0.4748765432692308
1 0.5118143846153846 0.48473838461538465 0.5219215336538462 0.48672119951923076 0.5291789014423076 0.4798509975961539 0.5268800649038462 0.4690325721153846 0.5189767067307692 0.4591881418269231 0.5144740817307693 0.45623133173076924 0.5018401442307693 0.4537528100961538 0.4987624110576923 0.4552225120192308 0.4943548245192308 0.47094573557692304 0.4983065048076923 0.4758679495192308 0.5118143846153846 0.48473838461538465
1 0.5181784927884615 0.3574306418269231 0.5094962379807693 0.3598743389423077 0.5058675528846154 0.3633094375 0.5036637620192308 0.3711710528846154 0.5056396033653846 0.3736321586538462 0.5334342620192307 0.37908490384615384 0.5457452019230769 0.3732061081730769 0.5482719903846154 0.3737018125 0.551900673076923 0.3702667115384616 0.5541044639423076 0.3624050961538462 0.5518056298076923 0.35158667307692304 0.5478539495192307 0.34666445673076923 0.5326932259615385 0.3436902331730769 0.5181784927884615 0.3574306418269231
2 0.09305232211538463 0.6472573822115385 0.10118362980769231 0.6467790889423076 0.1048123125 0.6433439879807692 0.09943574278846154 0.6339952620192307 0.10614216105769231 0.6290904615384616 0.10416632211538462 0.6266293557692308 0.10108858653846155 0.6280990528846153 0.09350822596153846 0.6266119399038461 0.05684943269230769 0.6284834495192307 0.04779810336538462 0.6280119855769232 0.0371885 0.6246263750000001 0.03778599759615385 0.6447092067307693 0.03125824278846154 0.6507169038461539 0.029638456730769234 0.6564951899038461 0.037826646634615387 0.6552339134615385 0.04568935336538461 0.6545536346153846 0.06107802884615385 0.647205139423077 0.07426291346153846 0.6477182572115385 0.0798674375 0.6467442620192307 0.08349612019230769 0.6433091610576922 0.09305232211538463 0.6472573822115385
2 0.1266222764423077 0.5750505817307693 0.1133423485576923 0.5558574278846155 0.10378614903846153 0.5519092091346154 0.09510389182692307 0.5543529014423076 0.09092425961538461 0.5597534038461538 0.07411069230769231 0.562675391826923 0.07048200961538462 0.5661104927884616 0.06882916586538462 0.5720067043269231 0.0708050048076923 0.5744678076923078 0.06805026442307692 0.5842948269230769 0.08470522115384616 0.5833841105769231 0.10167740144230769 0.5784508557692308 0.12333744230769231 0.5984938725961538 0.13535660817307693 0.5868661129807692 0.14179934134615385 0.5852603365384615 0.14441961778846155 0.5857743822115384 0.14123345432692308 0.579053266826923 0.1266222764423077 0.5750505817307693
3 0.2954224903846154 0.40081694951923075 0.30471287740384617 0.4627706826923077 0.29975434375 0.48045931009615384 0.26029473557692306 0.4975999951923077 0.2729286706730769 0.5000785168269231 0.2741256105769231 0.5148277475961538 0.3916876730769231 0.5233766105769231 0.43872764182692303 0.5077230384615384 0.43302807451923075 0.4900169951923077 0.4419382860576923 0.4772505841346154 0.4618295889423077 0.47285889903846157 0.46260848798076926 0.4605707764423077 0.3956200384615384 0.4142532019230769 0.3335522548076923 0.3979297908653846 0.2954224903846154 0.40081694951923075
2 0.1875116730769231 0.41489634375 0.14258045192307692 0.4040082668269231 0.07863187259615384 0.40390378605769234 0.0678408653846154 0.4328891274038461 0.11529887740384616 0.44427290865384617 0.14387243509615383 0.43743753125 0.1899055528846154 0.44439480528846154 0.19904371634615386 0.42130567067307695 0.1875116730769231 0.41489634375
2 0.10344384134615384 0.4295062668269231 0.09255779086538461 0.43981157211538463 0.14056674759615384 0.4492299519230769 0.17658775961538462 0.47288444230769233 0.18682781971153845 0.4458645024038462 0.10344384134615384 0.4295062668269231
2 0.1823816105769231 0.23349647836538462 0.16556804326923077 0.23641846634615385 0.15973556971153846 0.2477151778846154 0.20158905769230767 0.26007295673076924 0.22478604567307692 0.24388885096153848 0.1823816105769231 0.23349647836538462
3 0.4960262235576923 0.3033211081730769 0.4469153677884616 0.2978335384615385 0.4067147235576923 0.2795795528846154 0.36068160817307693 0.2726222788461538 0.35011855288461535 0.2912849014423077 0.39119314182692305 0.3159308028846154 0.45436282211538465 0.32832340625 0.49161863942307693 0.31904433413461536 0.4960262235576923 0.3033211081730769
2 0.17852573317307693 0.52302834375 0.06569425480769231 0.5071135697115385 0.05885492548076923 0.5410211298076922 0.09105717067307693 0.5307506514423077 0.17246530528846152 0.5446477788461539 0.17852573317307693 0.52302834375
3 0.21431879326923076 0.5570055552884615 0.24726207211538462 0.5821297451923078 0.37888295913461534 0.5975836418269231 0.43240139903846153 0.5873479879807693 0.4154927860576923 0.5715899350961539 0.4204513173076923 0.5539013076923077 0.4532045096153846 0.5416654230769231 0.4289434903846154 0.5140975384615385 0.3810295745192308 0.5233591995192307 0.2887353870192308 0.519767375 0.22832044711538463 0.49754775480769226 0.21431879326923076 0.5570055552884615
2 0.1713626514423077 0.27280454326923076 0.1486215673076923 0.2683432043269231 0.14068034375 0.3061815697115385 0.1647512764423077 0.2963893822115385 0.1713626514423077 0.27280454326923076
3 0.2532776514423077 0.6182315625 0.23400145913461537 0.6769822139423076 0.29954162259615386 0.68842159375 0.34493035096153846 0.7016906298076923 0.38110606490384613 0.7037676538461538 0.3992494807692308 0.686592141826923 0.3826638653846154 0.6791914062500001 0.38036503125 0.6683729807692308 0.41619595673076926 0.6546673990384615 0.3924858846153846 0.625134110576923 0.38950584375 0.6427733750000001 0.3437088389423077 0.6359723197115384 0.29711202644230766 0.6170088605769231 0.2532776514423077 0.6182315625