1 0.1 0.46153846153846156 0.084 0.4721485408653846 0.08600000000000001 0.5013262596153847 0.11800000000000001 0.49867374038461537 0.11800000000000001 0.4694960216346154 0.1 0.46153846153846156
1 0.398 0.49867374038461537 0.4 0.46684350240384614 0.39 0.45623342067307693 0.37 0.45092838221153847 0.358 0.46153846153846156 0.35400000000000004 0.4827586201923077 0.36 0.49071618028846153 0.384 0.5039787788461538 0.398 0.49867374038461537
1 0.564 0.47480106009615386 0.542 0.4827586201923077 0.5399999999999999 0.5119363389423077 0.572 0.5119363389423077 0.574 0.49071618028846153 0.564 0.47480106009615386
1 0.704 0.5835543774038462 0.7060000000000001 0.602122016826923 0.732 0.5941644567307692 0.722 0.5755968173076923 0.704 0.5835543774038462
0 0.053108 0.4861511947115385 0.052809999999999996 0.4695490721153846 0.04469 0.4653819639423077 0.028676 0.4806153846153846 0.02689 0.4936604783653846 0.042381999999999996 0.4956366057692308 0.053108 0.4861511947115385
0 0.161632 0.46915384615384614 0.150012 0.4695490721153846 0.151204 0.48773209615384616 0.16193000000000002 0.48575596875 0.161632 0.46915384615384614
0 0.525868 0.615965516826923 0.532988 0.6163952259615384 0.533636 0.6032997355769231 0.532018 0.593209548076923 0.519032 0.5942625985576924 0.518748 0.6026551730769231 0.523118 0.6110265240384616 0.525868 0.615965516826923
0 0.36554800000000004 0.45501061057692305 0.368024 0.44260212259615384 0.366098 0.4305596826923077 0.35482 0.42982758653846154 0.353444 0.44260212259615384 0.352618 0.44223872596153846 0.35564399999999996 0.45647214903846156 0.36554800000000004 0.45501061057692305
0 0.29966 0.5733236081730769 0.29525799999999996 0.59011140625 0.31451599999999996 0.5824482764423077 0.31423999999999996 0.571498673076923 0.305712 0.5667533149038462 0.29966 0.5733236081730769
2 0.08600000000000001 0.8779840841346154 0.08600000000000001 0.8753315649038461 0.09 0.8700265240384616 0.09 0.8567639254807692 0.088 0.8514588870192308 0.07 0.8514588870192308 0.064 0.8779840841346154 0.068 0.883289125 0.076 0.883289125 0.08600000000000001 0.8779840841346154
2 0.108 0.8647214855769231 0.11800000000000001 0.8700265240384616 0.136 0.8700265240384616 0.138 0.8673740048076923 0.138 0.8594164447115384 0.134 0.8541114062499999 0.134 0.8514588870192308 0.132 0.8488063653846154 0.12400000000000001 0.8488063653846154 0.12200000000000001 0.8461538461538461 0.114 0.8488063653846154 0.112 0.8461538461538461 0.108 0.8461538461538461 0.108 0.8647214855769231
2 0.314 0.9151193629807692 0.328 0.9151193629807692 0.336 0.9045092836538462 0.338 0.9045092836538462 0.34199999999999997 0.8912466850961539 0.34199999999999997 0.8806366057692308 0.338 0.8779840841346154 0.33399999999999996 0.8779840841346154 0.31599999999999995 0.8859416442307692 0.31599999999999995 0.8912466850961539 0.30799999999999994 0.9018567644230769 0.30799999999999994 0.9098143245192307 0.314 0.9151193629807692
2 0.368 0.8965517235576923 0.37 0.9018567644230769 0.376 0.9071618028846153 0.378 0.9045092836538462 0.384 0.9045092836538462 0.392 0.8992042451923077 0.39599999999999996 0.8912466850961539 0.394 0.8806366057692308 0.39 0.8806366057692308 0.38799999999999996 0.883289125 0.368 0.8806366057692308 0.368 0.8965517235576923
2 0.5559999999999999 0.8249336875 0.5579999999999999 0.8275862067307693 0.564 0.8222811682692307 0.564 0.8090185673076923 0.554 0.8169761274038462 0.5479999999999999 0.8143236081730769 0.544 0.8090185673076923 0.544 0.8037135288461539 0.538 0.8037135288461539 0.534 0.8090185673076923 0.532 0.8169761274038462 0.538 0.8222811682692307 0.544 0.8249336875 0.5559999999999999 0.8249336875
2 0.7585719999999999 0.7198753317307692 0.761178 0.7058169759615385 0.747976 0.7071989399038461 0.7476719999999999 0.7068249326923077 0.74068 0.7143448269230769 0.7372040000000001 0.7196445625 0.743284 0.723100795673077 0.7585719999999999 0.7198753317307692
0 0.6947599999999999 0.5892944302884615 0.70036 0.59842175 0.7058 0.5948116706730769 0.70372 0.5869575600961539 0.69876 0.5812281177884615 0.6947599999999999 0.5892944302884615
0 0.70084 0.6875729447115385 0.70372 0.6920291778846154 0.7114 0.6837506634615385 0.70916 0.6752599471153846 0.7061200000000001 0.6744111394230768 0.70308 0.6816286466346154 0.70084 0.6875729447115385