1 0.15683464182692308 0.3429630264423077 0.1646973581730769 0.3454158918269231 0.16604493990384617 0.3491070673076923 0.1705943966346154 0.3472555408653846 0.17306678846153847 0.33494370192307693 0.17233730288461538 0.32817456490384617 0.16498129567307693 0.31279664182692307 0.15122153846153846 0.30850412740384614 0.14150452644230768 0.3152851394230769 0.1383026514423077 0.32082784375 0.1345940673076923 0.3392956009615385 0.15425086298076923 0.34542776682692306 0.15683464182692308 0.3429630264423077
1 0.30229493509615385 0.3883410504807693 0.3049900985576923 0.39572340384615384 0.31874985576923076 0.4000159206730769 0.3253763774038462 0.40862470432692305 0.33323909615384617 0.41107757211538465 0.3369476826923077 0.3926098125 0.33621819951923076 0.3858406754807693 0.33352303605769235 0.3784583221153846 0.33414113461538464 0.3753803605769231 0.3216175697115385 0.36493192788461537 0.31251865624999997 0.36863498076923074 0.3119005576923077 0.3717129399038462 0.3041492283653846 0.3791071706730769 0.30229493509615385 0.3883410504807693
1 0.33717045673076923 0.4123040048076923 0.3515483100961539 0.41351856009615384 0.35609776923076925 0.41166703365384616 0.3586815480769231 0.40920228846153844 0.3572225769230769 0.39566401682692304 0.35256173317307693 0.38766844471153844 0.3466646947115385 0.38582879567307693 0.34211523798076926 0.38768032451923073 0.3395314615384616 0.39014506730769233 0.3382952644230769 0.39630098798076924 0.33964284855769233 0.39999216346153843 0.33717045673076923 0.4123040048076923
1 0.3853601899038462 0.4011710913461538 0.3867077740384615 0.4048622644230769 0.40501698557692306 0.4073032548076923 0.40636456971153845 0.4109944302884615 0.4142272860576923 0.4134472980769231 0.4166996778846154 0.4011354543269231 0.4159701923076923 0.3943663221153846 0.4099617668269231 0.3826795721153846 0.40013337019230766 0.37961349038461534 0.39496581490384614 0.3845429783653846 0.39300013701923076 0.38392976201923074 0.38979825961538467 0.38947246394230767 0.38794396875000003 0.39870634615384615 0.3853601899038462 0.4011710913461538
1 0.47785852163461534 0.4398393629807692 0.4830260745192308 0.434909875 0.49678583173076923 0.43920239182692306 0.49751531730769233 0.4459715288461539 0.5014466754807693 0.4471979615384616 0.5058847451923077 0.4354993389423077 0.5044257764423077 0.42196106730769234 0.49779925240384615 0.41335228124999995 0.4919022139423077 0.4115126298076923 0.4867346610576923 0.4164421177884616 0.48476898076923075 0.41582889903846154 0.47836523076923076 0.4269143076923077 0.4765109375 0.4361481875 0.47785852163461534 0.4398393629807692
1 0.516554016826923 0.45518165625 0.5231805384615384 0.46379043990384616 0.5271118990384616 0.4650168725961539 0.5303137740384616 0.45947417067307694 0.5289661923076923 0.45578299278846157 0.5320566778846154 0.4403931923076923 0.5266663533653846 0.42562848798076924 0.5188036322115385 0.4231756225961538 0.5116703990384616 0.42749189182692304 0.5059961346153846 0.44534643509615385 0.5080731995192308 0.45580674759615386 0.5106569783653846 0.45334200480769227 0.516554016826923 0.45518165625
1 0.5799624735576923 0.46187952644230773 0.581198670673077 0.4557236081730769 0.5797397019230769 0.4421853365384615 0.5764264399038461 0.43788094230769226 0.5685637211538461 0.43542807692307695 0.5640142644230769 0.43727960096153845 0.5582286129807692 0.44528704807692304 0.5563743197115385 0.4545209302884615 0.5577219014423077 0.4582121057692307 0.5799624735576923 0.46187952644230773
1 0.6509497163461538 0.5036495192307693 0.6568467548076923 0.5054891682692307 0.6599372451923077 0.4900993653846154 0.6572420793269231 0.4827170120192308 0.6415166418269231 0.4778112788461539 0.6408985456730769 0.48088924278846157 0.6357309903846153 0.48581872836538464 0.6338766971153846 0.49505260817307695 0.635224278846154 0.4987437836538462 0.6496021346153846 0.4999583389423077 0.6509497163461538 0.5036495192307693
1 0.6337653100961538 0.4852055120192308 0.6363490865384616 0.4827407692307692 0.6350015072115384 0.4790495913461538 0.6277568846153846 0.4735187644230769 0.6206236514423077 0.4778350336538461 0.616185579326923 0.48953365625 0.6182626466346155 0.49999397355769226 0.6261253653846153 0.5024468389423077 0.6312929182692308 0.4975173509615385 0.6337653100961538 0.4852055120192308
1 0.7289588052884616 0.5312561394230769 0.7326673894230769 0.5127883774038462 0.7293541298076923 0.5084839879807692 0.7175600504807692 0.5048046850961538 0.7123924951923077 0.5097341730769231 0.7099201057692308 0.522046014423077 0.7112676875 0.5257371899038461 0.7230617668269231 0.5294164879807692 0.7263750264423077 0.5337208846153846 0.7289588052884616 0.5312561394230769
1 0.5894959951923077 0.61203884375 0.5841056658653846 0.5972741370192307 0.5788267259615385 0.5923565264423076 0.57438865625 0.6040551490384616 0.569443875 0.6286788293269231 0.5707914567307693 0.6323700072115385 0.5825855360576923 0.6360493076923077 0.5851693100961538 0.6335845625 0.5894959951923077 0.61203884375
2 0.20481900000000003 0.7177184014423077 0.20223522115384615 0.7201831442307692 0.20038093028846155 0.7294170264423077 0.20307609375 0.7367993774038462 0.21487017307692308 0.7404786778846154 0.21807204567307695 0.7349359735576922 0.22054443750000002 0.7226241346153847 0.20481900000000003 0.7177184014423077
2 0.25592667067307695 0.73366203125 0.2618237091346154 0.7355016802884615 0.26440748798076924 0.7330369375000001 0.27227020673076924 0.7354898052884615 0.27743775961538464 0.7305603197115385 0.27670827403846154 0.7237911802884616 0.27536069471153846 0.7201000048076923 0.2688455576923077 0.7213383149038461 0.2466049831730769 0.717670891826923 0.24340310817307692 0.7232135961538462 0.24475068990384616 0.7269047740384615 0.2545790865384615 0.7299708557692307 0.25592667067307695 0.73366203125
2 0.3073794423076923 0.6646729711538462 0.3079975384615385 0.6615950096153846 0.3027185985576923 0.6566774014423077 0.3000234350961538 0.6492950480769231 0.2927788125 0.6437642211538462 0.28822935817307693 0.6456157499999999 0.2837912860576923 0.6573143725961538 0.28968832451923077 0.6591540216346155 0.29103590865384615 0.6628451995192308 0.3047956658653846 0.6671377139423077 0.3073794423076923 0.6646729711538462
2 0.4122287836538462 0.7562560264423077 0.4114993004807692 0.7494868918269231 0.40167090144230766 0.7464208052884616 0.39734421875000003 0.7679665288461539 0.3980737043269231 0.7747356658653846 0.40790210096153845 0.77780175 0.4104858798076923 0.7753370048076923 0.4122287836538462 0.7562560264423077
2 0.44036639663461535 0.7617631009615384 0.44160259134615387 0.7556071802884615 0.43424658413461537 0.7402292572115384 0.42638386538461537 0.7377763918269231 0.41543065865384615 0.7507133245192308 0.41677824278846154 0.7544044999999999 0.430538 0.758697016826923 0.43188558173076924 0.7623881923076923 0.4377826201923077 0.7642278413461538 0.44036639663461535 0.7617631009615384