3 0.2774457932692308 0.5560393365384615 0.26671410576923077 0.5517666129807692 0.2239388341346154 0.5519063557692307 0.22996810096153847 0.5440543221153846 0.27076208653846157 0.5356971009615384 0.22890125240384615 0.5332883461538461 0.21431647115384617 0.5431264110576923 0.21398211298076925 0.5593796009615384 0.22237646153846152 0.5812827163461539 0.24586360576923075 0.5827724519230769 0.26810932451923075 0.5717345096153846 0.2774457932692308 0.5560393365384615
3 0.25722124519230766 0.760194139423077 0.2240392091346154 0.7864844735576924 0.2268360985576923 0.7990070721153846 0.2430114543269231 0.8052200961538462 0.27598656250000003 0.8082453052884616 0.33851917548076926 0.7955092788461537 0.34427549759615383 0.7907910721153846 0.3368159014423077 0.7626190360576923 0.3229755841346154 0.7485660456730769 0.2909987980769231 0.7533699134615385 0.30865936298076924 0.7745707427884615 0.30454422596153846 0.7891303990384616 0.2588779350961538 0.7993504038461539 0.23599303365384616 0.7927112884615385 0.26410583653846154 0.7735978365384616 0.2961056875 0.7712563798076922 0.27477689663461535 0.7578983052884615 0.25722124519230766 0.760194139423077
3 0.4758987331730769 0.6587778365384616 0.4877217355769231 0.6524733437500001 0.4956579182692308 0.6383492115384615 0.49441649519230774 0.62582153125 0.3985881153846154 0.5829455312499999 0.3592610120192308 0.5651708557692308 0.3357701826923077 0.5793458028846155 0.3580085336538461 0.5996372235576923 0.35359637740384614 0.6231486442307692 0.3180283076923077 0.62013190625 0.3066708389423077 0.6311342788461538 0.3093125504807693 0.6420909206730769 0.39412185576923076 0.6724711826923078 0.4758987331730769 0.6587778365384616
3 0.40686837499999995 0.33004526442307697 0.37554121394230766 0.3167214182692308 0.31832290625 0.3113129254807693 0.29443896634615385 0.2946078245192308 0.2979769326923077 0.2764691081730769 0.2695056730769231 0.30319206009615385 0.2684157403846154 0.30789502403846153 0.29843141346153845 0.3281610384615385 0.2892501201923077 0.3454221682692307 0.2769615841346154 0.3470287836538462 0.28426968750000003 0.35797017548076926 0.32984000480769227 0.37818537500000005 0.3803944399038462 0.3701878822115384 0.4436992596153846 0.3809463389423077 0.4505455144230769 0.37152517067307694 0.4646998701923077 0.37304539663461533 0.4717013028846154 0.36519018990384616 0.4701495216346154 0.34953058653846153 0.4942610600961539 0.34161948317307694 0.48711550480769233 0.3009146826923077 0.4734303653846154 0.2884276538461539 0.4305017596153846 0.27916909615384616 0.3503292524038461 0.275403625 0.3994353701923077 0.2886693894230769 0.41632019951923077 0.30204198317307696 0.40686837499999995 0.33004526442307697
3 0.2867230625 0.5083430024038461 0.3076085096153846 0.5172271322115385 0.2920597524038462 0.49489937740384615 0.31217131971153844 0.4847628581730769 0.3549455841346154 0.49021854086538463 0.37939979567307697 0.5014673389423077 0.4249922740384615 0.5101297716346154 0.4704932908653846 0.49431645192307694 0.4711176875 0.48491560817307694 0.45447679807692304 0.4740047043269231 0.3893061586538461 0.46011940625 0.3616218389423077 0.4476781129807692 0.3074909399038461 0.45098788701923076 0.30157943990384617 0.4541401322115384 0.2987751826923077 0.4729469014423077 0.26952803365384614 0.49184005288461535 0.2867230625 0.5083430024038461
3 0.28250112019230766 0.9816538581730769 0.2523894735576923 0.9918230480769231 0.3045651057692308 0.9867291874999999 0.3019270793269231 0.9601078653846155 0.2897974038461538 0.9476157548076922 0.24095361298076926 0.9571741274038461 0.22726110576923078 0.9760164639423077 0.23005799278846156 0.9885390649038462 0.2398563125 0.993206454326923 0.24705882211538463 0.9828896682692307 0.2717251514423077 0.9738567283653846 0.28250112019230766 0.9816538581730769
1 0.06626089423076922 0.3562214735576923 0.054751930288461544 0.3499932019230769 0.039352463942307694 0.35160997836538466 0.029395283653846156 0.3610413125 0.03670338461538462 0.3719827043269231 0.05396867067307692 0.3734927668269231 0.06626089423076922 0.3562214735576923
3 0.2232706875 0.7473253052884616 0.29202516105769233 0.7345689543269232 0.30587284375 0.7172925769230769 0.29747481009615384 0.7110541442307692 0.26589999038461537 0.7064578966346153 0.21783577403846152 0.7081813846153846 0.21145505288461536 0.7223004326923077 0.2232706875 0.7473253052884616
1 0.19742964423076922 0.1725163076923077 0.19571531730769232 0.18662011057692307 0.2076898125 0.19754626201923076 0.22744163221153846 0.20844700480769232 0.2428410985576923 0.20683022836538462 0.2529571442307692 0.1833001754807692 0.24673897115384616 0.16765581490384618 0.22589722115384614 0.16145803605769232 0.19742964423076922 0.1725163076923077
3 0.3201231778846154 0.6883775985576922 0.2916925288461539 0.6370010721153846 0.23620204326923078 0.6579944350961539 0.24537596634615386 0.672062670673077 0.24770363701923076 0.6955520721153847 0.2690131201923077 0.6997338485576924 0.3201231778846154 0.6883775985576922
3 0.24096466346153844 0.9101800769230769 0.29752004567307694 0.8976875841346155 0.2943233557692308 0.8833758197115384 0.27861721875 0.8661959927884616 0.2500845528846154 0.8676316682692308 0.2128184951923077 0.87737621875 0.22509966586538463 0.9070989735576924 0.24096466346153844 0.9101800769230769
3 0.5133482115384616 0.8168686658653846 0.4932860360576923 0.8028360048076923 0.42484560576923075 0.80305959375 0.3809785649038462 0.8157346418269231 0.3769328822115385 0.8220137235576923 0.3997956274038461 0.8329043052884615 0.39808130048076923 0.8470081081730769 0.35903214663461536 0.8768985528846154 0.39868727644230767 0.9159306778846154 0.4162629182692308 0.9205726634615385 0.3927831442307692 0.8877535600961538 0.40880700721153845 0.8767359423076923 0.4512700769230769 0.8812966201923077 0.5150367475961539 0.9124176418269231 0.5165885288461538 0.9280772427884615 0.5511191009615385 0.9310973677884615 0.5833183197115385 0.9262927740384614 0.6032363677884616 0.8917654302884616 0.607751266826923 0.8745195408653846 0.6037129543269231 0.8494692620192308 0.5850510649038462 0.8338655576923077 0.5421224615384616 0.8246069975961539 0.5410362139423077 0.8136452788461538 0.5133482115384616 0.8168686658653846
2 0.7953380600961538 0.8833055144230768 0.8021806274038461 0.8895490288461538 0.8500896658653846 0.8862595793269231 0.8539838533653845 0.8627498509615384 0.8300311778846154 0.8565622331730769 0.8028087091346153 0.8644835024038462 0.7911408822115384 0.8723539567307692 0.7953380600961538 0.8833055144230768
2 0.9229156105769231 0.7575713629807692 0.9059643629807692 0.7435285384615384 0.8967867572115384 0.7451249879807692 0.8673807427884616 0.7781168629807692 0.8763958052884615 0.8062838197115384 0.9151272355769231 0.8045908197115386 0.9229156105769231 0.7575713629807692
2 0.7838880432692308 0.6264423197115385 0.8168631514423077 0.6294675264423077 0.8260444423076923 0.6122063942307693 0.8174912331730769 0.6044020024038461 0.786226766826923 0.602937673076923 0.7728483004807691 0.6092472475961539 0.7775110096153846 0.6248966850961538 0.7838880432692308 0.6264423197115385
2 0.6947720961538462 0.5750400384615385 0.7260365600961538 0.5765043701923077 0.7380147403846155 0.5717658365384616 0.7401946009615384 0.5623599110576923 0.6859122091346154 0.5484390432692308 0.6824872427884615 0.5609819687500001 0.6644423798076923 0.5673067884615385 0.6947720961538462 0.5750400384615385
2 0.7398989831730769 0.4965692596153846 0.7265168293269231 0.518543516826923 0.7304036490384616 0.5263631538461538 0.7134450336538462 0.5436496971153846 0.7328864951923078 0.5514185168269231 0.7594845697115384 0.5528980913461539 0.7621299639423077 0.5481900456730769 0.757474625 0.5012112427884615 0.7503216971153847 0.49183581009615385 0.7398989831730769 0.4965692596153846
2 0.7760108100961538 0.38993152403846154 0.7519066370192308 0.3665132644230769 0.7298197788461539 0.3634524855769231 0.7287261658653846 0.38382013221153843 0.7554757307692307 0.40253034615384614 0.7744516586538462 0.4056012884615384 0.7760108100961538 0.38993152403846154
2 0.7103893701923076 0.3086896153846154 0.6816114375000001 0.31661596634615385 0.6822321490384616 0.32287980769230773 0.6881399663461539 0.33539224038461535 0.6959172860576923 0.33536683413461543 0.7340280072115385 0.32740999519230773 0.7453854759615385 0.31640762259615385 0.7399431923076923 0.3085930649038462 0.7103893701923076 0.3086896153846154
2 0.7476394591346154 0.6531906802884616 0.6872903918269231 0.6408560985576923 0.680909670673077 0.6549751466346153 0.6658205625 0.6597238437499999 0.6709524903846155 0.6644064807692308 0.7393929230769231 0.664182891826923 0.7476394591346154 0.6531906802884616
2 0.5796714134615384 0.5597513918269231 0.5628716634615384 0.5629392091346154 0.5726662980769232 0.5832712836538462 0.5865103004807692 0.5816595889423077 0.5796714134615384 0.5597513918269231
2 0.53482909375 0.7510068725961538 0.5384018725961538 0.7713592716346154 0.5508455889423077 0.7713186225961538 0.5606475913461538 0.760321326923077 0.5583199230769231 0.7368319278846154 0.53482909375 0.7510068725961538