1 0.506 0.8528528533653846 0.51 0.84384384375 0.51 0.8348348341346153 0.512 0.8318318317307691 0.51 0.8108108100961539 0.508 0.8078078076923076 0.494 0.8078078076923076 0.49 0.8108108100961539 0.484 0.8198198197115385 0.484 0.84384384375 0.486 0.8528528533653846 0.506 0.8528528533653846
1 0.296 0.84384384375 0.312 0.84384384375 0.32 0.8348348341346153 0.318 0.8288288293269231 0.318 0.8198198197115385 0.314 0.8138138149038461 0.314 0.8108108100961539 0.31 0.8078078076923076 0.3 0.8078078076923076 0.294 0.8138138149038461 0.29 0.8258258269230769 0.29 0.8348348341346153 0.294 0.8468468461538462 0.296 0.84384384375
1 0.122472 0.5419429423076922 0.12745 0.5470150144230769 0.131006 0.553420420673077 0.13669599999999998 0.5536876875 0.143808 0.5491501490384615 0.146654 0.5414084086538462 0.143096 0.5320660649038461 0.138296 0.5235225216346154 0.13314 0.5189849855769231 0.1278 0.5186516514423076 0.122826 0.5240570576923077 0.120694 0.5296636634615385 0.120694 0.5371381370192307 0.122472 0.5419429423076922
1 0.22275 0.4347027019230769 0.22577200000000003 0.4403063052884616 0.232884 0.4395075072115385 0.23893 0.4384384375 0.243198 0.43203303365384615 0.24053 0.4237567572115385 0.237152 0.41841741826923073 0.2352 0.41384684615384615 0.22950600000000002 0.41308108173076924 0.22417199999999998 0.4189519519230769 0.22275 0.42642642548076926 0.22275 0.4347027019230769
1 0.342322 0.46486486538461536 0.350146 0.4664654663461538 0.35370199999999996 0.46673273317307695 0.36206 0.46326426442307694 0.360636 0.4547207211538461 0.357436 0.4440450456730769 0.35388 0.4395075072115385 0.3478 0.43516816826923077 0.341966 0.44084084134615387 0.339834 0.4501831826923077 0.3393 0.4597927932692307 0.342322 0.46486486538461536
1 0.501992 0.6109099110576923 0.509814 0.6114444447115385 0.513016 0.6031711706730769 0.51266 0.5892882884615385 0.5117700000000001 0.5794114110576923 0.5080359999999999 0.5754084086538461 0.499146 0.5756756754807693 0.49600000000000005 0.5751081081730769 0.48972200000000005 0.5831501490384615 0.49096799999999996 0.59409309375 0.49559 0.6045045048076922 0.501992 0.6109099110576923
1 0.5645 0.5887417427884615 0.56654 0.6009939951923077 0.574446 0.6009939951923077 0.578272 0.6009939951923077 0.5792919999999999 0.5818528533653846 0.5806 0.5673033028846154 0.5741919999999999 0.5623243245192308 0.565266 0.5642402403846154 0.56297 0.576108108173077 0.5645 0.5887417427884615
1 0.335668 0.8162402403846154 0.338728 0.8162402403846154 0.341176 0.8058258269230769 0.350356 0.8058258269230769 0.358518 0.8027627620192308 0.358722 0.79724925 0.35382600000000003 0.7889789783653847 0.35015199999999996 0.784078076923077 0.34653199999999995 0.7818948942307693 0.338728 0.788672673076923 0.33628 0.79571771875 0.33628 0.80490690625 0.335668 0.8162402403846154
2 0.13030999999999998 0.6888828822115385 0.1288 0.6737597596153846 0.118922 0.6661531538461538 0.11244 0.6771621610576923 0.11093 0.6854804807692307 0.11395 0.6934174182692308 0.13030999999999998 0.6888828822115385
2 0.162714 0.6718708701923077 0.153654 0.6688468461538462 0.147614 0.6862342331730769 0.15591799999999997 0.6964414423076923 0.16548200000000002 0.6866126129807693 0.162714 0.6718708701923077
2 0.232494 0.6349759759615385 0.222238 0.6396426418269231 0.225006 0.6634594591346155 0.237842 0.6555195192307692 0.232494 0.6349759759615385
2 0.26301 0.6502282283653845 0.26074600000000003 0.6301921923076923 0.251936 0.6313273269230769 0.24841200000000002 0.6358648653846154 0.24816200000000002 0.6490930937499999 0.26301 0.6502282283653845
2 0.347324 0.6766906899038462 0.356888 0.6732882884615384 0.354372 0.6532522524038461 0.345438 0.652453454326923 0.34581399999999995 0.6611921923076923 0.341788 0.66875075 0.347324 0.6766906899038462
2 0.38684 0.6785795793269231 0.392376 0.6751771778846154 0.39338399999999996 0.6653483485576923 0.38835 0.6627027019230769 0.384762 0.6557597596153847 0.376772 0.6577897908653847 0.37727600000000006 0.6698858870192308 0.38684 0.6785795793269231