3 0.482421875 0.2490234375 0.482421875 0.2060546875 0.490234375 0.212890625 0.4984375 0.2546875 0.5009765625 0.212890625 0.4912109375 0.197265625 0.475 0.1953125 0.453125 0.20156249999999998 0.4515625 0.22499999999999998 0.4625 0.24843749999999998 0.478125 0.259375 0.482421875 0.2490234375
3 0.271875 0.2984375 0.2859375 0.2859375 0.28125 0.2533484375 0.2600453125 0.2689734375 0.2455359375 0.2633921875 0.235490625 0.2165171875 0.2421875 0.194196875 0.2611609375 0.2243296875 0.2633921875 0.256696875 0.2767859375 0.2366078125 0.274553125 0.21875 0.24843749999999998 0.1828125 0.23593750000000002 0.184375 0.2296875 0.2 0.2265625 0.23281249999999998 0.2390625 0.296875 0.24375000000000002 0.303125 0.271875 0.2984375
3 0.4078125 0.4703125 0.4508921875 0.3783484375 0.46875 0.34062499999999996 0.4546875 0.31562500000000004 0.43437499999999996 0.3359375 0.41093749999999996 0.3291671875 0.4140625 0.29375 0.40312499999999996 0.28125 0.3921875 0.2828125 0.3616078125 0.3649546875 0.375 0.44843750000000004 0.38125 0.4609375 0.39531249999999996 0.4703125 0.4078125 0.4703125
3 0.6600453125 0.46562499999999996 0.6678578125 0.47343749999999996 0.6834828125 0.47343749999999996 0.6912953125 0.4984375 0.7319203125 0.49531250000000004 0.7444203125000001 0.4828125 0.7537953125 0.44062500000000004 0.7578125 0.360490625 0.7444203125000001 0.4084828125 0.7310265625000001 0.4241078125 0.703125 0.4118296875 0.7165171874999999 0.381696875 0.7220984374999999 0.3247765625 0.7388390625000001 0.3024546875 0.7569203125 0.30781250000000004 0.7303578125 0.2765625 0.7256703125 0.275 0.7053578125000001 0.303125 0.6881703124999999 0.2921875 0.6866078125 0.2796875 0.6756703125 0.2859375 0.6553578125 0.3296875 0.6631703125 0.38125 0.6522328125 0.44375 0.6616078125 0.4515625 0.6600453125 0.46562499999999996
3 0.5234375 0.412109375 0.5390625 0.459375 0.5484375 0.4609375 0.559375 0.4453125 0.5734375 0.38125 0.5859375 0.35468750000000004 0.5828125 0.3 0.5796875 0.29375 0.5609375 0.2890625 0.5421875 0.2578125 0.5256703125000001 0.2734375 0.516740625 0.2935265625 0.5390625 0.280134375 0.5491078125000001 0.3013390625 0.5435265625 0.34375 0.5322265625 0.3671875 0.5234375 0.412109375
3 0.043526562500000004 0.1908484375 0.048437499999999994 0.24375000000000002 0.075 0.24375000000000002 0.0875 0.23281249999999998 0.078125 0.1828125 0.059375 0.1671875 0.046875 0.16875 0.0421875 0.17812499999999998 0.0524546875 0.186384375 0.061384375000000005 0.212053125 0.053571875000000005 0.2220984375 0.043526562500000004 0.1908484375
1 0.6828125 0.040624999999999994 0.6734374999999999 0.0296875 0.6625000000000001 0.0359375 0.6609375 0.053125000000000006 0.6781250000000001 0.0671875 0.684375 0.056249999999999994 0.6828125 0.040624999999999994
3 0.328125 0.23281249999999998 0.3265625 0.184375 0.3125 0.1765625 0.2875 0.18593749999999998 0.3 0.25625 0.31718749999999996 0.271875 0.32343750000000004 0.2640625 0.328125 0.23281249999999998
1 0.8656250000000001 0.2671875 0.871875 0.246875 0.8609374999999999 0.21718749999999998 0.846875 0.2140625 0.8359375 0.22499999999999998 0.825 0.24375000000000002 0.8265625000000001 0.259375 0.8500000000000001 0.271875 0.8656250000000001 0.2671875
3 0.3765625 0.2078125 0.36250000000000004 0.215625 0.33906250000000004 0.215625 0.334821875 0.2366078125 0.3459828125 0.2890625 0.397321875 0.265625 0.3765625 0.2078125
3 0.1674109375 0.2008921875 0.15781250000000002 0.16249999999999998 0.128125 0.171875 0.125 0.1875 0.1372765625 0.2455359375 0.1515625 0.24375000000000002 0.16875 0.2296875 0.1674109375 0.2008921875
3 0.12187500000000001 0.4625 0.10625000000000001 0.4625 0.103125 0.49687499999999996 0.1078125 0.5296875 0.1421875 0.553125 0.159375 0.559375 0.184375 0.5578125 0.2 0.540625 0.20937499999999998 0.4984375 0.22031250000000002 0.4984375 0.21718749999999998 0.4703125 0.23125 0.4515625 0.23125 0.3828125 0.21875 0.3375 0.21250000000000002 0.33281249999999996 0.20156249999999998 0.35468750000000004 0.1875 0.3515625 0.15781250000000002 0.30937499999999996 0.11875 0.3453125 0.11406250000000001 0.36250000000000004 0.146875 0.3421875 0.15781250000000002 0.359375 0.153125 0.40156250000000004 0.12187500000000001 0.4625
2 0.1765625 0.784375 0.16875 0.7562500000000001 0.1609375 0.7437499999999999 0.15 0.746875 0.14375 0.753125 0.146875 0.8015625 0.17031249999999998 0.8078125 0.1765625 0.784375
2 0.2875 0.8625 0.2546875 0.8296874999999999 0.2265625 0.8359375 0.22812500000000002 0.875 0.275 0.8875 0.2890625 0.871875 0.2875 0.8625
2 0.4296875 0.765625 0.4234375 0.7515624999999999 0.4078125 0.7546875 0.40625 0.7609375 0.40312499999999996 0.79375 0.4203125 0.8046875 0.428125 0.796875 0.4296875 0.765625
2 0.484375 0.6703125000000001 0.47187500000000004 0.6656249999999999 0.46562499999999996 0.6468750000000001 0.45781249999999996 0.6765625 0.45625000000000004 0.7078125 0.4609375 0.7203124999999999 0.4703125 0.7234375 0.484375 0.6703125000000001
2 0.540625 0.7406250000000001 0.5359375 0.7296875 0.5140625 0.7140625 0.50625 0.7171875000000001 0.48906249999999996 0.6984375 0.48124999999999996 0.7171875000000001 0.47968750000000004 0.7437499999999999 0.484375 0.746875 0.53125 0.746875 0.540625 0.7406250000000001
2 0.66875 0.7328125000000001 0.6484375 0.7296875 0.6296875 0.7546875 0.6265624999999999 0.7734375 0.6421874999999999 0.7765625 0.6656249999999999 0.7546875 0.66875 0.7328125000000001
2 0.715625 0.753125 0.7234375 0.7484375000000001 0.7234375 0.71875 0.715625 0.6890624999999999 0.7093750000000001 0.6890624999999999 0.6968749999999999 0.6937500000000001 0.6968749999999999 0.7015625000000001 0.7046874999999999 0.7406250000000001 0.715625 0.753125
2 0.37812500000000004 0.6546875000000001 0.3734375 0.6390625000000001 0.36875 0.64375 0.36875 0.7124999999999999 0.37968749999999996 0.721875 0.3921875 0.6625000000000001 0.37812500000000004 0.6546875000000001
2 0.44999999999999996 0.553125 0.4515625 0.5671875 0.47343749999999996 0.5625 0.4703125 0.5453125 0.44999999999999996 0.553125
2 0.2828125 0.4984375 0.2625 0.5 0.2625 0.5125 0.2734375 0.5234375 0.296875 0.5234375 0.2828125 0.4984375