1 0.9139999999999999 0.26933333413461535 0.8979999999999999 0.26933333413461535 0.892 0.27733333413461536 0.896 0.2933333341346154 0.922 0.28533333413461537 0.9139999999999999 0.26933333413461535
1 0.802 0.48000000000000004 0.8059999999999999 0.47200000000000003 0.796 0.456 0.8059999999999999 0.45066666586538456 0.798 0.424 0.78 0.40800000000000003 0.752 0.41600000000000004 0.738 0.45066666586538456 0.736 0.4693333341346154 0.77 0.44266666586538467 0.7939999999999999 0.4533333341346154 0.802 0.48000000000000004
2 0.34199999999999997 0.5946666658653846 0.34400000000000003 0.6213333341346154 0.368 0.624 0.368 0.5946666658653846 0.34199999999999997 0.5946666658653846
1 0.242 0.34400000000000003 0.24000000000000002 0.3013333341346154 0.216 0.28800000000000003 0.2 0.304 0.20199999999999999 0.33866666586538463 0.22 0.3573333341346154 0.23399999999999999 0.3573333341346154 0.242 0.34400000000000003
1 0.9580000000000001 0.3146666658653846 0.9420000000000001 0.32 0.9420000000000001 0.33866666586538463 0.966 0.34400000000000003 0.968 0.3226666658653846 0.9580000000000001 0.3146666658653846
1 0.356 0.19733333413461537 0.366 0.168 0.36200000000000004 0.1493333341346154 0.34400000000000003 0.1306666658653846 0.322 0.14400000000000002 0.322 0.15733333413461537 0.33999999999999997 0.17333333413461538 0.34400000000000003 0.19733333413461537 0.356 0.19733333413461537
1 0.9580000000000001 0.18933333413461537 0.9580000000000001 0.2106666658653846 0.9760000000000001 0.20800000000000002 0.972 0.18666666586538463 0.9580000000000001 0.18933333413461537
2 0.718 0.8106666658653846 0.7579999999999999 0.8 0.744 0.752 0.704 0.696 0.6839999999999999 0.712 0.71091 0.7733333341346154 0.6679999999999999 0.7919999999999999 0.67 0.8026666658653846 0.718 0.8106666658653846
1 0.506 0.07466666586538462 0.484 0.08 0.46599999999999997 0.10933333413461538 0.464 0.1253333341346154 0.528 0.128 0.526 0.09866666586538461 0.506 0.07466666586538462
1 0.04 0.28 0.030000000000000002 0.28800000000000003 0.026000000000000002 0.3146666658653846 0.066 0.32 0.060000000000000005 0.28533333413461537 0.04 0.28
0 0.7789560000000001 0.40526933413461536 0.780986 0.3971466658653846 0.7748627139423078 0.39347462740384614 0.769818 0.40120799999999995 0.7789560000000001 0.40526933413461536
0 0.035192 0.4779093341346154 0.0335 0.464824 0.026393999999999997 0.460312 0.014212 0.466968 0.015228 0.4752 0.013196000000000001 0.49054133413461537 0.026056 0.4882853341346154 0.035192 0.4779093341346154
0 0.055494 0.501368 0.057186 0.48602933413461535 0.058878 0.4576053341346154 0.049404 0.4558 0.044666 0.46617866586538464 0.047036 0.484224 0.055494 0.501368
0 0.176974 0.41970666586538463 0.182726 0.418352 0.18408 0.39940266586538464 0.18001999999999999 0.387672 0.17562 0.3515786658653846 0.15904000000000001 0.35609066586538457 0.163438 0.380904 0.16716 0.3998533341346154 0.176974 0.41970666586538463
0 0.201338 0.4530933341346154 0.216564 0.44768 0.216564 0.43053333413461536 0.22366999999999998 0.41293866586538464 0.23043799999999998 0.3939893341346154 0.208782 0.3862053341346154 0.20506 0.420608 0.197616 0.4440693341346154 0.201338 0.4530933341346154
0 0.30799999999999994 0.34400000000000003 0.31 0.34666666586538464 0.318 0.34666666586538464 0.32 0.34400000000000003 0.32 0.3093333341346154 0.31599999999999995 0.3066666658653846 0.314 0.3093333341346154 0.30799999999999994 0.3093333341346154 0.304 0.3146666658653846 0.302 0.32 0.304 0.3226666658653846 0.304 0.33333333413461536 0.30799999999999994 0.34400000000000003
1 0.386 0.184 0.38799999999999996 0.18666666586538463 0.392 0.1813333341346154 0.392 0.17333333413461538 0.39 0.17066666586538462 0.38 0.17066666586538462 0.378 0.17333333413461538 0.378 0.1813333341346154 0.38 0.184 0.386 0.184
1 0.73313 0.19294666586538461 0.7271019999999999 0.18748 0.722762 0.19262400000000002 0.72204 0.2006613341346154 0.725896 0.203232 0.7343339999999999 0.20098133413461536 0.73313 0.19294666586538461
1 0.595674 0.19158933413461537 0.5932 0.185896 0.5880299999999999 0.178928 0.581736 0.18229866586538462 0.580388 0.1906906658653846 0.5866819999999999 0.19578666586538462 0.595674 0.19158933413461537
2 0.650908 0.4462346658653846 0.6496860000000001 0.43536533413461537 0.64133 0.42748533413461537 0.648258 0.4147146658653846 0.640514 0.40568 0.6282880000000001 0.4272133341346154 0.6293059999999999 0.4372666658653846 0.635216 0.44351733413461536 0.650908 0.4462346658653846
2 0.8322 0.38939999999999997 0.845 0.3982 0.8510000000000001 0.38486666586538465 0.8623999999999999 0.3680666658653846 0.853 0.3589333341346154 0.8510000000000001 0.35926666586538464 0.8428 0.38113333413461536 0.8322 0.38939999999999997
2 0.52 0.704 0.522 0.7066666658653846 0.5399999999999999 0.7066666658653846 0.542 0.704 0.552 0.704 0.554 0.7013333341346153 0.56 0.7013333341346153 0.566 0.696 0.566 0.6773333341346154 0.564 0.6746666658653846 0.5559999999999999 0.6746666658653846 0.552 0.6799999999999999 0.534 0.6693333341346153 0.524 0.6693333341346153 0.49600000000000005 0.6880000000000001 0.49600000000000005 0.696 0.502 0.704 0.52 0.704
2 0.524 0.6453333341346154 0.526 0.6479999999999999 0.536 0.6479999999999999 0.5399999999999999 0.6453333341346154 0.5399999999999999 0.6266666658653846 0.538 0.624 0.534 0.624 0.526 0.6133333341346154 0.52 0.6106666658653845 0.506 0.6213333341346154 0.5 0.6293333341346153 0.5 0.6373333341346155 0.518 0.6453333341346154 0.524 0.6453333341346154
2 0.312 0.544 0.318 0.5413333341346154 0.32 0.536 0.318 0.5333333341346154 0.318 0.5253333341346154 0.31599999999999995 0.52 0.314 0.5173333341346154 0.306 0.52 0.286 0.5306666658653846 0.29 0.5413333341346154 0.294 0.544 0.312 0.544
2 0.254 0.4986666658653846 0.254 0.4933333341346154 0.24400000000000002 0.48000000000000004 0.24000000000000002 0.4826666658653846 0.232 0.4826666658653846 0.23 0.48800000000000004 0.23399999999999999 0.4986666658653846 0.242 0.504 0.254 0.4986666658653846
2 0.060000000000000005 0.7093333341346154 0.07 0.7146666658653846 0.074 0.7146666658653846 0.08 0.7093333341346154 0.078 0.696 0.074 0.6906666658653846 0.064 0.6906666658653846 0.056 0.6853333341346153 0.052000000000000005 0.6880000000000001 0.052000000000000005 0.6906666658653846 0.056 0.704 0.060000000000000005 0.7093333341346154
2 0.02 0.6133333341346154 0.028 0.6186666658653847 0.034 0.6186666658653847 0.042 0.6106666658653845 0.038 0.5973333341346154 0.030000000000000002 0.5973333341346154 0.028 0.5946666658653846 0.026000000000000002 0.5973333341346154 0.014 0.5973333341346154 0.012 0.6 0.01 0.6053333341346154 0.01 0.6106666658653845 0.012 0.6133333341346154 0.02 0.6133333341346154