2 0.802 0.8500000000000001 0.8079999999999999 0.8500000000000001 0.8099999999999999 0.846875 0.8180000000000001 0.846875 0.828 0.840625 0.8340000000000001 0.83125 0.8360000000000001 0.8218749999999999 0.83 0.8218749999999999 0.828 0.8187500000000001 0.8180000000000001 0.8187500000000001 0.8140000000000001 0.8125 0.8079999999999999 0.8125 0.798 0.825 0.798 0.828125 0.7939999999999999 0.8343750000000001 0.7939999999999999 0.84375 0.802 0.8500000000000001
2 0.7939999999999999 0.8218749999999999 0.796 0.8187500000000001 0.802 0.8187500000000001 0.8059999999999999 0.809375 0.804 0.8 0.8 0.796875 0.7939999999999999 0.784375 0.7919999999999999 0.7906249999999999 0.782 0.8031250000000001 0.772 0.8031250000000001 0.77 0.8062499999999999 0.77 0.815625 0.7759999999999999 0.8218749999999999 0.7939999999999999 0.8218749999999999
2 0.754 0.90625 0.76 0.8968750000000001 0.762 0.890625 0.762 0.878125 0.756 0.878125 0.754 0.8812500000000001 0.736 0.8812500000000001 0.732 0.878125 0.7260000000000001 0.8875 0.7240000000000001 0.8999999999999999 0.73 0.9125000000000001 0.746 0.9125000000000001 0.754 0.90625
2 0.6159999999999999 0.9375 0.6180000000000001 0.940625 0.6499999999999999 0.9375 0.6499999999999999 0.921875 0.6479999999999999 0.91875 0.642 0.890625 0.638 0.890625 0.636 0.8968750000000001 0.6159999999999999 0.9125000000000001 0.608 0.9125000000000001 0.602 0.921875 0.602 0.9312499999999999 0.608 0.9375 0.6159999999999999 0.9375
2 0.646 0.96875 0.64 0.96875 0.6180000000000001 0.9875 0.612 0.996875 0.6839999999999999 0.996875 0.654 0.98125 0.646 0.96875
2 0.536 0.8843749999999999 0.542 0.875 0.552 0.8687499999999999 0.554 0.8625 0.554 0.846875 0.526 0.8374999999999999 0.524 0.8343750000000001 0.522 0.8374999999999999 0.522 0.8500000000000001 0.51 0.8687499999999999 0.506 0.871875 0.504 0.8843749999999999 0.508 0.890625 0.524 0.890625 0.536 0.8843749999999999
2 0.462 0.84375 0.484 0.84375 0.486 0.840625 0.492 0.840625 0.494 0.8374999999999999 0.508 0.8374999999999999 0.51 0.8343750000000001 0.518 0.8343750000000001 0.52 0.83125 0.52 0.809375 0.506 0.809375 0.502 0.8031250000000001 0.49600000000000005 0.8 0.494 0.79375 0.49 0.79375 0.47800000000000004 0.8187500000000001 0.45799999999999996 0.828125 0.45799999999999996 0.8374999999999999 0.462 0.84375
2 0.592 0.7718750000000001 0.5940000000000001 0.76875 0.5940000000000001 0.7406250000000001 0.592 0.7375 0.566 0.7437499999999999 0.562 0.753125 0.56 0.7625 0.56 0.778125 0.5700000000000001 0.778125 0.592 0.7718750000000001
2 0.40599999999999997 0.815625 0.412 0.809375 0.412 0.8 0.41000000000000003 0.796875 0.394 0.7906249999999999 0.384 0.7749999999999999 0.384 0.76875 0.376 0.7875000000000001 0.37 0.7875000000000001 0.368 0.784375 0.364 0.784375 0.36200000000000004 0.7875000000000001 0.36 0.8 0.364 0.8031250000000001 0.39599999999999996 0.815625 0.40599999999999997 0.815625
2 0.298 0.846875 0.302 0.8500000000000001 0.31 0.8500000000000001 0.31599999999999995 0.84375 0.31599999999999995 0.8343750000000001 0.314 0.83125 0.314 0.8125 0.312 0.809375 0.298 0.809375 0.294 0.815625 0.294 0.825 0.292 0.83125 0.298 0.84375 0.298 0.846875
2 0.272 0.6937500000000001 0.28800000000000003 0.6937500000000001 0.29 0.6875 0.286 0.684375 0.27799999999999997 0.671875 0.27799999999999997 0.66875 0.262 0.66875 0.262 0.690625 0.26999999999999996 0.690625 0.272 0.6937500000000001
2 0.23600000000000002 0.70625 0.23600000000000002 0.690625 0.23399999999999999 0.6875 0.224 0.6875 0.218 0.6937500000000001 0.216 0.703125 0.22 0.7124999999999999 0.226 0.7124999999999999 0.23600000000000002 0.70625