1 0.77 0.9466666658653846 0.7975 0.9566666658653846 0.8374999999999999 0.9366666658653846 0.8575 0.8999999999999999 0.8575 0.8566666658653846 0.83 0.7899999999999999 0.78 0.7466666658653847 0.7375 0.7533333341346153 0.7124999999999999 0.78 0.7175 0.8566666658653846 0.74 0.9033333341346155 0.7675 0.9133333341346154 0.77 0.9466666658653846
1 0.26 0.55 0.25 0.5266666658653846 0.21 0.49666666586538466 0.1825 0.5066666658653847 0.16249999999999998 0.5333333341346154 0.16249999999999998 0.5966666658653846 0.1925 0.6233333341346154 0.215 0.6166666658653847 0.26 0.55
1 0.09 0.6433333341346154 0.0775 0.6166666658653847 0.005 0.6266666658653846 0.0025 0.77 0.02 0.7733333341346154 0.08499999999999999 0.6900000000000001 0.09 0.6433333341346154
1 0.34249999999999997 0.31 0.3125 0.3266666658653846 0.3175 0.3833333341346154 0.37 0.36 0.375 0.34666666586538464 0.34249999999999997 0.31
1 0.5325 0.5966666658653846 0.5225000000000001 0.5166666658653847 0.485 0.4833333341346154 0.455 0.5033333341346153 0.435 0.5366666658653846 0.43 0.5700000000000001 0.46499999999999997 0.6266666658653846 0.495 0.63 0.5325 0.5966666658653846
1 0.6675 0.3066666658653846 0.675 0.25 0.6625000000000001 0.22666666586538461 0.6375 0.22 0.6024999999999999 0.2466666658653846 0.6 0.2633333341346154 0.6275000000000001 0.3 0.6499999999999999 0.3133333341346154 0.6675 0.3066666658653846
1 0.7775 0.3633333341346154 0.7575000000000001 0.33666666586538463 0.72 0.33666666586538463 0.6900000000000001 0.38 0.6900000000000001 0.39666666586538457 0.7274999999999999 0.4233333341346154 0.7749999999999999 0.41333333413461537 0.7775 0.3633333341346154
1 0.8200000000000001 0.5233333341346154 0.8225 0.4666666658653846 0.8025 0.43 0.7725000000000001 0.42 0.7225 0.4466666658653846 0.7124999999999999 0.4833333341346154 0.74 0.53 0.7925 0.55 0.8200000000000001 0.5233333341346154
1 0.9974999999999999 0.41000000000000003 0.92 0.4366666658653846 0.91 0.4466666658653846 0.9149999999999999 0.47333333413461537 0.9974999999999999 0.53 0.9974999999999999 0.41000000000000003
1 0.98 0.2433333341346154 0.955 0.27333333413461536 0.9974999999999999 0.3066666658653846 0.9974999999999999 0.23333333413461538 0.98 0.2433333341346154
2 0.845 0.7066666658653846 0.8099999999999999 0.7100000000000001 0.8075 0.7233333341346154 0.8200000000000001 0.7333333341346153 0.865 0.7266666658653846 0.845 0.7066666658653846