1 0.048919855769230775 0.6679932932692307 0.06332398798076923 0.6719368052884616 0.10424145192307692 0.6635581129807692 0.1302665096153846 0.6492549735576923 0.11420219471153846 0.6167786322115384 0.08134123557692309 0.6033486586538461 0.04623423076923077 0.6026040264423077 0.03915427884615385 0.6283745625 0.048919855769230775 0.6679932932692307
1 0.20458228125 0.7981699927884616 0.17611583173076922 0.8025684495192308 0.16049109375 0.8481667139423077 0.17152615865384616 0.8711382331730769 0.2100511105769231 0.8857494254807693 0.25873215625 0.8761711538461537 0.2651773653846154 0.8587242211538462 0.24799002644230767 0.832590548076923 0.20458228125 0.7981699927884616
3 0.38768571634615384 0.8870917956730769 0.3441875432692308 0.8810879663461539 0.3488726322115384 0.8450456875 0.3867578605769231 0.80703625 0.40501933653846156 0.7939326923076924 0.4291401634615385 0.8046003677884616 0.4446673173076923 0.8022012115384616 0.459999125 0.7772120312499999 0.45448159375 0.7657262716346154 0.42601514182692307 0.7701247283653847 0.35140662500000003 0.75080703125 0.3239167307692308 0.7591673605769231 0.26136871394230765 0.7996776225961538 0.2725502451923077 0.8123445985576924 0.3202140697115385 0.8058435649038462 0.2900793966346154 0.850763752403846 0.263907875 0.8753714326923077 0.3322176538461538 0.9018315192307692 0.38768571634615384 0.8870917956730769
1 0.36849582932692304 0.4931751033653846 0.31415079086538467 0.5015721562500001 0.29154368509615386 0.5297418533653846 0.2964264711538461 0.54955121875 0.3225004110576923 0.5681426442307692 0.36424796875 0.5740303677884616 0.37425759375 0.5601454471153846 0.37870080048076926 0.5018802067307692 0.36849582932692304 0.4931751033653846
3 0.6619980504807692 0.4087537235576923 0.6121451009615385 0.39178009855769236 0.4550180216346154 0.36464882692307693 0.3804583870192308 0.3782256947115385 0.3513571923076923 0.39094775721153846 0.3572165360576923 0.4147189975961538 0.40496990384615383 0.4340734182692308 0.47552573076923077 0.44784816346153844 0.5452514591346154 0.4473564951923077 0.5965203653846154 0.4373783629807692 0.6619980504807692 0.4087537235576923
3 0.569470048076923 0.5238133028846154 0.6770371105769232 0.5133618629807692 0.6546251706730769 0.45513334375000003 0.6418323389423077 0.44682810096153847 0.5268435168269231 0.4707645985576923 0.4205459423076923 0.4645688221153846 0.4100480432692307 0.47647280528846153 0.42821193990384615 0.5065683533653846 0.46253773557692307 0.5259411346153846 0.4638561033653846 0.5421884855769231 0.44461806971153844 0.5513301730769231 0.44901257692307694 0.5691586033653846 0.4897835817307692 0.5710844543269231 0.569470048076923 0.5238133028846154
3 0.5478885673076923 0.6978276730769231 0.48162967067307694 0.7450804615384615 0.49183464182692305 0.7537855649038462 0.5486210769230769 0.7552931947115386 0.6205928557692307 0.7421161875 0.7790381225961538 0.6765065745192308 0.7885105841346154 0.6277461538461538 0.73309121875 0.5663922067307692 0.7054059783653847 0.5521625144230768 0.6458852163461538 0.5613592860576924 0.5697631634615384 0.6121924543269232 0.5175177019230769 0.6182087091346153 0.4566785721153846 0.6111581322115385 0.4564345264423077 0.66466178125 0.5307012283653847 0.6716939975961539 0.54300578125 0.6780183076923076 0.5478885673076923 0.6978276730769231
1 0.3922263245192308 0.6766392115384616 0.3708887091346154 0.6881616923076923 0.3465238341346154 0.7309976634615385 0.35755889903846155 0.7539691850961538 0.3960838557692308 0.7685803725961539 0.45350503365384615 0.7617643966346154 0.4661025168269231 0.7474796201923077 0.4216693341346154 0.6762026250000001 0.3922263245192308 0.6766392115384616
1 0.07421167067307692 0.1602716875 0.06469032451923076 0.17613754086538463 0.08124292067307692 0.2105948221153846 0.13495256249999998 0.22717200240384613 0.12909058894230768 0.15144666826923078 0.10121328125000001 0.1499304206730769 0.07421167067307692 0.1602716875
1 0.11010025 0.3603646442307692 0.06547190144230769 0.3754858653846154 0.04594093509615385 0.4052366394230769 0.05082372115384615 0.42504600480769233 0.10990508413461539 0.4467628605769231 0.1312427019230769 0.435240375 0.1418870673076923 0.41303185096153844 0.13358632932692308 0.37935592788461536 0.11010025 0.3603646442307692
1 0.6490787355769231 1 0.6203489903846153 0.9046080721153846 0.5815311033653846 0.9106059663461538 0.5489143725961538 0.9526605817307693 0.5598029735576924 0.9859366442307693 0.5897131634615385 1 0.6490787355769231 1
3 0.2939852596153846 0.6486347716346154 0.34217802644230766 0.6370755649038462 0.33270538221153845 0.5768477475961539 0.2907624759615385 0.5483700024038461 0.2858796875 0.5285606346153846 0.25103184615384616 0.5493679711538462 0.21522628124999998 0.5579849951923077 0.15585198798076924 0.5568772259615384 0.13143823076923075 0.5668186322115385 0.12289344711538462 0.5866463605769231 0.13700464663461537 0.6111989567307693 0.13754181009615385 0.6460744591346154 0.16459230528846153 0.6686277572115386 0.24301298557692308 0.6578000384615384 0.2939852596153846 0.6486347716346154
3 0.7881957836538462 1 0.806488920673077 0.9971734591346154 0.7901827764423076 0.9750616346153845 0.8401511274038461 0.9465652091346153 0.917938673076923 0.9428578629807693 0.95631571875 0.9223853485576924 0.9822098701923078 0.87954134375 0.9711585408653847 0.7954381466346153 0.8189393221153847 0.8605093605769232 0.9076011682692309 0.7512354110576923 0.8508147307692308 0.7497277788461538 0.805209826923077 0.7608871274038461 0.7686868701923076 0.7870942500000001 0.7218074206730769 0.8297897980769231 0.6474970697115385 0.8839622620192308 0.6637078509615384 0.9061340625000001 0.7065784326923077 0.9056791177884616 0.7810505528846154 0.8829628149038461 0.7433456225961539 0.9349565817307692 0.6952017403846154 0.9794103557692307 0.7071744254807691 1 0.7881957836538462 1
3 0.6336290000000001 0.26096483653846153 0.6033558990384615 0.2471350048076923 0.5206908725961539 0.24962597115384616 0.4506722115384615 0.27072672596153846 0.40990120913461536 0.268800875 0.38836824759615385 0.25773333653846153 0.3366110649038462 0.26573053125 0.33177715865384616 0.2788157283653846 0.3433005 0.30376818509615383 0.4018935865384616 0.3235041033653846 0.45306490865384613 0.3567250817307693 0.6635115865384615 0.33860286057692307 0.685337483173077 0.32906131490384616 0.6336290000000001 0.26096483653846153
1 0.2823149038461538 0.30702214903846153 0.27049863221153847 0.30267877884615385 0.23006944471153845 0.31303840865384613 0.1945230408653846 0.3432074014423077 0.21078270673076924 0.3982737644230769 0.23133911538461538 0.4053794326923077 0.3248438533653846 0.4032699615384615 0.30897488942307694 0.3933836394230769 0.3006252668269231 0.32681315384615384 0.2823149038461538 0.30702214903846153
1 0.40858375721153845 0.797494704326923 0.38934571874999996 0.8066363918269231 0.3635160096153846 0.8435295528846154 0.37699246634615385 0.8764057548076922 0.4211814206730769 0.8921981610576922 0.4755264591346154 0.883801108173077 0.4819716706730769 0.8663541754807693 0.46200112259615383 0.8180303413461538 0.40858375721153845 0.797494704326923
3 0.35550728605769233 0.2443033653846154 0.38382726923076926 0.25020944951923074 0.4229380889423077 0.22360247115384618 0.42757664663461536 0.18792724759615384 0.41556502644230775 0.16099385576923078 0.37122960576923075 0.15550599278846156 0.3312886947115385 0.1678465576923077 0.2884355673076923 0.1814617091346154 0.24098250480769232 0.1430866466346154 0.2548735264423077 0.13030057211538462 0.2848048149038461 0.13184492307692308 0.29061527644230767 0.12272159855769231 0.2438384639423077 0.10732905048076923 0.20873145913461538 0.10658441826923076 0.1694741778846154 0.14349593990384615 0.20399532211538463 0.18545874759615386 0.1870522139423077 0.21480965865384613 0.19921030048076924 0.23143850721153847 0.24794022596153847 0.2547548028846154 0.31332033173076923 0.2693292692307692 0.35550728605769233 0.2443033653846154
3 0.5355843822115385 0.9094798365384615 0.58782984375 0.903463579326923 0.6091674639423077 0.8919410937500001 0.7106309447115385 0.8022338317307691 0.6987657908653847 0.7649958966346154 0.6728383149038462 0.7360999278846154 0.6264521995192307 0.7658874230769231 0.5449101971153846 0.7620357235576923 0.48328985817307696 0.7736132932692308 0.46615139903846153 0.7803741850961539 0.45081959375 0.8053633653846154 0.5139536514423078 0.8326231682692308 0.5245004350961538 0.8536137524038462 0.4921766418269231 0.87505928125 0.4925184519230769 0.8873447620192307 0.5355843822115385 0.9094798365384615
3 0.32215841346153845 0.44686892788461535 0.3472069134615384 0.4286039158653846 0.34378896153846156 0.41473735817307694 0.3232325552884615 0.40763169471153843 0.22049939903846155 0.40499793509615384 0.20770656971153847 0.39669268990384615 0.1882243028846154 0.3503497908653846 0.2035561081730769 0.32536061057692306 0.17572440144230767 0.32143546153846153 0.13998265384615385 0.3290144326923077 0.12723870432692308 0.35360375480769235 0.14584199759615385 0.35278567307692305 0.17870295673076922 0.36621564423076924 0.17225775 0.3836625769230769 0.1875408557692308 0.43476706971153845 0.28382880769230767 0.4548477596153846 0.32215841346153845 0.44686892788461535
2 0.8921219807692308 0.24158794951923077 0.8835771947115384 0.2614156778846154 0.9242017307692307 0.2736460721153846 0.953791204326923 0.26290494711538465 0.9424143269230769 0.2276479471153846 0.8849931466346154 0.23446392548076922 0.8921219807692308 0.24158794951923077
2 0.8477378629807693 0.3121937596153846 0.8576499014423077 0.34150794951923075 0.9033036923076924 0.3632431634615385 0.9445629735576924 0.36714995192307687 0.9550608749999999 0.35524597115384615 0.947101951923077 0.3338555264423077 0.8808917524038461 0.30501464423076924 0.8477378629807693 0.3121937596153846
2 0.8856771394230769 0.47701135576923076 0.9044268990384615 0.46588873076923076 0.8948566730769231 0.4488600216346154 0.8508630673076923 0.45565763701923073 0.8536462740384615 0.47784779807692307 0.8856771394230769 0.47701135576923076
2 1 0.5753970721153846 0.9696118365384615 0.5668614110576923 0.9589185889423076 0.5561753701923077 0.9615553293269231 0.5886700745192308 0.9701489999999999 0.6017369110576923 1 0.6062876490384616 1 0.5753970721153846
2 0.9107748894230769 0.7096173798076924 0.9279133461538461 0.7028564879807693 0.9178548389423077 0.6838468413461538 0.8589688245192307 0.6847200072115385 0.88631225 0.6866642211538461 0.9107748894230769 0.7096173798076924
2 0.9115073990384615 0.7670829014423077 0.9228353894230769 0.7694453365384616 0.953547889423077 0.7523615408653845 0.9527177956730769 0.738095125 0.9368488269230769 0.7282088052884615 0.9130698173076923 0.7298266033653846 0.9115073990384615 0.7670829014423077
2 0.19740383173076925 0.32219845673076924 0.21971800721153847 0.31463784615384616 0.2174230769230769 0.2944286201923077 0.20091936538461536 0.29286590384615385 0.18509928365384615 0.31587414903846156 0.19740383173076925 0.32219845673076924