0 0.9740000000000001 0.7807807812499999 0.962 0.7447447451923076 0.9299999999999999 0.7177177187499999 0.896 0.7237237235576923 0.888 0.7357357355769231 0.892 0.7537537548076922 0.9159999999999999 0.7867867860576924 0.9740000000000001 0.7807807812499999
0 0.322 0.7537537548076922 0.322 0.7447447451923076 0.32 0.7447447451923076 0.31599999999999995 0.7387387379807693 0.30799999999999994 0.7387387379807693 0.294 0.7627627620192308 0.29 0.777777778846154 0.294 0.7807807812499999 0.30799999999999994 0.777777778846154 0.322 0.7537537548076922
0 0.5559999999999999 0.0720720721153846 0.56 0.0720720721153846 0.5700000000000001 0.05705705769230769 0.5680000000000001 0.05105105048076923 0.562 0.05105105048076923 0.5579999999999999 0.054054052884615386 0.5579999999999999 0.05705705769230769 0.554 0.0630630625 0.554 0.06906906971153846 0.5559999999999999 0.0720720721153846
0 0.59 0.11711711778846154 0.598 0.1201201201923077 0.6 0.11111111057692308 0.6 0.10510510576923077 0.588 0.10510510576923077 0.5860000000000001 0.10210210096153846 0.58 0.10210210096153846 0.5760000000000001 0.10510510576923077 0.574 0.11111111057692308 0.58 0.12312312259615385 0.5860000000000001 0.12312312259615385 0.59 0.11711711778846154
0 0.49 0.15315315384615386 0.492 0.1471471466346154 0.49 0.13813813701923078 0.48800000000000004 0.13213213221153847 0.484 0.1291291298076923 0.482 0.12312312259615385 0.48000000000000004 0.12312312259615385 0.474 0.13213213221153847 0.476 0.14114114182692308 0.484 0.15315315384615386 0.49 0.15315315384615386
0 0.84849 0.9251291298076924 0.84938 0.9152552548076923 0.841912 0.9139219230769231 0.842266 0.927264264423077 0.848136 0.9320660649038461 0.84849 0.9251291298076924
0 0.683018 0.8886036033653847 0.680528 0.8829999999999999 0.6761999999999999 0.8842672668269231 0.674482 0.8910030024038461 0.678038 0.8944744735576923 0.6833720000000001 0.8910030024038461 0.683018 0.8886036033653847
1 0.268 0.5975975985576923 0.286 0.6066066057692308 0.286 0.5915915913461538 0.24800000000000003 0.5825825817307693 0.228 0.6006006009615384 0.224 0.6336336346153846 0.232 0.6456456466346154 0.252 0.6096096105769231 0.268 0.5975975985576923
1 0.47000000000000003 0.08408408413461539 0.47800000000000004 0.0990990985576923 0.47800000000000004 0.08708708653846155 0.476 0.07807807692307692 0.464 0.06006006009615385 0.454 0.06006006009615385 0.44999999999999996 0.0630630625 0.44999999999999996 0.06606606490384616 0.45799999999999996 0.07807807692307692 0.47000000000000003 0.08408408413461539
1 0.846 0.8228228221153846 0.842 0.8168168173076923 0.83 0.8168168173076923 0.828 0.8228228221153846 0.83 0.8348348341346153 0.846 0.8348348341346153 0.846 0.8228228221153846
1 0.656 0.8138138149038461 0.66 0.8108108100961539 0.662 0.7987987980769231 0.656 0.7927927932692308 0.6499999999999999 0.7927927932692308 0.646 0.7987987980769231 0.646 0.8078078076923076 0.6499999999999999 0.8138138149038461 0.656 0.8138138149038461
1 0.630662 0.7937297307692308 0.626038 0.7910600600961538 0.624436 0.7897267259615385 0.621412 0.7883903894230768 0.61643 0.7907927932692308 0.6167823173076923 0.797399420673077 0.620344 0.7969339350961538 0.623724 0.7963993990384615 0.6279939999999999 0.7990690697115385 0.629774 0.8052102091346154 0.63262 0.7993363365384615 0.630662 0.7937297307692308
1 0.530286 0.7694174182692308 0.53722 0.7688858870192308 0.53562 0.7616816826923076 0.531708 0.7574114110576923 0.52744 0.7563453461538461 0.524772 0.7566096105769231 0.5219280000000001 0.7608798798076923 0.5212 0.7737567572115385 0.520506 0.7744894903846155 0.52584 0.7696846850961538 0.530286 0.7694174182692308
1 0.574918 0.7985045048076922 0.573496 0.7902312307692309 0.567094 0.7862282283653846 0.561226 0.790765766826923 0.56 0.8043873870192308 0.559626 0.8046396394230769 0.571718 0.8022402403846154 0.574918 0.7985045048076922
3 0.5860000000000001 0.8528528533653846 0.588 0.84384384375 0.5860000000000001 0.8408408413461538 0.5860000000000001 0.8228228221153846 0.582 0.8168168173076923 0.582 0.8138138149038461 0.566 0.8078078076923076 0.56 0.8108108100961539 0.56 0.8468468461538462 0.564 0.8528528533653846 0.5860000000000001 0.8528528533653846
3 0.268 0.7867867860576924 0.28800000000000003 0.7807807812499999 0.314 0.732732733173077 0.286 0.6666666658653846 0.262 0.6456456466346154 0.226 0.6546546538461538 0.19799999999999998 0.7237237235576923 0.192 0.777777778846154 0.238 0.8168168173076923 0.256 0.8138138149038461 0.268 0.7867867860576924
2 0.6 0.2732732740384615 0.602 0.27027026923076924 0.6159999999999999 0.2732732740384615 0.63 0.25825825721153844 0.628 0.25225225240384613 0.6180000000000001 0.23723723798076923 0.606 0.2402402403846154 0.5860000000000001 0.25225225240384613 0.584 0.26426426442307693 0.588 0.27027026923076924 0.5940000000000001 0.2732732740384615 0.6 0.2732732740384615
2 0.584 0.20720720673076926 0.588 0.2132132139423077 0.598 0.2132132139423077 0.602 0.21021020913461538 0.602 0.20420420432692307 0.596 0.19219219230769233 0.596 0.18918918990384614 0.582 0.18918918990384614 0.5780000000000001 0.19519519471153846 0.5780000000000001 0.20120120192307694 0.582 0.20720720673076926 0.584 0.20720720673076926