1 0.7265212091346154 0.8719002740384615 0.7399966009615385 0.8616129663461538 0.7478822115384616 0.8542557259615384 0.7521411658653846 0.8434266177884615 0.749812221153846 0.8296032908653845 0.7458528581730769 0.8241566634615385 0.7385995408653846 0.8172129278846154 0.7158745985576923 0.8087079326923077 0.7066581634615384 0.8081661322115384 0.6711232427884616 0.8138979663461539 0.668494704326923 0.8163503822115385 0.6698255336538461 0.8242494230769231 0.6807055024038462 0.8346650288461538 0.6817036201923077 0.8405893100961539 0.6889569375 0.8475330480769231 0.6899550576923077 0.8534573293269231 0.6932490048076924 0.8549544375 0.694247125 0.86087871875 0.6975410745192308 0.8623758269230769 0.7002027259615384 0.8781739134615385 0.7094191634615385 0.8787157139423076 0.7265212091346154 0.8719002740384615
1 0.663671233173077 0.6974512403846155 0.6481996009615384 0.6958899831730769 0.6271381923076922 0.6972587932692308 0.6218811201923077 0.7021636201923077 0.618919875 0.7026412740384615 0.6292006658653846 0.7456083533653846 0.6324946129807691 0.7471054615384615 0.6443395889423077 0.7451948509615385 0.646968125 0.7427424375 0.6558518557692307 0.7413094759615385 0.6614416370192308 0.7383794086538462 0.6722884879807692 0.7305445168269231 0.6768801466346154 0.7216901682692308 0.6742184951923077 0.7058920841346155 0.6702591322115385 0.7004454543269231 0.663671233173077 0.6974512403846155
1 0.628369670673077 0.6504063389423076 0.6073082620192308 0.6517751490384616 0.6017184807692307 0.6547052163461539 0.5967941153846155 0.6615848052884614 0.5987903533653847 0.6734333677884615 0.6020843052884616 0.6749304735576923 0.6030824254807692 0.6808547548076922 0.6070417860576923 0.6863013870192307 0.6169236370192308 0.6907927091346154 0.6317298533653847 0.6884044447115384 0.6481664879807691 0.6776394855769231 0.6504623173076923 0.6732123100961539 0.6478006634615384 0.6574142235576923 0.6346248629807693 0.6514257956730769 0.628369670673077 0.6504063389423076
1 0.66154253125 0.6126006802884615 0.6582485769230769 0.6111035721153846 0.6572504567307692 0.6051792908653846 0.6536238028846154 0.6017074230769232 0.6437419519230769 0.5972160985576923 0.6345255168269232 0.5966742980769231 0.6105028629807692 0.5985207596153846 0.6049130817307693 0.6014508269230769 0.600321423076923 0.6103051754807692 0.6009868365384615 0.6142546971153846 0.6079074423076923 0.619223673076923 0.6099036802884615 0.6310722379807692 0.6131976322115384 0.63256934375 0.6141957524038462 0.638493625 0.6303327956730769 0.6440044038461538 0.6500633774038461 0.6347365504807693 0.6579489879807692 0.6273793100961539 0.6602448173076922 0.6229521346153846 0.6589139903846154 0.6150530937500001 0.66154253125 0.6126006802884615
1 0.5675821658653846 0.5243068653846155 0.5669829831730769 0.5568583389423076 0.5706096418269231 0.5603302091346154 0.5913383437499999 0.5569866394230769 0.6025179038461539 0.5511265048076923 0.6071095625 0.54227215625 0.6051133245192308 0.53042359375 0.6014866682692308 0.5269517259615385 0.585349625 0.5214409471153846 0.5764658942307692 0.52287390625 0.5731719471153846 0.521376798076923 0.5675821658653846 0.5243068653846155
1 0.4066437884615385 0.52592534375 0.40730920192307696 0.5298748653846154 0.4145625120192308 0.5368186009615384 0.4168914591346154 0.5506419278846153 0.4316976754807692 0.5482536610576922 0.4349916274038461 0.5497507692307692 0.43991599278846155 0.5428711826923076 0.4372543389423077 0.5270730961538461 0.4300010288461538 0.520129360576923 0.42374583413461536 0.51910990625 0.4119008605769231 0.5210205168269231 0.4066437884615385 0.52592534375
1 0.5003392211538462 0.46821517067307694 0.5144800264423077 0.46187738461538463 0.5197370985576923 0.45697255528846153 0.5207021009615385 0.4446463389423077 0.5134487908653846 0.43770260336538463 0.5068608894230769 0.43470838701923076 0.48020969951923076 0.43900726442307697 0.47758116346153845 0.4414596778846154 0.4911227860576923 0.4676733677884615 0.5003392211538462 0.46821517067307694
1 0.5117190240384615 0.39132780288461533 0.506461951923077 0.3962326298076923 0.504498829326923 0.4026345649038462 0.5051642403846154 0.40658408653846156 0.5084581923076923 0.4080811947115385 0.538070625 0.4033046634615385 0.545956233173077 0.39594742307692304 0.5469212379807693 0.3836212067307692 0.5360412692307692 0.37320560336538466 0.5172756875 0.3701472379807692 0.5083919567307692 0.37158019471153847 0.5117190240384615 0.39132780288461533
1 0.4234809038461539 0.3731059158653846 0.4261094423076923 0.37065350240384615 0.4204865456730769 0.35533306971153844 0.41685988701923077 0.3518611995192308 0.4106046971153846 0.35084174759615383 0.3951330649038462 0.34928049038461534 0.38658204326923074 0.3526882091346154 0.3892436971153846 0.36848629326923077 0.4027522019230769 0.37644948557692304 0.4234809038461539 0.3731059158653846
1 0.4204865456730769 0.35533306971153844 0.42215007692307693 0.36520687259615386 0.41952154326923075 0.36765928605769227 0.42051966105769234 0.37358356971153844 0.42710756250000004 0.3765777836538462 0.43861982932692306 0.3726924110576923 0.4409156586538462 0.36826523798076927 0.43825400480769233 0.3524671514423077 0.4316661057692308 0.34947293749999997 0.41356593990384616 0.35036409375 0.4138986466346154 0.35233885336538456 0.4204865456730769 0.35533306971153844
1 0.3340790865384615 0.2577072524038461 0.3133503798076923 0.2610508221153846 0.3080933076923077 0.26595564903846153 0.3206036947115385 0.26799456009615386 0.32423035096153846 0.2714664278846154 0.3268920048076923 0.28726451201923076 0.32426346634615383 0.2897169278846154 0.3255942932692308 0.29761597115384614 0.3374392644230769 0.2957053557692308 0.34828612019230765 0.2878704639423077 0.3505819495192308 0.2834432908653846 0.34758759134615386 0.2656704423076923 0.3439609326923077 0.2621985745192308 0.3340790865384615 0.2577072524038461
1 0.3617283966346154 0.25933265865384614 0.3643900480769231 0.27513074278846156 0.3676839951923077 0.27662785096153847 0.3824902139423077 0.2742395841346154 0.39300436057692306 0.2644299326923077 0.39067541346153845 0.2506066057692308 0.3774996153846154 0.24461817788461537 0.36532193509615385 0.24455402884615385 0.3630261033653846 0.2489812019230769 0.3643569326923077 0.2568802451923077 0.3617283966346154 0.25933265865384614
1 0.3410343509615385 0.1003965 0.33840581490384614 0.10284891346153846 0.34140017548076923 0.12062176201923076 0.3387716394230769 0.12307417307692307 0.3404351730769231 0.1329479783653846 0.3466903629807693 0.13396743269230768 0.3641251177884615 0.1291267548076923 0.3693821899038462 0.12422192548076924 0.37397385336538463 0.11536757692307692 0.36901637019230765 0.10399666826923076 0.3591345192307692 0.09950534374999999 0.3528793269230769 0.09848588942307691 0.3410343509615385 0.1003965
0 0.15124675721153846 0.34602275480769235 0.16442255769230768 0.3520111826923077 0.17067775240384617 0.35303063942307694 0.1795614831730769 0.35159768028846156 0.18481855528846153 0.34669285096153846 0.18382043509615384 0.34076856971153846 0.1732731706730769 0.3323277259615385 0.16701798076923074 0.3313082716346154 0.15813425 0.3327412307692308 0.15058134374999999 0.34207323076923074 0.15124675721153846 0.34602275480769235
0 0.45503277884615384 0.40764389423076924 0.4705923245192307 0.4043288317307692 0.45671776923076923 0.3985078774038462 0.4486531850961538 0.3984658894230769 0.44902470913461534 0.3980712740384615 0.4400353052884615 0.40710962019230773 0.45503277884615384 0.40764389423076924
0 0.33653894951923075 0.525062798076923 0.3414633197115385 0.5181832091346154 0.34079790625 0.5142336875 0.3345427091346154 0.513214235576923 0.3256589783653846 0.5146471923076923 0.31777337259615385 0.5220044326923077 0.31843878365384615 0.525953954326923 0.3217327355769231 0.5274510625000001 0.33653894951923075 0.525062798076923
0 0.47011607211538464 0.6207130192307692 0.45585125 0.6288963942307693 0.4633714110576923 0.6354380552884616 0.4767850817307692 0.6364833822115384 0.4927086923076923 0.633379375 0.48866466586538465 0.6222668076923077 0.47011607211538464 0.6207130192307692
0 0.41428148076923077 0.7136859471153846 0.4314987884615385 0.7063630625 0.41994099278846153 0.6996694206730769 0.4029392355769231 0.7058885528846154 0.40047321634615385 0.7102985528846154 0.41428148076923077 0.7136859471153846
2 0.0839025 1 0.10008953605769232 0.9932289014423077 0.13167712019230768 0.9881337764423077 0.13430565625 0.9856813629807692 0.13097858894230768 0.9659337572115384 0.11617237500000001 0.9683220216346153 0.11287842307692308 0.9668249134615384 0.09477825721153846 0.9677160721153846 0.09148430769230768 0.9662189639423077 0.08589452644230769 0.96914903125 0.07404955288461539 0.9710596418269231 0.07142101682692308 0.9735120552884615 0.0758836923076923 1 0.0839025 1
2 0.18325127884615386 0.7526309975961538 0.19902250000000002 0.737916516826923 0.1983570889423077 0.7339669927884616 0.19143648076923075 0.7289980192307692 0.18910753365384617 0.7151746947115385 0.1535726153846154 0.7209065288461538 0.15094407692307693 0.7233589447115385 0.15260761057692307 0.7332327451923076 0.15590156009615383 0.7347298533653847 0.1585632139423077 0.7505279399038461 0.16185716346153844 0.752025048076923 0.1631879903846154 0.7599240889423077 0.1704413028846154 0.766867826923077 0.17932503365384617 0.7654348677884616 0.1849148125 0.7625048004807693 0.18687793749999998 0.7561028653846154 0.18325127884615386 0.7526309975961538
2 0.14498847596153847 0.70606375 0.1466520096153846 0.7159375552884615 0.15323990625 0.7189317692307693 0.1535726153846154 0.7209065288461538 0.18647899759615386 0.7176271081730768 0.19699314423076922 0.7078174543269231 0.19928897596153844 0.7033902788461539 0.18940712740384613 0.6988989543269231 0.18907441826923074 0.6969241947115384 0.15057825480769232 0.7031336850961538 0.14498847596153847 0.70606375
2 0.18271987499999998 0.6411532451923077 0.1777955096153846 0.6480328317307692 0.17583238701923076 0.6544347668269231 0.17912633413461537 0.655931875 0.1801244543269231 0.6618561562499999 0.19000630528846155 0.6663474807692308 0.19592879326923077 0.665392173076923 0.1985573293269231 0.6629397596153846 0.1968937980769231 0.6530659567307692 0.20181816105769232 0.6461863701923077 0.20115275000000002 0.6422368485576923 0.18864236298076922 0.6401979375 0.18271987499999998 0.6411532451923077