1 0.9020303870192308 0.5553471394230769 0.9037989807692307 0.5158937259615385 0.8859468725961539 0.47237434375 0.8506296009615385 0.4650556009615385 0.8202143557692309 0.5046987596153846 0.807260064903846 0.5694018149038461 0.829822826923077 0.5893928100961539 0.8751481298076923 0.5773440072115384 0.9020303870192308 0.5553471394230769
1 0.69798765625 0.32927945432692307 0.6883749807692308 0.3058459423076923 0.6622792331730769 0.30350123076923075 0.6438340889423078 0.3241834375 0.6297042379807691 0.3641383197115384 0.6416722403846153 0.37580763942307693 0.6928837524038461 0.3649786274038461 0.69798765625 0.32927945432692307
1 0.6010659951923076 0.24180698076923074 0.6018504038461538 0.24809567067307692 0.6051857115384616 0.25184991586538463 0.6077366129807692 0.24931546153846154 0.6195090384615385 0.25175504326923076 0.6208822740384616 0.25510268990384616 0.6234331778846154 0.2525682355769231 0.6312814615384615 0.25419462259615383 0.6338323629807692 0.25166017307692307 0.63913184375 0.2251907403846154 0.6363853653846154 0.21849544951923078 0.6369741971153846 0.21555440384615385 0.6303035769230768 0.2080459230769231 0.6224552956730769 0.2064195360576923 0.6134293509615385 0.21067524278846153 0.6077387163461538 0.21868519471153844 0.6059722211538461 0.22750833653846153 0.6034213197115385 0.23004278846153847 0.6010659951923076 0.24180698076923074
1 0.4413496682692308 0.26384448798076926 0.44017200480769236 0.26972658653846154 0.44036758173076923 0.2789563269230769 0.4423296514423077 0.27936292548076924 0.44919584855769235 0.2961011466346154 0.4592017764423077 0.3073638701923077 0.47097419951923075 0.3098034519230769 0.47744924278846157 0.3080821923076923 0.48255104807692306 0.30301329326923077 0.48804610576923074 0.2857735985576923 0.4905970072115385 0.28323914903846154 0.49707415384615383 0.2508876225961539 0.49628974278846155 0.24459893028846155 0.4913856177884615 0.2282673028846154 0.48608824038461534 0.2241064639423077 0.46842960336538464 0.22044709134615384 0.45567509615384616 0.2331193485576923 0.4462558942307692 0.24954584615384615 0.44390056971153846 0.26131003846153844 0.4413496682692308 0.26384448798076926
1 0.42681185096153845 0.5303820504807693 0.4205323870192308 0.5413330456730769 0.41680381971153846 0.5497495961538461 0.4132708317307693 0.5673958846153846 0.4101311009615385 0.5728713822115384 0.41425081971153843 0.5829143173076923 0.41621288942307694 0.5833209158653846 0.4213146923076923 0.5782520096153847 0.4330871153846154 0.5806915913461539 0.43446035336538463 0.5840392379807692 0.4442707067307692 0.5860722235576923 0.4456439471153846 0.5894198677884616 0.46526465144230766 0.5934858317307692 0.469777625 0.5913579783653846 0.4762547692307692 0.559006451923077 0.47605919230769234 0.5497767091346154 0.47527478605769236 0.543488016826923 0.4697818269230769 0.5300974399038462 0.46114913701923077 0.5221823581730769 0.44741464423076927 0.5193361802884615 0.44486374038461535 0.5218706322115385 0.43897753125 0.5206508413461539 0.42681185096153845 0.5303820504807693
2 0.7558319615384614 0.8773037884615384 0.7330404038461539 0.9843686490384616 0.7672441466346154 0.9836085673076924 0.784869764423077 0.8955735264423077 0.7558319615384614 0.8773037884615384
2 0.8370591610576923 0.9308932163461539 0.8341150048076924 0.9455984567307693 0.8223404807692307 0.9737891490384616 0.8178275072115385 0.9759170024038462 0.8165067451923077 0.9825138413461538 0.8431906514423078 0.9819208653846154 0.8451009182692307 0.9723796153846155 0.8513803846153846 0.9614286153846153 0.8617816706730769 0.9298902836538462 0.8604084302884616 0.9265426394230769 0.8447118653846153 0.9232898629807693 0.8370591610576923 0.9308932163461539
2 0.7054446177884616 0.740991341346154 0.6969907548076922 0.6947452932692308 0.6699797836538461 0.696716701923077 0.6769203221153847 0.7623508125 0.6625518822115384 0.7508517980769231 0.65181603125 0.7741914158653846 0.66676709375 0.7903536947115384 0.6971428894230769 0.799490951923077 0.7021667980769231 0.7743979326923077 0.7054446177884616 0.740991341346154
2 0.6102962283653846 0.8604598173076923 0.62481565625 0.8333586706730769 0.6334056586538461 0.7885555841346155 0.6391981730769231 0.7312390600961538 0.6143872403846153 0.7226913942307692 0.6048870360576923 0.7758273197115385 0.5961145528846153 0.8007101995192307 0.5787266466346154 0.8005161298076923 0.5634452596153846 0.8030283221153846 0.5605681682692307 0.8268600961538461 0.5783926081730769 0.8532787475961539 0.6102962283653846 0.8604598173076923
2 0.3583076370192308 0.9235744182692307 0.36164294711538464 0.9273286586538462 0.4008843605769231 0.9354605913461539 0.4034352620192308 0.9329261418269231 0.4112835432692308 0.9345525288461538 0.42796219711538463 0.9226934663461539 0.4320840144230769 0.9021061298076922 0.43071077403846153 0.8987584855769231 0.4273754639423077 0.8950042451923077 0.4116789014423077 0.89175146875 0.4052038581730769 0.8934727259615385 0.39558908173076923 0.9006694855769232 0.39500024999999994 0.9036105312499999 0.35889646875 0.9206333677884615 0.3583076370192308 0.9235744182692307
2 0.5645437427884615 0.6385638461538462 0.5721964471153846 0.6309604927884614 0.5847574807692307 0.5784282283653847 0.5788712692307693 0.5772084375 0.5678832548076923 0.5810575480769231 0.5623881947115384 0.5982972403846154 0.5590630697115384 0.6177019206730769 0.5480828725961538 0.624839329326923 0.5433110600961538 0.641855201923077 0.5580686971153846 0.6402851033653847 0.5645437427884615 0.6385638461538462
0 0.5841728533653846 0.5201087331730769 0.5743625 0.51807575 0.5698495264423077 0.5202036033653846 0.5629812307692308 0.5340956490384615 0.5588594110576923 0.5546829855769231 0.5647456225961538 0.5559027764423077 0.5853484158653847 0.5448569086538462 0.5841728533653846 0.5201087331730769
2 0.5245200240384615 0.5935129471153846 0.5278553317307693 0.5972671899038462 0.5435518990384616 0.6005199639423077 0.5461027980769231 0.5979855120192308 0.5529710985576923 0.58409346875 0.55473759375 0.5752703221153846 0.5572884927884615 0.5727358725961539 0.5602326490384615 0.5580306322115385 0.5549352692307692 0.5538697932692307 0.5490490576923077 0.5526500024038461 0.54433840625 0.5761783870192307 0.5307994903846154 0.5825619495192308 0.5249132788461538 0.5813421610576923 0.5223623774038462 0.5838766105769231 0.5217735456730769 0.5868176562499999 0.5245200240384615 0.5935129471153846