1 0.8103792163461538 0.4847045360576923 0.8099270360576922 0.4777139543269231 0.8191569711538461 0.46512176442307696 0.8187047908653846 0.4581311826923077 0.7943547115384615 0.4440160264423077 0.7604732427884616 0.4378326778846154 0.6869589615384615 0.4400746153846154 0.6725805817307692 0.47659622836538457 0.6736356682692308 0.4929075793269231 0.6886050889423078 0.5172847379807692 0.7025194230769232 0.5253505408653847 0.709325858173077 0.52705325 0.7292929951923077 0.525170798076923 0.7327715769230768 0.5271872475961539 0.75909296875 0.5200169230769232 0.7754307956730769 0.5137878269230769 0.8103792163461538 0.4847045360576923
1 0.40120366826923076 0.5256250192307692 0.41844585576923077 0.533377079326923 0.4285801514423077 0.5347660480769231 0.45853085096153845 0.5319423677884616 0.4715408221153846 0.5260270120192307 0.4906035985576923 0.5101633990384615 0.49650567307692306 0.49788494951923074 0.5123913197115384 0.4846652716346154 0.5117884134615385 0.4753445 0.5081591033653846 0.4709978557692308 0.4910676418269231 0.4655759855769231 0.4376712235576923 0.4682656706730769 0.4344940913461538 0.4709096033653846 0.4178548149038462 0.47247831249999994 0.4143762307692308 0.4704618629807692 0.40439266346153846 0.4714030889423077 0.39455982211538465 0.4746745096153846 0.38200203125 0.48758044471153844 0.3827556658653846 0.49923140865384613 0.38623425 0.5012478629807693 0.3904664663461539 0.5149152788461538 0.40120366826923076 0.5256250192307692
1 0.38877287499999996 0.6440171346153847 0.3921007283653846 0.6437033918269232 0.3952778581730769 0.6410594567307691 0.39497640384615385 0.6363990721153846 0.4045077908653846 0.628467264423077 0.4040556105769231 0.6214766826923076 0.4072327427884615 0.6188327475961538 0.4063283822115385 0.6048515889423076 0.4026990697115385 0.6005049423076924 0.3924140480769231 0.5967857836538462 0.36609265625 0.603956108173077 0.33356773076923074 0.6187444975961539 0.3241870721153846 0.6290064975961538 0.32826856009615385 0.6403437187500001 0.3352257235576923 0.6443766225961538 0.3353764519230769 0.6467068173076923 0.3458121995192308 0.6527561706730769 0.3624514807692308 0.6511874591346154 0.36593006250000004 0.6532039086538461 0.38241861298076923 0.6493050048076923 0.38877287499999996 0.6440171346153847
1 0.608816079326923 0.8366127043269231 0.6098711658653846 0.8529240552884616 0.6237854975961539 0.8609898605769231 0.6404247764423077 0.8594211490384616 0.6531332956730769 0.8488454062499999 0.6560089687499999 0.8415410865384616 0.6552553341346155 0.8298901177884616 0.6517767524038462 0.8278736658653846 0.6449703125 0.8261709591346154 0.6116917548076923 0.8293083822115384 0.608816079326923 0.8366127043269231
1 0.5995861442307693 0.8492048966346153 0.5926289807692308 0.8451719951923077 0.5893011225961539 0.8454857379807692 0.5823439591346153 0.8414528317307692 0.5584460600961538 0.8343282572115385 0.542108235576923 0.8405573533653846 0.5434647764423077 0.86152909375 0.5469433581730769 0.8635455432692307 0.5473955384615384 0.870536125 0.5613098701923077 0.8786019302884616 0.5747720216346154 0.8796771538461539 0.5846048629807693 0.8764057331730769 0.59413625 0.8684739254807692 0.6001890528846153 0.8585256682692308 0.5995861442307693 0.8492048966346153
1 0.36635851201923075 0.7633504735576923 0.3497192307692308 0.7649191850961539 0.34366642788461543 0.7748674447115385 0.3448722427884615 0.7935089903846154 0.35878657451923074 0.8015747932692308 0.3624158798076923 0.8059214399038462 0.36922232211538464 0.8076241490384616 0.38510796634615385 0.79440446875 0.38843582211538463 0.7940907283653846 0.38707928125 0.7731189879807693 0.37649280769230764 0.7647394423076924 0.36635851201923075 0.7633504735576923
1 0.38023724278846155 0.9261502620192308 0.38311292067307695 0.9188459399038462 0.38205783173076924 0.9025345865384615 0.3557364375 0.9097049110576924 0.33954933894230765 0.9182641995192308 0.34348010096153847 0.927271233173077 0.3607222884615385 0.9350232908653846 0.37070585576923076 0.9340820649038462 0.38023724278846155 0.9261502620192308
0 0.7243664735576923 0.24196244471153847 0.7110550480769231 0.24321741346153847 0.7047007932692307 0.24850528365384614 0.6987987139423077 0.2607837355769231 0.6994016201923077 0.27010450721153845 0.7104402764423077 0.2854746346153846 0.7243546057692308 0.2935404375 0.7343381754807693 0.2925992115384615 0.7378167572115385 0.2946156610576923 0.7476495985576924 0.2913442451923077 0.7470466923076924 0.28202346875 0.7251201081730769 0.2536134110576923 0.7243664735576923 0.24196244471153847
0 0.7479391850961539 0.34758262259615386 0.7545948966346153 0.34695513701923075 0.7577720264423077 0.34431120192307696 0.7635233774038461 0.32970256009615384 0.7627697427884615 0.31805159375 0.755812579326923 0.3140186923076923 0.7291897307692307 0.31652862740384613 0.7299433653846154 0.3281795961538462 0.7373527115384615 0.3392030769230769 0.7479391850961539 0.34758262259615386
0 0.5929102331730769 0.28014425721153846 0.5835295721153846 0.29040625721153845 0.5838310240384615 0.2950666442307692 0.5873096105769231 0.29708309375 0.5880632451923077 0.30873406009615384 0.6018268461538462 0.3144696730769231 0.6118104134615385 0.31352844471153846 0.6245189302884615 0.30295270432692306 0.6199852572115384 0.2846249014423077 0.6163559519230769 0.28027825721153843 0.6095495096153847 0.2785755480769231 0.5929102331730769 0.28014425721153846
0 0.5577992211538462 0.3584753485576923 0.5438848894230769 0.3504095432692308 0.540255579326923 0.34606289903846155 0.5334491394230769 0.34436018990384615 0.523616298076923 0.34763161057692304 0.5245206586538461 0.36161276923076924 0.5283006971153846 0.36828960576923075 0.5351071346153846 0.3699923149038461 0.545090701923077 0.36905108894230765 0.5485692860576923 0.37106754086538457 0.561729983173077 0.36748237740384615 0.5649071105769231 0.3648384447115385 0.56460565625 0.36017805769230765 0.5577992211538462 0.3584753485576923
0 0.3356304423076923 0.8576791754807692 0.3522697211538462 0.8561104639423077 0.35151608653846156 0.8444594975961538 0.3478867788461538 0.8401128533653845 0.3410803389423077 0.8384101466346153 0.33442462740384615 0.8390376322115384 0.32807036778846155 0.8443255024038462 0.3283718221153846 0.848985889423077 0.3356304423076923 0.8576791754807692
0 0.3357930336538461 0.8084313774038462 0.33669739663461534 0.8224125360576923 0.3400252524038461 0.8220987932692307 0.34698241826923076 0.8261316947115385 0.35363812740384615 0.8255042115384617 0.35999238701923075 0.8202163389423076 0.3633202403846154 0.8199025985576923 0.36634664663461536 0.81492846875 0.3624158798076923 0.8059214399038462 0.35228158653846153 0.8045324735576924 0.3389701634615384 0.8057874399038462 0.3357930336538461 0.8084313774038462
0 0.34049178124999996 0.7548782740384615 0.3402923725961538 0.7471886754807693 0.3308377235576923 0.7391220721153846 0.31924503125000003 0.743966048076923 0.3150855817307692 0.7624804278846155 0.31658997836538466 0.7627559038461539 0.3301740793269231 0.761057920673077 0.34049178124999996 0.7548782740384615
0 0.3135196730769231 0.7751260745192308 0.33910178125 0.7747984302884615 0.3363053413461538 0.7638136249999999 0.32160828124999996 0.7620741370192309 0.3149903197115385 0.7656145024038461 0.3135196730769231 0.7751260745192308
2 0.7799205336538461 0.06558349519230769 0.7899041009615384 0.06464226682692308 0.8059404735576923 0.053752783653846156 0.8157733125 0.05048136538461538 0.8189504447115384 0.04783742788461538 0.8183475360576923 0.03851665625 0.8127587764423077 0.0038775 0.809430923076923 0.004191240384615385 0.8029259350961537 0.0071489182692307685 0.8030766610576923 0.009479112980769231 0.7903681466346154 0.020054853365384616 0.7805353076923077 0.02332627403846154 0.7806860360576924 0.025656466346153848 0.7711546466346154 0.033588271634615384 0.7685804230769231 0.04555298317307692 0.7590490384615385 0.05348478605769231 0.759199764423077 0.05581498076923076 0.7628290745192309 0.060161624999999996 0.7767434038461538 0.06822743028846154 0.7799205336538461 0.06558349519230769