1 0.7124742211538462 0.07074485336538462 0.6942958269230769 0.037218100961538464 0.6616304831730768 0.029453331730769233 0.6408199182692308 0.03167016586538462 0.6260688173076924 0.045062584134615384 0.6653232644230769 0.11151909615384616 0.7124742211538462 0.07074485336538462
1 0.7238060360576923 0.14709545673076924 0.7195902932692307 0.1313986923076923 0.6985155769230769 0.12124596153846154 0.6555776947115385 0.13216290625 0.6840286274038461 0.14700794230769232 0.7006261201923076 0.17464840625000003 0.7238060360576923 0.14709545673076924
2 0.03784717548076923 0.21180559855769232 0.025992396634615385 0.20182399278846155 0.022830588942307693 0.19005142067307693 0.025201276442307692 0.18749233413461536 0.018878997596153847 0.18672422115384618 0.007815338942307692 0.19107427644230768 0.004329709134615384 0.19483690144230767 0.005303365384615385 0.2386514326923077 0.006501254807692308 0.2431116153846154 0.010452848557692308 0.2464388173076923 0.024941129807692308 0.2434538653846154 0.04575036057692308 0.21846000000000002 0.044696425480769235 0.21453581009615386 0.03784717548076923 0.21180559855769232
2 0.05681535576923077 0.2368869783653846 0.060241312500000005 0.2610291153846154 0.06551099278846154 0.2806500721153846 0.06893562019230769 0.2820151778846154 0.07157045913461538 0.29182565384615383 0.07499508413461539 0.2931907620192308 0.08079039663461537 0.29199678125 0.0884294326923077 0.2862816201923077 0.09949175721153845 0.25915453365384616 0.07604501682692308 0.22878385817307695 0.07077667067307693 0.23193993269230767 0.058659076923076925 0.2323657956730769 0.05681535576923077 0.2368869783653846
2 0.1811544471153846 0.2671779423076923 0.18326231971153847 0.27502632451923076 0.20644490865384618 0.2930274375 0.22093319230769232 0.2900424879807692 0.2285722283653846 0.28432732692307694 0.22435648076923076 0.2686305625 0.22040488701923078 0.26530336057692305 0.21750723076923076 0.26590035096153847 0.19353485817307695 0.2563446105769231 0.1843149230769231 0.25617348557692304 0.17904657451923076 0.2593295600961538 0.17720285576923075 0.26385074278846155 0.1811544471153846 0.2671779423076923
2 0.19854439182692307 0.3319270985576923 0.20328710576923076 0.34958595913461543 0.20671173076923077 0.35095106490384614 0.2212000144230769 0.3479661153846154 0.23173670432692306 0.3416539639423077 0.23884876923076923 0.33397670673076923 0.23515999278846153 0.3202420384615384 0.2306814326923077 0.3149527403846154 0.2254130889423077 0.3181088173076923 0.21382246153846152 0.32049677644230773 0.20328576923076921 0.3268089278846154 0.19854439182692307 0.3319270985576923
2 0.28126903125 0.48053688701923075 0.27942530769230767 0.4850580697115384 0.28100621153846156 0.4909443581730769 0.2844308389423077 0.4923094639423077 0.28653871153846155 0.5001578461538462 0.2910172716346154 0.5054471418269231 0.29839348798076926 0.5101394495192307 0.2999743918269231 0.5160257355769231 0.3039259855769231 0.5193529375 0.3102482668269231 0.5201210528846154 0.30761342548076925 0.5103105769230769 0.3136715576923077 0.49870912740384615 0.3247352163461539 0.49435907211538466 0.32710590384615384 0.49179998798076924 0.293386625 0.48011102403846156 0.28126903125 0.48053688701923075
2 0.32236719711538464 0.5424722211538462 0.3170988533653846 0.545628298076923 0.2968152548076923 0.5498072259615385 0.28917622115384617 0.5555223870192308 0.2918110625 0.5653328653846154 0.29971424759615384 0.5719872668269231 0.30603652884615384 0.5727553822115385 0.32342246874999997 0.5691734447115384 0.3265829447115385 0.5581689855769231 0.32500204086538464 0.5522826995192308 0.32157741346153845 0.5509175937499999 0.3199965096153846 0.5450313076923077 0.32236719711538464 0.5424722211538462
2 0.33423265625 0.7346700793269231 0.31342209374999996 0.7368869110576923 0.3099974663461538 0.7355218076923078 0.2633708076923077 0.7327040817307692 0.2546778389423077 0.7344950504807692 0.25942055048076923 0.7521539110576924 0.26284517548076924 0.7535190192307692 0.2644260793269231 0.7594053052884615 0.27469995432692307 0.7635006225961539 0.2791785144230769 0.7687899182692307 0.2907691418269231 0.7664019591346154 0.2941937668269231 0.7677670625 0.3173750192307692 0.7629911442307692 0.33028239903846157 0.7541199086538461 0.33897536778846155 0.7523289375 0.3355507451923077 0.7509638341346154 0.33423265625 0.7346700793269231
2 0.3358108894230769 0.6950023028846153 0.3294886081730769 0.6942341850961539 0.3121026658653846 0.697816125 0.30867804326923076 0.6964510216346155 0.2873405096153846 0.6967057596153846 0.27021738701923076 0.6898802283653847 0.2638951057692308 0.6891121153846154 0.25520213461538466 0.6909030841346154 0.2588909110576923 0.7046377524038461 0.2623155360576923 0.7060028605769231 0.26389643990384615 0.7118891466346154 0.28312743509615385 0.7265630576923077 0.29234737499999996 0.7267341826923077 0.32132394471153847 0.7207642836538461 0.3236946322115385 0.7182051971153847 0.33818291346153845 0.7152202475961539 0.34634891586538463 0.7114671826923077 0.3358108894230769 0.6950023028846153
2 0.22070375240384615 0.8698757475961538 0.21253775000000003 0.8736288124999999 0.20779637259615386 0.878746985576923 0.2093772764423077 0.8846332716346154 0.20700658894230767 0.887192358173077 0.20990557932692308 0.9093723990384616 0.22492350480769233 0.9539036081730768 0.23177275240384618 0.9566338197115385 0.2491586923076923 0.9530518798076923 0.24968432451923078 0.9322369423076923 0.25442570192307695 0.9271187740384617 0.2504741081730769 0.9237915697115385 0.23176874759615387 0.8883027235576922 0.22439252884615385 0.8836104158653846 0.22412837740384614 0.8712408533653846 0.22070375240384615 0.8698757475961538
3 0.6139592331730769 0.18215063701923076 0.6165914014423077 0.1464070528846154 0.59446275 0.13233012980769232 0.4532700264423077 0.19869132692307692 0.436675204326923 0.2166049254807692 0.44905828846153845 0.25132565625000003 0.4890998461538461 0.2637827355769231 0.5636478028846154 0.23392933653846154 0.6287116682692309 0.19153525 0.6139592331730769 0.18215063701923076