2 0.990233360576923 0.5102769038461539 0.8417805408653846 0.4968301081730769 0.8362069350961538 0.5239345048076923 0.9636590240384616 0.5458038509615385 0.9939398028846154 0.5309562884615384 0.990233360576923 0.5102769038461539
2 0.8752852091346154 0.4785270504807692 0.8650261177884615 0.4948057668269231 0.9216714879807693 0.5045254735576923 0.8752852091346154 0.4785270504807692
2 0.6584736129807692 0.8341753149038461 0.6864046802884616 0.8429766514423077 0.7173638245192309 0.8502932355769232 0.7308468052884615 0.830559016826923 0.6662920576923077 0.8134691274038462 0.6584736129807692 0.8341753149038461
2 0.7251962067307692 0.7714635721153846 0.67216634375 0.7543468798076923 0.6580959350961538 0.7799933221153845 0.7117132283653846 0.7911977860576923 0.7251962067307692 0.7714635721153846
1 0.2413608389423077 0.7124949399038462 0.26665544711538464 0.7188395528846154 0.27915937740384617 0.7089590432692308 0.2857120288461539 0.6720009399038461 0.2488925360576923 0.665683127403846 0.22789179807692309 0.6741056802884615 0.22310143509615385 0.6933271105769231 0.2413608389423077 0.7124949399038462
1 0.25381565865384614 0.5001676346153846 0.22490554326923076 0.5012200048076922 0.21952775 0.5263536586538462 0.2359339326923077 0.5351817980769231 0.25381565865384614 0.5001676346153846
1 0.3099014783653846 0.3995526153846154 0.2721029423076923 0.4030885120192308 0.2563751201923077 0.41642451682692305 0.2546128341346154 0.4341611923076923 0.2753128894230769 0.4577564903846154 0.3202375673076923 0.46947374038461537 0.3099014783653846 0.3995526153846154
1 0.30122280528846157 0.34194192307692306 0.25854296875 0.33662288221153847 0.24017868990384614 0.3475021610576923 0.24632577884615386 0.3726090144230769 0.2653684230769231 0.3838938822115385 0.29613175721153845 0.39318120432692305 0.30122280528846157 0.34194192307692306
1 0.1281470889423077 0.7792553653846154 0.09679632692307692 0.775880266826923 0.10050276923076923 0.7965596538461538 0.12618899278846155 0.79896278125 0.1281470889423077 0.7792553653846154
0 0.36001543269230774 0.7649241802884615 0.31733559615384616 0.7596051418269231 0.33539918990384615 0.7807437115384614 0.3606937956730769 0.7870883245192307 0.36001543269230774 0.7649241802884615
3 0.3772884975961538 0.4171284903846154 0.41273731971153843 0.4372414903846154 0.4145905432692307 0.44758118509615386 0.3720016370192308 0.47033851201923077 0.43039535576923077 0.5204450240384616 0.49475429567307694 0.53950565625 0.6624455697115385 0.5622665769230769 0.6721172307692308 0.5519000817307692 0.6204580336538462 0.5209881995192307 0.6359900456730769 0.5096229375 0.6322836009615386 0.48894355048076926 0.6484030408653846 0.4716660600961538 0.6509485649038461 0.44604642067307687 0.6320107980769231 0.4047144471153846 0.5874777379807692 0.38905571394230765 0.5191116778846154 0.381333545673077 0.49899905048076926 0.35182602163461535 0.4550534206730769 0.33025506250000003 0.3982892331730769 0.4087059399038461 0.3772884975961538 0.4171284903846154
3 0.4642498221153846 0.6725709134615384 0.3698059110576923 0.6663871009615385 0.3185243942307692 0.6896572139423077 0.33131506971153846 0.7058823317307692 0.31763628125000004 0.7275872884615384 0.5021253557692308 0.7552348605769231 0.5003770072115384 0.7148480600961539 0.5502878629807693 0.7053731370192308 0.5516585288461539 0.6915779471153846 0.4642498221153846 0.6725709134615384
3 0.36313444471153844 0.7915157908653847 0.38803743509615385 0.8018018870192307 0.40923398076923073 0.7914085937500001 0.49420203846153843 0.80598815625 0.5042653173076923 0.7916801826923077 0.47086552644230767 0.7799361322115386 0.36587577884615385 0.7639254110576924 0.36313444471153844 0.7915157908653847
3 0.36957857451923076 0.5961961826923077 0.43613688701923076 0.6076168413461539 0.45001148317307693 0.583941141826923 0.44377345913461536 0.5307579206730769 0.4085204447115384 0.5086741754807692 0.32843368749999996 0.502949548076923 0.29639061778846154 0.5355337836538461 0.2916002548076923 0.5547552139423076 0.3112163846153846 0.6182513317307692 0.3338745336538462 0.6221392163461539 0.34149716586538464 0.6034037692307692 0.36957857451923076 0.5961961826923077