1 0.40467884374999996 0.26421055528846155 0.3935797836538461 0.2739516057692308 0.3781314591346154 0.3303979591346154 0.38260513221153847 0.3426324182692308 0.38927635576923075 0.3423715576923077 0.3914935504807693 0.3391825096153846 0.3981647716346154 0.3389216466346153 0.41149412259615387 0.33219573557692306 0.42035634374999997 0.3163374543269231 0.4225277019230769 0.2914337548076923 0.41136316346153845 0.27015387740384617 0.4091394230769231 0.27024083413461536 0.40467884374999996 0.26421055528846155
1 0.5646703245192307 0.20211217307692309 0.5601966514423077 0.18987771153846153 0.5490648509615385 0.1841082956730769 0.5457736105769231 0.18945514182692308 0.545800483173077 0.20218612980769232 0.5419998173076923 0.2158920144230769 0.5291494014423077 0.23142227884615385 0.5247019182692307 0.2315961875 0.524715016826923 0.23780037019230768 0.5291690456730769 0.2407285576923077 0.5358402716346153 0.24046769471153845 0.5380705576923077 0.24348282932692306 0.5469655216346154 0.24313501442307692 0.5580711298076924 0.2364960576923077 0.5647227091346154 0.2269289158653846 0.5646703245192307 0.20211217307692309
1 0.7069831947115385 0.19344500240384616 0.7069570048076923 0.1810366298076923 0.6980293004807692 0.1658739855769231 0.6935752692307692 0.16294580048076923 0.6735616033653845 0.1637283894230769 0.6691206682692308 0.16700438942307694 0.658034704326923 0.18294962740384615 0.6580412524038461 0.18605172115384613 0.6513962211538461 0.19872095192307693 0.65084228125 0.20916960817307692 0.653652701923077 0.21414446394230768 0.6625738557692308 0.22620501682692307 0.6914824879807693 0.22507461298076922 0.6981471634615384 0.22171165384615385 0.7047987403846154 0.2121445144230769 0.7059214783653847 0.20249884134615387 0.7069831947115385 0.19344500240384616
1 0.600787110576923 0.4550925120192308 0.6007609158653846 0.44268414182692306 0.5962872451923077 0.43044968028846153 0.5895963774038462 0.4214042644230769 0.5851423485576923 0.4184760793269231 0.5695761610576923 0.4190847620192307 0.56735896875 0.4222738076923077 0.5584640048076923 0.422621625 0.5540296177884616 0.42899971875000004 0.5540820048076923 0.4538164615384615 0.5652138028846154 0.45958587500000003 0.5719046706730769 0.4686312908653846 0.5741546033653846 0.48095270673076923 0.5763848918269231 0.4839678485576923 0.5897273365384615 0.4834461201923077 0.5897142403846154 0.47724193509615387 0.5963658197115385 0.46767479086538466 0.600787110576923 0.4550925120192308
1 0.7830290961538461 0.3983287716346154 0.7541204639423077 0.3994591778846154 0.749692625 0.4089393629807692 0.7541859423076923 0.4304801057692308 0.7630940048076924 0.43633647596153846 0.7742454471153846 0.4514121682692308 0.7764822836538462 0.45752939903846157 0.7898247283653846 0.4570076730769231 0.7942591153846154 0.4506295769230769 0.7986804038461539 0.4380472980769231 0.8008779543269231 0.4255519735576923 0.7963977331730769 0.41021541586538457 0.7897068653846154 0.40117000240384615 0.7830290961538461 0.3983287716346154
0 0.6696903365384616 0.4368864663461538 0.6763812043269231 0.44593187980769233 0.6830982620192307 0.4673856682692307 0.6897891274038461 0.47643108173076926 0.6986709951923077 0.4698790793269231 0.6986186129807692 0.4450623365384615 0.6896909086538462 0.42989969230769226 0.6718944350961539 0.4274932331730769 0.6674600504807693 0.43387132692307695 0.6674665985576923 0.4369734182692308 0.6696903365384616 0.4368864663461538
2 0.3431736586538462 0.6264880432692308 0.3387523677884615 0.6390703221153846 0.3410153942307692 0.6575959254807693 0.3544364158653846 0.6942993125 0.36110763701923076 0.6940384495192308 0.36554202403846153 0.6876603557692308 0.3722067019230769 0.6842973990384615 0.37441734374999996 0.6780062620192309 0.3744107956730769 0.6749041658653846 0.36771993269230774 0.6658587524038461 0.3632200673076923 0.6412159158653845 0.35651610576923076 0.6259663173076924 0.3431736586538462 0.6264880432692308
2 0.17433965865384618 0.4092926706730769 0.17205698557692306 0.38146079326923077 0.16534647596153845 0.3631090961538461 0.16311618509615386 0.36009395913461534 0.16089899278846154 0.3632830048076923 0.15200403125 0.3636308221153846 0.13868122836538463 0.3734588269230769 0.13869432451923075 0.3796630144230769 0.14092461298076925 0.38267815384615383 0.14095735336538462 0.3981886153846154 0.1454244783653846 0.4073209831730769 0.1498719591346154 0.40714707692307694 0.1543652764423077 0.42868781730769234 0.15659556490384616 0.4317029567307692 0.16326678846153844 0.43144209375 0.17213556009615386 0.41868590625 0.17433965865384618 0.4092926706730769
2 0.12443510817307693 0.25035006009615385 0.12374725240384615 0.25740998317307695 0.1326159471153846 0.2614747331730769 0.14021654086538463 0.26426746634615383 0.14447496875000002 0.2619758413461538 0.14968454807692308 0.2519842235576923 0.14395137259615384 0.23412171394230769 0.14218574759615385 0.23104186778846153 0.13329078365384614 0.2313896875 0.12663265865384615 0.23785473557692308 0.12443510817307693 0.25035006009615385
0 0.2759310504807692 0.37782715384615384 0.2714704735576923 0.3717968798076923 0.2670164423076923 0.36886869471153844 0.26037141105769235 0.3815379302884615 0.25816731490384615 0.39093116346153844 0.25151573798076926 0.40049830288461535 0.25152883173076923 0.40670249038461537 0.2560025072115385 0.4189369519230769 0.2671212091346154 0.41850217788461536 0.26935149759615384 0.4215173173076923 0.2715686923076923 0.41832826923076927 0.2759768870192308 0.39954180528846156 0.27595724278846157 0.3902355264423077 0.2781744350961538 0.38704647836538464 0.27815479086538464 0.37774020192307695 0.2759310504807692 0.37782715384615384
2 0.27637200721153843 0.1737249951923077 0.27860884375 0.17984223076923078 0.2786284879807692 0.18914850721153845 0.28085877644230767 0.19216364423076923 0.3030961850961539 0.1912940985576923 0.3053002860576923 0.18190086778846154 0.30306344711538463 0.17578363701923075 0.2941422908653846 0.16372308413461537 0.2852473293269231 0.16407089903846156 0.2785826514423077 0.16743385817307693 0.27637200721153843 0.1737249951923077
2 0.30226235336538465 0.2092706923076923 0.30672293269230766 0.21530096875 0.3178416346153846 0.21486619711538463 0.32005882692307697 0.21167714903846152 0.3200129903846154 0.1899625 0.31778270192307695 0.18694736298076925 0.3155655120192308 0.19013640865384615 0.2999993245192308 0.1907450889423077 0.2977821322115385 0.1939341370192308 0.30226235336538465 0.2092706923076923
0 0.5247281129807692 0.24400455528846152 0.5202871778846154 0.2472805576923077 0.515865889423077 0.2598628389423077 0.5174697596153846 0.2695445985576923 0.5159248221153846 0.2877816754807693 0.5260403533653846 0.28620723557692307 0.5292607163461539 0.2841578533653846 0.535912295673077 0.2745907139423077 0.5351382019230769 0.2650285192307692 0.5326866274038461 0.25832403365384615 0.5314124302884615 0.2499478798076923 0.5271764447115385 0.2470670144230769 0.5247281129807692 0.24400455528846152
0 0.6265263822115384 0.22204585576923078 0.6220854471153847 0.2253218581730769 0.6176510600961538 0.23169994951923079 0.617657610576923 0.23480204567307691 0.626578766826923 0.2468625985576923 0.63769746875 0.2464278269230769 0.6421318557692307 0.2400497331730769 0.6443555961538461 0.2399627764423077 0.6443359519230769 0.2306565 0.639875375 0.2246262235576923 0.6398688269230769 0.22152412980769232 0.6265263822115384 0.22204585576923078
0 0.5914337908653846 0.23829383413461538 0.5958747259615385 0.23501783413461538 0.6025197572115385 0.22234859855769232 0.60248046875 0.20373604326923075 0.6069017596153846 0.19115376201923076 0.6068886634615385 0.18494957692307692 0.6024280865384616 0.17891929807692308 0.5957503149038461 0.17607806971153844 0.5869142836538461 0.20434472115384614 0.584736375 0.22614632451923075 0.5914337908653846 0.23829383413461538