1 0.84 0.38138138221153844 0.8520000000000001 0.3723723725961538 0.858 0.3723723725961538 0.8659999999999999 0.3663663653846154 0.872 0.3663663653846154 0.874 0.3633633629807692 0.88 0.3633633629807692 0.8819999999999999 0.36036036057692306 0.8979999999999999 0.36036036057692306 0.8999999999999999 0.35135135096153847 0.896 0.33333333413461536 0.888 0.31831831730769233 0.8819999999999999 0.30930931009615387 0.872 0.3033033028846154 0.858 0.3033033028846154 0.8520000000000001 0.30630630528846153 0.844 0.31231231249999997 0.8320000000000001 0.33333333413461536 0.83 0.3423423413461538 0.83 0.37837837740384617 0.8320000000000001 0.38138138221153844 0.84 0.38138138221153844
1 0.756 0.40840840865384614 0.7579999999999999 0.40540540625 0.7579999999999999 0.39339339423076924 0.756 0.3903903894230769 0.756 0.38138138221153844 0.754 0.375375375 0.748 0.3633633629807692 0.74 0.35735735817307696 0.7240000000000001 0.35735735817307696 0.718 0.36036036057692306 0.714 0.3663663653846154 0.7100000000000001 0.38138138221153844 0.7080000000000001 0.40240240144230766 0.712 0.40840840865384614 0.712 0.4114114110576923 0.756 0.40840840865384614
1 0.6799999999999999 0.42642642548076926 0.6819999999999999 0.4234234230769231 0.6880000000000001 0.4234234230769231 0.6940000000000001 0.4204204206730769 0.7 0.4114114110576923 0.7 0.3963963966346154 0.6920000000000001 0.37837837740384617 0.6880000000000001 0.375375375 0.672 0.375375375 0.6639999999999999 0.38738738701923076 0.662 0.39339339423076924 0.66 0.4144144134615385 0.662 0.4204204206730769 0.6679999999999999 0.42642642548076926 0.6799999999999999 0.42642642548076926
1 0.622 0.4144144134615385 0.628 0.40840840865384614 0.64 0.40840840865384614 0.642 0.40540540625 0.6479999999999999 0.40540540625 0.656 0.3903903894230769 0.6499999999999999 0.3693693701923077 0.644 0.36036036057692306 0.64 0.35735735817307696 0.6319999999999999 0.35735735817307696 0.63 0.35435435336538457 0.628 0.35735735817307696 0.622 0.35735735817307696 0.6180000000000001 0.36036036057692306 0.612 0.3693693701923077 0.61 0.37837837740384617 0.608 0.40240240144230766 0.61 0.40840840865384614 0.6180000000000001 0.4144144134615385 0.622 0.4144144134615385
1 0.56 0.4384384375 0.564 0.43543543509615384 0.564 0.4144144134615385 0.56 0.40240240144230766 0.552 0.3963963966346154 0.5399999999999999 0.3963963966346154 0.536 0.39939939903846156 0.528 0.4144144134615385 0.528 0.4234234230769231 0.526 0.42642642548076926 0.528 0.43243243269230774 0.56 0.4384384375
1 0.508 0.5915915913461538 0.516 0.5855855865384615 0.53 0.5855855865384615 0.53 0.5705705697115385 0.532 0.5675675673076923 0.526 0.5615615625 0.51 0.5615615625 0.502 0.5675675673076923 0.5 0.5735735745192307 0.5 0.5855855865384615 0.504 0.5915915913461538 0.508 0.5915915913461538
1 0.46 0.49849849759615383 0.462 0.48948949038461537 0.45799999999999996 0.47447447355769234 0.454 0.46846846875 0.44200000000000006 0.4654654663461538 0.43400000000000005 0.4714714711538462 0.43 0.4774774783653846 0.43 0.5045045048076923 0.432 0.5075075072115385 0.46 0.49849849759615383
1 0.392 0.4714714711538462 0.398 0.47447447355769234 0.402 0.47447447355769234 0.40399999999999997 0.4714714711538462 0.40399999999999997 0.44144144230769233 0.398 0.43243243269230774 0.386 0.42942943028846153 0.374 0.4384384375 0.368 0.45645645673076923 0.368 0.4654654663461538 0.38799999999999996 0.4654654663461538 0.392 0.4714714711538462
1 0.356 0.5705705697115385 0.356 0.5495495504807693 0.35400000000000004 0.5465465456730769 0.338 0.5495495504807693 0.33399999999999996 0.5525525528846154 0.33199999999999996 0.5585585576923077 0.328 0.5735735745192307 0.33 0.5825825817307693 0.34600000000000003 0.5825825817307693 0.356 0.5705705697115385
1 0.348 0.5495495504807693 0.35 0.5525525528846154 0.356 0.5525525528846154 0.36 0.5465465456730769 0.358 0.5345345336538462 0.35400000000000004 0.53153153125 0.338 0.53153153125 0.33399999999999996 0.5375375384615384 0.33199999999999996 0.5555555552884616 0.33399999999999996 0.5555555552884616 0.338 0.5495495504807693 0.348 0.5495495504807693
1 0.23600000000000002 0.6336336346153846 0.24000000000000002 0.6306306298076922 0.256 0.6306306298076922 0.258 0.6336336346153846 0.266 0.6336336346153846 0.266 0.6216216225961539 0.26 0.6096096105769231 0.256 0.6066066057692308 0.238 0.6066066057692308 0.23399999999999999 0.6096096105769231 0.228 0.6186186177884616 0.228 0.6396396394230769 0.232 0.6456456466346154 0.23600000000000002 0.6336336346153846
1 0.23399999999999999 0.5915915913461538 0.25 0.5915915913461538 0.252 0.5885885889423077 0.252 0.5735735745192307 0.24400000000000002 0.5615615625 0.23 0.5615615625 0.222 0.5735735745192307 0.22 0.5855855865384615 0.224 0.5885885889423077 0.232 0.5885885889423077 0.23399999999999999 0.5915915913461538
1 0.094 0.5885885889423077 0.096 0.5915915913461538 0.106 0.5915915913461538 0.108 0.5855855865384615 0.106 0.5675675673076923 0.10200000000000001 0.5615615625 0.094 0.5555555552884616 0.082 0.5585585576923077 0.076 0.5675675673076923 0.074 0.5735735745192307 0.074 0.5855855865384615 0.076 0.5885885889423077 0.094 0.5885885889423077
0 0.286 0.8138138149038461 0.294 0.8018018028846154 0.296 0.7957957956730769 0.296 0.7867867860576924 0.292 0.7807807812499999 0.286 0.7807807812499999 0.276 0.7897897908653846 0.27399999999999997 0.7957957956730769 0.27399999999999997 0.8048048052884614 0.282 0.8138138149038461 0.286 0.8138138149038461
0 0.386332 0.5209609615384616 0.385008 0.5289159158653847 0.384678 0.5284834831730769 0.39216 0.5388618629807692 0.395072 0.5241441442307692 0.39427799999999996 0.5082312307692308 0.386332 0.5209609615384616
0 0.49 0.6786786778846154 0.492 0.6756756754807692 0.492 0.6606606610576923 0.486 0.6546546538461538 0.482 0.6546546538461538 0.48000000000000004 0.6606606610576923 0.48000000000000004 0.6696696706730769 0.486 0.6786786778846154 0.49 0.6786786778846154
0 0.621 0.5538018028846154 0.6241639999999999 0.5407327331730769 0.623636 0.5244954951923076 0.612036 0.5266396394230769 0.607554 0.5446936947115385 0.613354 0.5601381370192308 0.621 0.5538018028846154
0 0.6903440000000001 0.61528228125 0.6858620000000001 0.5970660649038462 0.677424 0.6073633629807692 0.680852 0.6251831826923078 0.6848080000000001 0.6283513509615385 0.6903440000000001 0.61528228125
2 0.888 0.9759759759615385 0.89 0.9819819831730769 0.89 0.9939939951923077 0.892 0.9969969975961538 0.922 0.9969969975961538 0.9159999999999999 0.9719729735576923 0.9159999999999999 0.9399399399038462 0.9139999999999999 0.9369369375 0.894 0.9369369375 0.894 0.951951951923077 0.892 0.954954954326923 0.89 0.9729729735576923 0.888 0.9759759759615385
2 0.658 0.8768768774038461 0.6679999999999999 0.8768768774038461 0.67 0.873873875 0.6859999999999999 0.873873875 0.6880000000000001 0.8708708701923077 0.696 0.8708708701923077 0.704 0.8648648653846155 0.704 0.8558558557692308 0.702 0.8498498509615384 0.696 0.8468468461538462 0.6920000000000001 0.8498498509615384 0.6799999999999999 0.8318318317307691 0.676 0.8318318317307691 0.67 0.8378378389423078 0.656 0.8378378389423078 0.656 0.873873875 0.658 0.8768768774038461
2 0.64 0.8798798798076923 0.6499999999999999 0.8798798798076923 0.654 0.873873875 0.656 0.873873875 0.658 0.8408408413461538 0.6499999999999999 0.8288288293269231 0.646 0.8258258269230769 0.64 0.8348348341346153 0.638 0.8348348341346153 0.638 0.873873875 0.64 0.8798798798076923
2 0.5940000000000001 0.8408408413461538 0.596 0.8378378389423078 0.602 0.8378378389423078 0.608 0.8288288293269231 0.608 0.8228228221153846 0.606 0.8198198197115385 0.596 0.8198198197115385 0.59 0.8138138149038461 0.5860000000000001 0.8138138149038461 0.582 0.8258258269230769 0.582 0.8318318317307691 0.588 0.8378378389423078 0.5940000000000001 0.8408408413461538