1 0.42241967548076925 0.90890209375 0.4360119495192307 0.9243017740384616 0.48898187740384613 0.9086785024038462 0.5266271826923077 0.8636870192307692 0.5306693485576923 0.8146406225961538 0.5173213870192307 0.7855109326923077 0.5008640673076923 0.7752693245192308 0.4668167355769231 0.7739127091346153 0.4353012764423077 0.8306514783653847 0.4195990625 0.8892984399038462 0.42241967548076925 0.90890209375
1 0.49535621634615384 0.4168579254807692 0.5208528509615384 0.40892703124999996 0.5597863076923077 0.38060237740384617 0.5767766754807693 0.33862224519230766 0.5588757524038461 0.2759203701923077 0.4927577427884616 0.27344566586538466 0.4687047115384615 0.3338368293269231 0.4598208485576923 0.3878027668269231 0.4681272331730769 0.41082029086538463 0.49535621634615384 0.4168579254807692
1 0.9178274759615385 0.2752049326923077 0.9189157451923078 0.2808400504807692 0.9268223629807693 0.2817941466346154 0.9331965240384614 0.2798114230769231 0.9336407163461539 0.27711312740384614 0.943324110576923 0.26727403365384617 0.9494983870192308 0.2542595985576923 0.9512751610576923 0.24346640865384617 0.9490986225961537 0.23219617307692308 0.9409921177884615 0.22021036298076924 0.9355063461538461 0.21679649278846155 0.9295763798076924 0.2160809206730769 0.9280439182692307 0.21314410096153846 0.9240906057692307 0.21266705048076923 0.9216697572115385 0.2151268221153846 0.913763139423077 0.21417272596153847 0.9049681298076924 0.2186152235576923 0.9021030889423076 0.2237732932692308 0.8994379302884615 0.23996307451923077 0.9005261971153846 0.24559819471153846 0.9097209711538461 0.2632191201923077 0.9092767764423078 0.26591741826923077 0.9112534350961539 0.2661559423076923 0.9158508173076924 0.27496640865384614 0.9178274759615385 0.2752049326923077
1 0.8729417908653846 0.43765433653846153 0.8648352908653846 0.4256685264423077 0.8494662427884615 0.4210620336538462 0.8470453918269231 0.4235218076923077 0.8371621177884615 0.42232918509615386 0.8347412668269231 0.4247889591346154 0.8288113004807692 0.42407338701923075 0.8219929495192309 0.42875441105769235 0.8211045625 0.4341510024038462 0.8234809831730769 0.45645294951923077 0.8280783701923077 0.4652634158653846 0.8379616466346154 0.4664560384615385 0.8590607788461538 0.46074638942307694 0.859504971153846 0.4580480913461538 0.8707208269230768 0.4511458221153846 0.8729417908653846 0.43765433653846153
1 0.900770420673077 0.4767871105769231 0.9029913846153845 0.463295625 0.9008148485576922 0.45202538461538466 0.8977499254807693 0.4461517451923077 0.8907316899038461 0.43980105288461535 0.8848017259615385 0.43908548076923076 0.8832692620192308 0.4361486610576923 0.8788717572115385 0.4383699086538462 0.8786274471153847 0.4520999158653846 0.8812481778846154 0.4606718605769231 0.8794714038461537 0.4714650456730769 0.87087628125 0.48693925480769235 0.869543701923077 0.49503414663461537 0.8710761634615385 0.49797096875 0.8789827860576923 0.4989250673076923 0.8882219831730769 0.49178427163461536 0.8901986418269231 0.49202279326923076 0.8950403365384615 0.48710325 0.900770420673077 0.4767871105769231
0 0.8491998485576923 0.07979451682692308 0.8560182019230769 0.07511349759615385 0.8639248221153846 0.07606759375 0.8632807475961539 0.06773417788461539 0.8575950913461539 0.05328859615384615 0.8501326634615385 0.049636201923076925 0.8444025817307692 0.05995234134615384 0.8426258076923077 0.07074553125 0.8432698846153847 0.07907894471153847 0.8491998485576923 0.07979451682692308
0 0.7486568245192308 0.4088972980769231 0.7517217475961538 0.41477093990384617 0.7635816802884615 0.4162020865384616 0.768023610576923 0.3892191153846154 0.7669353413461538 0.38358399759615386 0.7654028822115385 0.3806471754807692 0.7570520649038461 0.38239137740384616 0.7489011346153845 0.3951672908653846 0.7504335961538462 0.3981041105769231 0.7486568245192308 0.4088972980769231
0 0.8315208894230769 0.3831218822115385 0.8345858125000001 0.38899552403846155 0.8365624687500001 0.38923405048076926 0.8570175240384615 0.3751909855769231 0.8598825649038461 0.3700329158653846 0.8552851802884616 0.36122245192307695 0.8434252475961539 0.35979130528846154 0.8366068966346153 0.3644723269230769 0.8304326201923077 0.37748676442307694 0.8315208894230769 0.3831218822115385
2 0.7004842548076924 0.19944382211538464 0.6941100985576922 0.2014265456730769 0.6868475504807693 0.2088058653846154 0.6846265841346154 0.22229735096153844 0.6857148533653846 0.22793246634615386 0.6872473173076923 0.23086928846153845 0.6991072475961538 0.23230043269230768 0.7024164831730769 0.22444406971153846 0.7072581802884615 0.2195245216346154 0.7094791466346154 0.20603303605769233 0.7118999951923077 0.20357326201923076 0.7103675312500001 0.20063644230769231 0.7004842548076924 0.19944382211538464
2 0.70523709375 0.24404772115384615 0.7065696754807692 0.2359528293269231 0.6986630528846154 0.23499873317307693 0.6821613076923078 0.24951884375000002 0.6817171153846153 0.25221714182692306 0.6740103749999999 0.2622947572115385 0.6731219903846154 0.26769135336538463 0.6752985288461539 0.27896158653846154 0.6807843004807693 0.28237545913461537 0.686714266826923 0.28309103125 0.6891351153846154 0.2806312572115385 0.6895793076923076 0.27793296153846153 0.6944210048076923 0.27301341586538463 0.6970861658653846 0.2568236322115385 0.70523709375 0.24404772115384615
0 0.4953785625 0.037098677884615384 0.45782211298076925 0.032566716346153844 0.4476945264423077 0.04510410576923077 0.4448294855769231 0.050262177884615386 0.44349690625 0.058357069711538465 0.4627748365384615 0.08820232932692308 0.46475149278846156 0.08844085336538463 0.47132553365384616 0.09748984134615385 0.47527884375 0.09796688942307694 0.49682216826923076 0.08955894471153845 0.5060613701923077 0.08241815144230769 0.509814795673077 0.07186348557692307 0.5076382596153846 0.06059325240384616 0.4953785625 0.037098677884615384
2 0.08423418509615385 0.23240456009615384 0.09718238701923076 0.23947082692307695 0.10311235096153845 0.24018639903846153 0.10553319951923078 0.23772662500000002 0.10686577884615385 0.22963173317307695 0.10380085576923077 0.22375809134615385 0.10666589663461538 0.21860002163461537 0.10799847596153846 0.2105051298076923 0.10646601442307692 0.20756831009615384 0.10957536778846154 0.18868023076923077 0.11486125721153846 0.18106238701923075 0.11574964182692307 0.17566579326923076 0.09400643750000001 0.1730420264423077 0.0876322764423077 0.17502475240384616 0.07903715144230769 0.1904989591346154 0.07637199278846153 0.20668874278846155 0.0781043389423077 0.22065727644230768 0.08423418509615385 0.23240456009615384