1 1 0.8542219375000001 0.9754506850961538 0.8589037524038462 0.9352607235576923 0.8394736634615385 0.9273547091346154 0.8494207716346154 0.9315361442307692 0.8683891658653846 0.9643277163461538 0.9509706971153846 0.992557139423077 0.9746805817307693 1 0.9759425745192308 1 0.8542219375000001
1 0.8327839326923077 0.7907249975961539 0.8369653653846154 0.8096933942307692 0.8694016033653846 0.8550318918269231 0.8994044783653846 0.8549732668269231 0.9190933629807693 0.8221248461538462 0.912503951923077 0.7604195480769231 0.8924343509615384 0.75336471875 0.8585292307692308 0.763717329326923 0.8327839326923077 0.7907249975961539
1 0.6763070408653846 0.7426138990384616 0.69670659375 0.7842515432692309 0.7248091105769231 0.7946603461538462 0.7586127043269231 0.7736668701923077 0.7701671490384616 0.726823608173077 0.7120871394230769 0.7191336466346154 0.6779028269230769 0.700223875 0.6763070408653846 0.7426138990384616
1 0.5660257620192307 0.7144532115384615 0.5783162548076923 0.7447562283653847 0.610447920673077 0.7581721274038462 0.6322909759615385 0.7414584447115384 0.6418943004807692 0.6997621778846154 0.6337852403846154 0.6884275552884614 0.5676976923076923 0.6800438317307692 0.5660257620192307 0.7144532115384615
1 0.5691951706730769 0.8369966105769231 0.5868314110576923 0.7986543173076923 0.5285483509615385 0.7696826225961538 0.5290559711538462 0.8228869567307692 0.5451979471153846 0.8375755528846154 0.5691951706730769 0.8369966105769231
1 0.44297175 0.6054453846153847 0.43106197115384615 0.6150456153846154 0.43547183653846155 0.6579559591346154 0.4600274423076923 0.7159017812499999 0.4861534567307692 0.7287973605769231 0.5141544495192307 0.728565298076923 0.5439035168269231 0.7019045072115385 0.567215454326923 0.6294997187500001 0.5030028846153847 0.6079883533653846 0.44297175 0.6054453846153847
1 0.2566442692307692 0.5733542067307693 0.22874480048076923 0.5842271394230769 0.18913860096153845 0.62598203125 0.18751743028846152 0.6657118413461538 0.2098681081730769 0.7022024903846155 0.22796120432692307 0.7117440937499999 0.24800542307692305 0.7161387067307692 0.2698992403846154 0.7047454615384615 0.28550821634615386 0.6635695096153846 0.27876651682692305 0.5859029110576923 0.2566442692307692 0.5733542067307693
2 0.050139233173076926 0.10359999759615385 0.024089360576923076 0.09868506249999999 0.018337521634615387 0.1247669158653846 0.026370437500000003 0.12812088701923077 0.046389274038461534 0.12985528365384616 0.050139233173076926 0.10359999759615385
2 0.07852093990384615 0.14327118028846153 0.05862900721153846 0.15483786778846154 0.05495519230769231 0.18907380528846154 0.06293734615384615 0.18710734855769232 0.07885089423076923 0.17785399759615383 0.07852093990384615 0.14327118028846153
2 0.3367385745192308 0.16298466346153845 0.3005777596153846 0.14656166826923075 0.30098385576923076 0.18912513701923078 0.3367385745192308 0.16298466346153845
2 0.6739147956730769 0.07258619471153846 0.6596985624999999 0.05009038701923077 0.6158601634615385 0.06755644951923077 0.6160378317307693 0.08617796634615385 0.6660341658653847 0.08519352163461538 0.6739147956730769 0.07258619471153846