1 0.4925717091346154 0.12035592788461538 0.49756734375 0.17995259375 0.5185821850961538 0.2391093125 0.5525770192307692 0.24089086538461538 0.5707365697115384 0.23224661298076923 0.5892179783653846 0.2045872908653846 0.5940504278846154 0.15558141105769233 0.5648420600961539 0.10751041826923077 0.5151498822115385 0.08715373798076922 0.49890077403846156 0.10117587740384616 0.4925717091346154 0.12035592788461538
1 0.4411413004807692 0.6756642211538462 0.4541005576923077 0.7377573533653846 0.5200878245192307 0.7413754567307692 0.5491330024038461 0.68084390625 0.5398566850961538 0.6376558581730769 0.5063676346153846 0.6059934807692308 0.4825227451923077 0.5957876466346154 0.45444315384615386 0.5992739855769231 0.44206090625 0.6213354567307692 0.4411413004807692 0.6756642211538462
1 0.8918446802884615 0.7718932980769231 0.8858834591346153 0.7693418365384616 0.8778738533653846 0.7695618100961539 0.8757794927884616 0.7750496778846153 0.8737770913461538 0.7751046706730769 0.8676319471153846 0.7834189687499999 0.8656295480769232 0.7834739615384615 0.8655835673076923 0.7861903990384616 0.8532932788461539 0.8028189879807692 0.8511989182692308 0.808306860576923 0.8509230360576924 0.8246054879807693 0.8528334759615385 0.829983375 0.8607511177884616 0.8351962788461538 0.8687607235576924 0.8349763052884616 0.8707171442307692 0.837637747596154 0.8747219447115384 0.8375277644230769 0.8767703269230769 0.8347563341346155 0.8827775288461539 0.8345913533653846 0.8888307115384616 0.8317099350961539 0.8990266370192308 0.8205692163461538 0.9032153605769231 0.8095934759615384 0.90339928125 0.79872771875 0.8996243798076923 0.7852555168269231 0.8917986995192309 0.7746097331730769 0.8918446802884615 0.7718932980769231
1 0.8149212884615384 0.5866587716346154 0.8085462451923077 0.6085552596153846 0.8084542836538462 0.6139881346153846 0.8143695264423076 0.6192560336538461 0.8203767283653847 0.6190910552884615 0.8223331490384616 0.6217525 0.8323451538461538 0.6214775336538462 0.8343015721153846 0.6241389807692308 0.8503667596153845 0.62098259375 0.8605626875 0.609841875 0.8607925889423077 0.5962596826923077 0.8509185240384615 0.5883853317307692 0.8509645048076924 0.5856688966346154 0.8310784375 0.5780695096153846 0.8210664326923076 0.5783444759615385 0.8149212884615384 0.5866587716346154
1 0.8854651225961538 0.557569625 0.8775934615384616 0.5496402836538462 0.8695838581730769 0.5498602548076923 0.8675354759615386 0.5526316875 0.8673975336538462 0.5607810048076923 0.8731288557692308 0.5769146538461538 0.8729449350961538 0.5877804086538462 0.8688021899038462 0.5960397115384615 0.8665698894230769 0.6096768966346153 0.8705287091346154 0.6122833461538462 0.8725770913461539 0.6095119182692308 0.8785842932692307 0.6093469375 0.8866858581730769 0.6036940865384616 0.8907826201923077 0.5981512235576922 0.8949713437500001 0.5871754807692308 0.8952012451923077 0.5735932908653847 0.8913803653846154 0.5628375216346154 0.8874675240384615 0.5575146346153846 0.8854651225961538 0.557569625
0 0.7642013197115385 0.9817521947115384 0.7680221995192308 0.9925079615384615 0.7760777836538462 0.9895715504807693 0.7843172884615384 0.9757693870192308 0.7864576298076924 0.9675650769230769 0.7784480264423077 0.9677850504807692 0.7725327860576924 0.9625171538461538 0.7665255817307692 0.9626821322115385 0.7643852403846154 0.9708864423076923 0.7642013197115385 0.9817521947115384
0 0.7357241274038462 0.6539980288461538 0.7436877524038461 0.6564944951923077 0.7457361322115384 0.6537230625 0.7478304927884616 0.6482351947115385 0.7482902956730769 0.6210708076923077 0.7362758918269231 0.6214007692307693 0.7321791298076923 0.6269436322115385 0.7319952067307691 0.6378093870192308 0.7299468269230769 0.6405808149038462 0.7357241274038462 0.6539980288461538
0 0.817270798076923 0.6843405697115384 0.8292852019230769 0.684010610576923 0.8354303461538461 0.6756963125000001 0.8335199086538462 0.6703184326923076 0.8157741826923076 0.6545147379807692 0.8137717788461539 0.654569733173077 0.8096750168269231 0.6601125961538461 0.80758065625 0.6656004663461539 0.8113555576923077 0.679072670673077 0.817270798076923 0.6843405697115384
2 0.6350775649038461 0.8060968100961539 0.6348476634615385 0.8196790024038462 0.6407169278846154 0.8276633389423077 0.6466781490384614 0.8302147956730769 0.6566901538461539 0.8299398293269231 0.6587385336538462 0.8271684014423077 0.6567821129807693 0.824506954326923 0.657012014423077 0.8109247620192307 0.6530991754807692 0.8056018701923077 0.6512347139423077 0.7975075480769231 0.6392203100961538 0.7978375072115385 0.6371719278846153 0.8006089399038461 0.6350775649038461 0.8060968100961539
2 0.6360431538461538 0.7490516033653846 0.6318544302884616 0.76002734375 0.6317624687500001 0.7654602211538462 0.6375857500000001 0.7761609951923076 0.6375397692307693 0.7788774326923077 0.6512806947115385 0.7947911105769231 0.6592902980769231 0.7945711370192308 0.6594282379807692 0.7864218221153846 0.6536509399038462 0.773004610576923 0.6539268197115384 0.7567059783653847 0.6500139783653847 0.7513830889423077 0.6500599591346153 0.7486666514423077 0.6481035384615385 0.7460052067307692 0.6420963341346154 0.7461701850961538 0.6360431538461538 0.7490516033653846
0 0.3909938293269231 0.9186920865384616 0.36650521634615385 0.9465163894230769 0.36636727163461535 0.9546657043269231 0.3682777139423077 0.9600435889423077 0.3760574158653846 0.9734058100961539 0.41410303125000003 0.9723609375 0.43049008173076925 0.9501894807692307 0.43467880528846153 0.9392137427884616 0.4328603269230769 0.9284029831730769 0.42498866346153846 0.920473641826923 0.4051485745192308 0.9101578197115384 0.4011437740384615 0.9102678076923076 0.3929962307692308 0.91863709375 0.3909938293269231 0.9186920865384616
2 0.03477112980769231 0.7981468245192308 0.04073235336538462 0.8006982836538461 0.06275876201923078 0.8000933581730769 0.0628507235576923 0.7946604807692308 0.05898386298076923 0.7866211514423077 0.059305725961538464 0.7676060865384616 0.06135410576923077 0.7648346538461539 0.06149204807692307 0.7566853389423076 0.05958160576923077 0.7513074519230769 0.06367836778846153 0.7457645913461538 0.06381631009615385 0.7376152764423077 0.06185989182692308 0.7349538293269231 0.055852687500000005 0.7351188100961538 0.041743920673076924 0.740936639423077 0.033550396634615384 0.7520223653846153 0.029315692307692306 0.7657145432692307 0.029039810096153845 0.7820131754807692 0.03477112980769231 0.7981468245192308