1 0.790545122596154 0.18725576682692308 0.7748208365384616 0.19093013942307693 0.7634642956730769 0.21744386538461538 0.7639009663461539 0.24120181009615382 0.813039360576923 0.2297193942307692 0.8086716153846154 0.2068800432692308 0.790545122596154 0.18725576682692308
1 0.5766301274038461 0.06723997836538462 0.5592679375 0.06234959375 0.5403768846153846 0.08167644951923078 0.5388480216346154 0.1058936923076923 0.5487847379807692 0.13637920673076923 0.5907162524038462 0.10868587019230769 0.5927910841346153 0.08732354567307692 0.5766301274038461 0.06723997836538462
1 0.6516470961538462 0.2555027451923077 0.6429116081730769 0.20982404086538461 0.6197621057692307 0.18540852403846156 0.5984688461538462 0.18143673317307693 0.5540255721153846 0.26041946875 0.5638529951923077 0.31180800961538463 0.5931174399038461 0.34672461057692305 0.6099336610576923 0.3487600721153846 0.6516470961538462 0.2555027451923077
1 0.5379741634615385 0.1657478485576923 0.5412499735576923 0.18287736057692308 0.5539167860576923 0.1739524471153846 0.5653823677884615 0.18022071874999998 0.5696410721153846 0.17027807451923077 0.5548996826923077 0.1468802860576923 0.5379741634615385 0.1657478485576923
1 0.5319682620192308 0.18802876201923077 0.5219222475961538 0.17844627403846153 0.5067439302884615 0.18497556490384615 0.50215759375 0.2039422668269231 0.5042321706730769 0.23626496634615385 0.5159160889423077 0.2544122139423077 0.5330599423076923 0.24742362259615386 0.5379739086538462 0.2194328701923077 0.5319682620192308 0.18802876201923077
1 0.36031215625 0.08498060576923076 0.35223142307692307 0.12862384375 0.4007145504807692 0.13518953365384617 0.3950365360576923 0.09476137500000001 0.37603644230769234 0.08130623317307693 0.36031215625 0.08498060576923076
1 0.21901166586538462 0.18361395673076922 0.22097719951923075 0.18315465865384617 0.22185080048076924 0.1769855264423077 0.2431440625 0.18095731730769232 0.24401766105769232 0.1747881826923077 0.24183379086538462 0.16336850721153845 0.23823035096153847 0.15526304807692307 0.23320734375000002 0.15047180288461537 0.22676476923076921 0.14899477403846154 0.21748305769230772 0.15414617307692308 0.21322435336538462 0.1640888221153846 0.2148622596153846 0.17265357692307692 0.21344268990384616 0.17596779326923076 0.21901166586538462 0.18361395673076922
1 0.12444736057692309 0.24746624278846155 0.12695886298076922 0.24986186778846153 0.1308899326923077 0.24894327403846153 0.13230950240384615 0.24562905769230767 0.13875207932692307 0.24710608894230768 0.15054529086538462 0.24435031009615382 0.15305679567307692 0.24674593028846153 0.17271215144230767 0.2421529639423077 0.17413172115384615 0.23883875000000002 0.17085591346153844 0.22170923557692307 0.16889037740384616 0.22216853365384617 0.1652869375 0.21406306971153846 0.1633214014423077 0.21452236778846154 0.15130985096153846 0.20539917548076922 0.13362002884615384 0.20953284615384618 0.13023492548076923 0.21330635576923077 0.12455665625000001 0.22656322115384614 0.12280945673076923 0.23890148798076924 0.12444736057692309 0.24746624278846155
1 0 0.2081217451923077 0.004877567307692308 0.21277426201923078 0.013831646634615384 0.21664691346153847 0.052487098557692305 0.22550908894230767 0.06231477644230769 0.22321260336538462 0.0646079423076923 0.2137292548076923 0.057510360576923075 0.17661531009615386 0.05139541586538462 0.16611422596153844 0.03632639423076923 0.15174049278846155 0.0248608125 0.14547222115384614 0.018418235576923077 0.14399518990384616 0 0.14829906971153847 0 0.2081217451923077
1 0.0831700889423077 0.47185156490384617 0.10675651682692308 0.46634000480769233 0.11210715625 0.4621071971153846 0.1149462908653846 0.4554787644230769 0.11025091586538462 0.44166346874999995 0.1077394110576923 0.4392678461538461 0.10031419711538461 0.41117795432692306 0.08830264663461539 0.4020547620192308 0.07596346634615385 0.40195562259615386 0.07345196153846154 0.39956000240384615 0.06952088942307692 0.4004785961538462 0.06668175480769231 0.4071070216346154 0.08011261778846154 0.4666010240384616 0.0831700889423077 0.47185156490384617
1 0.1673594735576923 0.6758659567307692 0.18024462259615384 0.6788200144230768 0.19979068509615386 0.6951300745192307 0.22414141826923076 0.7043524038461538 0.23396909615384615 0.7020559230769231 0.23931973317307692 0.6978231153846154 0.24139456490384617 0.6764607932692308 0.23997525240384615 0.6260899855769231 0.23724541346153846 0.6118153918269231 0.2255614951923077 0.5936681442307692 0.2060154326923077 0.5773580841346153 0.19313028365384616 0.5744040264423077 0.16364724759615384 0.5812934735576923 0.14519286778846155 0.6243782788461538 0.14224443509615384 0.651909733173077 0.14890534615384615 0.665265735576923 0.1673594735576923 0.6758659567307692
1 0.2859478990384615 0.41551996153846155 0.2939190841346154 0.4464647716346154 0.29643058653846155 0.44886039663461536 0.3062582668269231 0.44656391346153845 0.3116089038461538 0.4423311033653846 0.31783314423076925 0.43192916105769236 0.319034375 0.4167359711538462 0.31466663221153846 0.3938966225961539 0.3116091610576923 0.3886460793269231 0.30156314423076924 0.37906359375 0.2970861057692308 0.37712726682692305 0.2858388605769231 0.38273796394230775 0.2829997235576923 0.3893663942307692 0.28627553125 0.4064959086538461 0.28485596394230767 0.40981012499999997 0.2859478990384615 0.41551996153846155
2 0.8424115673076924 0.565843110576923 0.8454690408653847 0.5710936514423077 0.8589001586538461 0.5769026274038461 0.8619576298076923 0.5821531706730769 0.8658887019230769 0.5812345769230769 0.8634864951923077 0.5579359278846154 0.8661072932692307 0.5394285264423077 0.8644693894230768 0.5308637692307692 0.8685097572115384 0.5090421490384616 0.8641420120192307 0.48620279567307695 0.8596649735576923 0.48426647115384613 0.8518028293269231 0.48610365865384614 0.8492913269230769 0.4837080360576923 0.8374981129807693 0.48646381490384616 0.8318198413461538 0.4997206778846154 0.8306186105769231 0.5149138677884616 0.8334574903846155 0.5619704567307692 0.8424115673076924 0.565843110576923
2 0.8715672283653846 0.5142926899038461 0.8809579807692308 0.5419232860576924 0.8834694831730769 0.5443189086538461 0.8856533557692308 0.5557385841346154 0.8948257716346154 0.5714902067307692 0.9037798485576923 0.575362858173077 0.9088028557692307 0.5801541033653846 0.9093488245192307 0.5830090216346154 0.911314360576923 0.5825497259615384 0.9163373677884615 0.5873409711538462 0.9202684375 0.5864223774038462 0.9205960721153846 0.5773983245192308 0.9134984879807693 0.5402843774038462 0.910986983173077 0.5378887548076923 0.9060732716346155 0.512194485576923 0.8999583269230769 0.5016934038461538 0.8949353221153846 0.4969021610576923 0.8859812403846153 0.4930295072115385 0.8800846346153846 0.49440739663461536 0.8775731322115384 0.4920117740384615 0.8693833557692308 0.5028730168269231 0.8715672283653846 0.5142926899038461
2 0.7784217235576923 0.7358858317307693 0.7843183317307693 0.7345079399038461 0.7868298341346154 0.7369035649038461 0.810416264423077 0.7313920072115384 0.8157669014423077 0.7271591971153846 0.7997152403846154 0.6861726009615385 0.7891232572115385 0.6737351899038462 0.7607321586538462 0.6863344759615385 0.7593125913461538 0.6896486923076923 0.7534159831730769 0.6910265817307693 0.7519964158653847 0.6943408004807693 0.7733987163461538 0.7310945889423077 0.7784217235576923 0.7358858317307693
2 0.7042773365384616 0.7561940216346154 0.7087543749999999 0.7581303461538462 0.7303752668269231 0.7530780865384615 0.7317948365384616 0.7497638701923077 0.74948465625 0.7456301995192308 0.7509042259615384 0.7423159831730769 0.7448985769230769 0.7109118750000001 0.7471917427884616 0.7014285264423077 0.7460998076923077 0.6957186875 0.7382376658653846 0.697555875 0.7357261610576923 0.6951602524038462 0.7180363413461539 0.6992939206730769 0.7155248365384614 0.6968983004807693 0.7096282307692309 0.6982761899038461 0.7026396850961538 0.6939442403846154 0.6987086153846154 0.6948628341346154 0.6972890480769232 0.6981770504807692 0.7042773365384616 0.7561940216346154
2 0.5699409567307693 0.4624719230769231 0.56924075 0.4482449903846154 0.56706396875 0.4378287596153846 0.5508774591346154 0.4405463918269231 0.5527788028846154 0.4600878149038462 0.5528744951923077 0.4749868870192308 0.5560355552884615 0.48863878125 0.5609450360576923 0.5085450120192307 0.5756291370192308 0.5008487307692308 0.5732483341346154 0.4768889326923077 0.5699409567307693 0.4624719230769231
2 0.5995359110576923 0.5029929495192308 0.6054826586538462 0.49760381490384614 0.6013957524038461 0.45511277644230774 0.5854549278846154 0.4591151201923077 0.5835985240384616 0.4734056009615385 0.5820347572115385 0.4892263173076923 0.5786066971153846 0.5020199951923077 0.5722024326923077 0.5040503798076923 0.5756749519230769 0.5106981634615384 0.5864335216346154 0.5103166394230769 0.5995359110576923 0.5029929495192308
2 0.42967311538461533 0.5423247596153846 0.4375982884615385 0.5122345576923076 0.4266557331730769 0.5111708052884615 0.3949405504807692 0.5085248677884615 0.39247662980769227 0.5576377980769232 0.40225372115384617 0.58491565625 0.40816693269230775 0.6047126009615384 0.4237010600961538 0.6112321057692308 0.43603449519230775 0.6026147451923077 0.42760075 0.5728159326923077 0.42967311538461533 0.5423247596153846
0 0.12997106490384616 0.5672443798076923 0.14267363942307693 0.5696088149038462 0.13549033653846154 0.5330129759615384 0.12274650240384616 0.5262560192307693 0.11693067067307691 0.5342839014423076 0.10932507692307693 0.5489514903846154 0.10627766586538462 0.5634457187499999 0.12057524278846153 0.5725506971153846 0.1253138293269231 0.5701102283653846 0.12997106490384616 0.5672443798076923
0 0.2568476442307692 0.27470122836538463 0.26292047596153845 0.27732642788461537 0.2689012235576923 0.28619164903846156 0.27061078365384617 0.26716050240384615 0.27153664663461535 0.2697148942307692 0.26930395432692306 0.2602840216346154 0.2606792259615385 0.2532803317307692 0.25338698317307695 0.2543610048076923 0.24859039903846153 0.2595261153846154 0.252484375 0.2754106346153846 0.2568476442307692 0.27470122836538463
0 0.5994850625 0.5871649591346154 0.6047974447115385 0.5913755961538462 0.6268684927884615 0.598759548076923 0.6305307740384615 0.5643417115384616 0.6156292956730769 0.5419536298076923 0.5994850625 0.5871649591346154
1 0.4898463581730769 0.20584680048076923 0.48285977884615383 0.20183650480769233 0.4792614110576923 0.20606248798076926 0.4796050120192307 0.21463442307692307 0.4832973557692308 0.2190387043269231 0.4885079903846154 0.21782110817307693 0.4917523389423077 0.2140954014423077 0.4898463581730769 0.20584680048076923
0 0.3617035721153846 0.39867671153846157 0.3517785024038461 0.3986815360576923 0.3473072764423077 0.41408409615384617 0.3519228341346154 0.42691294230769233 0.36027328846153844 0.4285525769230769 0.36356125961538466 0.4134265168269231 0.3637273100961539 0.39813521874999996 0.3625773557692308 0.4001964158653846 0.3617035721153846 0.39867671153846157