1 0.5435439158653846 0.5649794807692308 0.5433388509615384 0.5581992716346154 0.5412880024038461 0.5566828629807692 0.5291366947115385 0.5526695697115385 0.5171391826923076 0.5537414375 0.5151908629807692 0.5556151346153846 0.5132938100961538 0.5591838846153846 0.5137039326923077 0.5727443076923077 0.5178056370192308 0.575777125 0.5178569014423077 0.5774721802884616 0.5259577740384616 0.5801477067307692 0.5299569447115384 0.5797904158653846 0.5378527524038461 0.5756857331730769 0.5378014855769231 0.5739906802884616 0.541698125 0.5702432860576923 0.5435439158653846 0.5649794807692308
1 0.46320187740384616 0.4939741778846154 0.44735899278846153 0.5004884927884615 0.4474615240384615 0.5038785985576923 0.45166575480769233 0.5103015216346154 0.4578183076923077 0.5148507475961538 0.47581457451923076 0.5132429471153845 0.48555617307692306 0.5038744591346154 0.4874019591346154 0.49861065625 0.4871968966346154 0.4918304447115384 0.4809418149038462 0.4838911105769231 0.4757342548076923 0.4919588173076923 0.46320187740384616 0.4939741778846154
1 0.7059204350961538 0.564069704326923 0.7061767620192309 0.57254496875 0.7082276129807692 0.5740613774038461 0.7163284831730768 0.57673690625 0.7242755576923077 0.5743272740384615 0.7301205168269231 0.5687061826923077 0.7298641899038463 0.5602309158653846 0.7257624879807693 0.5571981009615384 0.7198149975961539 0.5594290889423077 0.7127514831730769 0.5620827067307692 0.7059204350961538 0.564069704326923
2 0.5586298942307693 0.3880578870192308 0.5622585769230769 0.3882452884615385 0.57226315625 0.3902238533653846 0.5809765336538462 0.38809248317307693 0.5859834471153846 0.3865166033653846 0.5883044471153845 0.38761796394230774 0.5881506514423077 0.3825328028846154 0.5860998004807693 0.3810163966346154 0.5641043653846154 0.38298148317307695 0.5587325576923077 0.3826353846153846 0.5586298942307693 0.3880578870192308
2 0.5240101322115385 0.3831642692307692 0.5281118317307693 0.3861970865384615 0.5404351754807692 0.38449613701923074 0.5461474903846154 0.3799253725961539 0.5497484086538461 0.372366625 0.5476462932692308 0.3691551634615384 0.5435958557692308 0.3678173990384615 0.5278042379807693 0.37602676682692304 0.5239075985576923 0.3797741610576923 0.5240101322115385 0.3831642692307692
2 0.5053474134615384 0.3627363774038462 0.5091415192307692 0.35559887740384616 0.5087826586538461 0.3437335072115385 0.5006817884615384 0.3410579807692308 0.49673388461538465 0.3431103221153846 0.4891969350961538 0.35908037499999995 0.4951956875 0.3585444423076923 0.5013482403846153 0.3630936682692308 0.5053474134615384 0.3627363774038462
2 0.34753421153846153 0.3156487403846154 0.3472778822115385 0.30717347596153843 0.34522703125 0.3056570673076923 0.3450732355769231 0.30057190865384614 0.3350753100961539 0.3014651298076923 0.3291278197115384 0.3036961153846154 0.32928161778846154 0.3087812764423077 0.32738456250000003 0.3123500264423077 0.33158879567307686 0.31877294951923074 0.33337353365384614 0.3239537451923077 0.3367901850961538 0.3313172451923077 0.3416196394230769 0.3326907884615385 0.3527000625 0.32966979326923074 0.3495850600961538 0.3171651490384615 0.34753421153846153 0.3156487403846154
2 0.09199789182692308 0.21950423317307693 0.10015003125000001 0.22387481490384614 0.11409585817307691 0.22092925 0.12199167067307691 0.21682456490384616 0.1238887235576923 0.21325581730769233 0.12178660817307693 0.2100443533653846 0.11768490384615383 0.20701153605769232 0.11363446875000001 0.20567377163461537 0.1076357139423077 0.20620970673076922 0.10558486298076922 0.20469329807692307 0.07159191586538462 0.20773025240384616 0.06964359615384616 0.20960394951923078 0.05564650240384616 0.21085446153846155 0.049801543269230766 0.21647555528846155 0.05400577644230769 0.22289847596153844 0.06200411778846154 0.22218389903846153 0.06590075480769231 0.2184365048076923 0.07195077644230768 0.21959562259615384 0.07984658413461537 0.2154909423076923 0.09199789182692308 0.21950423317307693
2 0.1201458798076923 0.2220883701923077 0.114147125 0.22262430288461538 0.11209627644230769 0.22110789423076924 0.10614878605769232 0.22333887980769232 0.10430299759615386 0.22860268269230768 0.10850863221153847 0.229967375 0.1205735576923077 0.23072678846153846 0.13323742307692307 0.2353129543269231 0.13892663221153845 0.24031998317307693 0.13885986778846154 0.2442113125 0.14680693990384613 0.24180168028846155 0.1487552596153846 0.23992798317307693 0.14644807932692308 0.22993631009615384 0.1201458798076923 0.2220883701923077
2 0.7139192259615386 0.4307837019230769 0.7190540673076923 0.4277364110576923 0.7227253629807693 0.42575297115384614 0.7257116730769231 0.42293162259615386 0.7255578774038463 0.4178464639423077 0.7150894807692307 0.4199561658653846 0.7118630576923077 0.42491500721153846 0.7022599567307692 0.4304435456730769 0.7058986274038461 0.4332814831730769 0.7139192259615386 0.4307837019230769
2 0.6957691634615385 0.42730634375 0.7016689567307692 0.42853667307692306 0.7057670865384615 0.4264131201923077 0.7057158221153846 0.42471806971153847 0.7072658774038462 0.41975262500000005 0.7068483293269231 0.4176806875 0.7074590793269231 0.41606415865384616 0.6994607379807692 0.4167787355769231 0.6955128341346154 0.418831076923077 0.6957691634615385 0.42730634375