1 0.4365182379807692 0.72889515625 0.45137374759615384 0.7141313870192308 0.45872718028846154 0.7035986875 0.4596091971153846 0.7007066947115385 0.457547875 0.6938874302884616 0.4547531778846154 0.6962617860576923 0.43753905769230766 0.6916030432692307 0.4354777331730769 0.68478378125 0.4276783725961538 0.6764116033653846 0.4210583125 0.6777506826923076 0.4173815961538461 0.68301703125 0.41120746875 0.7032609855769232 0.41135611538461536 0.709562610576923 0.41547875961538466 0.7232011370192308 0.42121680048076926 0.7247540528846154 0.42224746153846154 0.7281636826923077 0.42989818269230773 0.7302342355769231 0.4365182379807692 0.72889515625
2 0.7079908245192308 0.27327709375000003 0.6912226370192307 0.28752322596153845 0.6868125456730769 0.30198319230769227 0.6879918533653846 0.3116944495192308 0.7013806105769231 0.31531791586538466 0.7080006682692308 0.31397883653846154 0.7135900625 0.309230125 0.7181487980769231 0.3010717860576923 0.7180001538461538 0.2947701610576923 0.7215282283653845 0.28320218509615386 0.7175542235576924 0.2758652860576923 0.7079908245192308 0.27327709375000003
2 0.7215380697115384 0.32390392788461536 0.7224200889423076 0.32101193509615383 0.7335988822115385 0.31151451201923075 0.7381576153846154 0.3033561730769231 0.7341836105769232 0.2960192716346154 0.7218255144230769 0.2958054375 0.71726678125 0.3039637764423077 0.7155027451923076 0.30974776442307694 0.7196253918269231 0.3233862908653846 0.7215380697115384 0.32390392788461536
2 0.5602783870192307 0.2552158293269231 0.5571756995192307 0.2500119399038461 0.5535096875 0.25025328365384614 0.5439462860576924 0.24766509374999998 0.5430642692307692 0.25055708653846154 0.53379815625 0.26057214423076924 0.5311521009615384 0.269248125 0.5321827644230769 0.27265775721153845 0.5417461634615385 0.27524594711538464 0.5427768245192308 0.2786555793269231 0.5542529038461539 0.28176140865384613 0.5570476033653846 0.2793870528846154 0.5623397115384615 0.2620350913461538 0.5602783870192307 0.2552158293269231
2 0.5767591322115385 0.2690681899038462 0.5691084134615385 0.26699763701923074 0.5626369975961538 0.27463834134615384 0.5599909447115384 0.2833143221153846 0.5658776274038462 0.29116886057692304 0.5754410240384615 0.2937570528846154 0.5838251201923077 0.2866339855769231 0.5892658725961538 0.27558364903846155 0.5882352115384616 0.2721740192307692 0.5805844927884615 0.27010346634615384 0.5795538293269231 0.2666938341346154 0.5767591322115385 0.2690681899038462
2 0.5820709278846153 0.33311971634615384 0.5813375504807692 0.3423133365384615 0.5891369134615384 0.35068551442307694 0.59104959375 0.35120315144230774 0.5947263100961538 0.34593680288461537 0.5991364014423077 0.3314768341346154 0.6001426995192308 0.3253938581730769 0.6007517932692308 0.3193912235576923 0.5892757163461538 0.31628539423076923 0.5855989975961539 0.32155174278846155 0.5820709278846153 0.33311971634615384
2 0.3853219423076923 0.19474260817307693 0.37590718749999996 0.19845604086538463 0.36836547355769234 0.21397820673076923 0.3688510432692308 0.22159199038461536 0.3698817043269231 0.22500162259615383 0.3737070625 0.22603689903846155 0.37650176201923075 0.22366254326923077 0.3860651610576923 0.22625073317307692 0.39140406971153846 0.2132192764423077 0.3948418293269231 0.20902156971153846 0.3978286850961539 0.2012580673076923 0.39679802403846154 0.19784843509615382 0.3853219423076923 0.19474260817307693
2 0.3519449254807692 0.2050949014423077 0.34620688701923075 0.20354198798076922 0.34149950721153843 0.20539870432692306 0.3369407740384615 0.21355704807692308 0.33547402403846155 0.23194428365384614 0.33841736538461537 0.23587155528846154 0.35165748076923076 0.23319339663461539 0.35445217788461536 0.2308190408653846 0.3534215192307692 0.22740940865384618 0.35606757211538465 0.2187334278846154 0.3548882668269231 0.2090221706730769 0.3519449254807692 0.2050949014423077
2 0.23275731009615383 0.26835617548076923 0.23290595192307692 0.2746577980769231 0.23584929326923076 0.27858506730769234 0.24350001442307695 0.28065562019230766 0.24820739423076923 0.27879890384615386 0.2510020889423077 0.27642455048076925 0.2554121802884616 0.26196458173076925 0.25438151923076924 0.25855494951923075 0.24290543990384617 0.2554491225961538 0.23731604326923075 0.2601978341346154 0.23275731009615383 0.26835617548076923
2 0.24556822596153843 0.16691355288461537 0.23217946634615386 0.16329008653846153 0.22938476923076923 0.16566443990384616 0.22497468028846154 0.18012440625 0.22140433653846153 0.18724161298076922 0.22106120432692308 0.1925147644230769 0.2304764110576923 0.19736078365384616 0.23410199038461538 0.20450946634615383 0.2388093701923077 0.20265274759615387 0.24404782211538462 0.18608772596153844 0.24771878365384614 0.17405124759615387 0.24807916586538464 0.16954978605769233 0.24556822596153843 0.16691355288461537
2 0.17332774278846155 0.13138992548076922 0.1480268173076923 0.1464575 0.1427347067307692 0.16380945913461537 0.14288335096153845 0.17011108413461537 0.14582669230769232 0.17403835336538462 0.1618615048076923 0.16898583894230768 0.16362554326923076 0.16320185336538462 0.17200963701923078 0.15607878846153847 0.17495297596153847 0.16000605769230772 0.1786296923076923 0.15473970913461538 0.18200912259615384 0.13687011057692308 0.18097846153846156 0.1334604783653846 0.17332774278846155 0.13138992548076922
2 0.112879625 0.2217936298076923 0.11508959134615385 0.23491451682692308 0.12465299278846155 0.23750270913461538 0.12744769230769232 0.23512835336538462 0.13097576201923078 0.22356037740384613 0.13141185096153846 0.20176350961538464 0.12376113221153846 0.19969295673076923 0.11537703605769231 0.20681602403846153 0.11552568269230769 0.21311764903846153 0.112879625 0.2217936298076923
2 0.1934814543269231 0.19444281490384616 0.19068675721153847 0.19681717067307694 0.18804070192307692 0.2054931514423077 0.1884473341346154 0.21640723798076925 0.18936864903846157 0.22150603365384616 0.1970193701923077 0.22357658653846152 0.20172675 0.22171986778846156 0.2043728028846154 0.21304388701923077 0.20620174278846154 0.20735260096153846 0.2061368389423077 0.2072599014423077 0.20878289423076923 0.19858392067307692 0.1934814543269231 0.19444281490384616
2 0.7723253149038461 0.4240528822115385 0.7743866394230768 0.4308721466346154 0.7782119975961539 0.4319074206730769 0.7810066971153845 0.4295330673076923 0.7886574158653846 0.4316036177884615 0.792343108173077 0.4220850793269231 0.7948315432692308 0.41135966346153846 0.7852681442307692 0.40877147355769233 0.7749713701923077 0.4153769014423077 0.7723253149038461 0.4240528822115385
2 0.7578452524038461 0.4418423341346154 0.7617314350961538 0.44070258173076926 0.7662293461538462 0.434719266826923 0.7688754038461538 0.42604328605769226 0.7678447403846154 0.4226336538461538 0.7601940216346155 0.4205631033653846 0.7565173028846155 0.4258294519230769 0.7549019110576923 0.4379150625 0.7578452524038461 0.4418423341346154
2 0.7134543245192309 0.42807540384615383 0.709044233173077 0.4425353725961539 0.7093415216346154 0.4551386225961539 0.7150795576923077 0.4566915360576923 0.7162588653846154 0.4664027932692308 0.7200842235576924 0.46743806971153845 0.7244943173076923 0.45297810096153845 0.7214023317307692 0.44274920673076923 0.7230177259615385 0.43066359375 0.7162490240384615 0.42570104807692305 0.7134543245192309 0.42807540384615383