1 0.6160037379807692 0.6430262572115384 0.6075809711538461 0.6277141778846154 0.5275441971153846 0.6366513341346154 0.49094280288461534 0.6650426971153846 0.4922717235576923 0.6979213653846154 0.5172727620192308 0.7192849014423076 0.5562647451923077 0.7320781658653845 0.5995664879807692 0.7392460216346154 0.6343118293269231 0.7188154423076922 0.6390150937500001 0.6600642259615385 0.6339740552884615 0.6431071274038461 0.6160037379807692 0.6430262572115384
1 0.42536098076923073 0.6634193846153846 0.4302683894230769 0.6680901322115385 0.44777468990384617 0.6701611947115385 0.45254846394230774 0.6625455889423078 0.4471770456730769 0.6598650360576923 0.4402799495192308 0.6508687211538462 0.43444451682692303 0.6501783677884615 0.4272170408653846 0.6554586009615384 0.42536098076923073 0.6634193846153846
1 0.5073095432692308 0.5176873221153846 0.5059175 0.5236579110576923 0.5025357692307693 0.5253029302884615 0.5094328629807692 0.5342992451923076 0.5089688485576923 0.5362894423076923 0.5266087836538461 0.5506468581730769 0.5373516201923076 0.5560079591346153 0.551940204326923 0.5577338461538461 0.5582396538461538 0.5564340048076923 0.5600957115384616 0.5484732211538461 0.5576420072115384 0.5461378461538462 0.5613541225961538 0.5302162788461539 0.5647358557692308 0.5285712596153846 0.5661278966346154 0.5226006706730769 0.5815108774038461 0.5080598125 0.5795211899038462 0.5037342427884616 0.5561794543269231 0.5009728245192308 0.5527977211538462 0.50261784375 0.5440445745192307 0.5015823100961538 0.5314456754807693 0.5041819951923077 0.5111552884615385 0.5140521081730769 0.5073095432692308 0.5176873221153846
1 0.5056155600961538 0.6161911778846154 0.5096395096153846 0.607239358173077 0.5140870961538462 0.59070946875 0.49997687740384616 0.5889379182692308 0.5062754663461538 0.5731362379807693 0.5138341826923077 0.568081295673077 0.5060090625 0.5630653725961539 0.47928559375 0.5619489735576922 0.46379903846153847 0.5612068846153846 0.44977803846153847 0.57277375 0.4430838221153846 0.5810906322115384 0.4412921514423077 0.5963109230769231 0.4584680721153846 0.6126585384615384 0.4925526466346154 0.6207810552884615 0.5056155600961538 0.6161911778846154
1 0.5470180216346153 0.3730933677884615 0.5577608605769231 0.37845446875 0.5811025961538461 0.3812158846153846 0.5824946394230769 0.3752452980769231 0.5745358870192308 0.3579430192307692 0.5879291802884615 0.3390765913461538 0.5893212235576922 0.3331060048076923 0.5868675192307692 0.33077062980769234 0.5834857908653845 0.33241564903846155 0.568897204326923 0.3306897620192308 0.5587520120192307 0.33562481971153846 0.5495348461538462 0.33657948317307695 0.5423073677884616 0.34185971875 0.537997608173077 0.3474851298076923 0.5356775384615384 0.3574361081730769 0.5372032115384615 0.3637518725961538 0.5470180216346153 0.3730933677884615
1 0.3612826706730769 0.39815724038461536 0.3496118028846154 0.39677653365384613 0.3403946370192308 0.3977311971153846 0.3302494423076923 0.4026662524038462 0.3259396802884615 0.4082916658653846 0.32454763942307696 0.4142622524038462 0.32806300240384617 0.42490358653846155 0.33051670432692304 0.42723895913461535 0.34218757211538464 0.4286196706730769 0.37262315625000003 0.41381449759615385 0.3740151995192308 0.40784391105769235 0.3612826706730769 0.39815724038461536
1 0.38003999519230774 0.2919864975961538 0.3698948004807692 0.2969215528846154 0.3617392956730769 0.3061821778846154 0.3598832379807692 0.3141429639423077 0.36187292548076927 0.31846853125 0.3741414399038462 0.3301453990384615 0.3945654591346154 0.3325616394230769 0.39794718990384614 0.3309166201923077 0.40670034374999997 0.3319521514423077 0.41346380528846155 0.3286621153846154 0.41638152163461534 0.3290072908653846 0.4231449807692308 0.3257172548076923 0.42360899759615384 0.3237270600961538 0.4153198605769231 0.32070133173076926 0.41041245673076926 0.31603058413461543 0.4108764711538461 0.31404038942307694 0.4030513485576923 0.3090244663461539 0.40106166105769236 0.30469889423076923 0.39814394230769234 0.30435371875 0.39171086298076924 0.2933672043269231 0.38003999519230774 0.2919864975961538
1 0.32222017788461543 0.33422836538461537 0.33972648076923073 0.3362994278846154 0.3460259302884615 0.3349995865384615 0.34695395673076923 0.3310191971153846 0.34111852403846155 0.33032884134615387 0.3386648197115385 0.32799346874999996 0.3400568629807692 0.32202287980769234 0.3376031610576923 0.3196875072115385 0.3476147235576923 0.3024660985576923 0.3311114254807693 0.30178982932692305 0.3168525673076923 0.3068926514423077 0.31227173798076924 0.31260051923076926 0.30902363701923075 0.32653189182692305 0.31194135096153847 0.32687706971153846 0.31684875961538467 0.33154781490384616 0.32222017788461543 0.33422836538461537
1 0.34582917788461537 0.3615624903846154 0.3472212211538462 0.3555919014423077 0.344767516826923 0.35325652884615383 0.3480156177884615 0.33932515865384616 0.33050931490384616 0.33725409375000004 0.3208281346153846 0.34019895432692304 0.31698238942307694 0.34383416826923074 0.31466231971153846 0.35378514903846153 0.32155941105769226 0.3627814663461538 0.3298485504807692 0.3658071923076923 0.34151941586538465 0.36718790144230773 0.34828287980769235 0.3638978653846153 0.34582917788461537 0.3615624903846154
1 0.3657817908653846 0.27598406009615384 0.37407093028846156 0.27900978846153845 0.3808343918269231 0.27571975240384616 0.3865361947115385 0.2641237524038461 0.38162878846153847 0.2594530048076923 0.3728756394230769 0.25841747355769235 0.3622664302884615 0.26534272596153846 0.3613384014423077 0.2693231177884615 0.3657817908653846 0.27598406009615384
1 0.3727934711538462 0.2817626899038462 0.3677714807692307 0.2803096322115385 0.36147203125 0.28160947115384616 0.35809030048076923 0.28325449278846154 0.35577023076923076 0.29320547115384615 0.3582239326923077 0.29554084375 0.3669770817307692 0.2965763774038461 0.3805040096153846 0.28999630048076924 0.38143203846153845 0.2860159086538462 0.3789783341346154 0.28368053605769233 0.3727934711538462 0.2817626899038462
1 0.3016773076923077 0.49949550480769234 0.3044613918269231 0.48755432692307693 0.30550556490384617 0.48317865625 0.30386374759615387 0.4772581706730769 0.3018740576923077 0.47293260096153844 0.2965026394230769 0.47025205048076923 0.2780683076923077 0.4721613774038461 0.2708408317307692 0.47744161298076926 0.26832500240384616 0.48082514182692304 0.2680567451923077 0.48938278846153843 0.2754178533653846 0.4963889086538461 0.2837069903846154 0.4994146346153846 0.2944990625 0.5002823629807692 0.3016773076923077 0.49949550480769234
1 0.3125463894230769 0.42715809134615385 0.3106903317307692 0.435118875 0.3126800192307692 0.4394444471153846 0.32004112740384616 0.44645056490384616 0.32879427884615386 0.44748609615384616 0.3327062932692308 0.4449426201923077 0.34139317548076925 0.44488641346153845 0.3437132451923077 0.43493543509615384 0.3388058413461538 0.43026468749999996 0.3125463894230769 0.42715809134615385