1 0.6268623076923077 0.5486001153846154 0.6189962956730769 0.5516451250000001 0.591148 0.5556419086538461 0.5941614495192308 0.5768611658653846 0.5962865817307692 0.5794302932692308 0.6085297548076923 0.5841878413461539 0.6104010817307692 0.581428360576923 0.6183939951923076 0.5810476538461539 0.6278775288461538 0.5699145528846153 0.6296219519230769 0.5644907668269231 0.6273699182692307 0.5592573317307692 0.6268623076923077 0.5486001153846154
1 0.5502004254807692 0.5789550528846154 0.5518179447115384 0.5708669639423077 0.5508027259615385 0.5495525288461539 0.5486775985576923 0.5469833990384616 0.5233351394230769 0.5615422211538461 0.5214638149038462 0.5643016995192307 0.5034797572115385 0.5651582932692307 0.5059855961538461 0.5757203341346154 0.5102358581730769 0.5808585889423077 0.5103627596153847 0.5835228966346153 0.5167381514423077 0.5912302788461539 0.5249848701923077 0.5961781802884615 0.5388455673076923 0.5928476370192308 0.5427151201923077 0.5899929807692308 0.5502004254807692 0.5789550528846154
1 0.45203342788461537 0.5782901081730769 0.45403165625 0.5781949302884615 0.45577607932692304 0.5727711442307692 0.45726669951923077 0.56201875 0.45650528605769225 0.5460329230769231 0.4543801538461538 0.5434637956730769 0.4383943269230769 0.5442252091346154 0.43652300240384617 0.5469846923076923 0.42253540384615385 0.5476509302884616 0.4206640769230769 0.5504104086538462 0.42129858894230765 0.5637319326923077 0.42342371875 0.5663010600961539 0.42380442788461536 0.5742939735576923 0.43017981971153846 0.5820013557692307 0.43630140625 0.5843801274038462 0.44829077644230775 0.5838090697115385 0.45203342788461537 0.5782901081730769
1 0.4631344831730769 0.5590689158653845 0.4653865144230769 0.5643023485576923 0.47388703846153846 0.5745788581730769 0.47801039903846154 0.5770528100961538 0.4858764086538461 0.574007798076923 0.48961906009615386 0.5684888341346154 0.48923835576923075 0.560495920673077 0.4826091586538462 0.5474599302884615 0.4627537764423077 0.551076 0.4631344831730769 0.5590689158653845
1 0.4999586995192308 0.5332818149038462 0.48384597115384614 0.5313789254807693 0.48197464663461537 0.53413840625 0.4822284495192308 0.5394670168269231 0.48923835576923075 0.560495920673077 0.4956137451923077 0.5682033052884615 0.5016084326923077 0.5679177740384616 0.5012277235576923 0.5599248629807693 0.5030990504807693 0.5571653798076923 0.502210733173077 0.5385152475961539 0.4999586995192308 0.5332818149038462
2 0.39163758173076924 0.1512406153846154 0.37102078605769234 0.13887086057692308 0.36489919711538465 0.1364920841346154 0.3549080576923077 0.13696796875 0.3512923076923077 0.14515123557692308 0.3725436129807692 0.17084251442307694 0.37654006971153847 0.1706521610576923 0.37841139663461537 0.16789268028846155 0.3943972259615384 0.16713126682692309 0.3962685504807692 0.16437178605769232 0.39588784375 0.1563788701923077 0.39163758173076924 0.1512406153846154
2 0.6110942067307692 0.17550230528846156 0.6119825216346154 0.1941524375 0.6161058822115385 0.19662638942307692 0.6260970264423077 0.1961505048076923 0.6279683509615384 0.19339102403846153 0.6297127740384615 0.18796723798076925 0.6292051658653846 0.17731001923076925 0.6249549038461539 0.1721717644230769 0.61296553125 0.17274282451923076 0.6110942067307692 0.17550230528846156
2 0.5965043052884615 0.20557106971153846 0.5983756322115384 0.2028115889423077 0.5981218269230769 0.19748297836538461 0.5918733365384615 0.19243989903846154 0.5796301610576923 0.1876823533653846 0.5716372475961539 0.1880630625 0.5695121177884616 0.18549393028846153 0.5635174326923077 0.18577946153846153 0.5596478774038461 0.18863412019230769 0.5599016826923077 0.1939627283653846 0.5746506971153846 0.20928231730769228 0.5786471514423077 0.2090919639423077 0.5823898052884615 0.2035730048076923 0.5865131634615385 0.20604695432692305 0.5965043052884615 0.20557106971153846
2 0.529102423076923 0.09395645673076923 0.5284679110576923 0.08063493269230769 0.5134650961538462 0.05998673317307693 0.5073435072115384 0.057607961538461545 0.49935059375 0.05798866586538461 0.49722546394230765 0.055419540865384614 0.48935945192307695 0.05846455048076923 0.4876150288461538 0.06388833653846154 0.4897401586538462 0.0664574639423077 0.49012086538461536 0.0744503798076923 0.49462493028846155 0.08491724278846154 0.5032523557692308 0.09785805769230768 0.5272310985576923 0.09671593749999999 0.529102423076923 0.09395645673076923
2 0.4877741394230769 0.10927668990384615 0.49177059615384616 0.10908633653846155 0.49364192067307694 0.10632685576923076 0.49338811778846153 0.1009982451923077 0.48913785576923074 0.09585999278846155 0.46103575721153844 0.09452815865384616 0.458910625 0.09195903365384615 0.43892834375 0.09291080048076925 0.4350587860576923 0.09576545673076924 0.4356932980769231 0.10908698076923076 0.4399435600961539 0.11422523798076924 0.45618319230769233 0.11879243028846154 0.46017964903846154 0.11860207692307692 0.4736596394230769 0.10727862499999999 0.4856490072115385 0.1067075625 0.4877741394230769 0.10927668990384615
2 0.426209766826923 0.1202200841346154 0.42046888701923074 0.12583422115384615 0.4221186153846154 0.16047018028846155 0.42424374759615385 0.16303931009615386 0.42611507451923075 0.1602798269230769 0.43810444230769235 0.15970876682692306 0.4402295745192308 0.1622778966346154 0.4421009014423077 0.15951841346153847 0.44070497355769234 0.13021106490384615 0.43632781009615385 0.12240850721153847 0.426209766826923 0.1202200841346154