1 0.6731996346153846 0.3457092956730769 0.6620540168269231 0.3566186442307692 0.6608138413461538 0.3897233701923077 0.6989922740384615 0.3907313798076923 0.6888569639423078 0.3503832211538462 0.6731996346153846 0.3457092956730769
2 0.7414740384615384 0.7577853774038462 0.7515077644230769 0.7376944158653846 0.7361444423076923 0.7300301033653847 0.7320924663461538 0.7507523870192307 0.7414740384615384 0.7577853774038462
2 0.7745527427884615 0.7491908894230769 0.7995916394230769 0.7608978052884615 0.7882802956730769 0.7325112067307693 0.7763167932692308 0.7312485528846153 0.7745527427884615 0.7491908894230769
2 0.40069068750000003 0.9454034927884615 0.44942672115384613 0.9414829326923078 0.43095759375 0.9244265649038461 0.4021607307692308 0.9304515432692307 0.40069068750000003 0.9454034927884615
2 0.26529675240384615 0.8676639302884616 0.2424816394230769 0.8743202355769231 0.24241749759615386 0.8954634062500001 0.2862836730769231 0.9000931298076923 0.2857597980769231 0.8849307403846154 0.26529675240384615 0.8676639302884616
1 0.14755927403846153 0.32346777884615385 0.14350729807692308 0.3441900649038461 0.1663224110576923 0.33753375721153844 0.18966139903846152 0.34603984134615384 0.19652517548076925 0.3376999975961539 0.19318949759615386 0.3101551658653846 0.17560239423076923 0.2841276274038461 0.14755927403846153 0.32346777884615385
2 0.24568903125 0.9441514086538461 0.23977142307692306 0.9223769134615385 0.20956865865384613 0.9222106706730769 0.20381677403846155 0.9397321274038462 0.24568903125 0.9441514086538461
2 0.4766519591346154 0.8899707788461538 0.4796561850961538 0.8389237139423076 0.46141692548076924 0.8400201225961539 0.45700679807692307 0.8848759711538462 0.4766519591346154 0.8899707788461538
2 0.09323186778846154 0.8555466971153846 0.09329600961538462 0.8344035264423078 0.07136292307692307 0.8320886658653847 0.07241067307692307 0.8624134471153847 0.09323186778846154 0.8555466971153846
2 0.1469019014423077 0.8219326826923077 0.12268088942307692 0.8223977668269231 0.11611112259615385 0.82774721875 0.12490467307692307 0.8407609879807693 0.15481343028846156 0.8439176177884615 0.1469019014423077 0.8219326826923077
2 0.6369083245192309 0.7558135625000001 0.6309265721153847 0.7551822379807693 0.6166751466346153 0.75669953125 0.6163169951923078 0.7808330913461539 0.6350801322115385 0.7948990697115386 0.6369083245192309 0.7558135625000001
2 0.6836504399038461 0.7516825576923077 0.670575045673077 0.7412382956730769 0.6603114543269231 0.7431764759615385 0.6584832620192308 0.7822619831730768 0.6974795793269231 0.7954419927884615 0.6836504399038461 0.7516825576923077