1 0.606 0.16816816826923078 0.6 0.11711711778846154 0.5780000000000001 0.07507507451923078 0.55 0.0630630625 0.522 0.07507507451923078 0.5 0.10210210096153846 0.486 0.1651651658653846 0.49 0.18018018028846153 0.5225000000000001 0.15915915865384617 0.606 0.16816816826923078
1 0.182 0.37837837740384617 0.184 0.38138138221153844 0.192 0.38138138221153844 0.196 0.37837837740384617 0.19799999999999998 0.3663663653846154 0.19 0.35435435336538457 0.182 0.35435435336538457 0.178 0.35735735817307696 0.174 0.3633633629807692 0.174 0.375375375 0.176 0.37837837740384617 0.182 0.37837837740384617
1 0.286 0.3953303293269231 0.28800000000000003 0.3923273269230769 0.28800000000000003 0.37731231249999997 0.286 0.37130630528846154 0.27799999999999997 0.37130630528846154 0.27399999999999997 0.37731231249999997 0.27399999999999997 0.3923273269230769 0.276 0.3953303293269231 0.286 0.3953303293269231
3 0.628 0.954954954326923 0.612 0.9339339350961539 0.612 0.9009009014423076 0.642 0.8468468461538462 0.6880000000000001 0.8948948942307692 0.7260000000000001 0.8468468461538462 0.736 0.8198198197115385 0.7420000000000001 0.7387387379807693 0.764 0.6666666658653846 0.764 0.6006006009615384 0.73 0.42642642548076926 0.712 0.37837837740384617 0.6859999999999999 0.3423423413461538 0.644 0.3153153149038461 0.604 0.25225225240384613 0.6 0.3303303293269231 0.562 0.42942943028846153 0.5399999999999999 0.5555555552884616 0.532 0.8468468461538462 0.544 0.9969969975961538 0.56 0.9969969975961538 0.628 0.954954954326923
3 0.456 0.7237237235576923 0.44999999999999996 0.8288288293269231 0.462 0.9699699711538461 0.49 0.8018018028846154 0.494 0.6576576586538461 0.484 0.6156156153846154 0.492 0.6066066057692308 0.492 0.5135135144230769 0.506 0.4174174182692308 0.506 0.3693693701923077 0.486 0.3393393389423077 0.498 0.3303303293269231 0.508 0.29129129086538463 0.456 0.33333333413461536 0.448 0.3693693701923077 0.41800000000000004 0.42642642548076926 0.40599999999999997 0.5045045048076923 0.398 0.5675675673076923 0.4 0.6516516514423076 0.414 0.6966966971153846 0.456 0.7237237235576923
3 0.186 0.4864864855769231 0.188 0.48948949038461537 0.192 0.4774774783653846 0.192 0.46246246153846154 0.19399999999999998 0.4594594591346154 0.19399999999999998 0.43543543509615384 0.192 0.43243243269230774 0.192 0.40840840865384614 0.186 0.3903903894230769 0.16999999999999998 0.3903903894230769 0.168 0.39339339423076924 0.168 0.3963963966346154 0.164 0.40240240144230766 0.156 0.4384384375 0.15399999999999997 0.4774774783653846 0.156 0.4804804807692308 0.176 0.4864864855769231 0.186 0.4864864855769231
3 0.296 0.4774774783653846 0.296 0.46846846875 0.298 0.4654654663461538 0.296 0.46246246153846154 0.294 0.4144144134615385 0.28800000000000003 0.4234234230769231 0.29 0.48348348317307693 0.292 0.48348348317307693 0.296 0.4774774783653846
3 0.266 0.4804804807692308 0.27399999999999997 0.4774774783653846 0.276 0.43543543509615384 0.276 0.4204204206730769 0.27399999999999997 0.40840840865384614 0.268 0.4114114110576923 0.266 0.4534534543269231 0.268 0.4594594591346154 0.268 0.47447447355769234 0.266 0.4804804807692308
0 0.17374799999999999 0.5011321322115385 0.17657799999999998 0.48916816826923076 0.174006 0.48183483413461536 0.169118 0.47874774759615385 0.167576 0.4903273269230769 0.168862 0.50421921875 0.17374799999999999 0.5011321322115385
0 0.207952 0.48850750721153846 0.20357999999999998 0.4792462451923077 0.197152 0.4834894903846154 0.19972199999999998 0.5004714711538462 0.207696 0.5039429423076923 0.207952 0.48850750721153846
2 0.181206 0.601732733173077 0.16864929086538463 0.60439015625 0.168604 0.6044354350961538 0.16706200000000002 0.6152402403846154 0.177092 0.6179429423076923 0.19226400000000002 0.6152402403846154 0.189178 0.6082942932692308 0.181206 0.601732733173077
2 0.205638 0.61446846875 0.208466 0.6052072067307692 0.20178 0.6005765769230769 0.195608 0.5971021009615385 0.189692 0.6032762764423076 0.187378 0.6059789783653846 0.192522 0.61446846875 0.205638 0.61446846875
2 0.271398 0.5870690697115385 0.262352 0.5878888894230769 0.26162399999999997 0.6013483485576923 0.270112 0.601732733173077 0.27216999999999997 0.5990330336538462 0.271398 0.5870690697115385