1 0.34625945673076924 0.9015591995192308 0.3675851081730769 0.8960795528846154 0.37741570913461536 0.87531975 0.37713562259615385 0.8333136634615385 0.36350640144230767 0.7969818149038462 0.34218075240384616 0.8024614663461538 0.30687140625000003 0.8465992788461538 0.31529284375 0.8708042956730769 0.34625945673076924 0.9015591995192308
1 0.7285062884615384 0.6888881754807692 0.7347687572115384 0.731040201923077 0.7560696105769231 0.7645592572115384 0.8034589711538461 0.7807150649038461 0.8300171995192307 0.7483635480769231 0.8371038629807692 0.7005372836538462 0.8269931826923076 0.6792910048076923 0.7569186033653845 0.6355822644230769 0.7099741658653845 0.6434368846153846 0.7285062884615384 0.6888881754807692
1 0.4664104182692308 0.5954958221153845 0.4550554110576923 0.6012187091346154 0.47863047596153846 0.6767924903846154 0.5154394302884615 0.6866902980769231 0.5323318990384616 0.6571029278846154 0.5272889567307693 0.6269804375000001 0.4664104182692308 0.5954958221153845
3 0.33838213221153846 0.7453698100961539 0.3344186730769231 0.7062738173076923 0.3178806778846154 0.660871170673077 0.2697663076923077 0.5786988485576923 0.2507148725961538 0.6262332283653845 0.26523393990384614 0.7105859278846154 0.26044628365384614 0.7614682235576923 0.25260981490384615 0.7822766754807693 0.2352724230769231 0.7878536201923076 0.28557055528846154 0.8130802307692307 0.27656415144230767 0.7438617427884615 0.29882924278846157 0.7084055480769231 0.3193802884615385 0.7149067908653847 0.3238134711538461 0.7390145096153845 0.33838213221153846 0.7453698100961539
3 0.20874772836538463 0.5262111923076923 0.19753276201923078 0.5529371177884616 0.14812447836538462 0.5757313605769231 0.14197725480769233 0.5935810793269231 0.19006682451923076 0.7147520985576924 0.20447064903846154 0.7391030576923078 0.2101481514423077 0.7362416129807693 0.20191635096153845 0.6550422403846153 0.23159778365384615 0.5357684639423077 0.2283841298076923 0.52369028125 0.20874772836538463 0.5262111923076923
3 0.9027379423076923 0.2491465168269231 0.8567081490384615 0.2660232860576923 0.8290456418269231 0.3463470096153846 0.8015727692307693 0.3696763725961538 0.8296306081730769 0.39136047596153845 0.8598226177884616 0.4340962716346154 0.8993507091346153 0.5100592355769231 0.9076073076923077 0.5522599086538462 0.9296419086538462 0.3968002283653846 0.9175618942307693 0.3365066033653846 0.9212700649038462 0.2945978100961538 0.9027379423076923 0.2491465168269231
3 0.7907531322115384 0.49841012740384616 0.7525598125 0.49447844230769233 0.7697075673076923 0.5458958557692308 0.8349944903846154 0.6404868966346153 0.8871715072115385 0.6057604086538462 0.8947030985576923 0.5819445721153846 0.8669253413461538 0.6022665528846154 0.8387026634615384 0.5985781057692308 0.814023314903846 0.5709765240384616 0.7907531322115384 0.49841012740384616
3 0.5867918677884615 0.40943592788461536 0.5842127716346154 0.3643738149038462 0.5702786706730769 0.3250345817307692 0.5561549326923078 0.3426897091346154 0.5473790216346154 0.3934747115384616 0.5666113533653846 0.5439412163461539 0.5753624711538461 0.5321549158653845 0.5867918677884615 0.40943592788461536
0 0.6414983846153847 0.49776896153846156 0.6563719278846154 0.5071316466346154 0.701932 0.5052431490384616 0.7040909663461539 0.4872961394230769 0.6872480913461538 0.43888611057692306 0.6611843798076923 0.41725064903846154 0.6321870985576923 0.42554309375 0.6316925841346154 0.4795300673076923 0.6414983846153847 0.49776896153846156
0 0.27915198557692306 0.5339286153846154 0.2865187355769231 0.5281084375 0.29466008653846154 0.5103073677884615 0.29604445432692306 0.50434125 0.2948249254807692 0.49231171153846154 0.2885376610576923 0.48915838701923076 0.2793416201923077 0.4769342596153846 0.2784269759615384 0.46791210576923076 0.27612796875 0.46485607692307696 0.2718348269230769 0.4617513942307693 0.26585244230769234 0.4616054543269231 0.25632672596153844 0.4853726418269231 0.2584608966346154 0.5064243317307692 0.2630589158653846 0.5125363966346154 0.2633637980769231 0.51554378125 0.2771578557692308 0.53387996875 0.27915198557692306 0.5339286153846154
0 0.3457328245192308 0.5235530865384616 0.3445132956730769 0.5115235504807693 0.3416045264423077 0.5024527524038461 0.32980459375 0.48416520913461536 0.32412709134615386 0.48702665144230767 0.3193642307692308 0.4989102451923077 0.3182847475961538 0.5078837524038462 0.3205837572115385 0.5109397836538462 0.32271792788461534 0.5319914735576923 0.32532181971153845 0.538054889423077 0.33191396875 0.5442155985576923 0.3398904831730769 0.5444101899038462 0.34157972836538464 0.541451451923077 0.3457328245192308 0.5235530865384616
2 0.1672094471153846 0.23420303846153848 0.17933906009615383 0.21649926442307693 0.17903417548076922 0.21349187980769233 0.18241267067307693 0.20757440384615386 0.1801136610576923 0.204518375 0.17443615865384615 0.20737981490384616 0.16753912740384613 0.1982117235576923 0.16692936298076924 0.1921969519230769 0.14299982211538462 0.19161318509615383 0.1222839375 0.20310760096153846 0.12089957211538462 0.20907372355769233 0.12441810817307693 0.22415929326923076 0.12901612740384616 0.23027135336538462 0.14206038221153847 0.22158973317307692 0.16153194471153845 0.23706448076923078 0.1672094471153846 0.23420303846153848
2 0.2759718653846154 0.2278564879807692 0.2736728557692308 0.22480045673076926 0.21614801442307693 0.2263970673076923 0.2087812644230769 0.23221724759615384 0.2152085721153846 0.2563736153846154 0.2454253798076923 0.26011071153846155 0.25340189423076925 0.2603053004807692 0.27979528365384615 0.24594943990384616 0.28486302403846153 0.23707323076923076 0.2862473894230769 0.23110710817307692 0.2839483798076923 0.2280510769230769 0.2759718653846154 0.2278564879807692
2 0.48120225 0.25086281971153845 0.4871846370192308 0.2510087620192308 0.49086801201923075 0.24809867307692307 0.48873384134615383 0.22704698317307692 0.4758544254807692 0.2177329471153846 0.47493978125 0.20871079326923075 0.4723358894230769 0.20264737740384617 0.42647093509615386 0.2015284903846154 0.4247816875 0.20448722836538463 0.43167871875 0.2136553221153846 0.43367284615384616 0.21370396634615385 0.4405698774038462 0.2228720625 0.4425640072115385 0.22292071153846155 0.46248049278846154 0.2624058846153846 0.4684628774038462 0.26255182692307694 0.48120225 0.25086281971153845
2 0.6282075817307693 0.17045055288461539 0.6113399110576924 0.16103922355769232 0.6013692692307692 0.1607959855769231 0.59829565625 0.16972084375 0.5998200649038462 0.18475776682692308 0.61560825 0.20314260096153847 0.6215906370192308 0.20328854326923076 0.6238896466346154 0.20634457451923077 0.6534966899038461 0.20406690144230769 0.6568751826923077 0.19814942788461537 0.6565703028846154 0.19514204086538461 0.6282075817307693 0.17045055288461539
0 0.44445894711538464 0.37896415865384614 0.44293454086538464 0.36392723798076926 0.4403306466346154 0.35786381971153847 0.43603750721153844 0.3547591418269231 0.42038936298076923 0.3573773485576923 0.4190049975961539 0.36334347115384613 0.42113917067307693 0.38439516105769234 0.4280361995192308 0.3935632524038462 0.43800684134615386 0.3938064927884615 0.44030585096153846 0.3968625240384615 0.4453735913461539 0.38798631250000004 0.44675795673076923 0.3820201899038462 0.44445894711538464 0.37896415865384614