1 0.2727809855769231 0.5845943966346154 0.29071095192307694 0.5673375961538462 0.29155343028846153 0.530207735576923 0.2411893173076923 0.5414186033653846 0.25029711778846153 0.5817069975961539 0.2727809855769231 0.5845943966346154
1 0.3723603798076923 0.6128042932692307 0.3827701923076923 0.5957101730769231 0.38573644471153845 0.5754032956730769 0.38095277644230774 0.5653854230769231 0.3584689110576923 0.5624980240384615 0.35603878365384617 0.5591768125000001 0.34107506730769227 0.5561267283653846 0.3386449375 0.552805516826923 0.3361382211538461 0.5528597427884615 0.3309716105769231 0.5597190817307692 0.3300525432692308 0.6002243846153846 0.33475962019230765 0.6136176995192307 0.3471400264423077 0.6200974471153846 0.3646870504807692 0.619717858173077 0.3698536634615385 0.6128585192307692 0.3723603798076923 0.6128042932692307
1 0.5347816033653846 0.5215722692307693 0.5353943173076924 0.49456873076923075 0.5329641875 0.4912475168269231 0.48791986538461535 0.4888481634615385 0.4827532548076923 0.49570749759615385 0.48464725721153845 0.5226568100961538 0.4870007980769231 0.5293534639423076 0.4967979014423077 0.5392628846153846 0.5017347475961539 0.5425298725961538 0.5117616153846154 0.5423129639423077 0.5141917427884615 0.5456341778846154 0.5242186105769231 0.5454172692307693 0.5320451201923077 0.5317528197115384 0.5347816033653846 0.5215722692307693
1 0.9402571081730768 0.5397910168269231 0.9530970504807693 0.5260181153846154 0.9533268173076923 0.5158917884615385 0.9559101225961538 0.5124621225961539 0.9565228341346154 0.4854585817307692 0.9518923461538461 0.4686898269230769 0.9469555000000001 0.46542284134615386 0.9269017620192308 0.46585665625 0.9015282307692308 0.47990069711538463 0.8937017211538462 0.49356514423076925 0.8909652379807693 0.5037456947115385 0.8905822932692308 0.5206229086538461 0.9027329350961538 0.5372289831730769 0.9126066274038462 0.5437629567307692 0.9275703413461538 0.5468130384615384 0.9402571081730768 0.5397910168269231
1 0.9751213822115384 0.5491581658653846 0.9778578677884616 0.5389776105769231 0.9754277379807692 0.5356563966346154 0.9756575048076923 0.5255300721153846 0.9732273774038462 0.5222088581730769 0.9606937908653846 0.5224799927884616 0.9583402524038462 0.5157833341346154 0.9427638245192308 0.5397367908653846 0.9325837740384616 0.5467045841346153 0.9324305985576923 0.5534554663461538 0.9421511129807693 0.5667403293269231 0.9470879591346153 0.5700073149038462 0.9621282620192309 0.5696819495192308 0.9672182860576922 0.5661980576923077 0.9751213822115384 0.5491581658653846
0 1 0.1887428846153846 0.9960797596153845 0.1775884110576923 0.9835461730769232 0.1778595456730769 0.9730597692307692 0.19832910336538462 0.9726768245192308 0.21520631490384617 0.9799672115384616 0.2251699591346154 0.9798906201923077 0.22854540384615385 0.9873341826923077 0.2317581610576923 0.9950841033653847 0.22146915625 1 0.21972127644230768 1 0.1887428846153846
2 1 0.033005048076923074 0.9993730865384615 0.03244440625 0.9542521754807692 0.033420492788461535 0.9538692283653846 0.05029770192307692 0.9635897427884615 0.06358256009615385 0.9710333052884615 0.06679532211538462 0.9835668918269231 0.0665241875 0.9861501995192307 0.06309451923076922 0.9986837836538461 0.06282338221153846 1 0.061922490384615385 1 0.033005048076923074
2 0.9174281826923077 0 0.9173407139423078 0.003854918269230769 0.9270612259615384 0.01713978125 0.93215125 0.013655882211538461 0.9446848365384616 0.013384747596153847 0.947344733173077 0.006579634615384615 0.9491133100961539 0 0.9174281826923077 0
2 0.8550030673076924 0 0.8522426514423077 0.0018893822115384614 0.8469994495192308 0.012124161057692307 0.8467696826923077 0.02225048798076923 0.8640869399038462 0.03199722355769231 0.8716070913461539 0.03183454326923077 0.8741903966346154 0.028404872596153843 0.8892307019230768 0.02807951201923077 0.8918905961538461 0.021274399038461535 0.8947036682692308 0.007718403846153846 0.8922735432692307 0.004397189903846154 0.8923733149038462 0 0.8550030673076924 0
2 0.43386919951923075 0 0.4336974399038462 0.0075698605769230765 0.43612756971153843 0.010891076923076922 0.45868802403846154 0.010403033653846153 0.46385463701923074 0.003543694711538462 0.4645900072115384 0 0.43386919951923075 0
2 0.48869204567307695 0.01312775 0.48352543028846157 0.01998708653846154 0.48329566346153846 0.03011341346153846 0.49073922596153846 0.03332617307692308 0.5029664615384616 0.046556807692307696 0.5054731754807692 0.046502579326923074 0.5056263533653846 0.039751694711538464 0.5009192740384616 0.026358384615384613 0.5012256298076923 0.012856612980769231 0.48869204567307695 0.01312775