1 0.8998880216346153 0.3069922740384615 0.9031580889423078 0.3034609783653846 0.9038277139423077 0.29724919471153843 0.9018968990384616 0.28835692307692307 0.8831022427884616 0.2482776923076923 0.8733701033653846 0.23134396634615387 0.86816921875 0.2259829951923077 0.8596722499999999 0.23332919471153846 0.8544193245192309 0.24631996874999998 0.8537236778846153 0.2617076274038462 0.8582289158653846 0.28245625240384614 0.8653606129807693 0.29670949038461536 0.8757623798076923 0.30743143269230766 0.8868337716346153 0.3119415913461539 0.8901038389423076 0.30841029567307693 0.8998880216346153 0.3069922740384615
1 0.8627601730769231 0.29402900721153846 0.8438354134615385 0.29982913461538463 0.8457662307692307 0.30872140625 0.8574552067307692 0.3253715264423077 0.8639693221153847 0.3274848028846154 0.8776671730769231 0.3254995745192308 0.882894079326923 0.32168467307692306 0.8855205384615386 0.31518928365384613 0.8848769350961538 0.3122251971153846 0.8712051009615384 0.3050345504807692 0.8627601730769231 0.29402900721153846
1 0.8191962692307692 0.25142484375 0.8172134158653847 0.2608843221153846 0.8223882764423076 0.27542116346153844 0.8327900432692308 0.2861431057692308 0.8386605528846154 0.2852922932692308 0.8399998028846153 0.27286872596153844 0.8341813341346154 0.25536779567307694 0.8315808942307693 0.2526873076923077 0.823753548076923 0.25382172355769234 0.8191962692307692 0.25142484375
1 0.7884264134615384 0.2956300889423077 0.7910268557692308 0.29831057451923076 0.7949405264423077 0.29774336778846155 0.7962537572115385 0.2944956706730769 0.7930357307692308 0.27967522596153843 0.7904352908653846 0.27699474038461536 0.7865216177884615 0.2775619495192308 0.7852083870192307 0.2808096418269231 0.7884264134615384 0.2956300889423077
1 0.7896355625000001 0.3290858870192308 0.7929316490384615 0.31637871394230765 0.7910008341346154 0.3074864471153846 0.7916704591346153 0.30127466346153847 0.7851823677884616 0.2899855120192308 0.7773550216346153 0.29111993028846156 0.7760417908653847 0.29436762499999997 0.7682144447115384 0.29550203846153844 0.7669012139423077 0.2987497355769231 0.7532033605769232 0.3007349639423077 0.7564213846153846 0.3155554110576923 0.7635530841346154 0.3298086490384616 0.76875396875 0.33516962259615385 0.7752680841346155 0.33728289903846154 0.7830954254807693 0.3361484807692308 0.7896355625000001 0.3290858870192308
1 0.5549453100961539 0.3172390144230769 0.5490748004807693 0.3180898269230769 0.5457752091346154 0.31869644471153846 0.5432042908653846 0.31894063701923075 0.5431782692307693 0.3281165096153846 0.5475918149038461 0.3411922043269231 0.553554014423077 0.3480143269230769 0.5620249663461538 0.3498439975961538 0.5646514278846154 0.34334861057692306 0.5646774495192308 0.33417273798076924 0.5601461923076922 0.3225999831730769 0.5549453100961539 0.3172390144230769
1 0.5202704158653846 0.32263743990384613 0.51816159375 0.32110559375 0.5124451514423077 0.32303778605769234 0.5090210168269231 0.3254877067307692 0.5109518341346153 0.33437997355769233 0.5180835312500001 0.34863321153846155 0.527224108173077 0.3442511009615385 0.5292069663461538 0.334791625 0.5276065096153846 0.3296517860576923 0.5238668317307693 0.32358375 0.5202704158653846 0.32263743990384613
1 0.4655484230769231 0.3424247644230769 0.4706972644230769 0.36613747836538457 0.4739413125 0.3717820528846154 0.48434307932692305 0.38250399519230766 0.4986845360576923 0.38348285817307687 0.5052246730769231 0.3764202620192308 0.5078511346153847 0.369924875 0.5092164086538461 0.3483254375 0.4707753269230769 0.3386098629807692 0.46686165384615386 0.33917707211538467 0.4655484230769231 0.3424247644230769
1 0.4112705096153846 0.3992091322115385 0.41194013461538465 0.3929973485576923 0.40872210817307697 0.3781768990384615 0.38719691105769233 0.3812965456730769 0.37808235576923077 0.37650278365384615 0.3682981730769231 0.3779208028846154 0.37280340865384615 0.3986694278846154 0.3766910600961539 0.40727809374999996 0.37993510817307696 0.4129226682692308 0.3818919447115385 0.4126390673076923 0.38709282692307695 0.4180000360576923 0.39360694230769233 0.42011331249999995 0.4014342884615385 0.4189788990384615 0.40470435576923075 0.41544760096153843 0.4112705096153846 0.3992091322115385
1 0.44270999278846157 0.34879210096153845 0.44350982932692307 0.35805312740384615 0.446571625 0.3665766394230769 0.4491720673076923 0.36925712499999996 0.4550425769230769 0.3684063125 0.4591464278846154 0.36239388701923075 0.46029549999999997 0.3554155384615385 0.4528671658653846 0.3505791802884615 0.4492784302884615 0.346693625 0.44270999278846157 0.34879210096153845
1 0.23503381250000002 0.40846450240384613 0.22019619951923078 0.41161467548076924 0.21563892067307694 0.4092177956730769 0.20523715625 0.39849585336538457 0.21041201682692307 0.41303269711538465 0.2214573894230769 0.42671872836538466 0.2316650096153846 0.42818969951923075 0.24102575240384613 0.42388268749999997 0.24233898317307692 0.42063499278846156 0.2436782331730769 0.4082114278846154 0.24046020673076923 0.39339098076923074 0.23503381250000002 0.40846450240384613
1 0.16939651682692308 0.3914607644230769 0.16677005288461538 0.39795615144230767 0.1706316875 0.41574068990384616 0.17647617548076924 0.42406574999999996 0.18103345192307693 0.42646262980769234 0.1908176346153846 0.42504461057692305 0.19540093269230768 0.41826562019230773 0.19475732451923078 0.41530152884615384 0.19738378846153845 0.4088061442307692 0.1954529735576923 0.399913875 0.16939651682692308 0.3914607644230769
1 0.1615691706730769 0.3925951802884615 0.1641956322115385 0.3860997932692308 0.16615246875 0.3858161899038462 0.16682209615384616 0.37960440625 0.16489127884615387 0.3707121370192308 0.1662045096153846 0.36746444471153844 0.16164723317307692 0.36506756250000005 0.1564203293269231 0.36888246634615385 0.15381988701923077 0.3662019783653846 0.12580659375 0.3580324759615384 0.1206057139423077 0.35267150240384615 0.11213475961538462 0.35084182932692304 0.11857081490384616 0.3804827235576923 0.12245846634615386 0.3890913894230769 0.13481706971153845 0.3995297283653846 0.14133118269230768 0.4016430048076923 0.15307219951923076 0.39994137980769234 0.1615691706730769 0.3925951802884615
1 0.05554203365384615 0.44102711057692306 0.02595621875 0.43801118749999995 0.027835766826923077 0.4697285649038462 0.038496050480769234 0.4740712524038461 0.054150740384615384 0.47180242067307687 0.05546397115384615 0.46855472596153847 0.0594296875 0.44963577403846156 0.058142475961538466 0.44370759615384614 0.05554203365384615 0.44102711057692306