1 0.3608748677884615 0.753385310096154 0.3668707067307692 0.7513356370192308 0.3668548004807692 0.7493337259615385 0.3547040721153846 0.7334139591346154 0.35456093028846153 0.7153967596153846 0.35755089663461537 0.71337096875 0.35751908653846154 0.7093671442307692 0.3514914375 0.707412997596154 0.33949975721153847 0.7115123437499999 0.3245499206730769 0.7216413052884616 0.32157585576923076 0.7256690072115385 0.32168718749999997 0.7396823870192308 0.32776255288461537 0.7476422692307693 0.3307684254807692 0.7476183894230769 0.3368119807692308 0.7515744471153846 0.3608748677884615 0.753385310096154
1 0.3693199110576923 0.6812448653846155 0.3662186081730769 0.6692572788461538 0.3631968317307692 0.66727925 0.34813565865384616 0.6633948341346154 0.3390703269230769 0.6574607427884616 0.33005270673076925 0.6575323870192308 0.32706274038461536 0.6595581802884615 0.3240886778846154 0.6635858822115386 0.32416820192307694 0.6735954375000001 0.3272217884615385 0.6795772884615385 0.33326534375 0.6835333509615384 0.3422988653846154 0.6854636177884615 0.36033410336538463 0.6853203293269231 0.3693199110576923 0.6812448653846155
1 0.3751248942307692 0.6551722596153847 0.3750135576923077 0.6411588798076924 0.3780035264423077 0.6391330889423077 0.37797171634615384 0.6351292644230769 0.3749499399038462 0.6331512355769231 0.36593231971153845 0.6332228774038462 0.3629105456730769 0.6312448485576923 0.3599205769230769 0.6332706394230769 0.3509029591346154 0.6333422836538461 0.3449230216346154 0.6373938677884615 0.3419171514423077 0.6374177499999999 0.3359690264423077 0.64547315625 0.3390703269230769 0.6574607427884616 0.35114153124999997 0.6633709519230769 0.3661708942307692 0.663251545673077 0.3751248942307692 0.6551722596153847
1 0.36569375000000004 0.6031942091346154 0.3626560673076923 0.5992142716346154 0.36254473317307695 0.585200891826923 0.36553469951923073 0.5831751009615385 0.37442507932692304 0.5670881682692308 0.36539155769230774 0.5651578990384615 0.3624015889423077 0.5671836923076923 0.3503781009615385 0.5672792163461539 0.3443822572115385 0.5693288894230769 0.3324223846153846 0.5774320600961539 0.33250191105769233 0.5874416129807692 0.3355555 0.5934234663461538 0.3415990528846154 0.5973795264423077 0.3596820048076923 0.6032419735576923 0.36569375000000004 0.6031942091346154
1 0.37092615625 0.5050528028846154 0.3708148245192308 0.49103942548076923 0.3647871730769231 0.4890852740384615 0.3527954903846154 0.49318462259615387 0.3468155576923077 0.4972362067307692 0.34691098798076925 0.5092476730769231 0.34994866826923077 0.5132276153846154 0.36500983894230765 0.51711203125 0.37401155528846153 0.5150384759615385 0.37698561778846157 0.5110107740384615 0.37092615625 0.5050528028846154
1 0.34592488701923074 0.38512918269230767 0.3399290432692308 0.3871788557692308 0.3309591394230769 0.39325623317307695 0.3310863798076923 0.4092715216346154 0.3431893942307692 0.4191855528846154 0.3612405360576923 0.4210441778846154 0.36998777163461544 0.38694004567307694 0.36696599278846154 0.38496201442307687 0.34592488701923074 0.38512918269230767
1 0.37270735576923075 0.35088176201923077 0.37269145192307696 0.34887985096153845 0.3605884375 0.3389658197115385 0.3604771033653846 0.3249524423076923 0.3634511658653846 0.32092473798076926 0.35742351442307696 0.3189705889423077 0.33943599278846154 0.3251196105769231 0.33350377403846154 0.3351769278846154 0.33652555048076926 0.33715495913461535 0.33657326682692307 0.3431606923076923 0.34261681971153846 0.34711675240384615 0.3426327235576923 0.34911866346153847 0.348660375 0.3510728100961539 0.37270735576923075 0.35088176201923077
1 0.35693046875 0.25691134375 0.36895395673076925 0.2568158173076923 0.3719439254807692 0.2547900264423077 0.3746316995192308 0.21472792307692307 0.35359059134615384 0.2148950889423077 0.34458887740384614 0.21696864423076923 0.33560307211538465 0.22104411298076923 0.33262900961538466 0.22507181490384615 0.3296708485576923 0.23110143028846153 0.32973446634615383 0.23910907451923077 0.3358098317307692 0.24706895673076923 0.3448751682692308 0.2530030456730769 0.35693046875 0.25691134375
1 0.36241735096153843 0.19080051201923076 0.36236963701923075 0.18479478124999998 0.3563419855769231 0.1828406298076923 0.3532565889423077 0.17285495673076923 0.35917290625000003 0.1607957259615385 0.3651687451923077 0.15874605288461538 0.36513693509615386 0.15474223317307695 0.35909338221153847 0.15078617067307692 0.35009166826923077 0.15285972596153846 0.33809998798076923 0.1569590721153846 0.32913008413461536 0.16303645192307695 0.32620373557692306 0.17306988701923076 0.33227910096153845 0.18102976923076924 0.3443662115384616 0.1889418894230769 0.35942738461538465 0.19282630769230769 0.36241735096153843 0.19080051201923076
2 0.752751360576923 0.13364436298076923 0.7467396153846154 0.13369212740384614 0.7347479326923078 0.1377914735576923 0.7288316177884616 0.14985070192307692 0.7409346346153847 0.15976473317307693 0.7409505384615385 0.16176664423076922 0.7439564086538462 0.16174276201923077 0.746946375 0.15971697115384617 0.7528626923076923 0.14765774278846153 0.752751360576923 0.13364436298076923
2 0.8132823389423076 0.18521643028846152 0.8313175745192307 0.18507314182692308 0.8372975096153846 0.18102156009615383 0.8371861754807692 0.16700818028846154 0.8341484903846154 0.16302824038461539 0.8191032259615384 0.16114573557692308 0.7890604038461538 0.16338645673076924 0.7800905 0.16946383413461538 0.7770846274038461 0.1694877139423077 0.78010640625 0.1714657451923077 0.7801859302884615 0.18147530048076924 0.7832077067307692 0.18345333173076922 0.8102605600961539 0.18323839903846156 0.8132823389423076 0.18521643028846152
2 0.8137276730769231 0.2412699423076923 0.8167017355769232 0.2372422403846154 0.8166063052884615 0.22523077163461538 0.807445545673077 0.20728521634615385 0.7953902451923077 0.20337691826923077 0.7773550096153846 0.20352020432692308 0.7653633293269231 0.20761955048076922 0.7654746634615385 0.22163293028846154 0.7805676466346154 0.22952117067307692 0.7805835504807692 0.2315230793269231 0.7926388509615384 0.23543137740384615 0.7926547548076923 0.23743328846153847 0.8047100552884616 0.24134158653846155 0.8137276730769231 0.2412699423076923
2 0.7209909567307692 0.2980637716346154 0.7119574350961538 0.29613350240384617 0.7059615961538461 0.2981831754807692 0.6999816586538461 0.3022347620192308 0.7060888341346154 0.31419846394230766 0.715106451923077 0.3141268221153846 0.718096420673077 0.31210103125 0.7180487067307693 0.3060952980769231 0.721038673076923 0.3040695048076923 0.7209909567307692 0.2980637716346154
2 0.6943198197115384 0.34632456730769234 0.6973893124999999 0.35430833173076925 0.7094923269230768 0.3642223629807692 0.7155040721153847 0.3641746009615385 0.7123550552884615 0.34618128125000003 0.7063115024038461 0.3422252211538461 0.7002997548076924 0.3422729831730769 0.6943198197115384 0.34632456730769234
2 0.7818718413461538 0.39367788461538467 0.77886596875 0.3937017644230769 0.7698006370192307 0.38776767307692306 0.7667152403846154 0.37778199999999995 0.7636934615384615 0.3758039711538462 0.75768171875 0.3758517307692308 0.7546917524038462 0.37787752644230765 0.7609261634615384 0.4058565168269231 0.776066858173077 0.4197504903846154 0.7820786057692307 0.41970272836538464 0.7880108245192308 0.40964541105769225 0.7879313028846154 0.3996358557692308 0.7818877475961539 0.3956797956730769 0.7818718413461538 0.39367788461538467
2 0.8175766442307691 0.7257324423076923 0.8205666129807692 0.7237066514423076 0.8233180072115385 0.6916521923076923 0.8202803245192307 0.6876722500000001 0.8142844831730769 0.6897219230769231 0.8053622956730769 0.70180503125 0.7904124567307692 0.7119339951923076 0.7904601730769231 0.7179397283653847 0.7965037283653846 0.7218957884615385 0.7965196322115384 0.7238976995192308 0.8055531538461539 0.72582796875 0.8175766442307691 0.7257324423076923
2 0.8596270504807693 0.7213942836538462 0.8566052740384615 0.7194162524038461 0.8505935288461538 0.7194640168269231 0.8296319447115384 0.7296407403846155 0.8266578798076923 0.7336684423076923 0.8268169278846155 0.7536875552884615 0.8508639110576923 0.7534965072115385 0.8568438485576924 0.749444920673077 0.8627919735576923 0.741389514423077 0.862664733173077 0.7253742235576923 0.8596270504807693 0.7213942836538462
2 0.7358932259615384 0.6603141658653846 0.7328714471153847 0.6583361346153846 0.7327919254807692 0.6483265793269232 0.7297542403846153 0.6443466370192308 0.7267324615384615 0.642368608173077 0.7177148437499999 0.6424402499999999 0.7117349086538461 0.6464918365384615 0.7149157355769231 0.6684889783653846 0.7179216081730769 0.6684650961538462 0.7300564302884616 0.6823829495192307 0.7390740504807692 0.6823113076923076 0.7390104302884615 0.6743036610576923 0.7359886538461539 0.6723256322115384 0.7358932259615384 0.6603141658653846
2 0.6518242211538462 0.6729943028846154 0.6488342548076923 0.6750200985576923 0.6489137764423076 0.6850296514423077 0.6730243774038461 0.6928462475961539 0.6759825360576923 0.6868166322115384 0.6729289495192308 0.68083478125 0.6638636153846154 0.6749006899038462 0.6638477115384614 0.6728987812499999 0.6518242211538462 0.6729943028846154
2 0.7897126418269231 0.6238499038461539 0.7896808341346154 0.6198460817307693 0.7834782307692307 0.5958709110576923 0.7774346754807693 0.5919148509615385 0.7744447091346154 0.5939406418269231 0.7745401370192307 0.6059521105769231 0.7655861370192307 0.6140313966346154 0.7657292812500001 0.6320485985576922 0.7717728389423077 0.63600465625 0.7777845817307691 0.6359568966346154 0.7777686778846153 0.633954983173077 0.7897126418269231 0.6238499038461539
2 0.7713752163461538 0.5859568798076923 0.7743651826923077 0.5839310865384616 0.7740629927884615 0.5458947764423077 0.7710412163461539 0.5439167427884615 0.7709935024038461 0.5379110096153846 0.7679717235576924 0.5359329807692308 0.7559641394230769 0.5380304158653846 0.7529741682692308 0.5400562091346154 0.7531809326923077 0.5660810552884615 0.7562186153846154 0.5700609951923077 0.762246264423077 0.5720151442307693 0.7623257884615384 0.5820246995192307 0.7683693461538461 0.5859807596153846 0.7713752163461538 0.5859568798076923