1 0.9126117524038461 0.3604356610576923 0.9460016778846154 0.36473137499999997 0.9898884927884615 0.3255140408653846 0.9903892740384616 0.27876437740384613 0.9672041201923077 0.2582262548076923 0.9239432764423078 0.23900650961538464 0.8604606874999999 0.2347404639423077 0.7632960504807692 0.2534493365384615 0.7797197548076924 0.2809199254807692 0.9126117524038461 0.3604356610576923
0 0.5243287884615385 0.4002089134615385 0.514416139423077 0.3891806899038462 0.47781241586538464 0.3727679879807692 0.40763097596153847 0.36959069951923074 0.43728545673076924 0.41046699038461537 0.5040653100961539 0.4190584158653846 0.5243287884615385 0.4002089134615385
0 0.4379322980769231 0.3500820072115385 0.47476554807692306 0.34506778125 0.47841752403846155 0.3162788125 0.4217172475961538 0.3031323942307692 0.37482529567307693 0.3107537139423077 0.3746375 0.3282848341346154 0.40452150721153846 0.3477341995192308 0.4379322980769231 0.3500820072115385
2 0.30579239423076926 0.8246297596153845 0.3023908052884615 0.8300438942307693 0.2956710889423077 0.8330805600961538 0.29500338221153843 0.8954134447115384 0.29827977884615386 0.9016867235576923 0.2983841081730769 0.8919472067307692 0.3017439639423077 0.8904288774038461 0.3017856947115385 0.8865330697115384 0.2984884375 0.8822076947115385 0.3052081514423077 0.87917103125 0.31539205769230766 0.8648765264423077 0.328810625 0.8607511033653845 0.33221221394230765 0.8553369663461539 0.33229567548076927 0.8475453533653846 0.3289775504807692 0.8451678846153846 0.3291236105769231 0.8315325625000001 0.3225290889423077 0.8228818100961538 0.31585110336538463 0.8220226682692308 0.30579239423076926 0.8246297596153845
2 0.22075264182692309 0.959983173076923 0.21720499519230768 0.9790326274038462 0.22718024038461537 0.9842171466346153 0.24721419711538462 0.9867945745192308 0.2505740528846154 0.9852762427884615 0.25072011298076924 0.9716409254807693 0.2608414206730769 0.9631901274038461 0.2609666153846154 0.9515027115384616 0.25437209375000003 0.9428519591346153 0.24103698798076925 0.9391857716346154 0.23095741346153845 0.9437407668269231 0.22075264182692309 0.959983173076923
2 0.2936883725961538 0.7060373173076923 0.31355540144230765 0.7241979663461537 0.34026734375 0.7276345360576923 0.34362720192307694 0.7261162067307693 0.35364417788461544 0.7274049182692307 0.35723356009615387 0.7044596586538462 0.35391543269230774 0.7020821826923077 0.34055946634615386 0.7003638990384615 0.33724133653846156 0.6979864254807692 0.30051242067307693 0.6932611418269231 0.29379270192307694 0.6962978076923078 0.2936883725961538 0.7060373173076923
0 0.64674521875 0.83338378125 0.64342709375 0.8310063052884615 0.6334101153846153 0.82971759375 0.6233514062500001 0.8323246875 0.6166316899038461 0.8353613485576923 0.6165899591346153 0.8392571538461537 0.6098702427884615 0.8422938173076923 0.6064686514423077 0.8477079519230769 0.5896902259615385 0.8533517043269231 0.5830122403846154 0.8524925625 0.5730578605769231 0.8453601442307692 0.5630617475961539 0.8421235240384616 0.549768375 0.8345615336538461 0.5530865024038462 0.8369390072115385 0.5496640456730769 0.8443010480769231 0.5527735144230769 0.8661575480769231 0.556091641826923 0.8685350216346154 0.5559247163461538 0.8841182403846154 0.5625401033653846 0.8908210913461538 0.5792350673076924 0.8929689471153845 0.5892729086538462 0.8923097596153846 0.5993524855769231 0.8877547668269231 0.6162769711538462 0.8684756923076923 0.6196159639423077 0.8689052644230769 0.6263774110576924 0.8619727956730769 0.6431767043269231 0.854381141826923 0.6465782932692308 0.8489670048076923 0.64674521875 0.83338378125
0 0.5027303581730769 0.8558181706730769 0.5025842980769231 0.8694534903846154 0.5291293125000001 0.88847328125 0.5458242764423077 0.890621139423077 0.5492258653846154 0.8852070024038461 0.5559455817307692 0.8821703389423077 0.5592845745192307 0.8825999110576923 0.5593889038461538 0.8728603990384615 0.5494762548076924 0.8618321706730769 0.5495388533653845 0.8559884639423078 0.5462207235576924 0.8536109879807692 0.5262285 0.8471377572115385 0.5128725288461539 0.8454194711538462 0.5027303581730769 0.8558181706730769
2 0.2658700841346154 0.4937455985576923 0.25643734615384617 0.43791561057692313 0.19285043028846155 0.4433890745192308 0.0993795048076923 0.42941317548076924 0.06565572355769231 0.4562839038461538 0.06555139423076924 0.46602341586538465 0.0888408798076923 0.4768220288461539 0.2658700841346154 0.4937455985576923
0 0.5864546394230769 0.21899464423076923 0.5596383677884615 0.22529758653846152 0.6129161899038462 0.2458060456730769 0.6296946153846155 0.2401622908653846 0.6297572115384615 0.23431858413461537 0.5864546394230769 0.21899464423076923
0 0.5286693389423077 0.3071391610576923 0.5319874663461538 0.3095166346153846 0.565377391826923 0.3138123461538462 0.56873725 0.3122940144230769 0.568841579326923 0.3025545 0.5588871995192307 0.2954220817307692 0.5421922379807692 0.29327422596153846 0.5288779975961538 0.28766013221153847 0.5155011634615385 0.2878897524038461 0.5186523629807692 0.3058504471153846 0.5286693389423077 0.3071391610576923