1 0.26209863942307693 0.42618477884615386 0.2608045360576923 0.4317913269230769 0.24700578365384615 0.4503443125 0.24769496634615384 0.4556041923076923 0.25631729567307693 0.4594773894230769 0.26821701682692306 0.4573973725961539 0.27313310336538466 0.44846755048076925 0.2720993317307692 0.4405777331730769 0.2733934375 0.4349711875 0.2660652139423077 0.42549143749999996 0.26209863942307693 0.42618477884615386
1 0.3646246322115384 0.4190243966346153 0.3629859375 0.42200100240384614 0.3550527884615385 0.4233876778846154 0.3567757427884616 0.4365373725961538 0.3591036201923077 0.43882064182692304 0.36341478365384616 0.44075724278846157 0.37100334134615387 0.43674062740384617 0.3726420384615385 0.43376401923076924 0.3712636754807692 0.42324426201923077 0.3685912067307692 0.41833105528846154 0.3646246322115384 0.4190243966346153
1 0.5796848677884616 0.3572213149038461 0.57865109375 0.34933149759615384 0.5713228701923077 0.3398517475961539 0.5653730096153846 0.34089175721153847 0.5637343125000001 0.3438683677884615 0.5538178798076923 0.34560171394230765 0.5515742596153846 0.3594447451923077 0.5545913197115385 0.3669878918269231 0.5615749519230769 0.37383769951923074 0.5678694038461539 0.37542763221153846 0.5767520649038461 0.36580446875 0.5764074735576923 0.3631745288461538 0.5796848677884616 0.3572213149038461
1 0.7774161875 0.27154552884615385 0.7741387932692307 0.27749874759615384 0.7755171562500001 0.28801849759615383 0.7848286682692307 0.29715157932692304 0.7947451009615385 0.2954182331730769 0.7980224927884615 0.2894650144230769 0.8000057812500001 0.28911834375 0.7989720072115385 0.28122852884615385 0.800610704326923 0.2782519206730769 0.7975936442307692 0.2707087764423077 0.7774161875 0.27154552884615385
1 0.7580197259615384 0.23189319711538461 0.7603476009615384 0.2341764639423077 0.76828075 0.23278978605769232 0.7699194471153846 0.22981318028846154 0.7678519014423077 0.21403355048076925 0.7651794350961538 0.20912034134615384 0.7572462860576923 0.21050701682692308 0.7556075889423077 0.21348362740384616 0.7580197259615384 0.23189319711538461
2 0.742344625 0.08129335336538462 0.7370839471153846 0.08759324038461538 0.7377731274038462 0.0928531153846154 0.7420842932692308 0.09478971634615384 0.7480341514423077 0.09374970913461539 0.7496728485576922 0.09077310096153846 0.7655391442307693 0.08799974278846154 0.7645053725961539 0.08010993028846153 0.7601942067307692 0.07817332932692309 0.742344625 0.08129335336538462
2 0.7766664302884615 0.07466724999999999 0.7967428125 0.06126084855769231 0.7951853846153847 0.05401943269230769 0.7928478317307692 0.05469704326923076 0.7782151033653846 0.061806545673076925 0.7628545528846153 0.06797527163461538 0.7680940625 0.07402428365384615 0.7766664302884615 0.07466724999999999
2 0.5120669999999999 0.043941442307692306 0.5302994855769231 0.031914584134615384 0.5259222259615385 0.0077660312499999995 0.5086529110576923 0.014803742788461537 0.5032049903846154 0.02566660817307692 0.5120669999999999 0.043941442307692306
2 0.5757973221153846 0 0.5573435552884616 0.011920682692307692 0.5601146899038462 0.027929742788461536 0.5680061875 0.026550346153846154 0.5793286586538462 0.020560182692307694 0.58220265625 0.02890041826923077 0.5919108317307692 0.013903264423076923 0.5897106802884615 0.002252012019230769 0.5778317019230769 0 0.5757973221153846 0
2 0.14424969951923078 0.22349999278846155 0.1478716826923077 0.2201767139423077 0.15778811778846155 0.21844336778846152 0.15640975240384616 0.20792361298076922 0.15106481490384616 0.19809719951923077 0.14934186298076924 0.18494750480769231 0.15227466346153845 0.1763643485576923 0.1558966490384615 0.17304107451923076 0.15520746634615384 0.16778119471153846 0.14856842307692308 0.16356132451923078 0.14494643990384615 0.16688460336538463 0.13106343509615384 0.16931129086538463 0.12942473798076923 0.17228789663461536 0.13183687259615384 0.19069746634615384 0.13416475 0.19298073557692305 0.13959394471153846 0.21893345432692307 0.14424969951923078 0.22349999278846155
2 0.19124365865384615 0.22604635096153844 0.2031433798076923 0.2239663341346154 0.20478207692307693 0.2209897283653846 0.20374830528846152 0.2130999110576923 0.2014204278846154 0.2108166394230769 0.19935288221153843 0.19503700961538462 0.20064698798076924 0.1894304639423077 0.20392437980769232 0.18347724519230768 0.20590766586538461 0.18313057692307694 0.20521848557692307 0.1778706995192308 0.19625156490384615 0.17136756009615384 0.18435184375 0.1734475769230769 0.17874657451923076 0.1771175264423077 0.1832262548076923 0.2113067283653846 0.18555413221153844 0.21358999519230767 0.18658790625000002 0.2214798125 0.19124365865384615 0.22604635096153844
1 0.12421807692307693 0.44221515144230766 0.12585677403846154 0.43923854326923073 0.12482299999999999 0.4313487283653846 0.11620067307692308 0.4274755264423077 0.11257868990384615 0.43079880528846154 0.11361246153846155 0.4386886225961538 0.11826821634615385 0.4432551610576923 0.12421807692307693 0.44221515144230766
0 0.17802683894230767 0.3160830841346154 0.1778598028846154 0.32464012500000006 0.1804403701923077 0.3364696850961538 0.18725582451923076 0.33937281971153843 0.18780299759615385 0.33961613701923077 0.19092248076923074 0.32610962019230766 0.19431852884615383 0.3087992788461538 0.18725154326923077 0.3059428052884615 0.17802683894230767 0.3160830841346154
0 0.34470510576923075 0.39001165144230765 0.34899991826923077 0.38957838221153845 0.3504106009615385 0.3839944975961539 0.3523734927884616 0.3769582475961538 0.3430443293269231 0.3704619350961539 0.3430282451923077 0.3785917548076923 0.3434405576923077 0.3844945528846154 0.34470510576923075 0.39001165144230765
0 0.3574387836538462 0.34592679567307694 0.3612943004807692 0.34094859375000003 0.3617628461538462 0.34039053365384614 0.35871368990384617 0.3308837932692308 0.35332482932692305 0.32417489423076923 0.3504722211538462 0.3299328028846154 0.3529376538461539 0.34049658653846154 0.3574387836538462 0.34592679567307694
0 0.5036406009615384 0.21421722115384614 0.4955568052884616 0.21849526442307693 0.4931821394230769 0.22511388221153844 0.49767890625 0.24294385576923078 0.5071638028846154 0.24378510817307691 0.5113695120192308 0.22097980288461538 0.5036406009615384 0.21421722115384614
2 0.31688225721153845 0.2742503581730769 0.3243592091346154 0.27749518990384614 0.32961454086538466 0.27897352403846154 0.33807816826923076 0.26766961778846154 0.3449622644230769 0.27053922596153845 0.3429981105769231 0.26106073557692305 0.3259984423076923 0.2637927740384615 0.31649303125 0.2671302524038462 0.31688225721153845 0.2742503581730769