1 0.8891063557692308 0.672701295673077 0.8866382620192308 0.6622889230769231 0.8772998701923077 0.6601555649038461 0.8688286754807693 0.6647860072115385 0.8524864927884616 0.6610526274038461 0.844748997596154 0.6625678365384615 0.8416806971153845 0.6651497307692308 0.8402132956730769 0.6713801947115384 0.8419476875 0.6849077980769231 0.8546213701923077 0.7042173365384615 0.8616251658653845 0.7058173557692308 0.8724309591346154 0.7017202499999999 0.8731646586538461 0.6986050216346154 0.8793012572115385 0.6934412379807693 0.8876389543269231 0.6789317596153845 0.8891063557692308 0.672701295673077
1 0.7491639759615385 0.6505799350961539 0.7351563894230769 0.6473798942307692 0.7354233798076923 0.6671379639423077 0.7410932692307692 0.6848474783653846 0.7597700552884615 0.6891141995192308 0.7682412475961539 0.6844837572115385 0.7758452451923077 0.6730895096153847 0.7787800480769231 0.6606285841346153 0.7507648725961539 0.6542285048076923 0.7491639759615385 0.6505799350961539
1 0.6292322836538461 0.6166157932692309 0.6261639855769231 0.6191976850961538 0.6224954831730769 0.63477384375 0.6226289783653847 0.644652875 0.6290325673076923 0.6592471610576923 0.642306454326923 0.6655624326923076 0.6569142451923077 0.6557682067307693 0.6607162451923076 0.6500710841346155 0.6636510480769231 0.6376101586538462 0.6627838533653846 0.6308463557692308 0.6292322836538461 0.6166157932692309
1 0.5573264567307692 0.5772089519230769 0.5316458798076923 0.5713422139423077 0.5255092836538462 0.5765059975961538 0.5234416754807693 0.5957307235576923 0.5282443677884616 0.6066764399038461 0.5345144639423076 0.6113916899038462 0.5422519543269231 0.6098764807692307 0.5514568509615384 0.6021308052884615 0.5590608509615385 0.5907365600961538 0.5612619519230769 0.5813908653846154 0.5573264567307692 0.5772089519230769
1 0.5167710961538462 0.5613783701923076 0.5255092836538462 0.5765059975961538 0.5369152788461539 0.5594146298076923 0.5353143822115385 0.5557660576923077 0.5213067956730769 0.5525660192307693 0.5197058990384615 0.5489174471153846 0.5159038990384615 0.5546145697115384 0.5167710961538462 0.5613783701923076
1 0.4363940745192308 0.5266019759615385 0.42925678125 0.5151229230769231 0.4269221850961538 0.5145895841346154 0.4216527860576923 0.5265171706730769 0.4233871778846154 0.5400447716346154 0.4289235697115385 0.5478752572115385 0.4405965576923077 0.5505419543269231 0.44599945673076924 0.54849340625 0.45213605288461534 0.5433296225961539 0.4558045576923077 0.5277534663461538 0.4504016610576923 0.529802014423077 0.4363940745192308 0.5266019759615385
1 0.31132647836538463 0.5144444543269231 0.30825817788461535 0.5170263461538462 0.3045896730769231 0.5326025048076923 0.31099326442307695 0.5471967884615384 0.32500085096153847 0.550396829326923 0.3365403461538462 0.5431844951923077 0.34034234375 0.5374873725961539 0.34401084855769226 0.5219112139423077 0.34240995192307694 0.5182626442307693 0.33233785817307687 0.5192445120192308 0.31132647836538463 0.5144444543269231
1 0.3087248846153846 0.49415304807692306 0.2947173004807692 0.49095300721153845 0.2852454110576923 0.47894061298076923 0.2859791129807692 0.4758253822115384 0.2836445144230769 0.47529204086538457 0.2775079158653846 0.48045582451923075 0.27383941346153845 0.4960319807692307 0.2747066105769231 0.5027957836538461 0.2811101995192308 0.5173900697115384 0.2927831875 0.5200567692307693 0.2981860841346154 0.5180082163461539 0.31045928125 0.5076806538461539 0.31266038221153847 0.4983349567307692 0.31179318509615384 0.4915711538461538 0.3087248846153846 0.49415304807692306
1 0.21067177163461537 0.47175276923076925 0.17405190625 0.4601040961538461 0.17245100961538462 0.45645552884615387 0.16778181490384617 0.4553888461538461 0.16411331009615385 0.47096500240384614 0.16571420673076925 0.47461357692307693 0.16351310576923075 0.4839592668269231 0.1675820985576923 0.4980202139423077 0.17458588942307693 0.4996202331730769 0.1785213846153846 0.5038021442307692 0.18625887980769232 0.5022869350961539 0.19779837500000003 0.4950745985576923 0.20920437019230767 0.47798323076923077 0.21067177163461537 0.47175276923076925
1 0.03504294471153846 0.3922361346153846 0.032841841346153845 0.4015818269230769 0.03297533653846153 0.4114608629807692 0.03851173076923076 0.4192913461538461 0.04551552163461538 0.4208913653846154 0.05091841826923076 0.4188428125 0.06319161538461539 0.4085152475961538 0.06465901682692307 0.4022847860576923 0.038111242788461536 0.3896542403846154 0.03504294471153846 0.3922361346153846
2 0.07266139182692308 0.19072796634615383 0.08433438221153847 0.19339466346153847 0.08740268269230769 0.19081277163461538 0.09900839663461539 0.1310900360576923 0.09740750000000001 0.1274414639423077 0.09040370673076924 0.12584144471153846 0.08426710817307694 0.1310052283653846 0.07266139182692308 0.19072796634615383
2 0.10214396875000001 0.19089758173076923 0.10301116586538463 0.19766138461538463 0.1123495576923077 0.19979474278846154 0.12495596634615384 0.15671484375 0.1364954591346154 0.1495025096153846 0.13796286057692309 0.14327204567307691 0.12468897596153847 0.13695677403846154 0.11695147836538461 0.13847198798076923 0.10214396875000001 0.19089758173076923
2 0.2560928846153846 0.10131914663461537 0.2444198942307692 0.09865244711538461 0.23594869951923075 0.10328289182692307 0.22347578846153848 0.15624182451923077 0.22507668509615383 0.15989039423076923 0.23208047836538462 0.16149041346153847 0.2360159735576923 0.1656723269230769 0.23908427403846153 0.1630904326923077 0.25242438221153846 0.11689530288461537 0.25929467788461535 0.10861629086538462 0.26002837980769233 0.10550105769230769 0.2560928846153846 0.10131914663461537
2 0.31619222836538463 0.12818025240384617 0.3099221346153846 0.123465 0.2795723605769231 0.11653157932692307 0.2757703605769231 0.12222870192307693 0.27063445432692307 0.1440353221153846 0.26756615624999996 0.1466172139423077 0.26536505528846155 0.15596290865384616 0.26229675721153844 0.15854479807692307 0.2578945504807692 0.17723618990384615 0.26416464423076924 0.18195143990384616 0.27743853125 0.18826671153846153 0.2803733341346154 0.17580578365384614 0.28344163221153845 0.17322389182692308 0.3046527331730769 0.13539258413461538 0.3093219278846154 0.13645926682692308 0.3154585264423077 0.13129548317307693 0.31619222836538463 0.12818025240384617
2 0.34412003846153844 0.21647065384615385 0.3750668125 0.2174639110576923 0.38553022115384616 0.16960048076923076 0.3969825528846154 0.15708613461538462 0.3961022668269231 0.14877968990384616 0.37515416105769234 0.14831759134615385 0.3637697355769231 0.1467968701923077 0.34412003846153844 0.21647065384615385
2 0.4007717355769231 0.186896625 0.39210082211538466 0.23415843749999998 0.4068421129807692 0.2342432451923077 0.420588375 0.20300562740384615 0.4328559014423077 0.2073576514423077 0.43812530288461543 0.1954300673076923 0.4341898076923077 0.19124815625000002 0.4038400336538462 0.18431473557692307 0.4007717355769231 0.186896625
2 0.48328363942307695 0.2648377307692308 0.4848845384615385 0.2684863028846154 0.4965575288461539 0.27115300240384616 0.5075630384615384 0.22442453125 0.5050949423076923 0.21401215624999997 0.4910873533653846 0.2108121153846154 0.49609184855769234 0.22457793509615384 0.48328363942307695 0.2648377307692308
2 0.5074968149038461 0.2769349326923077 0.5191698052884616 0.27960163221153844 0.5222381057692307 0.27701974278846153 0.5288414110576923 0.24898265865384614 0.5456503028846154 0.22984274038461538 0.5440494038461539 0.2261941658653846 0.5230380240384616 0.22139410576923077 0.518502326923077 0.23020646153846155 0.5074968149038461 0.2769349326923077
2 0.5645278581730769 0.3063779278846154 0.570664454326923 0.3012141466346154 0.5728655576923077 0.2918684519230769 0.5731987692307693 0.25911611778846155 0.5615257812500001 0.2564494182692308 0.558257764423077 0.30166267788461537 0.5645278581730769 0.3063779278846154
2 0.6032815528846154 0.24629146875 0.6002132524038462 0.24887336057692308 0.6030305817307693 0.2571134855769231 0.5930097427884615 0.28990470913461536 0.5893412379807692 0.3054808653846154 0.59634503125 0.30708088461538463 0.6002805288461539 0.31126279807692303 0.6048162283653846 0.3024504423076923 0.6181563365384615 0.2562553125 0.6165554399038461 0.2526067403846154 0.6079507475961539 0.2473581490384615 0.6032815528846154 0.24629146875
2 0.6438369134615385 0.2621220504807692 0.6407686153846155 0.2647039423076923 0.6282957019230769 0.3176628774038462 0.6423032884615385 0.3208629158653846 0.64523809375 0.3084019903846154 0.6436371947115384 0.3047534206730769 0.6487730985576923 0.28294680048076926 0.6587116971153846 0.27208589423076923 0.6610462956730768 0.2726192331730769 0.6625136971153847 0.2663887716346154 0.6438369134615385 0.2621220504807692
2 0.7100728509615385 0.28381937259615386 0.7118072451923076 0.2973469783653846 0.7052039375000001 0.32538406009615384 0.7145423317307693 0.3275174206730769 0.7176106298076923 0.32493552884615384 0.7271487379807693 0.2844375216346154 0.7232132427884616 0.28025560817307693 0.7068710576923076 0.27652223076923077 0.7077382524038461 0.2832860336538462 0.7100728509615385 0.28381937259615386
2 0.7498945120192307 0.30276518990384615 0.7514954110576924 0.30641375721153846 0.7456258052884616 0.33133561057692307 0.7581659927884616 0.3407661105769231 0.7691715 0.2940376418269231 0.7652360072115385 0.2898557283653846 0.7535630168269231 0.2871890288461538 0.7504947163461538 0.2897709206730769 0.7520956153846154 0.2934194927884616 0.7498945120192307 0.30276518990384615
2 0.8494150288461538 0.3189350048076923 0.8174643581730769 0.30835301201923077 0.8120614591346154 0.3104015649038461 0.8113277620192307 0.31351679567307694 0.8152632572115385 0.3176987067307693 0.8199324543269231 0.3187653870192308 0.8291272379807691 0.32875789903846153 0.8204664350961538 0.35828152163461535 0.8173981370192307 0.36086341346153844 0.8189990336538462 0.3645119855769231 0.8236682307692308 0.36557866346153844 0.8267365288461538 0.3629967764423077 0.8360749206730769 0.3651301346153846 0.8391432211538461 0.36254824278846154 0.8510159254807692 0.3225835721153846 0.8494150288461538 0.3189350048076923
2 0.8734947091346155 0.3211531706730769 0.8594871201923078 0.3179531322115385 0.8564188221153847 0.3205350240384615 0.8581532139423077 0.3340626274038462 0.8524171057692308 0.36886351442307697 0.8656909927884615 0.37517878365384616 0.8694929903846155 0.3694816610576923 0.8678920961538462 0.3658330913461538 0.8722942980769232 0.3471417019230769 0.8753625961538462 0.3445598100961539 0.8790311009615385 0.32898365384615386 0.8734947091346155 0.3211531706730769
2 0.9210538629807693 0.3385837716346154 0.9203201634615384 0.3416990048076923 0.9226547620192308 0.3422323461538461 0.9235219567307692 0.3489961466346154 0.9258565552884614 0.3495294879807692 0.9291918485576923 0.3667056658653846 0.9195202403846154 0.3973246394230769 0.9211211418269231 0.40097320913461537 0.9327941298076923 0.40363990865384614 0.9389307259615385 0.39847612499999996 0.9439331322115384 0.36679047596153846 0.9451335432692307 0.3408019423076923 0.9435326466346154 0.3371533701923077 0.9210538629807693 0.3385837716346154
2 0.9575402355769231 0.3403534110576923 0.9388634495192308 0.33608668990384616 0.9433329302884614 0.3797847379807692 0.9389307259615385 0.39847612499999996 0.9405316225961537 0.40212469951923074 0.9522046105769231 0.4047913966346154 0.9552729086538462 0.4022095048076923 0.9700804206730769 0.3497839134615385 0.9684795216346154 0.3461353413461538 0.9591411322115384 0.34400198317307695 0.9575402355769231 0.3403534110576923