1 0.14333333413461538 0.21 0.1566666658653846 0.215 0.1633333341346154 0.195 0.15166666586538463 0.155 0.1333333341346154 0.13499999999999998 0.11333333413461538 0.1325 0.08666666586538462 0.165 0.08 0.22499999999999998 0.08666666586538462 0.2375 0.12000000000000001 0.23249999999999998 0.14333333413461538 0.21
1 0.955 0.29 0.9733333341346154 0.28500000000000003 0.9683333341346153 0.22499999999999998 0.9433333341346154 0.1875 0.9183333341346154 0.1825 0.8833333341346153 0.215 0.8616666658653845 0.2625 0.87 0.275 0.9516666658653846 0.2825 0.955 0.29
3 0.825 0.7424999999999999 0.875 0.7625 0.9566666658653846 0.76 0.9666666658653846 0.7424999999999999 0.985 0.5425 0.9983333341346154 0.46749999999999997 0.9816666658653846 0.4 0.9733333341346154 0.38749999999999996 0.9466666658653846 0.38 0.9450000000000001 0.44999999999999996 0.9216666658653847 0.455 0.8733333341346154 0.38749999999999996 0.8716666658653847 0.3725 0.86 0.37 0.8583333341346153 0.385 0.825 0.39499999999999996 0.8233333341346154 0.415 0.8500000000000001 0.53 0.8316666658653846 0.64 0.825 0.7424999999999999
3 0.6933333341346154 0.5025 0.6950000000000001 0.7250000000000001 0.7016666658653846 0.7274999999999999 0.7283333341346154 0.7124999999999999 0.7283333341346154 0.6425 0.7583333341346153 0.375 0.7533333341346153 0.34750000000000003 0.735 0.3125 0.6883333341346154 0.3 0.6883333341346154 0.41625 0.6716666658653847 0.435 0.6866666658653846 0.44999999999999996 0.6933333341346154 0.5025
3 0.6633333341346154 0.48000000000000004 0.6583333341346154 0.475 0.6316666658653846 0.5175 0.6366666658653847 0.5537500000000001 0.6283333341346153 0.59 0.605 0.6075 0.575 0.6 0.575 0.7124999999999999 0.6516666658653846 0.7225 0.6649999999999999 0.595 0.6633333341346154 0.48000000000000004
3 0.6566666658653847 0.4325 0.6516666658653846 0.3925 0.63 0.33 0.6133333341346154 0.2975 0.6066666658653846 0.2975 0.5666666658653846 0.3225 0.58 0.44 0.6 0.41750000000000004 0.6566666658653847 0.4325
3 0.4633333341346154 0.7100000000000001 0.47000000000000003 0.5399999999999999 0.4 0.5625 0.36 0.5525 0.35333333413461543 0.5875 0.35 0.655 0.35500000000000004 0.6900000000000001 0.42 0.7100000000000001 0.4633333341346154 0.7100000000000001
3 0.42 0.255 0.3606521730769231 0.28010869471153843 0.375 0.2825 0.4 0.3575 0.4083333341346154 0.3975 0.41000000000000003 0.46499999999999997 0.47833333413461543 0.44999999999999996 0.4566666658653846 0.34500000000000003 0.42 0.255
3 0.56 0.35 0.5433333341346154 0.3575 0.5283333341346154 0.34249999999999997 0.5116666658653846 0.3775 0.5166666658653847 0.44999999999999996 0.545 0.4375 0.5666666658653846 0.4425 0.56 0.35
3 0.53 0.5700000000000001 0.5283333341346154 0.6975 0.5633333341346154 0.7 0.5633333341346154 0.58 0.53 0.5700000000000001
3 0.5333333341346154 0.2825 0.5316666658653847 0.29250000000000004 0.5583333341346154 0.3275 0.5533333341346154 0.295 0.5333333341346154 0.2825
3 0.2166666658653846 0.31 0.20833333413461538 0.305 0.17666666586538463 0.32 0.14 0.385 0.13666666586538462 0.495 0.165 0.5025 0.19333333413461537 0.48750000000000004 0.2166666658653846 0.31
3 0.1283333341346154 0.3825 0.12000000000000001 0.34750000000000003 0.095 0.3125 0.07333333413461539 0.33249999999999996 0.08333333413461538 0.475 0.08833333413461539 0.485 0.13 0.4925 0.1283333341346154 0.3825
3 0.1633333341346154 0.5700000000000001 0.14666666586538463 0.5525 0.13666666586538462 0.5549999999999999 0.13666666586538462 0.61 0.2116666658653846 0.6125 0.2133333341346154 0.5475 0.1633333341346154 0.5700000000000001
3 0.125 0.55 0.07166666586538462 0.56 0.06666666586538461 0.5700000000000001 0.06666666586538461 0.595 0.1 0.6075 0.1266666658653846 0.605 0.125 0.55