1 0.8896882500000001 0.4313099038461538 0.9064748197115384 0.4313099038461538 0.9136690649038461 0.4376996802884615 0.923261391826923 0.4376996802884615 0.9280575528846153 0.42811501682692304 0.9280575528846153 0.4217252403846154 0.923261391826923 0.40575079807692305 0.9184652283653846 0.3993610216346154 0.9184652283653846 0.39616613461538464 0.9088729014423076 0.38977635817307693 0.90167865625 0.38977635817307693 0.8848920865384616 0.40575079807692305 0.8800959230769231 0.41853035096153846 0.8800959230769231 0.42492012740384616 0.8824940048076922 0.42811501682692304 0.8896882500000001 0.4313099038461538
1 0.8177458028846154 0.4153354639423077 0.8177458028846154 0.4025559110576923 0.812949639423077 0.38977635817307693 0.8057553966346155 0.3833865817307692 0.7865707427884616 0.3833865817307692 0.7769784182692308 0.3993610216346154 0.7721822548076923 0.41853035096153846 0.7865707427884616 0.41853035096153846 0.7889688245192308 0.4153354639423077 0.8177458028846154 0.4153354639423077
1 0.6978417259615385 0.41853035096153846 0.7002398076923076 0.41214057451923075 0.7002398076923076 0.3993610216346154 0.6978417259615385 0.39297124519230764 0.6858513197115385 0.3801916923076923 0.671462829326923 0.3833865817307692 0.6618705024038462 0.39616613461538464 0.6594724230769231 0.40575079807692305 0.6594724230769231 0.4217252403846154 0.6618705024038462 0.42492012740384616 0.6978417259615385 0.41853035096153846
1 0.5875299759615384 0.44408945673076927 0.5875299759615384 0.4345047932692308 0.5827338125 0.4217252403846154 0.5755395673076923 0.41214057451923075 0.5683453245192308 0.40894568750000004 0.5611510793269231 0.41214057451923075 0.5539568341346154 0.4217252403846154 0.5515587524038461 0.44089456971153845 0.5563549158653847 0.44728434615384616 0.5827338125 0.44728434615384616 0.5875299759615384 0.44408945673076927
1 0.5563549158653847 0.46325878605769233 0.5587529975961538 0.4600638966346154 0.5515587524038461 0.44089456971153845 0.5395683461538462 0.4536741225961538 0.5371702644230769 0.4600638966346154 0.5395683461538462 0.46645367307692304 0.5419664278846154 0.46325878605769233 0.5563549158653847 0.46325878605769233
1 0.45323741105769233 0.46964856250000003 0.4676258990384615 0.46964856250000003 0.4724220625 0.4728434495192308 0.4724220625 0.4568690096153846 0.4676258990384615 0.4504792331730769 0.4628297355769231 0.44728434615384616 0.45083932932692306 0.44728434615384616 0.4436450841346154 0.4536741225961538 0.4388489206730769 0.46645367307692304 0.4412470024038461 0.47923322596153844 0.4436450841346154 0.47923322596153844 0.45323741105769233 0.46964856250000003
1 0.3501199038461538 0.4536741225961538 0.35971223076923076 0.4568690096153846 0.3621103125 0.4536741225961538 0.3621103125 0.4376996802884615 0.35971223076923076 0.4313099038461538 0.3501199038461538 0.4217252403846154 0.3357314158653846 0.4217252403846154 0.32613908894230764 0.4345047932692308 0.32613908894230764 0.4504792331730769 0.3285371706730769 0.4536741225961538 0.3501199038461538 0.4536741225961538
1 0.29496402884615386 0.48562300240384615 0.29496402884615386 0.4824281153846154 0.3069544375 0.4728434495192308 0.3213429254807692 0.4728434495192308 0.3237410072115384 0.4760383389423077 0.32613908894230764 0.46964856250000003 0.32613908894230764 0.4600638966346154 0.3165467620192307 0.44728434615384616 0.3117505985576923 0.44408945673076927 0.2997601923076923 0.44408945673076927 0.2901678653846154 0.4568690096153846 0.28776978365384615 0.46325878605769233 0.28776978365384615 0.47923322596153844 0.29256594711538464 0.48562300240384615 0.29496402884615386 0.48562300240384615
1 0.17985611538461538 0.47923322596153844 0.18225419711538463 0.4760383389423077 0.2206235 0.4728434495192308 0.2206235 0.46645367307692304 0.21342925721153844 0.44728434615384616 0.20383693028846156 0.4376996802884615 0.19664268509615385 0.4345047932692308 0.1918465216346154 0.4376996802884615 0.18465227884615384 0.4376996802884615 0.17745803365384616 0.4504792331730769 0.17745803365384616 0.4600638966346154 0.1750599519230769 0.46325878605769233 0.1750599519230769 0.47923322596153844 0.17985611538461538 0.47923322596153844
1 0.06235012019230769 0.5079872211538462 0.06235012019230769 0.5015974447115384 0.05275779326923077 0.4888178918269231 0.047961629807692314 0.48562300240384615 0.04076738701923077 0.48562300240384615 0.03357314182692307 0.4920127788461538 0.031175060096153846 0.5015974447115384 0.031175060096153846 0.511182108173077 0.03357314182692307 0.5143769975961539 0.06235012019230769 0.5079872211538462
2 0.03357314182692307 0.7795527163461539 0.035971223557692306 0.7188498413461539 0.03357314182692307 0.7156549519230769 0.021582733173076924 0.7156549519230769 0.01918465144230769 0.7763578269230769 0.023980814903846157 0.7827476033653846 0.031175060096153846 0.7827476033653846 0.03357314182692307 0.7795527163461539
2 0.0743405264423077 0.7763578269230769 0.0743405264423077 0.7699680504807692 0.06474820192307693 0.7603833870192307 0.06235012019230769 0.7156549519230769 0.05275779326923077 0.7156549519230769 0.050359711538461534 0.7220447283653846 0.05275779326923077 0.7763578269230769 0.059952038461538466 0.7795527163461539 0.0743405264423077 0.7763578269230769
2 0.17985611538461538 0.8434504783653847 0.18465227884615384 0.8402555913461539 0.18465227884615384 0.8370607019230769 0.17985611538461538 0.8274760384615385 0.17745803365384616 0.7795527163461539 0.1750599519230769 0.7763578269230769 0.17026378846153845 0.7795527163461539 0.16306954326923076 0.7795527163461539 0.16067146394230772 0.7827476033653846 0.16067146394230772 0.8370607019230769 0.16786570673076923 0.8434504783653847 0.17985611538461538 0.8434504783653847
2 0.2014388485576923 0.8019169326923077 0.20383693028846156 0.8051118221153846 0.20383693028846156 0.8274760384615385 0.20623501201923075 0.8338658149038461 0.23741007211538462 0.8338658149038461 0.24460431730769233 0.8306709254807692 0.24460431730769233 0.8274760384615385 0.23980815384615387 0.8210862620192307 0.2350119903846154 0.8210862620192307 0.22302158173076922 0.7795527163461539 0.2206235 0.7763578269230769 0.2206235 0.7635782740384616 0.20623501201923075 0.7667731634615385 0.1990407668269231 0.7699680504807692 0.1990407668269231 0.7891373798076924 0.2014388485576923 0.7923322692307693 0.2014388485576923 0.8019169326923077
2 0.3299904086538462 0.8205015985576923 0.3217002403846154 0.8057763581730769 0.3224892091346154 0.7568690096153846 0.29209592307692306 0.7509552716346154 0.2952541971153846 0.8231309903846153 0.3067002403846154 0.8241821081730769 0.3272254206730769 0.8283897764423076 0.3299904086538462 0.8205015985576923
2 0.3788968822115385 0.7923322692307693 0.3764988004807692 0.7795527163461539 0.3635419663461539 0.7810607019230769 0.35731414903846154 0.7476038341346154 0.34292565865384617 0.7444089447115385 0.3405275769230769 0.7923322692307693 0.34292565865384617 0.79552715625 0.37410071875 0.79552715625 0.3788968822115385 0.7923322692307693
2 0.45323741105769233 0.7795527163461539 0.45323741105769233 0.731629391826923 0.4412470024038461 0.731629391826923 0.4388489206730769 0.73482428125 0.44209112740384615 0.7768530360576923 0.43405275721153846 0.7891373798076924 0.44844124759615384 0.7891373798076924 0.45323741105769233 0.7795527163461539
2 0.4892086322115385 0.7859424927884615 0.4916067139423077 0.7827476033653846 0.47961630769230773 0.7603833870192307 0.47961630769230773 0.731629391826923 0.47721822596153846 0.7284345048076923 0.4652278173076923 0.7284345048076923 0.4652278173076923 0.7763578269230769 0.4676258990384615 0.7859424927884615 0.4892086322115385 0.7859424927884615
2 0.5323741009615385 0.7188498413461539 0.5275779375 0.7124600649038462 0.5203836923076923 0.7156549519230769 0.5131894495192307 0.7603833870192307 0.5251798557692308 0.7603833870192307 0.5323741009615385 0.7284345048076923 0.5323741009615385 0.7188498413461539
2 0.5515587524038461 0.7795527163461539 0.5563549158653847 0.7795527163461539 0.5659472427884615 0.7763578269230769 0.5683453245192308 0.7731629399038462 0.5659472427884615 0.7252396177884616 0.5635491610576924 0.7156549519230769 0.5587529975961538 0.7188498413461539 0.5515587524038461 0.7188498413461539 0.5515587524038461 0.73482428125 0.5537985600961538 0.7689648557692308 0.549160670673077 0.7763578269230769 0.5515587524038461 0.7795527163461539
2 0.6139088725961538 0.7731629399038462 0.6139088725961538 0.7667731634615385 0.6115107908653846 0.7667731634615385 0.6043165456730769 0.753993610576923 0.6043165456730769 0.731629391826923 0.6067146274038462 0.7284345048076923 0.6067146274038462 0.7156549519230769 0.5923261394230769 0.7156549519230769 0.5923261394230769 0.7699680504807692 0.5947242211538462 0.7731629399038462 0.6139088725961538 0.7731629399038462
2 0.6594724230769231 0.7731629399038462 0.6762589927884615 0.7731629399038462 0.68105515625 0.7699680504807692 0.68105515625 0.7284345048076923 0.6786570745192309 0.7252396177884616 0.6690647475961539 0.7252396177884616 0.6690647475961539 0.753993610576923 0.6642685841346154 0.7667731634615385 0.6618705024038462 0.7667731634615385 0.6594724230769231 0.7731629399038462
2 0.7050359711538461 0.7699680504807692 0.7074340528846155 0.7731629399038462 0.7194244615384615 0.7731629399038462 0.7242206225961538 0.7699680504807692 0.7242206225961538 0.7220447283653846 0.7098321346153846 0.7284345048076923 0.7098321346153846 0.753993610576923 0.7074340528846155 0.7571884975961538 0.7074340528846155 0.7667731634615385 0.7050359711538461 0.7699680504807692
2 0.7745803365384615 0.7571884975961538 0.769784173076923 0.7603833870192307 0.769784173076923 0.7635782740384616 0.7745803365384615 0.7667731634615385 0.8081534783653846 0.7635782740384616 0.8105515576923078 0.7603833870192307 0.8081534783653846 0.7188498413461539 0.8057553966346155 0.7156549519230769 0.7961630697115385 0.7156549519230769 0.7937649879807692 0.7124600649038462 0.7889688245192308 0.7124600649038462 0.7865707427884616 0.7156549519230769 0.7889688245192308 0.7188498413461539 0.79063309375 0.7495079879807692 0.7793764999999999 0.7571884975961538 0.7745803365384615 0.7571884975961538
2 0.8321342932692308 0.7667731634615385 0.8393285360576923 0.7603833870192307 0.8393285360576923 0.7444089447115385 0.8369304567307693 0.7412140576923077 0.8369304567307693 0.7220447283653846 0.8393285360576923 0.7188498413461539 0.8369304567307693 0.7124600649038462 0.8225419663461538 0.7156549519230769 0.8201438846153846 0.7507987211538462 0.8153477211538462 0.7635782740384616 0.8177458028846154 0.7667731634615385 0.8321342932692308 0.7667731634615385
2 0.8848920865384616 0.7571884975961538 0.8824940048076922 0.7571884975961538 0.8824940048076922 0.7603833870192307 0.9040767379807693 0.7667731634615385 0.9064748197115384 0.7635782740384616 0.911270983173077 0.7380191682692309 0.9136690649038461 0.7060702884615384 0.9088729014423076 0.6996805120192308 0.8968824951923077 0.6996805120192308 0.8944844134615385 0.7028753990384615 0.8968824951923077 0.73482428125 0.8896882500000001 0.7507987211538462 0.8872901682692308 0.7507987211538462 0.8848920865384616 0.7571884975961538
2 0.9208633100961539 0.7635782740384616 0.9304556346153846 0.7635782740384616 0.9328537163461538 0.7603833870192307 0.9304556346153846 0.7060702884615384 0.9280575528846153 0.7028753990384615 0.9160671466346154 0.7028753990384615 0.9136690649038461 0.7060702884615384 0.9136690649038461 0.7252396177884616 0.8992805745192308 0.7667731634615385 0.9184652283653846 0.7667731634615385 0.9208633100961539 0.7635782740384616