1 0.661308 0.6337945120192308 0.6685999471153846 0.6297244447115384 0.6783852307692307 0.6174989927884614 0.6822617331730769 0.6166880264423077 0.6505156370192308 0.5978833870192308 0.6423015745192308 0.5970571754807692 0.6306720649038462 0.5994900697115384 0.6233801153846154 0.6035601370192307 0.6101793870192307 0.6190446923076922 0.6129457283653846 0.63373353125 0.6172832932692308 0.6353707043269231 0.6211597956730769 0.6345597403846154 0.6341724783653846 0.6394712644230769 0.661308 0.6337945120192308
1 0.5868354014423077 0.5806701802884615 0.5893287331730769 0.5725147980769231 0.584991173076923 0.5708776225961538 0.5831469447115385 0.5610850649038461 0.5788093822115384 0.5594478894230769 0.5555503629807692 0.5643136778846154 0.5512128028846154 0.5626765048076924 0.5443819110576923 0.5691947115384616 0.5466871971153846 0.5814354086538461 0.5514858173076923 0.5855207235576922 0.5596998774038462 0.5863469350961539 0.5752058894230769 0.583103076923077 0.5795434543269231 0.5847402475961538 0.5868354014423077 0.5806701802884615
1 0.5910879975961538 0.5390670528846153 0.5810297019230769 0.5284482884615385 0.5650626322115385 0.5292440048076923 0.5509397908653846 0.5398322836538462 0.5484464615384615 0.5479876658653846 0.5507517451923077 0.5602283629807693 0.5550893076923077 0.5618655384615384 0.5671798725961539 0.5618807836538461 0.5705953197115384 0.5586216802884615 0.5861013341346154 0.5553778221153846 0.5929322259615385 0.5488596129807692 0.5910879975961538 0.5390670528846153
1 0.3610273533653846 0.3658161875 0.359183125 0.35602362740384613 0.34367711298076925 0.35926748557692306 0.32909321394230767 0.367407625 0.32226232211538464 0.3739258341346154 0.32502866586538465 0.38861466826923075 0.33416484375 0.39433715865384616 0.3423789086538462 0.3951633677884615 0.37339093509615384 0.3886756514423077 0.37634532451923075 0.3829684086538461 0.37496214903846153 0.37562399038461536 0.3610273533653846 0.3658161875
1 0.2885020673076923 0.25884803125 0.2948719014423077 0.24988168269230768 0.2777097067307692 0.22293690384615386 0.26811246875 0.21476627403846155 0.2646970240384615 0.21802537980769232 0.24919100961538462 0.22126923798076922 0.23894467067307693 0.23104654807692307 0.23506817067307692 0.23185751442307692 0.2286983341346154 0.24082386298076924 0.2310036201923077 0.2530645576923077 0.24493841586538462 0.2628723629807692 0.24881492067307692 0.26206139903846154 0.25749004086538463 0.26533574759615386 0.2885020673076923 0.25884803125
1 0.3075447163461539 0.0818320048076923 0.2881621995192308 0.08588682932692307 0.2735783028846154 0.09402696634615385 0.27062391346153847 0.09973421153846154 0.27200708653846156 0.10707862740384615 0.2685916394230769 0.11033773076923076 0.2864029399038462 0.11933457211538462 0.29461700240384614 0.12016078365384615 0.30966195673076924 0.11446878365384615 0.3082787860576923 0.10712436538461538 0.31169423317307693 0.10386525961538462 0.3075447163461539 0.0818320048076923
2 0.750564673076923 0.3281148605769231 0.7498874158653847 0.33684199759615385 0.7545664110576923 0.33879452163461543 0.7677775312499999 0.33498238461538465 0.7592669759615384 0.30389174519230766 0.744736826923077 0.30420873798076925 0.7469892956730769 0.3144146322115385 0.74696615625 0.3213305865384615 0.750564673076923 0.3281148605769231
2 0.7603378918269231 0.30429368028846154 0.7692170504807693 0.30390184375 0.775283608173077 0.29383860817307694 0.7736906538461539 0.2853802860576923 0.7665039519230769 0.2789268028846154 0.7639817451923077 0.27610322115384617 0.7631850408653846 0.2718728341346154 0.7585622235576923 0.26844287259615385 0.7515472740384616 0.2734702860576923 0.7500495384615384 0.27608646634615386 0.7513773822115385 0.2831371081730769 0.7529653990384616 0.28803912259615383 0.75410375 0.2940835793269231 0.7518995889423077 0.29998757451923075 0.7518525913461538 0.30010173557692305 0.7603378918269231 0.30429368028846154
2 0.7722465336538461 0.15135589423076923 0.7741705817307692 0.16450333653846153 0.7750003269230769 0.17474986057692307 0.7732342163461539 0.17998459375 0.7780492403846153 0.18800805048076924 0.7847888485576924 0.19459068990384615 0.7922007211538461 0.193040125 0.7949348100961539 0.1900355216346154 0.7947891610576924 0.17755931971153846 0.7942975865384615 0.16619876682692308 0.7930936538461538 0.15394395673076922 0.7881049110576923 0.13622631971153848 0.7818026586538462 0.1319873605769231 0.7753232019230769 0.13264818990384614 0.7768967884615384 0.14100368990384615 0.7757244639423077 0.14646026682692306 0.7722465336538461 0.15135589423076923
2 0.6938094927884616 0.04012561298076923 0.6929144278846154 0.03355442067307692 0.6907328076923077 0.025582697115384617 0.6778870769230768 0.025106927884615386 0.6738217091346154 0.03602440625 0.6759628125 0.04330695913461539 0.6787714302884615 0.04653883173076923 0.6841722475961538 0.05129716826923077 0.6922969855769231 0.0482259375 0.6938094927884616 0.04012561298076923
2 0.7658907115384616 0.11521131490384615 0.762919576923077 0.10972585336538462 0.7603648461538461 0.10985317067307691 0.7588511298076923 0.11037340625 0.7564056033653846 0.11963840865384616 0.7577484903846153 0.12505736298076922 0.7529001418269231 0.13014298557692308 0.7518817764423077 0.13442737740384614 0.7592238725961539 0.1328914110576923 0.7680766201923077 0.13368579086538462 0.7675015120192307 0.12892048557692307 0.7658907115384616 0.11521131490384615