1 0.784 0.4075067019230769 0.786 0.4075067019230769 0.7939999999999999 0.4182305625 0.798 0.42091152884615385 0.8059999999999999 0.41286863221153847 0.8059999999999999 0.39946380769230766 0.8 0.3914209110576923 0.8 0.3887399471153846 0.784 0.3887399471153846 0.78 0.39410187740384617 0.78 0.39946380769230766 0.784 0.40482573798076926 0.784 0.4075067019230769
1 0.5860000000000001 0.3833780168269231 0.588 0.3806970504807692 0.588 0.3699731899038462 0.584 0.36193029567307694 0.58 0.3592493293269231 0.574 0.3592493293269231 0.566 0.3646112596153846 0.564 0.3699731899038462 0.564 0.3806970504807692 0.566 0.3833780168269231 0.5860000000000001 0.3833780168269231
1 0.31599999999999995 0.36193029567307694 0.318 0.3592493293269231 0.326 0.3592493293269231 0.328 0.35656836538461534 0.32399999999999995 0.34316353846153846 0.32 0.3378016081730769 0.31 0.3378016081730769 0.304 0.34584450480769235 0.304 0.3592493293269231 0.306 0.36193029567307694 0.31599999999999995 0.36193029567307694
1 0.372 0.4289544230769231 0.374 0.4262734591346154 0.374 0.41018766826923075 0.364 0.39946380769230766 0.356 0.39946380769230766 0.35400000000000004 0.40214477163461537 0.356 0.41018766826923075 0.368 0.4262734591346154 0.372 0.4289544230769231
1 0.41800000000000004 0.5951742620192307 0.42 0.6005361923076923 0.43 0.6112600528846154 0.436 0.6112600528846154 0.438 0.6139410192307693 0.44999999999999996 0.6085790889423077 0.452 0.6032171586538462 0.45799999999999996 0.5951742620192307 0.46 0.5951742620192307 0.46599999999999997 0.5790884711538461 0.46799999999999997 0.55764075 0.462 0.5469168894230769 0.462 0.5442359254807692 0.456 0.5361930288461538 0.446 0.5308310985576923 0.44200000000000006 0.5308310985576923 0.44 0.5335120649038462 0.432 0.5335120649038462 0.428 0.5388739951923077 0.42600000000000005 0.5388739951923077 0.424 0.5415549591346154 0.41800000000000004 0.5630026802884616 0.41800000000000004 0.5790884711538461 0.41600000000000004 0.5817694375 0.41800000000000004 0.5844504014423078 0.41800000000000004 0.5951742620192307
0 0.35369999999999996 0.3642064350961538 0.350612 0.36475603125 0.34441200000000005 0.3687882043269231 0.34855400000000003 0.37936997355769225 0.354934 0.3749571033653846 0.355758 0.3697184975961539 0.35369999999999996 0.3642064350961538
0 0.38136800000000004 0.5142144783653846 0.38178 0.5059436995192308 0.38178 0.49987667548076925 0.37457799999999997 0.4984986586538461 0.37354800000000005 0.508147451923077 0.37745799999999996 0.5142144783653846 0.38136800000000004 0.5142144783653846
0 0.47037799999999996 0.6243136730769231 0.46735 0.6158605889423078 0.460788 0.6104504014423078 0.454478 0.6165361923076923 0.45472999999999997 0.6249892764423077 0.452458 0.6361474519230769 0.46331 0.6483190336538461 0.468358 0.6412198389423077 0.47037799999999996 0.6375013413461539 0.47037799999999996 0.6243136730769231
0 0.8216720000000001 0.49608847115384613 0.818896 0.49000268028846156 0.8088 0.48898927644230766 0.8067799999999999 0.49034048317307694 0.80676 0.4892037524038461 0.804256 0.500147451923077 0.8100620000000001 0.5048793557692307 0.816876 0.5025147451923077 0.8216720000000001 0.49608847115384613
2 0.757676 0.6666434326923076 0.76026 0.6647184975961539 0.7565259999999999 0.6493351201923077 0.755666 0.623179625 0.740162 0.6185630024038461 0.739798 0.6196890072115384 0.7364299999999999 0.6374101875 0.739588 0.6508739951923077 0.743608 0.6612573725961539 0.757676 0.6666434326923076
2 0.603264 0.5788123317307693 0.59772 0.5733243966346154 0.5904900000000001 0.5746166225961539 0.584408 0.5743190336538462 0.584706 0.5852707764423077 0.591214 0.5872064350961538 0.596756 0.5855924927884616 0.603264 0.5788123317307693
2 0.572656 0.5791367283653847 0.573862 0.5697721177884616 0.560848 0.5655764086538462 0.561368 0.5670509375 0.560124 0.5749383389423077 0.564222 0.5801045576923077 0.5692820000000001 0.5804262740384616 0.572656 0.5791367283653847
0 0.44301 0.6177265408653846 0.438806 0.6212466490384615 0.43670400000000004 0.6258230552884616 0.43565200000000004 0.6395495985576923 0.44685 0.6436085793269231 0.454046 0.6215978557692308 0.45036800000000005 0.619134048076923 0.44301 0.6177265408653846
2 0.431064 0.9537855216346153 0.419308 0.95088471875 0.399818 0.9392788197115384 0.397652 0.9517131370192308 0.39177399999999996 0.9633163533653846 0.372594 0.9687050937499999 0.377544 0.9765790889423077 0.39734400000000003 0.9753351201923077 0.420856 0.9695335120192308 0.427662 0.9637319038461538 0.431064 0.9537855216346153