1 0.851448 0.4619668677884615 0.866456 0.4765662644230769 0.886466 0.4760963846153846 0.89866 0.4572560240384615 0.905226 0.42569879567307695 0.89647 0.40214759134615385 0.889124 0.39741566346153845 0.871458 0.39602409615384615 0.8545740000000001 0.4092138557692308 0.848008 0.4308795192307692 0.851448 0.4619668677884615
1 0.78532 0.5148283124999999 0.810958 0.5115301201923077 0.8219019999999999 0.48892168750000004 0.823464 0.47337951923076926 0.805018 0.45218373557692304 0.791026 0.4474457836538462 0.777504 0.46348795192307696 0.77125 0.48656626442307693 0.774378 0.5072921682692308 0.78532 0.5148283124999999
1 0.6791440000000001 0.5574096394230769 0.697656 0.5574096394230769 0.708952 0.5725361442307693 0.7161679999999999 0.5602469879807692 0.7127159999999999 0.5394487956730769 0.713972 0.5120331322115385 0.695146 0.49028915624999997 0.6844 0.4868313245192307 0.670358 0.49690662740384617 0.6571800000000001 0.521487951923077 0.6650240000000001 0.547012048076923 0.6791440000000001 0.5574096394230769
1 0.6672199999999999 0.47883734855769233 0.672554 0.4552048197115385 0.672554 0.43346084375000005 0.658122 0.4188072283653846 0.646198 0.41644578365384616 0.64557 0.41831325240384615 0.631766 0.43251506009615387 0.63051 0.4613493966346154 0.6509060000000001 0.48498493990384617 0.6672199999999999 0.47883734855769233
1 0.54446 0.53886746875 0.556384 0.5469036153846154 0.561404 0.5313072283653846 0.569562 0.5043644567307692 0.561718 0.4807289158653846 0.54948 0.4655662644230769 0.52532 0.47883734855769233 0.51936 0.49065662740384614 0.521556 0.5180722884615384 0.54446 0.53886746875
1 0.510496 0.47777409615384614 0.5243 0.46501204807692303 0.523674 0.4342861442307692 0.508298 0.4147710841346154 0.48916 0.4257771081730769 0.486336 0.44846686778846157 0.502652 0.4725722884615384 0.510496 0.47777409615384614
1 0.39401 0.5860030120192308 0.401226 0.5656777115384616 0.397776 0.53211746875 0.37644 0.5150993966346153 0.3573 0.5340060240384615 0.35479 0.5618945793269231 0.373302 0.5845843365384615 0.39401 0.5860030120192308
1 0.29588 0.523262048076923 0.304666 0.5138072283653846 0.297136 0.49112048076923076 0.28081999999999996 0.48261144471153844 0.262622 0.5029367475961538 0.26356199999999996 0.5246807235576922 0.276112 0.5289337355769231 0.29588 0.523262048076923
1 0.28599 0.40575301201923075 0.278528 0.38595783173076925 0.272688 0.3739819278846154 0.265226 0.3730060240384615 0.25451999999999997 0.3835150600961538 0.255006 0.40843975961538465 0.270254 0.4081957836538462 0.28599 0.40575301201923075
1 0.235742 0.5062289158653847 0.236392 0.4822801201923077 0.22535999999999998 0.47714759134615387 0.211086 0.4949849399038462 0.21433000000000002 0.51038253125 0.22601000000000002 0.5106265072115385 0.235742 0.5062289158653847
1 0.166882 0.4547319278846154 0.171262 0.4425150600961538 0.170612 0.4315180721153846 0.164934 0.4175873485576923 0.15439 0.4097680721153846 0.149362 0.41172289182692307 0.138494 0.43005120432692306 0.143846 0.4474006033653846 0.153742 0.4552228918269231 0.166882 0.4547319278846154
1 0.14417 0.4866114447115385 0.140764 0.48025903605769227 0.12438 0.46730722836538463 0.108808 0.4785481923076923 0.114972 0.5059186754807692 0.123894 0.5083614447115384 0.14417 0.4866114447115385
1 0.095384 0.46999397596153847 0.092626 0.4565542163461539 0.081758 0.4450692764423077 0.07137600000000001 0.4414036153846154 0.07137600000000001 0.44103012019230764 0.06294 0.4545993966346154 0.068942 0.47561445673076924 0.08273 0.4807469879807692 0.095384 0.46999397596153847
1 0.071172 0.5065873485576924 0.077662 0.49314457932692307 0.071336 0.4838584326923077 0.061764 0.47994879567307697 0.053329999999999995 0.47767469951923075 0.045056 0.48850301201923074 0.047001999999999995 0.5058524086538462 0.055924 0.5163614447115384 0.071172 0.5065873485576924
0 0.86296 0.47565963942307693 0.857534 0.49337349278846154 0.8496199999999999 0.48417469951923076 0.842836 0.4892861442307692 0.859116 0.5165361442307692 0.88037 0.5151746995192308 0.880596 0.4930331322115385 0.86816 0.48042771153846153 0.86296 0.47565963942307693
0 0.708168 0.4947228918269231 0.7185 0.4938253004807692 0.7236659999999999 0.48514457932692306 0.725058 0.4713734927884615 0.7139300000000001 0.46359036057692304 0.7000200000000001 0.46119578365384617 0.6997220000000001 0.4609487956730769 0.689886 0.4791566274038462 0.69704 0.4833493966346154 0.7049880000000001 0.48245180769230767 0.708168 0.4947228918269231
0 0.71229 0.7385210841346154 0.7103179999999999 0.7239969879807693 0.699802 0.7230060240384616 0.696078 0.7114548197115386 0.69038 0.7259759038461537 0.688628 0.7520512043269231 0.697612 0.7573343365384615 0.709662 0.7510632524038462 0.71229 0.7385210841346154
0 0.598754 0.6227168677884615 0.59188 0.6296204807692308 0.5749799999999999 0.6282620480769231 0.57584 0.6632740961538462 0.596748 0.6658644567307692 0.602762 0.6468795192307693 0.598754 0.6227168677884615
0 0.5523819999999999 0.45286445673076925 0.547326 0.4427048197115384 0.536 0.4376084326923077 0.528782 0.4509578317307692 0.536158 0.46556024038461535 0.549854 0.4658765072115385 0.5523819999999999 0.45286445673076925
0 0.475472 0.5061927716346154 0.462408 0.50238253125 0.460934 0.5062319278846154 0.464516 0.5293644567307692 0.47926599999999997 0.5249216875 0.48516400000000004 0.5144457836538462 0.475472 0.5061927716346154
0 0.39826 0.6494578317307693 0.388684 0.6450963846153847 0.378552 0.661159639423077 0.387126 0.6890421682692308 0.403382 0.6752891562500001 0.40405 0.6672379519230769 0.39826 0.6494578317307693
0 0.245108 0.45191566346153844 0.240344 0.46528915625 0.248572 0.47996686778846154 0.260048 0.4747469879807692 0.258966 0.46267771153846154 0.245108 0.45191566346153844
0 0.32826 0.4128945793269231 0.31936 0.3984578317307692 0.311832 0.41186144471153846 0.31747800000000004 0.4237198798076923 0.32517999999999997 0.42475301201923077 0.32826 0.4128945793269231
0 0.20727399999999999 0.49685240865384617 0.196494 0.48860240865384613 0.1846 0.5039036153846154 0.188108 0.5136084326923077 0.196152 0.5092259038461538 0.207446 0.5071626514423077 0.20727399999999999 0.49685240865384617
0 0.20137 0.46617469951923074 0.186312 0.4721024086538461 0.185798 0.48576807211538464 0.200172 0.48396084375 0.20582 0.4772590360576923 0.20137 0.46617469951923074
2 0.7260559999999999 0.7870030120192308 0.7704160000000001 0.7786957836538462 0.77823 0.7728072283653845 0.7694960000000001 0.7509939759615385 0.752718 0.7551506033653846 0.76513 0.7243343365384616 0.740766 0.7267590360576922 0.739846 0.7260662644230769 0.7239880000000001 0.7662289158653847 0.7260559999999999 0.7870030120192308
2 0.7021540000000001 0.8372018076923078 0.7131860000000001 0.8174668677884616 0.699166 0.7869969879807692 0.6773319999999999 0.7658765072115384 0.6520499999999999 0.8032710841346155 0.676642 0.828198795673077 0.682618 0.8299307235576923 0.7021540000000001 0.8372018076923078
2 0.42308599999999996 0.7348283125 0.412672 0.7282921682692307 0.405078 0.7256777115384616 0.39922 0.7292740961538461 0.397484 0.7498644567307693 0.41918200000000005 0.7560753004807693 0.430464 0.74953915625 0.42308599999999996 0.7348283125
2 0.368032 0.7283433725961538 0.371666 0.7678433725961539 0.388154 0.7541144567307693 0.38208 0.7246957836538462 0.368032 0.7283433725961538
2 0.354796 0.7322138557692307 0.347202 0.7260030120192307 0.34308 0.7168524086538461 0.326536 0.7201746995192307 0.327892 0.7426746995192308 0.347636 0.7469216875 0.358484 0.7443072283653845 0.354796 0.7322138557692307
2 0.328922 0.7368795192307692 0.331526 0.7238072283653847 0.320678 0.7166144567307692 0.31004600000000004 0.7009277115384616 0.301584 0.7146536153846154 0.300066 0.7175963846153847 0.30961200000000005 0.7362259038461538 0.328922 0.7368795192307692
0 0.30397399999999997 0.5518765072115385 0.31390999999999997 0.56846084375 0.326578 0.5553644567307692 0.312916 0.5475060240384615 0.30397399999999997 0.5518765072115385