2 0.11566824038461537 0.3991746995192308 0.11295322115384615 0.36223560576923075 0.10151147115384615 0.36219407692307687 0.08443807692307694 0.3975841850961539 0.08687382932692309 0.41827339903846156 0.09553336057692308 0.4178124399038462 0.11566824038461537 0.3991746995192308
1 0.45853025240384615 0.2768292091346154 0.47588291346153844 0.2576889831730769 0.4669441129807692 0.24190006490384613 0.4310881129807692 0.23339930288461538 0.40757887259615383 0.23725309615384615 0.40445018269230765 0.2569373365384615 0.4143275889423077 0.2668209831730769 0.45853025240384615 0.2768292091346154
1 0.5158629375 0.04216731490384615 0.4951695168269231 0.028305293269230772 0.44415093749999995 0.025165790865384615 0.44227372355769234 0.03697633413461538 0.4567769639423077 0.053770225961538465 0.48181695192307694 0.05829261538461539 0.5158629375 0.04216731490384615
2 0.13589126682692307 0.6680929759615384 0.13085176442307692 0.7178060649038461 0.14072917067307691 0.7276897115384616 0.15248379326923078 0.7257628125 0.16583635817307693 0.6957754903846154 0.13589126682692307 0.6680929759615384
2 0.28338474759615384 0.17229927644230772 0.24905949278846154 0.1721746971153846 0.2329247067307692 0.20165953365384615 0.2465229423076923 0.2061403942307692 0.28613337019230767 0.1910200673076923 0.28338474759615384 0.17229927644230772
2 0.3019112139423077 0.01972564903846154 0.3107403942307692 0.006905341346153846 0.28332328125 0.006296072115384615 0.28768724278846153 0.01918163701923077 0.3019112139423077 0.01972564903846154
2 0.08818479086538462 0.5085952644230769 0.09136526682692307 0.49805686298076923 0.09108599759615385 0.4818069831730769 0.05244777644230769 0.4728037331730769 0.03450297596153846 0.47766250480769235 0.0400338173076923 0.49688578125 0.08818479086538462 0.5085952644230769
2 0.07250498798076924 0.3286062908653846 0.11176894471153845 0.3336726923076923 0.11430549759615385 0.2997069975961538 0.07316432451923077 0.3064511394230769 0.07250498798076924 0.3286062908653846
2 0.2584119615384615 0.13134027884615385 0.24015429086538462 0.1381674735576923 0.23455625 0.15538080288461537 0.2834183485576923 0.15408097115384617 0.28932925721153846 0.13489921875 0.2584119615384615 0.13134027884615385
2 0.18100940865384615 0.8524105432692307 0.1841380985576923 0.8327263028846155 0.17888652644230768 0.82975290625 0.1649754206730769 0.8272404663461538 0.16188033173076924 0.8287064038461539 0.15722089903846154 0.8400144615384615 0.15906451201923077 0.84642221875 0.16431608413461538 0.8493956201923076 0.18100940865384615 0.8524105432692307
2 0.18208241346153847 0.7736320576923077 0.17864085576923075 0.7952847211538461 0.18111020673076925 0.7977556322115384 0.17860725721153844 0.8135030264423077 0.1838588293269231 0.8164764254807693 0.19251836057692306 0.8160154615384615 0.19839567067307692 0.815052014423077 0.20555805528846155 0.7879965649038462 0.20308870432692305 0.7855256538461538 0.20402731009615385 0.7796203822115384 0.19908860817307691 0.7746785600961539 0.18517750480769232 0.7721661201923078 0.18208241346153847 0.7736320576923077
2 0.23643128124999999 0.6477774975961539 0.24446507451923075 0.6512533846153846 0.24756016346153847 0.6497874471153846 0.2543760817307692 0.6429187283653846 0.25656616346153843 0.6291397596153847 0.23309052163461536 0.61477525 0.22999543269230768 0.6162411875 0.2271796105769231 0.6339570024038461 0.23149257692307693 0.6428356730769231 0.23643128124999999 0.6477774975961539
2 0.2318726466346154 0.6044306418269231 0.23434199759615384 0.6069015552884616 0.23309052163461536 0.61477525 0.2439065360576923 0.6187536225961539 0.2473144951923077 0.6153192644230769 0.24950457692307693 0.6015402956730769 0.2525996658653846 0.6000743605769231 0.25322540384615383 0.5961375096153846 0.24675595432692307 0.5828195048076923 0.23840929326923074 0.5813120408653846 0.23531420432692307 0.5827779783653846 0.2318726466346154 0.6044306418269231
2 0.1621491298076923 0.6829599735576923 0.16058478365384615 0.6928020913461539 0.16552348798076924 0.6977439158653845 0.17943459134615386 0.7002563533653846 0.18037319951923078 0.6943510817307692 0.17790384615384613 0.6918801682692308 0.18009393028846155 0.6781011995192308 0.17793744711538462 0.6736618653846154 0.17237300480769233 0.6726568918269231 0.16618282692307693 0.6755887644230769 0.16524421875 0.6814940360576922 0.1621491298076923 0.6829599735576923
2 0.30075835336538465 0.4771516730769231 0.3118872331730769 0.4791616225961538 0.31807741346153845 0.47622975 0.32085963461538464 0.47673223798076925 0.32426759375 0.47329787740384616 0.32179824038461535 0.47082696634615384 0.32398832451923076 0.45704799759615383 0.3128594399038462 0.45503804807692305 0.30016621634615387 0.4628702163461539 0.29828900240384615 0.47468075961538464 0.30075835336538465 0.4771516730769231
2 0.4632464134615385 0.06708823557692307 0.4409886466346154 0.06306833413461538 0.43942430288461537 0.07291045432692309 0.44436300721153843 0.07785227644230769 0.4582741105769231 0.08036471634615384 0.46168206971153847 0.07693035336538462 0.4632464134615385 0.06708823557692307