1 0.19463964903846154 0.1370154735576923 0.16782112740384614 0.0734519375 0.13690991586538462 0.04714300721153846 0.11275753846153846 0.05342572596153846 0.09489895192307693 0.08567377644230768 0.09127130769230771 0.12955469471153847 0.11040090625 0.14727395673076923 0.14669153125 0.12280569230769231 0.17468836778846153 0.13944511298076923 0.17783526201923075 0.15242778365384616 0.19463964903846154 0.1370154735576923
1 0.4711044903846154 0.31720222836538464 0.46381524038461536 0.31161746875 0.4489364014423077 0.31990182932692307 0.44788220192307693 0.33673756971153845 0.4756465168269231 0.3500638341346154 0.4780903653846154 0.33187598076923075 0.4711044903846154 0.31720222836538464
1 0.6618584735576923 0.32738719471153843 0.6578898966346153 0.3345534254807693 0.6821506826923076 0.3616722355769231 0.6815615240384615 0.38513429326923077 0.6884444735576923 0.38763756971153845 0.6998851538461538 0.35951255528846154 0.6938238846153847 0.33686037740384617 0.6791277403846153 0.3206695889423077 0.6618584735576923 0.32738719471153843
1 0.7969597067307692 0.34100800240384616 0.8020908894230769 0.3504075504807692 0.8089738389423077 0.3529108269230769 0.8178410745192307 0.3518309855769231 0.8297468004807692 0.33033228605769227 0.8312660432692307 0.3201228557692308 0.8372189038461539 0.3093735048076923 0.8362888197115385 0.29612087740384613 0.8336069663461539 0.28976452403846154 0.8196085480769231 0.2814448125 0.8085245024038462 0.28279461298076924 0.8043234062500001 0.28664768990384615 0.7963862572115384 0.30098015865384614 0.7946344927884615 0.3078764326923077 0.7969597067307692 0.34100800240384616
0 0.453090375 0.5065184495192308 0.4497109591346154 0.490222625 0.4408437211538461 0.4913024663461538 0.43664262499999995 0.4951555432692307 0.43757271153846156 0.5084081706730769 0.44912179807692304 0.5136846826923077 0.453090375 0.5065184495192308
2 0.6862732379807692 0.6752686586538462 0.6740422932692307 0.5965627764423077 0.6518742019230769 0.599262375 0.6589890673076924 0.7060882716346154 0.7062305673076923 0.7012140697115385 0.6988157403846155 0.6792814134615385 0.6862732379807692 0.6752686586538462
2 0.6033369278846153 0.6085146514423078 0.6057862572115384 0.6115578485576922 0.60671634375 0.6248104783653846 0.6091656754807693 0.627853673076923 0.6131185432692308 0.6841773413461538 0.6155678725961539 0.6872205360576923 0.6164979591346154 0.7004731634615384 0.6231483846153847 0.6996632860576923 0.6229158629807692 0.6963501249999999 0.6268844375 0.6891838942307692 0.6359841971153847 0.6914172091346154 0.6281868701923077 0.6121714086538461 0.6228231658653847 0.5994586995192308 0.6095223125 0.6010784591346154 0.6053212139423076 0.6049315360576923 0.6033369278846153 0.6085146514423078
2 0.2336404423076923 0.9475854206730769 0.25627357692307695 0.9515121322115385 0.2695744302884615 0.9498923725961539 0.29746286057692306 0.933130266826923 0.30166395673076923 0.9292771899038462 0.3054000096153846 0.9187977980769231 0.30271815865384616 0.9124414447115385 0.2931533581730769 0.9035818125 0.2862704086538461 0.9010785360576924 0.26631912740384617 0.9035081778846153 0.26211803125 0.9073612548076924 0.2603662644230769 0.9142575288461539 0.2524291153846154 0.9285899951923077 0.24309683653846154 0.9230435216346154 0.2351596875 0.9373759879807693 0.2336404423076923 0.9475854206730769
2 0.15674969230769228 0.9669734927884615 0.15476540384615384 0.9705566105769231 0.14811497836538462 0.9713664903846154 0.14613068990384617 0.9749496057692307 0.12839621875 0.9771092860576923 0.1264119326923077 0.9806924038461537 0.11976150240384616 0.9815022836538462 0.12062075240384615 0.9937455913461538 0.16485803124999998 0.9914518052884616 0.17961534615384614 0.9742133605769231 0.1813671129807692 0.9673170889423077 0.17646845192307692 0.9612306947115384 0.17425164182692307 0.9615006562499999 0.17226735576923075 0.9650837716346155 0.15674969230769228 0.9669734927884615
0 0.18259191586538462 0.5115585 0.1906799879807692 0.5556763389423077 0.18408633653846154 0.5924970432692308 0.20467661778846152 0.6079967836538461 0.21969038221153847 0.5358504711538461 0.19886129807692307 0.5169481153846154 0.18259191586538462 0.5115585
0 0.6596401634615384 0.4506669807692308 0.6506564663461538 0.4589117548076923 0.6634852524038461 0.47624217067307695 0.6679242932692309 0.46650919951923076 0.6596401634615384 0.4506669807692308
0 0.8765879855769231 0.4405871658653846 0.8830558557692307 0.4500144014423077 0.9021821826923078 0.4451323365384615 0.9024899951923077 0.4251796754807692 0.8858624903846154 0.4169896658653846 0.8765879855769231 0.4405871658653846
2 0.8865310360576923 0.6418361634615385 0.9077752307692308 0.6428244495192307 0.9123941370192308 0.6356224615384616 0.9093146658653846 0.6160822932692308 0.8883557259615384 0.6094422524038461 0.8865310360576923 0.6418361634615385
2 0.8624581658653846 0.6054486129807692 0.8579243004807692 0.6381691009615384 0.8823856850961539 0.6071084879807692 0.8716575336538461 0.6002450480769231 0.8624581658653846 0.6054486129807692