1 0.6291721466346154 0.38626381730769227 0.653537360576923 0.38402311298076924 0.6474212716346154 0.3491598004807692 0.618409516826923 0.3611762788461539 0.6160503173076923 0.3751699254807692 0.6291721466346154 0.38626381730769227
1 0.6151333894230769 0.27389718509615385 0.6414489110576922 0.27787344711538464 0.6395704663461538 0.2534449663461538 0.6119068269230769 0.25746507451923073 0.6151333894230769 0.27389718509615385
1 0.5280585336538461 0.7370276009615384 0.5307547620192308 0.721034860576923 0.525777420673077 0.7154677524038462 0.5103620264423077 0.7174979711538462 0.5002558461538462 0.7238204495192307 0.5047044038461539 0.7332710264423077 0.5144151346153846 0.7378311033653847 0.5280585336538461 0.7370276009615384
1 0.5332799831730769 0.5815596778846154 0.5311646754807693 0.5907986033653846 0.5305627451923077 0.594368983173077 0.5411892379807692 0.5975700096153846 0.5466127980769231 0.5892323076923077 0.5497430144230769 0.5786153677884616 0.5332799831730769 0.5815596778846154
3 0.7030855769230769 0.3391204879807692 0.6667310552884615 0.37690548317307687 0.6939139375000001 0.41130750480769235 0.8341105721153846 0.41563543750000004 0.8478568846153846 0.3518841634615385 0.7683214302884616 0.3470587740384615 0.7030855769230769 0.3391204879807692
3 0.7568714399038462 0.3046526947115385 0.7731702548076923 0.2613317139423077 0.6741679783653846 0.24386694951923077 0.6487198125 0.2703164471153846 0.6617697788461538 0.2996218557692308 0.7568714399038462 0.3046526947115385
2 0.7676886298076924 0.7506425625 0.7551458124999999 0.7479592307692309 0.7531017331730769 0.7600837283653846 0.7149634254807692 0.7488686875 0.7146263966346154 0.7508677788461539 0.7083665769230769 0.7524275024038461 0.7073554927884615 0.75842478125 0.7040570673076924 0.7602041875 0.70634440625 0.7644220576923076 0.718189983173077 0.7653007980769231 0.7208143485576923 0.7675195769230769 0.7593124807692307 0.7703754879807693 0.7676886298076924 0.7506425625
2 0.7521853028846154 0.7415094495192308 0.7543622884615384 0.7294858966346154 0.7295429879807693 0.730276048076923 0.7021101225961538 0.7427092211538462 0.7072279711538462 0.7470338365384616 0.7114109951923078 0.7530439975961538 0.7301074278846154 0.7479680216346154 0.7334058485576923 0.7461886153846155 0.7449144014423077 0.7490664495192308 0.75117421875 0.7475067283653847 0.7521853028846154 0.7415094495192308
2 0.8612253173076923 0.27938303125 0.8503189591346154 0.29071853124999997 0.861490483173077 0.2955954591346154 0.9263041346153845 0.30242762740384616 0.9309506730769231 0.29265185096153845 0.905983264423077 0.28067922115384614 0.8612253173076923 0.27938303125
0 0.800983689903846 0.24262171875 0.7915329759615385 0.23155727403846155 0.7674028533653845 0.23085618990384615 0.7680275384615385 0.24153914903846155 0.7687786514423076 0.2418681201923077 0.7804454038461538 0.24218911538461538 0.800983689903846 0.24262171875
0 0.7563670841346154 0.32494933413461535 0.77637209375 0.3310705673076923 0.7863542572115385 0.31981021875000004 0.7665426105769231 0.3150675673076923 0.7563670841346154 0.32494933413461535