1 0.7416666658653847 0.246875 0.7270833341346153 0.246875 0.7083333341346154 0.26875 0.7041666658653847 0.30937499999999996 0.7666666658653847 0.296875 0.7583333341346153 0.265625 0.7416666658653847 0.246875
1 0.2479166658653846 0.2625 0.23541666586538462 0.2875 0.23541666586538462 0.31875 0.2916666658653846 0.30625 0.2666666658653846 0.259375 0.2479166658653846 0.2625
2 0.1568895841346154 0.9145375 0.1319333341346154 0.9172781249999999 0.1307166658653846 0.9145375 0.1301083341346154 0.916690625 0.13923750000000001 0.9474156250000001 0.1714979158653846 0.952896875 0.1678458341346154 0.9264125000000001 0.1568895841346154 0.9145375
2 0.22262916586538462 0.895359375 0.2068020841346154 0.882571875 0.1574979158653846 0.8853125000000001 0.17758541586538462 0.92915 0.20497708413461538 0.918190625 0.2414979158653846 0.9136249999999999 0.23967291586538464 0.8999250000000001 0.22262916586538462 0.895359375
2 0.2583333341346154 0.8812500000000001 0.2729166658653846 0.8812500000000001 0.2770833341346154 0.875 0.275 0.8625 0.2729166658653846 0.859375 0.2729166658653846 0.84375 0.2708333341346154 0.8374999999999999 0.2666666658653846 0.8343750000000001 0.2583333341346154 0.8374999999999999 0.2541666658653846 0.84375 0.2520833341346154 0.84375 0.2520833341346154 0.875 0.2583333341346154 0.8812500000000001
2 0.3041666658653846 0.8812500000000001 0.3125 0.8812500000000001 0.3145833341346154 0.8843749999999999 0.32291666586538464 0.8843749999999999 0.3270833341346154 0.8812500000000001 0.3291666658653846 0.875 0.3291666658653846 0.8625 0.3166666658653846 0.840625 0.3166666658653846 0.8374999999999999 0.3020833341346154 0.8374999999999999 0.2979166658653846 0.840625 0.29375 0.846875 0.29375 0.871875 0.2979166658653846 0.878125 0.3041666658653846 0.8812500000000001
2 0.4354166658653846 0.8531249999999999 0.44791666586538464 0.8531249999999999 0.44999999999999996 0.85625 0.4520833341346154 0.8531249999999999 0.45833333413461536 0.85625 0.4604166658653846 0.8531249999999999 0.4666666658653846 0.8531249999999999 0.4729166658653846 0.84375 0.475 0.8343750000000001 0.475 0.8187500000000001 0.46875 0.815625 0.4604166658653846 0.815625 0.4541666658653846 0.809375 0.44999999999999996 0.8125 0.4375 0.840625 0.4333333341346154 0.84375 0.4333333341346154 0.8500000000000001 0.4354166658653846 0.8531249999999999
2 0.5041666658653846 0.9281250000000001 0.50625 0.925 0.5208333341346154 0.925 0.5291666658653846 0.91875 0.53125 0.9125000000000001 0.53125 0.890625 0.5333333341346154 0.8843749999999999 0.53125 0.875 0.5291666658653846 0.871875 0.525 0.871875 0.5041666658653846 0.890625 0.5020833341346154 0.8875 0.4979166658653846 0.8875 0.47916666586538464 0.90625 0.4729166658653846 0.90625 0.46875 0.9125000000000001 0.46875 0.921875 0.4770833341346154 0.9281250000000001 0.5041666658653846 0.9281250000000001
2 0.5333333341346154 0.9468749999999999 0.55625 0.9468749999999999 0.5625 0.9437500000000001 0.5729166658653846 0.9312499999999999 0.575 0.9125000000000001 0.5770833341346153 0.909375 0.5770833341346153 0.89375 0.575 0.890625 0.5645833341346154 0.890625 0.5604166658653846 0.903125 0.5458333341346153 0.903125 0.5354166658653846 0.91875 0.5354166658653846 0.921875 0.5291666658653846 0.9312499999999999 0.5291666658653846 0.9437500000000001 0.5333333341346154 0.9468749999999999
2 0.6875 0.878125 0.6937500000000001 0.878125 0.6979166658653846 0.875 0.6979166658653846 0.8531249999999999 0.6958333341346153 0.846875 0.6812499999999999 0.83125 0.6729166658653847 0.83125 0.6708333341346153 0.840625 0.6479166658653847 0.8531249999999999 0.64375 0.859375 0.6416666658653847 0.859375 0.6395833341346153 0.8812500000000001 0.64375 0.8843749999999999 0.6854166658653846 0.8812500000000001 0.6875 0.878125
2 0.7437499999999999 0.965625 0.7520833341346154 0.965625 0.7583333341346153 0.9593750000000001 0.7583333341346153 0.95 0.7562500000000001 0.9468749999999999 0.7375 0.934375 0.7354166658653847 0.9281250000000001 0.7354166658653847 0.91875 0.7333333341346153 0.921875 0.7208333341346154 0.91875 0.71875 0.925 0.7020833341346153 0.9468749999999999 0.6937500000000001 0.953125 0.6916666658653846 0.9624999999999999 0.6958333341346153 0.96875 0.7416666658653847 0.96875 0.7437499999999999 0.965625
2 0.8 0.9781249999999999 0.8 0.9906250000000001 0.8020833341346154 0.996875 0.8291666658653847 0.996875 0.8291666658653847 0.9875 0.8270833341346153 0.984375 0.8270833341346153 0.9750000000000001 0.8208333341346153 0.9468749999999999 0.8020833341346154 0.9468749999999999 0.7958333341346153 0.95 0.7979166658653847 0.953125 0.7979166658653847 0.9750000000000001 0.8 0.9781249999999999