1 0.6531800576923078 0.7570840889423077 0.6507918629807693 0.7596105216346154 0.6552542499999999 0.7877373798076923 0.6520587596153846 0.7986980360576923 0.6531126971153847 0.8026365625 0.6851795120192308 0.7965077067307693 0.6923441033653847 0.7889284086538461 0.6952592692307692 0.7883712403846155 0.6968738557692308 0.7715027932692308 0.6884086826923077 0.7627708125 0.6780822860576923 0.7585345264423077 0.659010389423077 0.75596975 0.6531800576923078 0.7570840889423077
1 0.5842591610576923 0.60258825 0.5725984975961539 0.604816923076923 0.5662412019230769 0.6039619975961539 0.5590766105769231 0.6115412980769231 0.5611844807692308 0.6194183509615385 0.5646266129807692 0.6208304447115385 0.5677884206730769 0.6326460264423077 0.5717575240384616 0.6360273846153847 0.5781148245192308 0.6368823124999999 0.5839451538461539 0.6357679735576922 0.6027704038461539 0.6259600024038462 0.6064928629807692 0.616968608173077 0.6049119591346154 0.6110608173076923 0.6009428605769231 0.6076794591346154 0.5842591610576923 0.60258825
1 0.625699485576923 0.5284284350961539 0.6023781682692307 0.5328857836538462 0.59998996875 0.5354122163461539 0.611056295673077 0.5767667548076922 0.6179405625 0.5795909471153846 0.6232439254807692 0.57650734375 0.6378197524038461 0.5737215 0.6484264783653846 0.5675542956730769 0.6579792668269231 0.5574485649038462 0.6593135264423077 0.5509836057692308 0.65615171875 0.5391680240384615 0.6516556466346154 0.5338174014423077 0.6349719519230769 0.5287261923076924 0.625699485576923 0.5284284350961539
1 0.5971421682692308 0.49041691105769225 0.5703787139423077 0.4934621658653846 0.5632141201923078 0.5010414639423076 0.5679568341346154 0.5187648365384615 0.5713989663461538 0.5201769326923077 0.5729798701923077 0.5260847235576923 0.5764220048076922 0.5274968173076923 0.5827793004807693 0.5283517427884615 0.6031854567307693 0.5244515600961539 0.6161803798076922 0.5157579278846154 0.6199028365384615 0.5067665336538462 0.6172679975961538 0.4969202163461538 0.6103837331730769 0.49409602403846153 0.6098567644230769 0.4921267620192307 0.5971421682692308 0.49041691105769225
1 0.5800999086538462 0.36947524519230773 0.5785190048076922 0.36356745432692306 0.5666117019230769 0.3534233798076923 0.5602544038461539 0.3525684519230769 0.5485937427884615 0.35479712740384617 0.5451516105769231 0.35338503365384616 0.5276606153846154 0.3567280456730769 0.5199690600961538 0.3623380793269231 0.5239381586538461 0.36571943990384614 0.52709996875 0.37753502163461533 0.5305421033653845 0.3789471153846154 0.5326499735576923 0.38682417067307695 0.5371460432692308 0.39217479326923077 0.5498606418269231 0.3938846442307692 0.5522488365384615 0.3913582139423077 0.5692128605769231 0.38604593509615387 0.5769044206730769 0.3804359014423077 0.5800999086538462 0.36947524519230773
1 0.5294436129807693 0.22597840865384616 0.5119526225961539 0.22932142307692308 0.5071762283653846 0.23437428846153846 0.5121655841346153 0.2644704110576923 0.5195768173076923 0.2692638653846154 0.5399829735576923 0.2653636826923077 0.5558930624999999 0.25611287740384614 0.5596155192307692 0.24712148557692307 0.5564537115384616 0.23530590384615382 0.5485155096153846 0.2285431875 0.5416312427884615 0.2257189951923077 0.5328857475961539 0.22739050240384615 0.5294436129807693 0.22597840865384616
2 0.0919221923076923 0.2971809855769231 0.08609185817307694 0.2982953245192308 0.08370366105769231 0.3008217548076923 0.08791940865384616 0.3165758653846154 0.10857220432692308 0.32504843509615383 0.12606319951923076 0.3217054206730769 0.12553623076923076 0.3197361586538462 0.13270082211538461 0.3121568605769231 0.12687048798076922 0.31327119711538465 0.11654409134615386 0.3090349134615385 0.11152105288461539 0.3017150264423077 0.10224858894230769 0.3014172692307692 0.0919221923076923 0.2971809855769231
2 0.1207261514423077 0.34756526201923077 0.14404747355769232 0.3431079110576923 0.140078375 0.3397265528846154 0.13744353365384615 0.3298802307692308 0.12817106971153847 0.3295824759615385 0.11942557211538461 0.3312539831730769 0.11598343990384616 0.3298418870192308 0.1077649110576923 0.3334826586538462 0.11039975480769232 0.34332897596153844 0.1207261514423077 0.34756526201923077
2 0.12933692307692307 0.43699870673076924 0.11504141826923077 0.4293810625 0.10868412019230769 0.42852613701923076 0.10390772836538462 0.4335790048076923 0.10548863221153847 0.43948679326923074 0.11289986538461538 0.44428024759615387 0.11500773798076923 0.45215730048076924 0.12691504326923078 0.46230137740384614 0.1337993076923077 0.46512556490384616 0.14254480528846153 0.4634540600961538 0.13910267067307694 0.46204196634615385 0.13646782932692308 0.4521956466346154 0.1388560264423077 0.44966921394230763 0.13913635096153845 0.43926572836538463 0.13225208653846154 0.43644153846153844 0.12933692307692307 0.43699870673076924
2 0.1594751466346154 0.48091802163461533 0.1570869471153846 0.4834444543269231 0.15972178605769233 0.4932907716346154 0.16316392067307695 0.4947028677884615 0.17773974759615385 0.49191702403846155 0.1859582764423077 0.48827625240384614 0.19073466826923077 0.48322338701923073 0.18915376442307694 0.47731559615384617 0.1851846610576923 0.4739342379807692 0.18174253125 0.4725221442307692 0.17299703365384617 0.4741936490384615 0.1594751466346154 0.48091802163461533
2 0.19379543028846152 0.5633676826923076 0.18849206971153845 0.5664512860576922 0.19165387740384615 0.5782668677884616 0.19853814423076924 0.5810910576923077 0.19906511298076923 0.5830603221153846 0.21177971153846153 0.584770173076923 0.2165561033653846 0.5797173100961538 0.21947126923076923 0.579160139423077 0.2189443004807692 0.577190875 0.2155021682692308 0.57577878125 0.2133942956730769 0.5679017259615384 0.21047912980769232 0.5684588942307692 0.20015273076923076 0.5642226105769231 0.19379543028846152 0.5633676826923076
2 0.09197761057692308 0.6180175841346155 0.08428604807692307 0.6236276177884614 0.08692088942307692 0.6334739374999999 0.10068942307692308 0.6391223149038462 0.1070467235576923 0.6399772427884615 0.11287705288461539 0.6388629038461539 0.11473828365384617 0.6343672067307692 0.11076918028846154 0.6309858485576924 0.11052253846153846 0.6186130961538462 0.10760737259615386 0.619170264423077 0.10072310576923077 0.616346076923077 0.09197761057692308 0.6180175841346155
2 0.047902444711538456 0.6823310793269232 0.0521181875 0.6980851875 0.05556031971153846 0.6994972836538461 0.0643058173076923 0.6978257788461538 0.07677377163461538 0.6871628774038462 0.07389228846153846 0.6649438100961539 0.07522654807692307 0.6584788485576923 0.06595408413461538 0.65818109375 0.057208588942307695 0.6598525985576923 0.05190522596153846 0.6629361995192308 0.047902444711538456 0.6823310793269232
2 0.29298928125 0.6706778846153847 0.29193534615384614 0.6667393581730768 0.2805550096153846 0.6585645456730769 0.2683673822115385 0.6588239567307692 0.2601488533653846 0.6624647283653846 0.2612027908653846 0.6664032548076922 0.2686140264423077 0.6711967091346154 0.2813286225961539 0.6729065600961538 0.29298928125 0.6706778846153847
2 0.25428484134615387 0.6863553028846153 0.24501237740384615 0.686057545673077 0.24076295432692307 0.6930796754807692 0.24048262740384616 0.7034831634615385 0.2473668918269231 0.7063073509615384 0.26088878365384616 0.6995829807692308 0.2577269735576923 0.6877673990384616 0.25428484134615387 0.6863553028846153
2 0.17533960817307692 0.8608325288461539 0.17955535096153846 0.8765866394230769 0.18352445192307693 0.879968 0.20393060817307693 0.8760678173076923 0.2087070048076923 0.8710149519230769 0.20607216586538463 0.8611686322115385 0.20263003125 0.8597565360576923 0.20052215865384618 0.8518794831730769 0.19708002403846156 0.8504673870192309 0.19072272836538462 0.8496124639423077 0.17720083653846153 0.8563368341346155 0.17533960817307692 0.8608325288461539