1 0.3106788798076923 0.16507300480769233 0.32133151201923077 0.16573316346153846 0.3241628894230769 0.16390006009615382 0.3374786778846154 0.1647252620192308 0.34047827163461536 0.16089401442307694 0.3406464879807692 0.15889587019230772 0.33016207451923074 0.15623756490384616 0.317687375 0.14542164423076923 0.3137068004807692 0.1291064110576923 0.30288595432692306 0.13044439423076923 0.29722320192307694 0.13411060096153846 0.2940553918269231 0.13993999519230768 0.29321430048076924 0.1499307139423077 0.29537280288461537 0.1560901875 0.3003626850961539 0.16041655528846155 0.3106788798076923 0.16507300480769233
1 0.36906656490384615 0.7752791610576922 0.3767196057692308 0.7797705673076922 0.3900353942307693 0.7805957692307692 0.3925303341346154 0.7827589543269231 0.4005198076923077 0.7832540745192307 0.40136089663461544 0.7732633557692308 0.3988659567307692 0.7711001706730769 0.3992023918269231 0.7671038846153846 0.39454894711538463 0.7587812235576923 0.4090422620192308 0.7456194182692308 0.4092104807692308 0.7436212740384616 0.4015574447115385 0.7391298653846154 0.39889428125 0.7389648245192307 0.3764114951923077 0.7516315120192308 0.37374833653846157 0.7514664711538461 0.3677491538461538 0.7591289663461538 0.36673984374999996 0.7711178317307692 0.36906656490384615 0.7752791610576922
1 0.30436459375 0.9078521538461538 0.3334911129807692 0.9116657403846153 0.3391538653846154 0.90799953125 0.33982673798076923 0.9000069543269231 0.3281931274038462 0.8792003149038461 0.30671964423076925 0.8798781370192308 0.3035518341346154 0.8857075288461539 0.30186965625 0.90568896875 0.30436459375 0.9078521538461538
1 0.3184648197115385 0.9629573245192307 0.32894923076923077 0.9656156274038461 0.33727514182692303 0.9621144591346155 0.3377797956730769 0.9561200288461538 0.3306314110576923 0.9456341899038462 0.32247372115384615 0.9471372115384615 0.31681096634615385 0.9508034206730769 0.31596987740384613 0.9607941394230769 0.3184648197115385 0.9629573245192307
0 0.46539523798076926 0.07624115865384616 0.43859543990384614 0.07658889663461538 0.43576406490384617 0.07842200240384616 0.43509119471153845 0.08641457692307693 0.44240779807692304 0.09490227644230768 0.4475658942307692 0.0972305 0.4555553701923077 0.0977256201923077 0.4640494951923077 0.09222631009615385 0.4670490889423077 0.0883950625 0.4677219591346154 0.08040248557692307 0.46539523798076926 0.07624115865384616
0 0.46648778125 0.15866018509615382 0.471645875 0.16098840865384614 0.48229851201923074 0.16164856971153846 0.4829713798076923 0.15365599278846154 0.4779815 0.14932962259615384 0.47016024519230765 0.14683636057692306 0.4618343341346154 0.15033752884615387 0.4614979014423077 0.15433381490384615 0.46648778125 0.15866018509615382
2 0.5904848317307693 0.11431652644230769 0.5997429879807693 0.12883776923076923 0.6058157091346155 0.1302866826923077 0.6104661586538461 0.12878725240384614 0.6129014663461538 0.12250070913461539 0.6091457427884616 0.08507127403846154 0.6001513701923077 0.09005752884615384 0.6013410264423077 0.10139731490384615 0.5904848317307693 0.11431652644230769
2 0.5719754014423077 0.1410945985576923 0.5775223509615385 0.14945655769230767 0.5785076177884615 0.1575639423076923 0.5877487764423077 0.15813663221153848 0.5935472932692307 0.15152222596153847 0.5925705841346154 0.11784227163461539 0.5850607427884615 0.11934527403846153 0.5818889807692308 0.13720976442307692 0.5719754014423077 0.1410945985576923
0 0.5342748774038462 0.8544655288461538 0.5164732572115385 0.8511810288461539 0.5059880865384615 0.8607106706730769 0.5040117524038462 0.8688273461538463 0.5229373461538461 0.874119766826923 0.5371593990384615 0.862399372596154 0.5342748774038462 0.8544655288461538
0 0.4244442668269231 0.9720799423076923 0.44033811538461537 0.9750031802884614 0.4533501057692308 0.9699927379807692 0.4504073533653846 0.9627823870192308 0.44003645673076924 0.9555957692307693 0.4318447091346154 0.9570263822115385 0.4208433846153846 0.9672812716346153 0.4244442668269231 0.9720799423076923
2 0.7134733870192308 0.795582173076923 0.7122548317307692 0.7900232620192308 0.6989923245192308 0.7869115937500001 0.7030438870192307 0.7993627235576923 0.6972035192307692 0.8087001658653846 0.68499025 0.8136355745192307 0.6925821875 0.820220141826923 0.7055227331730769 0.8199695985576922 0.7101357884615385 0.8151938846153846 0.7134733870192308 0.795582173076923
2 0.6663535576923076 0.7391196610576922 0.6722430048076924 0.7456710312499999 0.6800646995192309 0.7461557548076924 0.6881097668269232 0.7340023461538461 0.6859222620192308 0.7199514182692308 0.6753982067307691 0.7148703317307692 0.6648802235576923 0.71970190625 0.6753633413461538 0.7319470312499999 0.6663535576923076 0.7391196610576922
2 0.623754610576923 0.8832840192307692 0.6115931298076923 0.8840428052884615 0.6069401971153846 0.8872252620192308 0.6181272331730769 0.8902504903846153 0.6189969615384616 0.8998892764423078 0.6308651057692308 0.8986081634615384 0.6331053317307693 0.8919359375 0.6385738221153846 0.8748685697115385 0.6241635913461538 0.8704444807692308 0.623754610576923 0.8832840192307692
2 0.5080649639423077 0.9857181274038461 0.5086917403846154 0.9816755576923076 0.5039967740384615 0.9796652692307692 0.5035649615384615 0.9847945024038461 0.4930501706730769 0.98392796875 0.48720035096153846 0.9939818846153846 0.5030912548076923 0.9972263076923077 0.5080649639423077 0.9857181274038461