1 0.6692740721153847 0.4726856057692308 0.6708826370192308 0.4931337980769231 0.6924500721153847 0.4993911009615385 0.7015204903846153 0.46688279326923077 0.6692740721153847 0.4726856057692308
1 0.506889733173077 0.5167438918269232 0.5198631682692307 0.5133975264423077 0.5320937211538461 0.5030556995192308 0.5333403485576923 0.48147872115384616 0.4901791995192308 0.4701543485576923 0.49482170673076925 0.49993115865384613 0.506889733173077 0.5167438918269232
1 0.6027873221153845 0.5143740168269231 0.6160076033653846 0.5161425288461539 0.6240168413461539 0.5070974423076924 0.6263486706730769 0.49054853605769233 0.62461165625 0.48694400240384617 0.5994417475961538 0.4903212908653846 0.5975762836538462 0.5035604158653846 0.6027873221153845 0.5143740168269231
3 0.6368181899038461 0.4481108846153846 0.649281625 0.3755904471153846 0.6475446081730769 0.3719859110576923 0.6530125528846155 0.3491121971153846 0.6512755360576924 0.3455076634615385 0.6514039879807693 0.3286640072115385 0.6403870889423077 0.3271902451923077 0.6279710889423077 0.3356458269230769 0.6019968966346154 0.32879901923076926 0.5966574038461538 0.3348290745192308 0.5951298557692307 0.3616020793269231 0.5924601081730769 0.36461710576923073 0.5915273774038462 0.371236670673077 0.5932643918269231 0.3748412043269231 0.5896619134615384 0.3844757932692308 0.5854646177884615 0.41426382692307695 0.5827948725961538 0.4172788557692308 0.5809294086538461 0.43051798317307693 0.5848698052884616 0.43441726442307693 0.5874110985576924 0.4482458966346154 0.5896144807692308 0.4485406490384615 0.5965625360576923 0.4629587836538462 0.600969295673077 0.46354828605769227 0.6045717740384615 0.4539136947115385 0.6099112644230769 0.4478836370192308 0.6270719399038461 0.45355143750000004 0.6368181899038461 0.4481108846153846
3 0.6947008846153846 0.435621 0.7008446586538462 0.43981503846153847 0.701777391826923 0.43319547596153846 0.6995740120192308 0.4329007235576923 0.6983033629807692 0.42598641105769236 0.6913553076923077 0.4115682740384615 0.6946198701923076 0.3883998052884615 0.6928828557692307 0.3847952740384616 0.6964853341346154 0.37516068028846156 0.69928353125 0.3553019927884616 0.6962758677884615 0.3447831442307692 0.6995404302884616 0.3216146754807693 0.6965327692307692 0.3110958269230769 0.6899226298076923 0.31021156971153846 0.6841167716346154 0.31955141105769236 0.6810616754807692 0.37309741586538464 0.6827986875000001 0.3767019471153846 0.6812711394230769 0.403474951923077 0.6838124375000001 0.4173035817307692 0.6877528293269232 0.4212028653846154 0.6872864663461539 0.4245126466346154 0.6894898437499999 0.42480740144230766 0.6947008846153846 0.435621
3 0.7311920336538461 0.33596530288461535 0.7330574975961538 0.3227261778846154 0.7300498365384616 0.3122073293269231 0.7261094399038461 0.3083080432692308 0.7234396971153847 0.3113230721153846 0.7124227932692307 0.30984931009615385 0.7097530480769231 0.3128643389423077 0.7113616129807692 0.33331253365384617 0.7100435288461538 0.39046306971153844 0.7160588533653847 0.41150076682692305 0.7193234158653846 0.3883323004807692 0.7255956394230769 0.3756826778846154 0.7283938365384616 0.35582399038461543 0.7266568197115385 0.3522194567307692 0.7285222836538462 0.33898033173076925 0.7311920336538461 0.33596530288461535
3 0.4450431177884615 0.3752462451923077 0.4519101586538462 0.34244318509615385 0.4493688629807692 0.3286145552884615 0.4106407548076923 0.3166894543269231 0.40924165625 0.3266187980769231 0.4065719110576923 0.32963382451923073 0.39864368749999995 0.38590010817307696 0.4038547307692308 0.3967137091346154 0.40198926682692304 0.40995283173076924 0.40372627884615386 0.41355736538461535 0.38317259615384613 0.4479016923076923 0.3866466225961539 0.4551107620192308 0.3852475240384615 0.46504010576923077 0.4041452115384615 0.4743124375 0.4246988990384616 0.4399681105769231 0.42923411057692307 0.4237139543269231 0.4213533197115385 0.41591538461538463 0.4236851490384615 0.39936647836538464 0.4387708918269231 0.38789586538461535 0.4450431177884615 0.3752462451923077
3 0.3398618413461539 0.5162955985576922 0.33706364423076923 0.5361542860576923 0.33439389903846156 0.5391693173076922 0.33146725240384617 0.5758716634615385 0.33654984375 0.603528920673077 0.3458297307692308 0.6013981514423077 0.3511692235576923 0.5953680913461539 0.3618956418269231 0.5192431225961539 0.3579552475961538 0.5153438365384615 0.34693834855769234 0.5138700745192307 0.3398618413461539 0.5162955985576922
3 0.3181659591346154 0.5268819567307692 0.31630049278846156 0.5401210793269231 0.3175711418269231 0.5470353966346153 0.31930815384615385 0.5506399278846155 0.3170892908653846 0.5950648028846154 0.3255449711538461 0.5952146394230768 0.3282501274038462 0.5349752788461538 0.32570883173076925 0.5211466490384615 0.32350545192307695 0.5208518966346154 0.3181659591346154 0.5268819567307692
3 0.2557480528846154 0.5556259927884615 0.2540110384615385 0.5520214567307693 0.236384 0.5496634399038461 0.22850321153846156 0.5418648677884615 0.22316372115384614 0.5478949278846155 0.21393266105769232 0.6259936971153847 0.21636982932692309 0.6341566418269231 0.22425848317307692 0.6357177548076923 0.2269282283653846 0.6327027259615385 0.2336668173076923 0.6167433221153846 0.23866839663461537 0.5971793894230769 0.24934737740384616 0.5851192716346154 0.25608596875 0.5691598701923077 0.2557480528846154 0.5556259927884615
2 0.5164642836538461 0.09142180528846154 0.5137945360576923 0.09443683413461537 0.5123954374999999 0.10436617788461539 0.514132454326923 0.10797071153846154 0.52642 0.11635878846153846 0.5330301394230769 0.11724304326923077 0.5542596586538462 0.10996647115384615 0.5565914879807692 0.09341756490384616 0.5301509278846154 0.08988053846153846 0.5274811826923077 0.09289556730769231 0.5164642836538461 0.09142180528846154
2 0.5993884399038462 0.09239829326923078 0.6003211706730769 0.08577873076923076 0.5963807764423077 0.08187944471153846 0.5937110336538461 0.08489447596153846 0.5871008894230769 0.08401021875 0.5853638774038461 0.08040568269230769 0.5809571177884615 0.07981618028846153 0.5782873725961538 0.08283120913461538 0.5751512596153846 0.08915601682692308 0.5728194278846154 0.10570492548076924 0.5736237115384616 0.11592902403846155 0.5756408221153846 0.1306418533653846 0.5846891490384615 0.12891174278846154 0.5928929591346154 0.12853892307692308 0.5912507499999999 0.11828703846153846 0.5943868629807693 0.11196222836538462 0.5967186947115384 0.09541332211538461 0.5993884399038462 0.09239829326923078
2 0.4675369495192308 0.13594814903846156 0.46880759855769233 0.14286246634615385 0.4864346346153846 0.14522048317307693 0.4934727644230769 0.12602002884615385 0.5089197091346154 0.1251458798076923 0.5058804735576923 0.11199925961538462 0.4828496105769231 0.1157773485576923 0.46940241346153844 0.12270902403846154 0.4675369495192308 0.13594814903846156
2 0.4462940384615385 0.09552361057692307 0.44142091346153844 0.09824388942307692 0.4409545480769231 0.10155367067307693 0.43561505528846156 0.10758372836538463 0.43328322596153845 0.12413263461538461 0.43675725480769234 0.13134169951923075 0.43942699759615383 0.12832667307692308 0.4460371394230769 0.12921093028846153 0.4477741514423077 0.13281546153846155 0.4504438990384615 0.12980043509615385 0.45985223557692306 0.11082600480769231 0.4617176995192308 0.09758687740384617 0.4462940384615385 0.09552361057692307
2 0.6490860096153847 0.1698620096153846 0.6420095072115385 0.17228753605769231 0.636670014423077 0.17831759134615383 0.6379406586538461 0.18523190865384614 0.6511609399038462 0.18700042307692308 0.6528979519230769 0.1906049543269231 0.6582374471153846 0.18457489423076925 0.6653139543269231 0.18214937019230767 0.6662466874999999 0.1755298076923077 0.6645096706730769 0.17192527403846156 0.6490860096153847 0.1698620096153846
2 0.6028150336538461 0.1636722115384615 0.6018823004807692 0.1702917764423077 0.6031529471153847 0.17720609134615384 0.6066269759615385 0.18441515625000002 0.6181102403846155 0.18257913942307694 0.6199757043269231 0.16934001442307695 0.622645451923077 0.16632498317307692 0.6187050576923077 0.16242569711538463 0.6054847788461538 0.16065718509615384 0.6028150336538461 0.1636722115384615