1 0.4556505048076923 0.7703064711538462 0.45883311057692305 0.7958280144230769 0.4877809447115385 0.8269887764423077 0.5424078197115384 0.851660139423077 0.5792431802884616 0.8464015456730769 0.6338815168269231 0.8123431706730769 0.6508859783653846 0.7918454374999999 0.6634669711538461 0.7522149278846153 0.6349729471153847 0.6642377091346153 0.578921391826923 0.6804276490384615 0.5148961298076923 0.7209083365384615 0.4928534951923077 0.6961028100961539 0.49436435336538465 0.6673701105769231 0.5041074471153846 0.6507324711538461 0.5420974903846154 0.6269565024038461 0.5120811514423077 0.6264417211538462 0.4975584182692308 0.6341619134615384 0.45955691105769236 0.716667625 0.47708989903846155 0.7102117716346155 0.49869018509615387 0.7331040216346154 0.47575139663461535 0.7632016802884615 0.4556505048076923 0.7703064711538462
1 0.8721048677884615 0.6083618533653846 0.8502345889423076 0.6078135384615385 0.8429732259615386 0.6116736322115385 0.8387221081730769 0.6167980649038461 0.84093384375 0.6263644543269231 0.8508492932692308 0.6339840216346153 0.8564274471153847 0.634599420673077 0.8666990649038462 0.6320036634615385 0.8756436442307692 0.6236680745192308 0.8743166057692308 0.6179282451923077 0.8764421610576923 0.6153660264423076 0.8721048677884615 0.6083618533653846
1 0.76618315625 0.7262573605769231 0.7545844951923077 0.7231132860576923 0.72341346875 0.7411158822115385 0.7144688942307693 0.7494514711538461 0.71623828125 0.7571045817307692 0.7231434783653847 0.7634598100961539 0.7351844855769231 0.7685171658653847 0.7407626442307692 0.7691325649038461 0.7536021658653845 0.7658878677884615 0.7582956298076924 0.7626767115384615 0.7689234158653846 0.7498656298076922 0.7706066274038462 0.7453901346153846 0.76618315625 0.7262573605769231
0 0.8755689278846154 0.5528097307692308 0.9042582259615385 0.5475846778846154 0.9076246466346153 0.5386336875000001 0.9057690817307692 0.5188519759615384 0.8984215384615385 0.51058346875 0.8872652235576923 0.5093526682692308 0.865124954326923 0.5311482788461539 0.8673366899038462 0.5407146682692308 0.8755689278846154 0.5528097307692308
0 0.7282274903846153 0.5738441081730769 0.7436349182692308 0.5699504711538462 0.7496554206730769 0.5724791466346154 0.7444334350961538 0.5616484230769231 0.7384129302884616 0.5591197475961539 0.7281413125 0.5617155024038462 0.7264581033653846 0.5661909951923076 0.7282274903846153 0.5738441081730769
0 0.6827633846153845 0.3301753966346154 0.6857736370192308 0.3314397331730769 0.6986131610576922 0.32819503846153847 0.7097694735576923 0.3294258365384615 0.7303127091346154 0.3242343245192308 0.7371317307692308 0.3184609495192308 0.7421813605769232 0.30503446634615383 0.7390849326923077 0.2916415264423077 0.7412104903846154 0.28907930769230766 0.7394411033653847 0.28142619951923076 0.7316512091346153 0.2712444158653846 0.7256307091346154 0.26871573798076925 0.6978261057692308 0.27776734615384613 0.6922479495192307 0.2771519471153846 0.681976326923077 0.2797477043269231 0.6777252139423078 0.28487213942307693 0.674088798076923 0.3161670576923077 0.6707223798076923 0.32511804326923077 0.6737326298076923 0.3263823822115385 0.6750596706730769 0.3321222139423077 0.6827633846153845 0.3301753966346154
0 0.12220808173076923 0.4153369543269231 0.1603246658653846 0.4105767548076923 0.20480900961538462 0.41793525721153846 0.19188366346153846 0.38001589903846156 0.16954219951923077 0.38876221875000005 0.14582827884615385 0.38899774278846155 0.12525552403846155 0.3693977884615384 0.11572681490384616 0.3873036129807692 0.12220808173076923 0.4153369543269231
3 1 0.5261157067307692 0.9901373221153846 0.5193370336538462 0.9173512956730769 0.5336807740384615 0.9067235072115385 0.5464918581730769 0.9138010576923077 0.5771042980769231 0.9478738125 0.6400716153846153 0.9482294086538462 0.6554815889423077 0.9449491658653847 0.6765611826923077 0.9621259807692308 0.6803206538461539 0.9757640216346153 0.6687739110576923 0.9765625360576924 0.6604718629807693 1 0.6246958100961538 1 0.5261157067307692
3 0.7201842211538462 0.6900822211538462 0.7185211874999999 0.6528646586538461 0.7223937067307692 0.6095419471153846 0.6883580264423077 0.6124972788461538 0.6407046610576923 0.6193637740384615 0.6228532572115385 0.6295209086538461 0.6377771634615385 0.6831498918269231 0.6579683004807693 0.7213310673076924 0.6742765168269231 0.7317963245192308 0.7036653341346154 0.7196631826923077 0.7291266274038463 0.7151121298076923 0.7387115192307692 0.7046909134615384 0.7201842211538462 0.6900822211538462
2 0.19437807451923075 0.18787526442307692 0.2211172379807692 0.15336042067307692 0.24620970913461537 0.13902026442307694 0.24187365624999999 0.10388967307692307 0.2051023221153846 0.10047899038461537 0.18009292067307692 0.12608788701923077 0.18000656009615384 0.15575056490384617 0.19437807451923075 0.18787526442307692
2 0.9018481899038462 0.34724463221153845 0.8978370288461538 0.35373609615384616 0.9031631538461539 0.36087918990384615 0.9301248413461539 0.3535188918269231 0.9483071177884616 0.3602400769230769 0.9596095889423076 0.3507233798076923 0.9713325024038462 0.34420080048076923 0.9670840697115385 0.33377206730769227 0.9556732764423077 0.33528473798076924 0.9018481899038462 0.34724463221153845
2 0.8969756009615384 0.3627182644230769 0.9107801129807692 0.33978301923076926 0.899443014423077 0.3352545264423077 0.8845157860576923 0.3390268100961539 0.8713464855769231 0.34564152403846155 0.8544515144230769 0.3663424447115385 0.8967960096153846 0.36194147355769235 0.8969756009615384 0.3627182644230769