1 0.19022535096153848 0.6835376562500001 0.20379453125 0.7381496706730769 0.22388444471153848 0.7586393677884615 0.25509802884615385 0.7509183846153846 0.2680196658653846 0.7011122932692307 0.26185840144230765 0.6799189615384615 0.19022535096153848 0.6835376562500001
1 0.3677018557692308 0.7175812163461538 0.36938 0.7144243581730769 0.37534942067307697 0.7141228028846154 0.38268531971153846 0.7076080480769231 0.38740808653846154 0.6950811370192308 0.38920605048076923 0.6734857283653847 0.3867127379807692 0.6490350192307692 0.38441126682692306 0.646079201923077 0.38043165384615385 0.6462802403846154 0.3787535096153846 0.6494370985576924 0.3688044759615385 0.6499396947115385 0.36712633173076925 0.6530965504807693 0.32565204807692305 0.6582637932692308 0.32397390625 0.6614206538461538 0.3252205625 0.6736460072115384 0.3382862379807693 0.7037067956730769 0.3451906514423077 0.7125742524038461 0.35377320673076923 0.7182848509615384 0.3677018557692308 0.7175812163461538
1 0.4453763509615385 0.75359440625 0.46129480528846156 0.7527902500000001 0.46863070673076923 0.7462754951923076 0.47534327884615385 0.7336480624999999 0.4794427139423077 0.7150084783653846 0.4778843942307692 0.6997267836538461 0.4732814519230769 0.6938151466346153 0.4520561778846154 0.6948873846153846 0.43118384134615384 0.6928697139423078 0.42794737740384614 0.6807448774038461 0.42564590625 0.6777890576923077 0.4196764855769231 0.6780906153846153 0.42216979807692306 0.7025413221153846 0.4208033173076923 0.7087545192307693 0.4231047884615385 0.7117103389423077 0.42403978125 0.7208793557692308 0.43250251682692303 0.7450285048076922 0.4453763509615385 0.75359440625
1 0.55436003125 0.6651426274038462 0.5437876682692308 0.659532545673077 0.52587940625 0.6604372211538462 0.5169851850961538 0.6516702836538462 0.5047346778846153 0.6492170576923078 0.50753965625 0.6767241057692307 0.5153790600961539 0.694760579326923 0.5262630889423077 0.7034269975961538 0.5441713509615385 0.7025223245192307 0.5478393028846154 0.6992649471153847 0.5539285456730769 0.6805248389423078 0.5526818894230769 0.6682994855769231 0.55436003125 0.6651426274038462
1 0.5939165288461539 0.7000093413461539 0.6012524278846154 0.6934945865384615 0.6062868557692307 0.6840240144230769 0.6076533341346153 0.6778108173076922 0.6051600192307692 0.6533601081730769 0.6025468846153846 0.647347954326923 0.5866284278846154 0.648152108173077 0.5849502884615384 0.6513089639423076 0.5690318317307692 0.6521131201923077 0.566730360576923 0.6491573004807693 0.5627507475961538 0.6493583413461538 0.559082795673077 0.6526157163461538 0.560329454326923 0.6648410697115386 0.5661790528846153 0.6829780625 0.5733951298076924 0.694901858173077 0.5819776850961539 0.7006124591346155 0.5939165288461539 0.7000093413461539
1 0.6878689423076924 0.6799027235576923 0.6899785721153846 0.6613636538461538 0.6890435793269231 0.6521946370192307 0.6812041730769232 0.6341581658653846 0.6772245600961538 0.6343592043269232 0.6489357740384616 0.6511486875 0.6472576322115385 0.6543055432692307 0.648192625 0.6634745576923078 0.6504940961538461 0.6664303774038461 0.6514290865384615 0.6755993942307692 0.6540422259615385 0.6816115528846154 0.6586451658653847 0.6875231899038461 0.6672277235576923 0.6932337908653847 0.6791665625000001 0.6926306754807693 0.6878689423076924 0.6799027235576923
1 0.7099964639423076 0.6419199134615384 0.706328514423077 0.6451772884615384 0.7078868341346154 0.6604589807692308 0.7151029134615385 0.6723827764423077 0.7154145769230769 0.6754391129807692 0.7174043846153846 0.6753385961538462 0.7220073269230769 0.6812502355769231 0.7359359759615385 0.6805465985576924 0.7412820673076923 0.6741323653846153 0.7440150264423077 0.6617059711538461 0.7418333774038461 0.6403116057692307 0.7099964639423076 0.6419199134615384
1 0.755018875 0.6519338413461538 0.7513509254807692 0.65519121875 0.7532209110576923 0.6735292475961538 0.7584471802884616 0.6855535625000001 0.7690195432692307 0.6911636442307691 0.7789685793269231 0.6906610480769231 0.7840030072115384 0.6811904759615385 0.7853694879807692 0.6749772788461539 0.7838111658653847 0.6596955865384615 0.7815096947115384 0.656739766826923 0.755018875 0.6519338413461538
1 0.7917703942307692 0.6592935096153846 0.7946951947115385 0.6683620048076923 0.803901079326923 0.6801852812500001 0.8178297283653847 0.6794816466346153 0.8228641538461539 0.6700110721153846 0.82391896875 0.6607415384615384 0.822048983173077 0.6424035072115385 0.8197475120192308 0.6394476899038462 0.7918902139423077 0.6408549591346154 0.7917703942307692 0.6592935096153846
1 0.80574684375 0.6002178846153846 0.8256449158653846 0.5992126899038461 0.8293128653846153 0.5959553149038461 0.8343472932692308 0.5864847403846154 0.8367685841346154 0.5710020096153846 0.8355219278846153 0.55877665625 0.8372000721153847 0.5556197980769231 0.8365767427884615 0.5495071201923077 0.8284256730769232 0.5284143100961539 0.8244460600961538 0.5286153485576923 0.8247577235576924 0.5316716875 0.8214014374999999 0.5379854014423077 0.7868315673076923 0.5520201033653847 0.7854650913461538 0.5582333004807692 0.7864000841346154 0.5674023149038462 0.7847219399038461 0.570559173076923 0.7902598750000001 0.5856398269230769 0.7922496826923078 0.5855393076923077 0.80574684375 0.6002178846153846
1 0.86968453125 0.6584295961538462 0.8710510096153846 0.6522163990384615 0.8698043533653846 0.6399910456730769 0.8648897475961538 0.6310230673076924 0.8509610961538462 0.6317267043269231 0.8492829543269231 0.6348835625 0.8393339182692308 0.6353861586538462 0.8376557764423077 0.638543016826923 0.8316863557692307 0.6388445745192308 0.8303198774038462 0.6450577692307693 0.8329330120192308 0.6510699278846155 0.8467418389423076 0.6688048413461539 0.85899234375 0.6712580673076923 0.8663282451923078 0.6647433100961538 0.86968453125 0.6584295961538462
1 0.9034392283653846 0.6167873269230769 0.9017610889423077 0.6199441874999999 0.8858426322115385 0.6207483413461539 0.8835411610576924 0.6177925216346154 0.880184875 0.6241062379807693 0.8811198677884615 0.6332752524038461 0.8863461370192307 0.6452995697115385 0.8926272235576923 0.6480543485576923 0.9045660649038462 0.647451233173077 0.9079223509615384 0.6411375168269231 0.905740701923077 0.6197431490384615 0.9034392283653846 0.6167873269230769
1 0.9700378533653846 0.6226392067307691 0.9677363822115385 0.619683389423077 0.9640684326923077 0.622940766826923 0.9534960673076923 0.6173306875000001 0.9475266466346154 0.6176322427884616 0.9458485048076923 0.6207891009615385 0.9497082956730769 0.639026610576923 0.9520097692307693 0.6419824326923076 0.9579791899038461 0.6416808749999999 0.96227046875 0.6445361730769231 0.9696063653846154 0.6380214182692308 0.97097284375 0.6318082235576923 0.9700378533653846 0.6226392067307691
2 0.4011194038461538 0.06461149278846154 0.3888688966346154 0.06215826923076923 0.3865674254807692 0.059202449519230774 0.3766183918269231 0.059705045673076926 0.37431692067307687 0.05674922836538462 0.3712722980769231 0.06611928125000001 0.37314228605769234 0.0844573125 0.3777452283653846 0.09036895192307691 0.38172484134615386 0.09016791346153846 0.39503016105769234 0.08335160096153847 0.40298938701923076 0.08294952163461539 0.4011194038461538 0.06461149278846154
2 0.4368161081730769 0.08124069471153847 0.4208976514423077 0.08204484855769231 0.41356175240384613 0.08855960336538461 0.41176378846153844 0.11015501201923078 0.4143769230769231 0.11616717067307693 0.41866820192307697 0.11902246875000001 0.4452788413461538 0.10538984615384615 0.4469569855769231 0.10223298798076923 0.4457103269230769 0.09000763221153846 0.4411073870192308 0.08409599278846154 0.4368161081730769 0.08124069471153847
2 0.4977091730769231 0.1488224591346154 0.5000106442307692 0.15177827884615386 0.5059800673076923 0.15147672115384617 0.5100795 0.13283713221153845 0.509456173076923 0.12672445432692309 0.5005619519230768 0.11795751442307692 0.49061291586538464 0.11846011298076922 0.4883114447115385 0.11550429567307693 0.4866333028846154 0.1186611514423077 0.4707148461538461 0.11946530528846154 0.46903670673076925 0.12262216346153847 0.46306728365384614 0.12292372355769231 0.45803285576923075 0.13239429567307692 0.46095765625 0.1414627908653846 0.46556059855769233 0.14737443028846153 0.4827257091346154 0.15879563221153845 0.4977091730769231 0.1488224591346154
2 0.5059800673076923 0.15147672115384617 0.5105830096153846 0.15738835817307692 0.5188539014423077 0.1600426201923077 0.5185422355769231 0.15698628365384615 0.5218985216346154 0.15067256730769232 0.5206518629807693 0.13844721153846154 0.5137474495192308 0.1295797548076923 0.5054765576923077 0.12692549278846155 0.5059800673076923 0.15147672115384617
2 0.5440980625 0.1526231923076923 0.5241999927884615 0.1536283846153846 0.5225218509615385 0.1567852451923077 0.52345684375 0.16595425721153845 0.5283714495192308 0.17492223557692307 0.5432350913461538 0.18338761778846152 0.5525607980769232 0.17677234134615386 0.5635646466346154 0.16700021153846153 0.558338375 0.1549758990384615 0.5463995360576923 0.15557901201923074 0.5440980625 0.1526231923076923
2 0.7591060721153846 0.07956114903846154 0.7736416634615384 0.06111629567307692 0.7877407067307692 0.06577098076923077 0.7810848269230769 0.03819734375 0.7554580432692308 0.04378670913461539 0.7316637836538462 0.043378954326923076 0.7326027716346153 0.05943230288461539 0.7417177307692308 0.07346285576923077 0.7591060721153846 0.07956114903846154
2 0.6102188125 0.21221765625 0.6185426298076924 0.2121350889423077 0.6393828125 0.21007158653846153 0.6390834855769231 0.19425012019230767 0.6149038076923077 0.1958095360576923 0.5934910360576923 0.19655331971153847 0.5908074134615384 0.2067960408653846 0.5950838629807692 0.21433087259615385 0.6102188125 0.21221765625