1 0.6524311706730769 0.5198658365384615 0.6283697259615385 0.55813634375 0.6812938173076923 0.5863869134615385 0.6876318918269231 0.5427268293269231 0.6771699807692309 0.5213104375 0.6524311706730769 0.5198658365384615
1 0.558952391826923 0.46408699759615385 0.530521079326923 0.4493628725961539 0.49575169471153846 0.47829883173076926 0.5422759447115385 0.5289165552884616 0.5539072716346154 0.5658843774038462 0.5702759182692307 0.4918437283653846 0.558952391826923 0.46408699759615385
1 0.4899046201923077 0.40054167548076924 0.4714431682692308 0.43139761778846153 0.5105824158653847 0.45545629567307694 0.5150129975961538 0.4324902980769231 0.5076279951923077 0.40593125 0.4899046201923077 0.40054167548076924
1 0.4694717980769231 0.23629165144230768 0.44245593028846153 0.22503711778846155 0.4236866826923077 0.24668196874999998 0.4172868389423077 0.269049125 0.4668262259615385 0.29323125961538465 0.47574915625 0.2685921971153846 0.4694717980769231 0.23629165144230768
1 0.6550746370192309 0.2684191009615385 0.6569821298076923 0.24772500961538463 0.646828016826923 0.23551970913461537 0.6325511177884615 0.2554915 0.6550746370192309 0.2684191009615385
1 0.9468313509615385 0.1717516514423077 0.9481850216346154 0.1539283125 0.9223385673076923 0.15822520673076923 0.9160004951923076 0.20188529567307695 0.9468313509615385 0.1717516514423077
1 0.8091095937499999 0.46417927403846154 0.83630971875 0.4420590408653846 0.8107092908653846 0.43427409855769233 0.7972940096153847 0.4605862235576923 0.8091095937499999 0.46417927403846154
0 0.5056618894230769 0.6970930985576923 0.5180312956730769 0.6978154014423077 0.5275698197115385 0.6915985192307693 0.5342774567307692 0.6784424543269231 0.544923625 0.6664840721153846 0.5471389134615385 0.6550010745192308 0.5457234735576922 0.651531483173077 0.5240615745192307 0.6449442235576923 0.5131076105769231 0.6476915144230768 0.5055383533653847 0.6545072355769231 0.5024614423076923 0.6596498942307693 0.5007999759615385 0.6682621442307692 0.5014155673076923 0.6866843245192308 0.5056618894230769 0.6970930985576923
0 0.6326192091346154 0.8603058076923078 0.6464040528846154 0.8644976995192307 0.6528656682692309 0.8634234759615385 0.6581578677884615 0.8467978221153847 0.6553269831730769 0.8398586394230769 0.6533577211538462 0.8392597980769231 0.6491113966346155 0.8288510216346154 0.6437574278846154 0.8241837475961538 0.6358803749999999 0.8217883822115385 0.6283111153846155 0.8286041057692307 0.6238805336538462 0.8515701009615384 0.6326192091346154 0.8603058076923078
0 0.7300365192307693 0.9172823293269231 0.7221594615384616 0.9148869615384616 0.7204979951923077 0.9234992115384616 0.7233288774038461 0.9304383942307692 0.725298141826923 0.9310372379807692 0.7303443125 0.9264934206730769 0.7314519591346154 0.920751920673077 0.7300365192307693 0.9172823293269231
2 0.7135313509615385 1 0.70043684375 0.9842603365384615 0.6917599423076923 0.9968175552884616 0.6913969663461538 1 0.7135313509615385 1
0 0.4630740625 0.4531659326923077 0.47058155288461534 0.42505727884615385 0.45759655288461537 0.4059127956730769 0.4481198004807692 0.43342260817307693 0.4630740625 0.4531659326923077
0 0.6007351009615385 0.23669893990384613 0.5985198149038461 0.2481819375 0.6047354014423078 0.2591895528846154 0.6097815721153846 0.2546457379807692 0.6114430384615385 0.24603348798076924 0.6057812740384615 0.232155125 0.6007351009615385 0.23669893990384613
2 0.6660741370192308 0.4699174663461539 0.6739756153846154 0.4660048774038461 0.6820429110576923 0.4589850216346154 0.6827521346153845 0.45193709134615384 0.6730755841346153 0.4471011105769231 0.6666447475961538 0.4546186009615385 0.6660741370192308 0.4699174663461539
2 0.890126576923077 0.8239841826923077 0.9124441201923077 0.8194894447115384 0.9351983894230769 0.8017946971153846 0.9363895408653846 0.7901522235576923 0.9355940889423077 0.7906336514423077 0.926656764423077 0.7986836201923077 0.9136606995192308 0.7803745817307692 0.8976026274038461 0.7852319326923076 0.883660641826923 0.8009929927884615 0.8761532211538461 0.8125564591346154 0.890126576923077 0.8239841826923077
2 0.8430319927884615 0.7855624206730769 0.8687434086538462 0.7908160600961539 0.8948716490384616 0.7920935817307692 0.8779109206730769 0.7797574158653846 0.8684742427884615 0.7630443846153846 0.8530599134615385 0.7773274350961539 0.8430319927884615 0.7855624206730769