1 0.6579378485576922 0.2895493774038461 0.6420496826923077 0.2766606682692308 0.6300129975961538 0.27965635817307694 0.6198512932692307 0.2959257139423077 0.6175955961538461 0.3226380216346154 0.6235251057692307 0.33047023557692307 0.6575825120192308 0.3268696225961539 0.6579378485576922 0.2895493774038461
1 0.5428406105769231 0.39664752403846154 0.5348330745192308 0.3968674951923077 0.5287766610576923 0.40236393990384617 0.5286497548076923 0.4156925985576923 0.5306262572115384 0.4183033365384615 0.5486432139423078 0.4178083990384615 0.5487701177884615 0.40447973798076925 0.5428406105769231 0.39664752403846154
1 0.33715419471153846 0.34899719471153845 0.3391814591346154 0.34627646634615383 0.3393083629807692 0.3329478100961539 0.3353553605769231 0.32772633173076926 0.33538073798076923 0.3250606009615385 0.3314277355769231 0.3198391225961539 0.32544746394230767 0.3173383725961539 0.31941643269230774 0.32016908413461537 0.3112819903846154 0.3337177139423077 0.3111550865384615 0.34704637019230766 0.3171099759615385 0.3522128557692307 0.33715419471153846 0.34899719471153845
1 0.26247534855769233 0.41500950000000003 0.2544678125 0.4152294735576923 0.25041328365384613 0.4206709206730769 0.24836063942307693 0.42605737740384614 0.2482844951923077 0.4340545721153846 0.2683033341346154 0.43350464182692305 0.2684048581730769 0.42284171634615386 0.26247534855769233 0.41500950000000003
1 0.11443746875 0.40841606971153843 0.11431056490384615 0.4217447283653846 0.12026545432692307 0.42691121153846157 0.1362297620192308 0.43180272596153846 0.1502429519230769 0.4314177764423077 0.15221945192307693 0.43402851682692306 0.1682091418269231 0.4362543004807692 0.17226367067307694 0.4308128485576923 0.17244133894230768 0.41215273076923076 0.1705155985576923 0.4042105288461538 0.16661335576923075 0.39365759134615386 0.16068384375000003 0.38582537499999997 0.1527270721153846 0.38071388221153846 0.14074114903846155 0.37837811057692305 0.12665182211538462 0.38676025721153845 0.11651549759615384 0.40036387980769234 0.11443746875 0.40841606971153843
1 0.03038373076923077 0.40806005048076927 0.030307586538461537 0.4160572475961538 0.03228409134615385 0.4186679855769231 0.03431135576923077 0.41594725961538465 0.050351807692307696 0.41284158413461536 0.05232830769230769 0.41545232211538463 0.06031046394230769 0.41789808173076926 0.06436499278846154 0.4124566322115385 0.06449189663461538 0.3991279735576923 0.054609382211538465 0.38607428125 0.042623461538461534 0.38373850961538464 0.036592430288461535 0.38656921875 0.03253789903846154 0.39201067067307693 0.03251251923076923 0.3946764014423077 0.02845798798076923 0.40011785096153846 0.02840722596153846 0.4054493125 0.03038373076923077 0.40806005048076927
2 0.03775352644230769 0.6850211730769231 0.04976482932692308 0.6846912115384616 0.04981558894230769 0.6793597475961538 0.04591334615384615 0.6688068100961538 0.03795657211538462 0.6636953173076924 0.02594526923076923 0.6640252764423077 0.02391800480769231 0.6667460024038461 0.023791100961538462 0.6800746586538462 0.02776948798076923 0.6826304038461538 0.03577702163461539 0.6824104326923077 0.03775352644230769 0.6850211730769231
2 0.07796887019230768 0.6652611850961538 0.07599236778846154 0.6626504471153846 0.06405720673076923 0.6549832115384615 0.044038367788461534 0.6555331442307692 0.043911461538461545 0.6688618004807693 0.04786446875000001 0.6740832764423076 0.07388895913461538 0.6733683653846154 0.07791810576923078 0.6705926490384615 0.07796887019230768 0.6652611850961538
2 0.2595311538461539 0.7242343605769231 0.26153303846153847 0.7241793677884616 0.26348415865384617 0.7294558389423076 0.26495304326923075 0.7853812067307693 0.2747847956730769 0.8037663629807692 0.2787885625 0.803656375 0.2848957379807692 0.7928284711538461 0.2832238076923077 0.7582289567307693 0.2793215649038462 0.7476760120192308 0.27942308653846154 0.7370130889423077 0.2734935793269231 0.7291808725961538 0.2735189591346154 0.7265151418269231 0.2695659543269231 0.7212936634615384 0.2595565336538461 0.7215686298076923 0.2595311538461539 0.7242343605769231
2 0.16179096634615384 0.9001465889423077 0.15178154567307692 0.9004215552884616 0.14167060336538462 0.9113594471153846 0.14159445913461538 0.9193566394230769 0.1435709639423077 0.9219673798076923 0.17159733653846151 0.9211974759615384 0.17362460096153848 0.9184767475961538 0.19164155528846155 0.9179818100961538 0.1936688197115385 0.9152610865384615 0.20367823798076923 0.9149861201923077 0.21176191586538462 0.9067689519230769 0.21183806009615386 0.8987717596153846 0.20986156009615384 0.8961610216346153 0.19379572596153846 0.9019324278846154 0.19176846153846153 0.9046531538461539 0.1817590408653846 0.9049281201923077 0.17978253846153847 0.9023173798076923 0.17377688701923077 0.9024823605769231 0.16582011298076924 0.8973708701923078 0.16179096634615384 0.9001465889423077
2 0.6498731201923077 0.7161764182692308 0.6519003846153846 0.7134556923076923 0.6619098028846153 0.7131807283653846 0.6700188629807692 0.7022978293269231 0.67217303125 0.6862484447115385 0.6662435240384615 0.6784162307692309 0.6682707884615385 0.6756955072115385 0.6663196682692308 0.6704190360576923 0.66234128125 0.6678632932692307 0.6543337475961538 0.668083264423077 0.6502030721153846 0.68152190625 0.6379379591346154 0.7085091850961539 0.6398890817307692 0.7137856538461538 0.64386746875 0.7163413990384615 0.6498731201923077 0.7161764182692308
2 0.6281823509615384 0.6821268317307693 0.6322368798076923 0.6766853846153846 0.6363421730769231 0.6659124711538461 0.636469076923077 0.6525838125000001 0.6425762524038461 0.64175590625 0.6426777764423076 0.6310929807692307 0.6386740096153846 0.6312029663461539 0.6326175961538462 0.6366994110576923 0.6266119447115385 0.6368643918269231 0.620504766826923 0.647692295673077 0.6184267427884615 0.655744483173077 0.6182490745192308 0.6744046057692308 0.6201748173076923 0.6823468052884615 0.6281823509615384 0.6821268317307693
2 0.5528975745192308 0.6015788966346154 0.5488938076923077 0.6016888822115385 0.5468665432692308 0.6044096057692308 0.5467904014423077 0.6124068004807692 0.552770670673077 0.6149075552884615 0.5607782067307693 0.6146875841346154 0.5608035889423078 0.6120218485576923 0.5528975745192308 0.6015788966346154
2 0.5314150360576924 0.6019931442307692 0.53251684375 0.609238420673077 0.5272379879807693 0.610422798076923 0.5269844134615385 0.6166659447115385 0.5435947692307692 0.6136112379807692 0.5421374639423078 0.60271396875 0.5314150360576924 0.6019931442307692
2 0.2944197908653846 0.5833030096153846 0.2880892908653846 0.5925726802884616 0.3023371826923077 0.5919201033653846 0.3039728918269231 0.5840799447115385 0.30437067067307694 0.583290826923077 0.2944197908653846 0.5833030096153846
2 0.2566539302884615 0.5955149567307692 0.27361754326923077 0.596346826923077 0.2761811394230769 0.593419485576923 0.2702131225961538 0.5850073509615384 0.2586854423076923 0.5868830697115385 0.2566539302884615 0.5955149567307692
2 0.24559334134615385 0.5893214447115385 0.24294853125 0.6005685913461538 0.2558360889423077 0.5994337043269231 0.2524291778846154 0.58835546875 0.25145921153846157 0.5878624350961539 0.24559334134615385 0.5893214447115385
2 0.3490456418269231 0.6189609735576924 0.3702958605769231 0.6204559423076923 0.3719216706730769 0.6136554182692308 0.3567795721153846 0.6058577451923077 0.3514967283653846 0.607460641826923 0.3490456418269231 0.6189609735576924
0 0.5597836802884616 0.5131451129807693 0.5596739831730769 0.5246664038461538 0.5650988028846153 0.5266494086538461 0.566619375 0.5182900649038461 0.5684053966346154 0.5156825697115385 0.5597836802884616 0.5131451129807693
0 0.5217980865384615 0.5257335336538461 0.5148555817307693 0.5276032211538462 0.5197024591346154 0.5398385 0.5217501826923077 0.5265610096153847 0.5217980865384615 0.5257335336538461