1 0.33095289423076923 0.6735933125 0.33728504807692306 0.6848684302884614 0.34802904326923073 0.6882361514423077 0.3723781081730769 0.6874393629807692 0.3600849110576923 0.6755752139423077 0.3543778245192308 0.66423396875 0.36608675240384614 0.6505802163461538 0.33557500961538456 0.6627752403846153 0.33095289423076923 0.6735933125
1 0.34747441346153846 0.6165589038461537 0.35246901201923075 0.625296173076923 0.3647320048076923 0.6274677067307692 0.38923375480769234 0.6221155096153846 0.3759011274038461 0.616142173076923 0.36318745913461536 0.6101013750000001 0.3616310673076923 0.6013996081730769 0.3520389447115385 0.6040961057692308 0.34747441346153846 0.6165589038461537
1 0.35001911778846156 0.5584383100961539 0.33986149278846156 0.5523410480769231 0.33360064903846154 0.5536638389423078 0.3289470048076923 0.566178375 0.3309393509615385 0.5746064855769231 0.35282400240384615 0.5762236129807692 0.36540552884615385 0.5684483870192307 0.37033021875 0.5635889903846154 0.35001911778846156 0.5584383100961539
1 0.33553185817307696 0.5347219350961538 0.3458640216346154 0.538879 0.3583577884615385 0.5354359783653846 0.36055131250000005 0.5219088004807693 0.3583383245192308 0.5210293221153847 0.34622600480769233 0.5145047235576923 0.33428233653846157 0.5198089615384616 0.3323876298076923 0.5280203509615384 0.33553185817307696 0.5347219350961538
1 0.3517968485576923 0.5212620168269231 0.36553297115384614 0.5256884567307692 0.3814809543269231 0.5239502091346154 0.37472314182692307 0.5110784879807693 0.38217495673076923 0.50914559375 0.3813973557692308 0.4938609879807692 0.3772464278846154 0.4930326370192307 0.36036576682692306 0.49583312740384616 0.34826733173076924 0.5035556947115385 0.34429062980769226 0.5147156682692308 0.3517968485576923 0.5212620168269231
1 0.3624309134615385 0.3070631802884615 0.33624622355769235 0.312911 0.3230532716346154 0.3246912644230769 0.32066949038461534 0.33910370432692305 0.33449204567307694 0.34521976201923077 0.3599194927884615 0.35306276682692306 0.3633422091346154 0.3330917692307693 0.3750475576923077 0.3258283004807693 0.3797686730769231 0.3076229471153846 0.3624309134615385 0.3070631802884615
1 0.3676440841346154 0.21989421634615386 0.3487528389423077 0.23036638942307694 0.34733728846153844 0.24559786298076924 0.36277748317307695 0.25697091346153844 0.39140614903846155 0.25513731971153847 0.39337525 0.24775233173076924 0.3758012067307692 0.2310944951923077 0.3676440841346154 0.21989421634615386
1 0.34669197596153845 0.2430946298076923 0.34657852884615387 0.23189016346153846 0.34608469951923077 0.21778536298076923 0.3405629014423077 0.21121684134615387 0.33943895192307694 0.21097112259615386 0.32536437500000004 0.21471052163461538 0.3182893653846154 0.21952812500000002 0.3158737379807692 0.23008768990384618 0.32566825721153847 0.2393184110576923 0.34669197596153845 0.2430946298076923
2 0.7024856778846154 0.25396119471153844 0.7063414903846154 0.24471555528846153 0.7061821442307692 0.22432248798076923 0.7002843149038462 0.22294209134615384 0.6929088581730769 0.22705599278846153 0.6964423629807693 0.24046125961538461 0.6846800673076923 0.24739673317307692 0.6870242908653845 0.24994693509615384 0.6844334903846154 0.2634673822115384 0.696365795673077 0.2621668221153846 0.7024856778846154 0.25396119471153844
2 0.7339062475961539 0.16687355048076924 0.7432157139423077 0.17817836778846155 0.7484178774038461 0.18349494471153843 0.7594310913461538 0.16390736057692307 0.7617332716346153 0.14214332932692308 0.7318331009615384 0.1395167091346154 0.7337972211538462 0.16375952884615386 0.7339062475961539 0.16687355048076924
2 0.7467195673076923 0.30613064663461537 0.754479875 0.3188090504807692 0.7596858341346154 0.3291682860576923 0.773220889423077 0.3236965985576923 0.7764041658653846 0.31082400721153847 0.7707520552884616 0.2877216105769231 0.7622092307692309 0.29744809134615385 0.7467195673076923 0.30613064663461537
2 0.7252513509615385 0.4735271177884615 0.7141971298076922 0.46484795192307693 0.7017413389423077 0.47102050240384613 0.6976470072115385 0.48565940865384616 0.6910370168269231 0.49423664663461536 0.6988882475961538 0.49921045673076925 0.7022381875 0.5181070624999999 0.7187374062499999 0.5178296610576922 0.7253241971153847 0.49759584615384617 0.7252513509615385 0.4735271177884615
2 0.7253978365384615 0.6232303581730769 0.7041173293269231 0.6296062932692308 0.7070160624999999 0.64652284375 0.7343607091346154 0.6379670240384615 0.7253978365384615 0.6232303581730769
2 0.6937810552884615 0.5882810336538461 0.7105749038461538 0.5946876081730769 0.7221189783653846 0.5954565985576923 0.7292395 0.5794732355769231 0.7231492860576924 0.5700008629807692 0.7067826899038461 0.574066125 0.7029450336538462 0.5851288966346154 0.6937810552884615 0.5882810336538461