1 0.2995850793269231 0.21335590625 0.24789286298076924 0.2293784783653846 0.2312808389423077 0.25035108173076925 0.2447347860576923 0.28113433413461536 0.29657039423076925 0.29175474759615383 0.3164645336538462 0.28464364903846157 0.2995850793269231 0.21335590625
1 0.2987133221153846 0.3919359567307692 0.30215818028846153 0.3934660769230769 0.3035648004807692 0.3994067235576923 0.3113922596153846 0.4064273942307692 0.3247028173076923 0.41056765865384615 0.3464724543269231 0.41137742307692304 0.37028032692307694 0.4077766610576923 0.37278743509615386 0.4053463485576923 0.37184968990384615 0.4013859206730769 0.3684048317307692 0.39985580048076924 0.3660604639423077 0.38995472596153846 0.3626156057692308 0.3884246033653846 0.34979327403846155 0.34729018028846154 0.34634841346153844 0.34576006009615384 0.33444447836538466 0.34756044230769234 0.3070290096153846 0.36196246875000004 0.29950767548076923 0.3692534014423077 0.2954312043269231 0.3780744495192308 0.2987133221153846 0.3919359567307692
1 0.2773738557692308 0.47105515625 0.28112484375 0.486896875 0.28895231009615385 0.49391754807692306 0.30273174038461537 0.5000380264423077 0.32199426442307694 0.5032781033653846 0.3368741875 0.501027625 0.34188840624999994 0.4961670048076923 0.3368869302884615 0.47504405048076925 0.3350180408653846 0.45413239182692305 0.3464531009615385 0.4503517956730769 0.3489602163461539 0.4479214855769231 0.34755359374999995 0.44198083894230766 0.3237457235576923 0.4455816009615384 0.31732487740384613 0.4445015769230769 0.3148177692307692 0.44693188701923076 0.3058898173076923 0.44828217067307696 0.28348856490384616 0.4578235793269231 0.2773738557692308 0.47105515625
1 0.3853889759615384 0.5757352788461538 0.38899657692307693 0.5649340144230769 0.38477671153846155 0.5471120793269231 0.39182916586538463 0.5378409302884616 0.3919919110576923 0.5255095432692308 0.3652080528846154 0.5295604014423076 0.34875876923076926 0.5382016201923077 0.3421751875 0.5494529807692308 0.3463950504807692 0.5672749158653846 0.35030878125 0.57078525 0.37004018269230765 0.5760055408653846 0.38194411778846155 0.5742051586538461 0.3853889759615384 0.5757352788461538
1 0.35811689423076926 0.6167802956730769 0.3659443581730769 0.6238009663461538 0.3762789278846154 0.628391326923077 0.3826997740384615 0.6294713509615384 0.40650764663461536 0.6258705889423077 0.41199073798076924 0.6229901826923077 0.40823974759615383 0.6071484639423077 0.4047948918269231 0.60561834375 0.40104390144230767 0.5897766201923077 0.4035510096153846 0.5873463125 0.4026132620192308 0.5833858798076923 0.39869953365384614 0.579875545673077 0.3867955961538462 0.5816759254807692 0.36987743990384614 0.5883369278846154 0.359380125 0.596077954326923 0.3553036514423077 0.6048990048076923 0.35811689423076926 0.6167802956730769
1 0.39550275240384614 0.7095801466346153 0.41429640625 0.7108400072115385 0.42322436057692303 0.7094897211538461 0.4396736394230769 0.7008485048076923 0.4387358918269231 0.6968880745192307 0.41682286778846156 0.6694353221153846 0.4133780096153846 0.6679052019230769 0.4044500576923077 0.6692554903846154 0.40194294951923076 0.6716857980769231 0.3930149951923077 0.6730360841346154 0.3875318990384615 0.6759164903846154 0.3825176802884615 0.6807771105769231 0.3784412043269231 0.6895981610576923 0.3812544495192308 0.7014794519230769 0.39550275240384614 0.7095801466346153
1 0.43730992067307695 0.7299218028846154 0.43339618990384615 0.7264114663461538 0.41851627163461536 0.7286619447115386 0.4080189543269231 0.73640296875 0.40504297115384613 0.7368530649038461 0.40551184615384617 0.73883328125 0.40049762499999997 0.7436939014423077 0.40377973798076927 0.7575554086538462 0.41113833173076925 0.7625958629807692 0.4239800120192308 0.7647559110576924 0.4448119014423077 0.7616052475961539 0.43730992067307695 0.7299218028846154
1 0.4357212067307692 0.7752869158653847 0.43180747596153846 0.7717765817307692 0.41395157211538464 0.7744771538461539 0.40298538461538463 0.7802379639423077 0.39937778365384613 0.7910392307692308 0.40172215384615384 0.8009403076923077 0.4120567259615384 0.8055306658653846 0.4184775673076923 0.8066106899038462 0.43335748798076923 0.8043602163461538 0.4358645985576923 0.8019299038461539 0.4357212067307692 0.7752869158653847
1 0.4352329831730769 0.8122810745192308 0.42677390625 0.815611576923077 0.4167454639423077 0.8253328173076924 0.4200275793269231 0.8391943245192308 0.43036215384615384 0.8437846826923077 0.43975897596153846 0.8444146129807693 0.4576148822115385 0.8417140432692308 0.46012199278846155 0.839283733173077 0.4535577596153846 0.8115607211538461 0.4352329831730769 0.8122810745192308
1 0.4964654182692308 0.8235314182692307 0.50115415625 0.8433335721153846 0.5050678870192308 0.84684390625 0.5154024591346154 0.8514342668269231 0.5312201274038462 0.8531442211538462 0.5431240649038462 0.8513438389423077 0.5465689206730769 0.8528739591346154 0.552520889423077 0.8519737692307692 0.57194615625 0.8428824567307692 0.5710084086538462 0.8389220288461539 0.5680324230769231 0.8393721225961539 0.5611427115384615 0.8363118822115384 0.5407990480769231 0.8024683894230769 0.534378201923077 0.8013883653846154 0.5254502524038461 0.8027386514423077 0.5220053942307692 0.80120853125 0.5080632211538462 0.8074194375 0.5085320961538462 0.8093996514423077 0.4964654182692308 0.8235314182692307
1 0.4505430721153846 0.8899595625000001 0.45696391586538465 0.8910395865384615 0.4688678533653846 0.8892392067307693 0.4768580576923077 0.8839284903846154 0.4735759423076923 0.870066985576923 0.47013108173076923 0.8685368653846154 0.4677867139423077 0.8586357908653847 0.46434185576923076 0.8571056682692307 0.4629352355769231 0.8511650240384616 0.4565143942307692 0.8500849975961539 0.4510313004807692 0.8529654038461539 0.4359886370192308 0.8675472668269231 0.43582589423076923 0.8798786538461538 0.44365336057692306 0.8868993221153846 0.4505430721153846 0.8899595625000001
1 0.49813946875000004 0.9217324134615384 0.4946946081730769 0.9202022932692308 0.49094362019230775 0.9043605721153847 0.4934507307692308 0.9019302620192308 0.4865610144230769 0.8988700216346154 0.47763306250000004 0.9002203076923077 0.46666687259615386 0.9059811177884616 0.4650975120192308 0.912371858173077 0.4679107548076923 0.9242531490384616 0.47480047115384616 0.9273133894230768 0.4956323557692308 0.9241627235576922 0.49813946875000004 0.9217324134615384
1 0.5046843509615384 0.9884298004807692 0.5071914591346154 0.9859994879807693 0.5032777283653846 0.9824891538461539 0.5068853245192307 0.9716878870192308 0.5054787043269231 0.9657472427884616 0.5020338461538462 0.9642171201923078 0.48464681971153845 0.96889790625 0.4821397067307692 0.97132821875 0.4835463269230769 0.9772688653846154 0.48150809134615385 0.9816793894230769 0.4893355576923077 0.9887000600961537 0.49575639663461535 0.9897800841346154 0.5046843509615384 0.9884298004807692
2 0.953065625 0.39552654086538463 0.9532283677884615 0.3831951538461539 0.9557354759615385 0.38076484134615385 0.9533911081730769 0.37086376682692307 0.95589821875 0.3684334567307692 0.9460325192307693 0.3658233100961539 0.9281766153846154 0.3685238846153846 0.9231623942307692 0.3733845048076923 0.924100141826923 0.3773449326923077 0.9333342259615385 0.39030625 0.9352097211538462 0.39822711057692306 0.953065625 0.39552654086538463
2 0.9431805745192308 0.43189076923076924 0.9394295841346154 0.41604904567307693 0.9316021201923077 0.409028375 0.9098324879807692 0.4082186129807692 0.9043493894230769 0.41109901682692307 0.90231115625 0.41550954326923073 0.9207793245192307 0.44143217548076924 0.9242241802884615 0.4429622956730769 0.9361281177884616 0.4411619134615385 0.9411423389423077 0.4363012932692308 0.9431805745192308 0.43189076923076924
2 0.88739253125 0.49570876682692305 0.8848854230769232 0.4981390769230769 0.8862920432692308 0.5040797211538461 0.9055545673076922 0.507319795673077 0.9115065360576923 0.5064196057692307 0.9185589951923077 0.4971484591346154 0.9162146250000001 0.48724738221153846 0.918721735576923 0.48481707451923073 0.9152768774038461 0.48328695432692304 0.9115258870192308 0.46744523317307696 0.9080810288461538 0.4659151129807692 0.9066744086538462 0.45997446875 0.8963398365384615 0.4553841057692308 0.8878807596153847 0.4587146081730769 0.8828665336538462 0.4635752307692308 0.8747135913461539 0.4812173317307692 0.88739253125 0.49570876682692305
2 0.8862920432692308 0.5040797211538461 0.8812778221153846 0.5089403413461538 0.8801773341346154 0.5173112980769231 0.8831533173076923 0.5168612043269231 0.8900430336538462 0.5199214447115384 0.90194696875 0.5181210625 0.9094683028846154 0.5108301322115385 0.9105687884615384 0.5024591754807692 0.8862920432692308 0.5040797211538461
2 0.8922246610576923 0.5421539038461538 0.8875359230769231 0.5223517524038461 0.8840910625 0.5208216322115384 0.8751631129807692 0.5221719182692308 0.8671729086538461 0.5274826346153846 0.8615270721153846 0.5426944278846154 0.8698234110576923 0.5516953124999999 0.8815646009615384 0.5622263197115385 0.8925307908653846 0.5564655072115385 0.889717548076923 0.5445842163461538 0.8922246610576923 0.5421539038461538
2 0.8453347091346154 0.6108225961538462 0.8469606778846154 0.6191216802884616 0.8528746754807692 0.6398153653846154 0.868523923076923 0.638796125 0.862490841346154 0.6147483990384616 0.8577806177884616 0.5934234567307692 0.8471156490384615 0.5912131490384616 0.8404296466346154 0.5958220360576922 0.8453347091346154 0.6108225961538462