1 0.5992220841346154 0.11154061778846154 0.6053979615384615 0.11229889423076923 0.6087576658653846 0.11562024038461538 0.6093011971153847 0.12150465384615385 0.6124797211538462 0.12286452884615384 0.6135667860576923 0.13463335576923077 0.6024832740384615 0.14684710096153847 0.6026644519230769 0.14880857211538462 0.6058429759615385 0.1501684471153846 0.6208297259615385 0.1471604639423077 0.6266432475961538 0.14399579807692306 0.6465376274038461 0.12801579326923077 0.6570776081730769 0.1099176346153846 0.6378252716346153 0.09979691586538462 0.6316493966346154 0.09903863942307692 0.5955000288461538 0.10429632932692308 0.5958623846153845 0.10821926923076923 0.5992220841346154 0.11154061778846154
1 0.567865985576923 0.20174317307692308 0.5650498149038461 0.20430624278846155 0.5500630673076923 0.20731422596153845 0.5442495456730769 0.21047888942307694 0.5453366105769231 0.22224771875 0.5623163028846154 0.24081592067307692 0.5654948293269231 0.24217579567307693 0.5744868798076923 0.2403710048076923 0.5803003990384615 0.2372063389423077 0.5915650889423077 0.22695406490384615 0.59401890625 0.22046805528846153 0.5927506658653846 0.20673775721153845 0.5893909639423077 0.20341640865384614 0.5830339086538461 0.20069666105769232 0.5738606850961538 0.20053997836538462 0.567865985576923 0.20174317307692308
1 0.5526663581730769 0.3346531850961538 0.5466716586538461 0.33585637740384616 0.5535722451923077 0.3444605408653846 0.5561087235576923 0.3719211418269231 0.5710954711538462 0.36891315865384616 0.5767278124999999 0.36378702163461535 0.5855386850961538 0.3600207596153846 0.5853575072115385 0.35805928846153845 0.5936248461538461 0.34840861298076925 0.5927189615384616 0.3386012572115385 0.5831833798076923 0.33452162980769234 0.5708316298076923 0.3330050769230769 0.5558448822115385 0.33601306009615384 0.5526663581730769 0.3346531850961538
1 0.5437411177884616 0.43633633653846154 0.5409249471153846 0.4388994038461539 0.5412873028846155 0.4428223461538462 0.550098173076923 0.43905608653846157 0.5613628605769231 0.42880381009615387 0.5602757980769231 0.4170349831730769 0.5447455168269231 0.4141585528846154 0.5357534711538462 0.41596334375 0.5331184759615385 0.42048788221153843 0.5428352331730769 0.4265289783653846 0.5437411177884616 0.43633633653846154
1 0.5894102115384615 0.5010900192307692 0.5804181658653846 0.5028948100961539 0.5772396394230769 0.5015349350961539 0.5716072956730769 0.5066610721153846 0.5779643485576923 0.5093808197115385 0.5852272884615385 0.5219079254807693 0.5884058149038461 0.5232678004807693 0.5894928774038461 0.5350366298076923 0.5866767067307692 0.5375996971153846 0.5870390576923077 0.5415226394230769 0.5898552307692307 0.5389595721153846 0.5988472788461539 0.53715478125 0.6131093149038461 0.5263009110576923 0.6161066658653845 0.5256993173076923 0.6213766562499999 0.5166502355769231 0.620833125 0.5107658221153846 0.617473420673077 0.5074444759615384 0.6047593173076924 0.5020049759615385 0.5894102115384615 0.5010900192307692
1 0.6608064663461538 0.8443726394230769 0.6549929423076922 0.8475373052884615 0.6555364759615384 0.8534217187500001 0.6527203028846155 0.8559847860576923 0.6560800072115385 0.8593061346153846 0.67106675 0.8562981490384616 0.6798776225961538 0.8525318870192307 0.6915046658653845 0.8462025576923077 0.6934149495192308 0.8338321346153846 0.6988661201923076 0.8267445240384615 0.6983225889423077 0.8208601105769231 0.6790702524038461 0.810739391826923 0.6605426249999999 0.8084645600961539 0.6608064663461538 0.8443726394230769
1 0.6027188076923077 0.6782240408653847 0.5999026370192307 0.680787108173077 0.5979923509615385 0.6931575360576924 0.6011708774038461 0.6945174086538461 0.6191549735576923 0.6909078293269231 0.6249684927884616 0.6877431634615385 0.6385058221153846 0.6690434086538463 0.6349649423076923 0.663760591346154 0.6252481850961539 0.6577194951923077 0.6160749591346154 0.6575628149038462 0.6097179086538461 0.6548430649038461 0.600725858173077 0.6566478557692308 0.6027188076923077 0.6782240408653847
2 0 0.2418303389423077 0.0010204735576923077 0.24559026923076924 0.033810139423076924 0.23701123557692305 0.03163601201923077 0.21347357692307692 0 0.2269965889423077 0 0.2418303389423077
2 0.03506252403846154 0.31667328365384617 0.06712748076923078 0.30024836057692306 0.058596302884615384 0.27399095673076923 0.03497986298076923 0.28272667307692306 0.03506252403846154 0.31667328365384617
2 0.12987478605769232 0.3515851105769231 0.144318 0.3426927091346154 0.14477886778846155 0.3146305144230769 0.12524684375 0.3345334639423077 0.12987478605769232 0.3515851105769231
2 0.1789194375 0.35372838942307694 0.16057298798076922 0.35341502644230766 0.15520448317307695 0.39444924519230773 0.16982887500000002 0.38751831730769226 0.1831850264423077 0.36685709134615385 0.1789194375 0.35372838942307694
2 0.12885453365384614 0.4396946394230769 0.15882802644230767 0.43367867307692304 0.1422106826923077 0.4190334134615385 0.12141041826923077 0.4252060625 0.12885453365384614 0.4396946394230769
2 0.1652677403846154 0.47034503365384617 0.1562756923076923 0.4721498245192307 0.15354218509615383 0.5086595 0.16535040384615385 0.5042916418269231 0.17607156009615382 0.48815495673076925 0.1652677403846154 0.47034503365384617
2 0.1255491875 0.9657887620192308 0.12573036298076923 0.9677502331730768 0.13771976201923078 0.9653438461538462 0.1408982860576923 0.9667037211538462 0.14689298557692307 0.9655005288461538 0.14435650721153845 0.9380399278846153 0.14117797596153847 0.9366800528846154 0.13218593028846154 0.93848484375 0.12900740384615383 0.9371249687500001 0.11420183413461538 0.9420944254807692 0.11156684134615384 0.9466189639423077 0.11301625961538461 0.962310735576923 0.1255491875 0.9657887620192308
2 0.15072941346153848 0.8748279278846154 0.14827559134615384 0.8813139399038461 0.14872061057692307 0.9191834927884616 0.15507766346153848 0.9219032427884616 0.16370735576923076 0.9161755096153846 0.17869410336538463 0.9131675240384615 0.18360173798076923 0.9001955024038462 0.18024203365384617 0.89687415625 0.18587437740384616 0.8917480192307692 0.18551202403846154 0.887825076923077 0.1683511514423077 0.8672954038461539 0.15917792548076923 0.8671387235576924 0.15072941346153848 0.8748279278846154
2 0.1988431153846154 0.7462538894230769 0.17382757932692308 0.7645983100961539 0.18082638221153846 0.7715225625000001 0.2116917596153846 0.7572483365384616 0.21672045432692308 0.7401664447115385 0.1988431153846154 0.7462538894230769
2 0.2160138173076923 0.7187336490384616 0.20549497355769233 0.7150151971153846 0.1950923701923077 0.7125220624999999 0.17681523798076923 0.7211890432692307 0.18710366826923078 0.736195560096154 0.22072626682692306 0.7310814110576923 0.2160138173076923 0.7187336490384616
2 0.1462166514423077 0.6446500576923077 0.1889814591346154 0.635357516826923 0.19065786538461538 0.636980923076923 0.1878411706730769 0.6133944278846154 0.16061933653846155 0.6146946225961538 0.1573487548076923 0.5999437524038462 0.14052952884615386 0.6037370793269231 0.13426288701923078 0.6253967500000001 0.1462166514423077 0.6446500576923077
2 0.16772581250000002 0.668660266826923 0.15655988461538461 0.6500699495192308 0.12388458653846154 0.6612092307692308 0.09917500721153846 0.6690835216346154 0.10057206490384615 0.6842084278846153 0.12162896875 0.6849786923076924 0.1282916466346154 0.6744813533653846 0.16772581250000002 0.668660266826923
2 0.22939430048076923 0.5878110000000001 0.22612303365384617 0.5687229663461538 0.21985799759615385 0.5716266346153847 0.20728211778846153 0.5715175889423076 0.19843068509615386 0.5736218004807692 0.20436511057692305 0.588886875 0.22939430048076923 0.5878110000000001
2 0.22271370432692306 0.5330686225961538 0.24701329086538462 0.5274982139423077 0.24187446153846154 0.5138395432692308 0.2235057692307692 0.5195321442307692 0.22271370432692306 0.5330686225961538