1 0.8516250697115384 0.04010512259615385 0.85269425 0.04604902644230769 0.8500144014423078 0.048465286057692306 0.8594657283653846 0.08369374278846155 0.8717820000000001 0.10022056490384615 0.8883887884615385 0.10597095913461539 0.90660625 0.1033611875 0.9385793485576923 0.09065140384615386 0.9550148413461539 0.07813512740384615 0.9669885168269231 0.058128610576923076 0.9593191586538462 0.0328066610576923 0.9321780625 0.020435947115384615 0.9162840600961538 0.018648153846153846 0.8673477764423076 0.023626245192307695 0.8516250697115384 0.04010512259615385
1 0.4861653149038461 0.19001276201923079 0.4500867884615385 0.19721360576923075 0.4248989615384616 0.21301606971153844 0.4098890432692308 0.2334575480769231 0.4041729495192307 0.2363087716346154 0.4068390048076923 0.2684445480769231 0.44112176201923076 0.2858892403846154 0.47665880048076925 0.29299246634615383 0.4979125024038461 0.2899477331730769 0.51506078125 0.2813940576923077 0.5311398798076923 0.2668964807692308 0.5416879783653846 0.2389647596153846 0.5374112572115385 0.21518914903846154 0.5288440168269231 0.20218996634615383 0.4990230721153846 0.19223551682692308 0.4861653149038461 0.19001276201923079
1 0.79606675 0.527700389423077 0.7683841682692307 0.5296337451923077 0.6896131418269231 0.5592094230769231 0.6697850120192308 0.5701793605769231 0.6490590024038462 0.5934720649038462 0.6633423365384614 0.6036200216346154 0.6606624879807692 0.6060362860576923 0.6658370913461538 0.6174891298076923 0.728343923076923 0.6186963966346154 0.7449507115384615 0.6244467908653846 0.784421875 0.6187922860576923 0.8251473125 0.6027963173076923 0.8358667115384615 0.5931312668269231 0.8401572307692308 0.5823548389423077 0.8391018461538462 0.5418588966346154 0.8248185120192308 0.5317109375 0.79606675 0.527700389423077
1 1 0.7827578798076923 0.9706329062500001 0.7709637139423078 0.939201295673077 0.7693694302884615 0.8959811033653846 0.7714962956730769 0.8629388197115385 0.7782621778846154 0.8364967187500001 0.8044061057692308 0.8655910769230769 0.8449499927884615 0.8982631682692308 0.8707548509615385 0.9782746730769231 0.8653897451923077 1 0.8545530096153846 1 0.7827578798076923
0 0.6268660264423077 0.7124956850961539 0.5984706586538462 0.7104664399038462 0.5832894423076923 0.71264125 0.5748935000000001 0.7179087355769231 0.5729264375 0.7242876009615385 0.5766754663461539 0.7278152427884615 0.5797117091346153 0.7273802788461539 0.5902460120192308 0.7340005985576923 0.5993547427884616 0.7326957115384616 0.6068528028846154 0.7397509903846153 0.6163179278846154 0.74042740625 0.6264958365384616 0.7450664254807692 0.6356045673076923 0.7437615384615385 0.6543635168269231 0.7268476995192308 0.6529379423076923 0.7189224951923077 0.6461526658653847 0.7158298173076924 0.6268660264423077 0.7124956850961539
0 0.6847397427884616 0.6879460408653847 0.6582976394230768 0.7140899711538461 0.6466803581730769 0.7360777884615385 0.6386408100961538 0.7433265769230769 0.6397099903846153 0.7492704807692309 0.6491751129807692 0.7499468942307692 0.65631678125 0.7550208725961538 0.6550625048076923 0.7653623413461539 0.6632733533653846 0.7763802211538462 0.6814908125 0.7737704519230769 0.7583085721153846 0.7160215985576923 0.7509956057692307 0.6926809471153846 0.7276035408653846 0.683837875 0.718138420673077 0.6831614591346155 0.6847397427884616 0.6879460408653847
0 0.35424220432692305 0.49547390625 0.3354970528846154 0.4778357067307692 0.31424335096153844 0.48088043990384616 0.27852121875 0.4900625841346154 0.2758413701923077 0.49247884855769236 0.26369639663461536 0.49421869230769233 0.2579803028846154 0.497069920673077 0.25333339182692305 0.505865045673077 0.25404617788461537 0.5098276490384616 0.2608314519230769 0.5129203269230769 0.3042229423076923 0.5290601322115385 0.3235095817307692 0.5323942644230769 0.35209004807692307 0.5181381418269231 0.3624530528846154 0.5064917884615384 0.3610274783653846 0.49856658413461535 0.35424220432692305 0.49547390625
0 0.2943405024038462 0.23171942788461536 0.2879116225961539 0.2306080528846154 0.22718675961538462 0.23930728846153848 0.22147066346153846 0.24215851442307693 0.22218345192307692 0.2461211153846154 0.24199778365384614 0.26970321875000003 0.24807027163461537 0.2688332956730769 0.2582481802884615 0.27347231009615386 0.2586045745192308 0.2754536105769231 0.2650334519230769 0.27656499038461535 0.2771784254807692 0.2748251418269231 0.2805710625 0.27637148076923074 0.2866435504807692 0.2755015576923077 0.2993300096153846 0.2594576418269231 0.30362052884615387 0.24868121153846154 0.30219495432692306 0.24075600961538463 0.2943405024038462 0.23171942788461536
0 0.4505663942307692 0 0.45055738461538464 0.0008530552884615384 0.43585122596153847 0.019572290865384614 0.4557504471153846 0.02288370432692308 0.4771590721153846 0.025444370192307695 0.5081799423076924 0.022071478365384613 0.5157692403846154 0 0.4505663942307692 0
0 0.4519764350961539 0.19954635096153844 0.4748437860576923 0.19454701201923078 0.4656989038461538 0.18173016586538462 0.4096981706730769 0.19354298557692307 0.4097172259615384 0.22007063942307692 0.42731768269230774 0.2151388846153846 0.4519764350961539 0.19954635096153844
2 0.027533454326923078 0.2615253100961538 0.025679591346153847 0.23040723557692308 0.041498283653846155 0.2052161201923077 0.014307526442307693 0.19315160817307692 0.01951121394230769 0.26340140384615385 0.027533454326923078 0.2615253100961538
2 0.05648272836538462 0.08800153125 0.03542213942307692 0.067654625 0.014893002403846155 0.054556201923076926 0.004790286057692308 0.06466887019230769 0.006780538461538462 0.09153725961538463 0.010580560096153845 0.10189989903846154 0.03133274519230769 0.1637835769230769 0.05570048317307692 0.1595936081730769 0.04358271875 0.11599987499999999 0.05711311778846154 0.08721209134615385 0.05648272836538462 0.08800153125
0 0.8773692764423077 0.9056844903846154 0.8315219447115385 0.8980889302884615 0.806359826923077 0.8973605841346154 0.786138875 0.9099212259615383 0.7957152187500001 0.9205483846153846 0.8148667692307693 0.9361346225961539 0.8263623557692308 0.9460905288461539 0.8502697331730769 0.9426656394230769 0.8773692764423077 0.9056844903846154