1 0.098 0.40540540625 0.10200000000000001 0.39939939903846156 0.10200000000000001 0.38138138221153844 0.096 0.3693693701923077 0.094 0.3693693701923077 0.09 0.375375375 0.088 0.38438438461538466 0.088 0.40540540625 0.092 0.40840840865384614 0.098 0.40540540625
1 0.14400000000000002 0.3663663653846154 0.14400000000000002 0.3693693701923077 0.146 0.3693693701923077 0.14400000000000002 0.3393393389423077 0.14200000000000002 0.33333333413461536 0.134 0.3213213221153846 0.13 0.31831831730769233 0.114 0.31831831730769233 0.106 0.32432432451923077 0.1 0.33633633653846157 0.096 0.35735735817307696 0.116 0.35435435336538457 0.14 0.3633633629807692 0.14400000000000002 0.3663663653846154
1 0.176 0.43543543509615384 0.178 0.4384384375 0.186 0.4384384375 0.184 0.4234234230769231 0.176 0.40840840865384614 0.168 0.40540540625 0.15799999999999997 0.4114114110576923 0.15399999999999997 0.4234234230769231 0.15399999999999997 0.43243243269230774 0.16 0.43543543509615384 0.176 0.43543543509615384
1 0.256 0.40840840865384614 0.258 0.4114114110576923 0.28 0.4114114110576923 0.286 0.40540540625 0.282 0.3723723725961538 0.276 0.3663663653846154 0.258 0.3663663653846154 0.25 0.38138138221153844 0.246 0.3963963966346154 0.246 0.40540540625 0.24800000000000003 0.4114114110576923 0.256 0.40840840865384614
1 0.242 0.43543543509615384 0.25 0.42642642548076926 0.25 0.4204204206730769 0.246 0.4114114110576923 0.24000000000000002 0.4114114110576923 0.23399999999999999 0.4204204206730769 0.23399999999999999 0.4234234230769231 0.228 0.43243243269230774 0.228 0.43543543509615384 0.242 0.43543543509615384
1 0.28400000000000003 0.38738738701923076 0.28400000000000003 0.40540540625 0.286 0.40840840865384614 0.296 0.40840840865384614 0.298 0.4114114110576923 0.3 0.40840840865384614 0.3 0.39339339423076924 0.298 0.3903903894230769 0.298 0.37837837740384617 0.296 0.3723723725961538 0.292 0.3693693701923077 0.282 0.3693693701923077 0.28 0.3723723725961538 0.282 0.375375375 0.282 0.38438438461538466 0.28400000000000003 0.38738738701923076
1 0.314 0.4144144134615385 0.322 0.40540540625 0.34400000000000003 0.39339339423076924 0.35 0.38738738701923076 0.35 0.38138138221153844 0.33199999999999996 0.35735735817307696 0.326 0.35435435336538457 0.31599999999999995 0.35435435336538457 0.31 0.35735735817307696 0.3 0.3723723725961538 0.3 0.40540540625 0.304 0.4144144134615385 0.314 0.4144144134615385
1 0.42600000000000005 0.3963963966346154 0.424 0.38738738701923076 0.41800000000000004 0.37837837740384617 0.414 0.375375375 0.40399999999999997 0.375375375 0.394 0.38738738701923076 0.39 0.39939939903846156 0.39 0.40840840865384614 0.42600000000000005 0.4114114110576923 0.42600000000000005 0.3963963966346154
1 0.46 0.38438438461538466 0.476 0.38438438461538466 0.47800000000000004 0.38738738701923076 0.484 0.38738738701923076 0.484 0.38138138221153844 0.48000000000000004 0.3693693701923077 0.476 0.3633633629807692 0.47200000000000003 0.36036036057692306 0.46599999999999997 0.36036036057692306 0.464 0.35735735817307696 0.44999999999999996 0.3633633629807692 0.444 0.375375375 0.44200000000000006 0.38438438461538466 0.44200000000000006 0.3963963966346154 0.446 0.3963963966346154 0.46 0.38438438461538466
1 0.592 0.40840840865384614 0.604 0.39939939903846156 0.62 0.39939939903846156 0.622 0.40240240144230766 0.622 0.39339339423076924 0.62 0.38738738701923076 0.612 0.375375375 0.612 0.3723723725961538 0.61 0.3723723725961538 0.606 0.3663663653846154 0.592 0.3663663653846154 0.582 0.37837837740384617 0.58 0.3963963966346154 0.5860000000000001 0.40540540625 0.5860000000000001 0.40840840865384614 0.592 0.40840840865384614
1 0.782 0.3963963966346154 0.786 0.3903903894230769 0.786 0.3693693701923077 0.784 0.36036036057692306 0.78 0.35135135096153847 0.772 0.34534534615384616 0.76 0.34534534615384616 0.754 0.3483483485576923 0.746 0.35735735817307696 0.7420000000000001 0.3693693701923077 0.738 0.38738738701923076 0.7420000000000001 0.38738738701923076 0.75 0.38138138221153844 0.782 0.3963963966346154
1 0.9400000000000001 0.42942943028846153 0.946 0.42942943028846153 0.95 0.4174174182692308 0.95 0.39939939903846156 0.946 0.38738738701923076 0.9440000000000001 0.38738738701923076 0.9400000000000001 0.38138138221153844 0.9339999999999999 0.38138138221153844 0.9319999999999999 0.37837837740384617 0.9139999999999999 0.38438438461538466 0.912 0.38738738701923076 0.926 0.39339339423076924 0.9339999999999999 0.40540540625 0.9400000000000001 0.42942943028846153
2 0.928 0.8048048052884614 0.9400000000000001 0.8048048052884614 0.9440000000000001 0.8018018028846154 0.946 0.7927927932692308 0.946 0.777777778846154 0.9440000000000001 0.7717717716346153 0.9420000000000001 0.7687687692307693 0.9299999999999999 0.7687687692307693 0.928 0.7747747740384615 0.928 0.7837837836538462 0.924 0.7927927932692308 0.924 0.7987987980769231 0.928 0.8048048052884614
2 0.9139999999999999 0.7927927932692308 0.9159999999999999 0.7867867860576924 0.9159999999999999 0.777777778846154 0.912 0.7657657668269231 0.904 0.7657657668269231 0.902 0.7627627620192308 0.896 0.7627627620192308 0.892 0.7657657668269231 0.888 0.7747747740384615 0.88 0.7837837836538462 0.88 0.7927927932692308 0.9139999999999999 0.7927927932692308
2 0.788 0.8408408413461538 0.7919999999999999 0.8378378389423078 0.798 0.8258258269230769 0.796 0.8198198197115385 0.7759999999999999 0.8168168173076923 0.772 0.8228228221153846 0.772 0.8378378389423078 0.7739999999999999 0.8408408413461538 0.788 0.8408408413461538
2 0.744 0.8318318317307691 0.746 0.8288288293269231 0.752 0.8288288293269231 0.75 0.8228228221153846 0.7420000000000001 0.8228228221153846 0.728 0.8108108100961539 0.7100000000000001 0.8198198197115385 0.7080000000000001 0.8228228221153846 0.7080000000000001 0.8288288293269231 0.7100000000000001 0.8318318317307691 0.744 0.8318318317307691
2 0.612 0.7807807812499999 0.612 0.7897897908653846 0.614 0.7927927932692308 0.622 0.7987987980769231 0.636 0.7987987980769231 0.636 0.7897897908653846 0.63 0.7807807812499999 0.63 0.777777778846154 0.628 0.7807807812499999 0.614 0.7807807812499999 0.61 0.777777778846154 0.612 0.7807807812499999
2 0.5780000000000001 0.7957957956730769 0.58 0.7927927932692308 0.588 0.7927927932692308 0.592 0.7867867860576924 0.592 0.7717717716346153 0.59 0.7687687692307693 0.5860000000000001 0.7687687692307693 0.584 0.7717717716346153 0.5700000000000001 0.7717717716346153 0.5680000000000001 0.7747747740384615 0.5680000000000001 0.777777778846154 0.56 0.7897897908653846 0.56 0.7957957956730769 0.5780000000000001 0.7957957956730769
2 0.512 0.8318318317307691 0.522 0.8318318317307691 0.526 0.8288288293269231 0.526 0.8198198197115385 0.524 0.8168168173076923 0.512 0.8078078076923076 0.508 0.8078078076923076 0.5 0.8138138149038461 0.49 0.8138138149038461 0.49 0.8228228221153846 0.512 0.8318318317307691
2 0.45799999999999996 0.8378378389423078 0.462 0.8348348341346153 0.462 0.8318318317307691 0.46599999999999997 0.8258258269230769 0.46599999999999997 0.8168168173076923 0.454 0.8108108100961539 0.44999999999999996 0.8108108100961539 0.444 0.8198198197115385 0.44200000000000006 0.8258258269230769 0.44200000000000006 0.8348348341346153 0.444 0.8378378389423078 0.45799999999999996 0.8378378389423078
2 0.38 0.7747747740384615 0.386 0.7687687692307693 0.386 0.7537537548076922 0.374 0.7537537548076922 0.372 0.7567567572115385 0.37 0.7627627620192308 0.37 0.7717717716346153 0.372 0.7747747740384615 0.38 0.7747747740384615
2 0.422 0.7597597596153847 0.424 0.7627627620192308 0.44200000000000006 0.7687687692307693 0.444 0.7597597596153847 0.438 0.7477477475961538 0.436 0.75075075 0.42600000000000005 0.75075075 0.422 0.7477477475961538 0.422 0.7597597596153847
2 0.33999999999999997 0.8528528533653846 0.372 0.8528528533653846 0.374 0.8498498509615384 0.374 0.8408408413461538 0.372 0.8378378389423078 0.36 0.8348348341346153 0.35400000000000004 0.8288288293269231 0.33 0.8378378389423078 0.326 0.84384384375 0.328 0.8498498509615384 0.338 0.8498498509615384 0.33999999999999997 0.8528528533653846
2 0.292 0.8588588581730769 0.3 0.8678678677884615 0.312 0.8678678677884615 0.31599999999999995 0.8648648653846155 0.31599999999999995 0.8528528533653846 0.312 0.8408408413461538 0.296 0.8408408413461538 0.294 0.84384384375 0.28800000000000003 0.84384384375 0.29 0.8588588581730769 0.292 0.8588588581730769
2 0.126 0.888888889423077 0.14400000000000002 0.888888889423077 0.148 0.8858858870192308 0.148 0.8768768774038461 0.14400000000000002 0.873873875 0.134 0.8588588581730769 0.128 0.8648648653846155 0.11 0.8648648653846155 0.108 0.8708708701923077 0.108 0.8798798798076923 0.11 0.8828828822115384 0.126 0.888888889423077
2 0.052000000000000005 0.90690690625 0.060000000000000005 0.90690690625 0.066 0.9039039038461538 0.07 0.9009009014423076 0.074 0.891891891826923 0.074 0.8828828822115384 0.07200000000000001 0.8798798798076923 0.064 0.8798798798076923 0.062000000000000006 0.8768768774038461 0.054 0.8768768774038461 0.05 0.8798798798076923 0.048 0.8858858870192308 0.048 0.8948948942307692 0.046 0.8978978990384616 0.048 0.9039039038461538 0.052000000000000005 0.90690690625
2 0.23600000000000002 0.8138138149038461 0.238 0.8168168173076923 0.262 0.8168168173076923 0.266 0.8078078076923076 0.246 0.7867867860576924 0.228 0.7867867860576924 0.224 0.7897897908653846 0.224 0.8108108100961539 0.226 0.8138138149038461 0.23600000000000002 0.8138138149038461
2 0.28 0.8048048052884614 0.282 0.8018018028846154 0.28 0.7897897908653846 0.27399999999999997 0.7807807812499999 0.27399999999999997 0.777777778846154 0.26999999999999996 0.7747747740384615 0.268 0.7747747740384615 0.264 0.7807807812499999 0.252 0.7807807812499999 0.24800000000000003 0.7837837836538462 0.25 0.7927927932692308 0.266 0.8048048052884614 0.28 0.8048048052884614