0 0.858 0.584848485576923 0.828 0.5878787884615385 0.838 0.6545454543269231 0.8659999999999999 0.6636363629807692 0.87 0.6363636370192308 0.858 0.584848485576923
0 0.45236 0.6666666658653846 0.43036 0.6545454543269231 0.41436 0.7181818173076924 0.41661200000000004 0.7363 0.44655 0.7281 0.45236 0.6666666658653846
1 0.392 0.4575757572115385 0.382 0.39696969711538466 0.36200000000000004 0.37878787980769235 0.328 0.3818181826923077 0.31 0.41515151442307696 0.31 0.46060606009615385 0.338 0.5090909086538461 0.356 0.5090909086538461 0.392 0.4575757572115385
2 0.64 0.5727272716346155 0.608 0.5727272716346155 0.606 0.6212121201923076 0.59 0.6606060600961539 0.638 0.6636363629807692 0.64 0.5727272716346155
1 0.9339999999999999 0.2848484855769231 0.9400000000000001 0.20303030288461538 0.9299999999999999 0.1787878798076923 0.888 0.16666666586538462 0.8520000000000001 0.20909090865384616 0.8500000000000001 0.24848484855769232 0.8819999999999999 0.28787878846153847 0.91 0.3030303028846154 0.9339999999999999 0.2848484855769231
2 0.8320000000000001 0.9757575769230769 0.8360000000000001 0.9545454543269231 0.8079999999999999 0.8999999999999999 0.8119999999999999 0.8333333341346154 0.8059999999999999 0.8 0.7739999999999999 0.784848485576923 0.772 0.8727272716346154 0.78 0.9363636370192308 0.798 0.9666666658653846 0.8320000000000001 0.9757575769230769
2 0.28400000000000003 0.7787878798076923 0.28400000000000003 0.6909090913461539 0.276 0.6727272716346153 0.252 0.6818181826923078 0.262 0.7424242427884615 0.254 0.7787878798076923 0.268 0.8030303028846154 0.28400000000000003 0.7787878798076923
1 0.398 0.2 0.376 0.19393939423076922 0.364 0.21212121153846153 0.37 0.26060606009615384 0.4 0.25757575721153847 0.40599999999999997 0.22424242307692308 0.398 0.2
1 0.46599999999999997 0.14545454567307692 0.444 0.14242424278846155 0.424 0.16666666586538462 0.428 0.21515151442307692 0.452 0.2 0.484 0.2 0.46599999999999997 0.14545454567307692
1 0.23399999999999999 0.3121212115384615 0.22 0.27272727163461535 0.2 0.25757575721153847 0.16999999999999998 0.2848484855769231 0.168 0.35151515144230766 0.176 0.36060606009615387 0.20800000000000002 0.34545454567307693 0.23399999999999999 0.3121212115384615
0 0.41336599999999996 0.7117060600961539 0.4 0.661151514423077 0.392 0.646 0.372 0.6520606057692308 0.38 0.7217575769230768 0.398 0.7338787884615384 0.40939800000000004 0.7346606057692308 0.41336599999999996 0.7117060600961539
0 0.906 0.4878787884615384 0.886 0.4666666658653846 0.88 0.4909090913461539 0.876 0.5363636370192307 0.8840000000000001 0.5636363629807692 0.904 0.5666666658653846 0.906 0.4878787884615384
2 0.43005600000000005 0.8740272716346154 0.454716 0.8708606057692307 0.454716 0.8366636370192307 0.445938 0.7309151514423077 0.42044400000000004 0.741045454326923 0.416682 0.7739757572115384 0.40999599999999997 0.8455303028846154 0.43005600000000005 0.8740272716346154
2 0.48606000000000005 0.8588272716346155 0.519078 0.8727606057692309 0.5353760000000001 0.8695939399038461 0.525346 0.7302818173076923 0.49024 0.7423121201923077 0.49776200000000004 0.8113363629807692 0.49024 0.8252666658653846 0.48606000000000005 0.8588272716346155
2 0.290466 0.8379303028846153 0.309692 0.8360333341346154 0.321394 0.6992515144230769 0.29631799999999997 0.7041606057692308 0.295482 0.7796727283653847 0.288794 0.7948727283653846 0.290466 0.8379303028846153
2 0.882964 0.9005212115384615 0.869194 0.8855242427884615 0.8468180000000001 0.8790060600961538 0.8421073822115385 0.7762995120192309 0.806802 0.7890363629807692 0.80551 0.8803090913461538 0.830898 0.893348485576923 0.8636 0.9233393942307693 0.875648 0.9194272716346154 0.882964 0.9005212115384615