1 0.22488743509615386 0.18879764182692307 0.2231900769230769 0.15858132932692307 0.20561412259615386 0.11533776682692308 0.18564484134615386 0.11109071153846153 0.17149386778846154 0.1252705144230769 0.165070375 0.16702871875 0.1708886778846154 0.18545557932692305 0.21473636778846156 0.20322500721153844 0.22488743509615386 0.18879764182692307
1 0.3485517283653846 0.22957379567307695 0.3470056658653846 0.18431121875 0.3150669206730769 0.17631223317307693 0.3046435192307692 0.21782287259615385 0.3485517283653846 0.22957379567307695
1 0.3853981634615385 0.14754275240384615 0.3694287908653846 0.1435432596153846 0.35527781490384613 0.15772306249999998 0.35503574038461544 0.1817970889423077 0.3950045576923077 0.18728194471153847 0.395216375 0.16621717067307692 0.3853981634615385 0.14754275240384615
1 0.43418663461538465 0.2710073798076923 0.43461026682692305 0.22887783653846153 0.41664093990384615 0.2247545625 0.4003689735576923 0.25084760096153846 0.43418663461538465 0.2710073798076923
1 0.5148505 0.20975501923076922 0.5105782572115385 0.2365907379807692 0.5405775649038461 0.23844743990384615 0.5407591201923077 0.22039192067307692 0.5328803461538462 0.20785978605769231 0.5148505 0.20975501923076922
1 0.6103036177884615 0.2698630240384615 0.6085457403846154 0.24566521634615385 0.586606766826923 0.23828512980769231 0.5823042620192308 0.2681301033653846 0.6103036177884615 0.2698630240384615
1 0.21558929807692306 0.516434891826923 0.2140734951923077 0.4681630600961538 0.19637650240384616 0.4369565096153846 0.16443775961538462 0.42895752163461537 0.14422640384615384 0.4487844903846154 0.12971231490384616 0.49907533173076923 0.1614392451923077 0.5281390913461539 0.20540797115384615 0.5338715096153847 0.21558929807692306 0.516434891826923
1 0.3333142451923077 0.5508211995192307 0.31758694711538465 0.5227476778846154 0.29564797355769235 0.5153675889423077 0.26537633173076924 0.5405941682692308 0.26310404326923076 0.5675536658653846 0.29464941346153845 0.6146729447115384 0.3245579447115385 0.62555740625 0.3333142451923077 0.5508211995192307
1 0.3515256466346154 0.5308704471153847 0.33007082211538463 0.47534231009615385 0.3000109951923077 0.4795041153846154 0.2917691033653846 0.5030830192307693 0.29167832692307694 0.5121107788461539 0.31958690384615385 0.5228714591346153 0.3371628557692308 0.5661150264423077 0.3515256466346154 0.5308704471153847
1 0.5122481875 0.4685507860576923 0.5121876682692308 0.4745692932692308 0.5161270600961538 0.48083535817307693 0.5221269230769231 0.48120669951923073 0.5399752091346154 0.4973669879807692 0.5418843846153846 0.5065185288461538 0.5438843389423077 0.5066423076923077 0.5478237283653846 0.5129083725961538 0.5538235889423077 0.5132797139423076 0.5538538485576923 0.5102704615384616 0.5579142764423077 0.5044995168269231 0.5582471298076923 0.4713977307692308 0.5523380456730769 0.4619986298076923 0.5523683052884615 0.45898937740384615 0.54839865625 0.4557325649038461 0.5423987956730769 0.4553612235576923 0.5404291009615385 0.45222818990384617 0.5363989326923077 0.4549898846153846 0.5283991177884615 0.4544947620192307 0.5163086153846154 0.46277984134615385 0.5122481875 0.4685507860576923
1 0.5165809519230768 0.4356965649038462 0.5163993918269231 0.4537520817307692 0.5183690889423077 0.4568851153846154 0.5223689951923076 0.45713267548076925 0.5304293293269231 0.45160928846153847 0.5444290072115385 0.45247575 0.554338 0.4621224110576923 0.5542774807692308 0.46814091586538464 0.5562774350961539 0.4682646971153846 0.5603983822115385 0.4564752475961538 0.5606404567307692 0.43240122115384616 0.5587010216346153 0.4262589350961538 0.5508222427884616 0.41372680048076926 0.54685259375 0.4104699855769231 0.5348528701923077 0.4097273052884616 0.52882275 0.41236521875 0.5227018509615384 0.42403088942307693 0.5207018966346154 0.4239071105769231 0.5165809519230768 0.4356965649038462
0 0.5887608509615384 0.4220971298076923 0.5889726658653847 0.4010323581730769 0.5870029711538461 0.3978993269230769 0.5870937475961538 0.3888715649038461 0.5851240552884616 0.38573853365384614 0.5751242836538462 0.3851196346153846 0.5730638124999999 0.3910143581730769 0.5727612163461538 0.42110688701923077 0.5766703485576923 0.4303822067307692 0.5866701177884616 0.4310011081730769 0.5887608509615384 0.4220971298076923
0 0.452431125 0.4467818653846154 0.4527034615384615 0.41969858413461536 0.44470364663461537 0.41920346394230773 0.4427339519230769 0.4160704302884615 0.44070373798076923 0.41895590384615383 0.4406129591346154 0.42798366346153843 0.43858274759615384 0.43086913701923074 0.43846170913461535 0.4429061514423077 0.4403708846153846 0.4520576899038462 0.44637074519230774 0.4524290288461538 0.452431125 0.4467818653846154
0 0.38049330288461536 0.4363072716346154 0.3825235168269231 0.4334217980769231 0.3827050721153846 0.41536627884615385 0.37300789903846154 0.3846548485576923 0.36709881490384616 0.3752557475961539 0.3550385721153846 0.38053157451923075 0.3549780528846154 0.3865500793269231 0.35694774759615383 0.3896831129807692 0.35685696874999995 0.39871087019230766 0.366493625 0.4354408100961538 0.38049330288461536 0.4363072716346154
0 0.30210172596153845 0.47060013461538464 0.3101620625 0.46507675 0.3161619254807692 0.4654480889423077 0.31819213701923077 0.4625626177884615 0.3163737403846154 0.44438331971153844 0.29864648798076926 0.4161860216346154 0.29467684134615385 0.4129292043269231 0.2866165048076923 0.41845259134615387 0.28255607932692306 0.42422353846153843 0.28252582211538463 0.42723279086538457 0.2942532091346154 0.45505875 0.30210172596153845 0.47060013461538464
2 0.5713995432692308 0.5565232764423077 0.5852781850961539 0.5694267548076923 0.5992778605769231 0.5702932163461538 0.5993686394230769 0.5612654543269231 0.59542925 0.5549993870192308 0.5934292956730769 0.5548756081730769 0.5895201682692307 0.5456002860576923 0.5897622403846154 0.5215262644230769 0.587792548076923 0.5183932283653846 0.5757928221153846 0.517650548076923 0.5738231298076923 0.5145175144230769 0.5697929639423077 0.5172792091346154 0.5695206274038461 0.544362485576923 0.5714903221153846 0.5474955192307692 0.5713995432692308 0.5565232764423077
0 0.51079290625 0.41426044951923074 0.5168230240384616 0.4116225360576923 0.5188835 0.4057278125 0.5169440649038461 0.39958552644230766 0.5110349807692308 0.39018642548076926 0.5071561105769231 0.37790185336538457 0.4951563846153846 0.37715917307692304 0.4931261730769231 0.38004464663461535 0.49482353125 0.41026095673076923 0.49679322836538464 0.4133939903846154 0.51079290625 0.41426044951923074
2 0.05384076682692308 0.8798036442307692 0.05390128846153846 0.8737851394230769 0.04996189903846154 0.8675190697115384 0.035629365384615384 0.8997543942307692 0.037508283653846154 0.9119151875 0.043447627403846154 0.9183050336538462 0.06135643269230769 0.9284468149038462 0.0732351201923077 0.9412265072115384 0.09317413942307692 0.9484828149038461 0.11317368028846153 0.9497206153846154 0.11520389423076922 0.9468351442307692 0.12120375480769231 0.947206485576923 0.12935486778846153 0.9326553413461538 0.12344578365384615 0.9232562403846154 0.10162784855769232 0.903839141826923 0.09562798557692308 0.9034678004807692 0.09556746634615385 0.9094863076923076 0.08550717788461538 0.9148859110576922 0.07356797115384615 0.9081247235576922 0.06965884375 0.8988494038461539 0.05384076682692308 0.8798036442307692
2 0.2299577548076923 0.8786592860576923 0.23795756971153845 0.87915440625 0.23992726442307694 0.8822874399038461 0.24395743028846154 0.8795257451923076 0.2539572019230769 0.8801446466346154 0.26401748798076924 0.8747450432692307 0.2681384326923077 0.8629555913461538 0.26019913701923075 0.8564419639423076 0.25625975 0.8501758942307693 0.25432031490384616 0.8440336081730769 0.25441109134615386 0.8350058509615385 0.26253194471153846 0.8234639591346155 0.2646529375 0.8115507283653846 0.2666831490384615 0.8086652548076922 0.24683490865384616 0.7923811875000001 0.24080478605769232 0.7950191009615384 0.21850269951923076 0.8237500480769231 0.21229102163461538 0.8444434783653846 0.21216998317307695 0.8564804927884615 0.2140791610576923 0.8656320336538462 0.2299577548076923 0.8786592860576923