1 0.43253634374999994 0.13137719951923077 0.4191616057692308 0.12571543509615385 0.4162155168269231 0.12626925721153845 0.41111852884615385 0.13131543028846154 0.4037077211538461 0.1551926201923077 0.4056956971153846 0.1650389375 0.4094369759615385 0.16842364423076922 0.41867284134615385 0.1687314375 0.43340328605769235 0.16596232692307694 0.4469409471153846 0.15728542307692306 0.4490918461538461 0.15279307211538462 0.4459110841346154 0.1370389639423077 0.43548243750000004 0.13082337740384614 0.43253634374999994 0.13137719951923077
1 0.4266770721153846 0.3143951802884616 0.42118248798076924 0.31747209134615384 0.4190315889423077 0.32196443990384616 0.4265141514423077 0.3287338485576923 0.4332015192307692 0.3315647331730769 0.4744467740384615 0.32381121634615384 0.47325398798076923 0.3179034254807692 0.4695127067307692 0.31451872115384616 0.4535894735576923 0.3113800408653846 0.43591293750000004 0.31470297836538463 0.43256925 0.31328753846153845 0.4266770721153846 0.3143951802884616
1 0.48501892067307695 0.3913200048076923 0.4901159110576923 0.3862738317307692 0.49226681009615386 0.3817814831730769 0.4910740240384615 0.37587369230769235 0.4936225192307692 0.37335060576923074 0.49203213701923076 0.36547355048076924 0.4878932620192308 0.36011958413461537 0.47451852403846156 0.3544578173076923 0.4556491995192308 0.35187296153846154 0.4497570192307692 0.3529806057692308 0.44466003365384615 0.35802677884615386 0.4480037163461539 0.35944221875 0.45078688701923075 0.37322706490384616 0.4482383918269231 0.37575015144230767 0.4494311778846154 0.3816579423076923 0.4468826826923077 0.38418102884615385 0.44807546875 0.39008881971153847 0.44552697355769233 0.39261190625 0.4496658485576923 0.3979658725961538 0.45890171394230767 0.39827367067307695 0.47657825240384616 0.3949507355769231 0.48501892067307695 0.3913200048076923
1 0.49982112259615386 0.4191974927884615 0.48724157211538466 0.4174742548076923 0.47545721394230767 0.41968954567307687 0.4729087211538462 0.4222126322115385 0.4640704519230769 0.4238740985576923 0.4534788774038461 0.4319971802884615 0.45053278846153844 0.43255100240384614 0.46350993269230767 0.43624350240384613 0.4717876826923077 0.44695143990384617 0.4863552091346154 0.45852099519230766 0.49774197115384616 0.4543364423076923 0.5079359495192308 0.4442440985576923 0.5100868509615385 0.4397517475961538 0.5065084903846153 0.4220283725961539 0.49982112259615386 0.4191974927884615
1 0.549344125 0.42215191346153846 0.5414639711538461 0.41341324038461535 0.5347766009615385 0.41058235817307687 0.5284868269230769 0.40972074038461537 0.51670246875 0.4119360288461538 0.5057133004807692 0.41808984615384615 0.5065084903846153 0.4220283725961539 0.5098521754807692 0.4234438173076923 0.51263534375 0.4372286610576923 0.5100868509615385 0.4397517475961538 0.5108820408653846 0.4436902764423077 0.5146233197115385 0.4470749783653846 0.5209130937500001 0.4479365985576923 0.5326974495192307 0.44572131009615384 0.549181201923077 0.43649058173076927 0.5509345072115385 0.43002896875 0.549344125 0.42215191346153846
1 0.4947047091346154 0.4998755336538461 0.48292035336538464 0.5020908245192308 0.4752748701923077 0.5096600817307693 0.47964841826923077 0.5313219831730769 0.4829921033653846 0.5327374230769231 0.48928187740384615 0.5335990432692308 0.5099045048076923 0.5297222836538462 0.5195379639423077 0.53199934375 0.5313223197115385 0.5297840528846154 0.5368169038461539 0.5267071466346154 0.534033735576923 0.512922298076923 0.5302924567307692 0.5095375961538461 0.5102303485576922 0.5010449471153846 0.4947047091346154 0.4998755336538461
1 0.5002710432692308 0.5274452259615384 0.4943788653846154 0.5285528701923077 0.49183037259615386 0.5310759567307692 0.5107714447115385 0.5643074110576923 0.5123618269230769 0.5721844663461538 0.5161031057692308 0.575569170673077 0.5337796418269231 0.5722462379807692 0.5447688100961539 0.566092420673077 0.5524142908653846 0.5585231610576923 0.5484383389423078 0.5388305240384615 0.5368169038461539 0.5267071466346154 0.5161942788461539 0.5305839038461538 0.5002710432692308 0.5274452259615384
1 0.5067760697115384 0.6202466442307693 0.5113842908653846 0.6582164759615385 0.5180716610576923 0.6610473581730769 0.5298560192307693 0.6588320697115384 0.5324045120192308 0.656308983173077 0.5530271394230769 0.6524322259615385 0.5585217211538461 0.6493553149038462 0.5683181033653846 0.6372937091346155 0.5643421514423077 0.6176010697115385 0.5442800432692307 0.6091084254807693 0.5379902668269231 0.6082468052884615 0.5165724495192308 0.6081850336538461 0.5067760697115384 0.6202466442307693
1 0.5592257403846154 0.6982791129807692 0.5442606201923077 0.6847402932692308 0.5350247572115385 0.6844324951923078 0.5283373870192307 0.6816016153846154 0.5169506225961539 0.6857861682692307 0.5032500408653846 0.7088017403846153 0.4907422403846154 0.7377251033653847 0.4919350264423077 0.7436328942307693 0.4986223966346154 0.7464637740384615 0.5347706634615385 0.7437564326923076 0.5410604375 0.7446180504807691 0.5557908822115385 0.7418489374999999 0.5583393774038462 0.7393258509615385 0.5665453798076923 0.7193871899038461 0.5659131105769231 0.7011099951923078 0.5592257403846154 0.6982791129807692
1 0.5762505865384615 0.7523108485576924 0.5599297596153846 0.7472029086538462 0.5221911153846154 0.7420331947115385 0.5166965288461538 0.7451101033653846 0.5209071538461538 0.7811106706730769 0.5264734903846153 0.8086803629807692 0.5302147692307693 0.8120650673076923 0.5567295721153847 0.8070806682692309 0.5592780697115385 0.8045575817307692 0.5681163365384616 0.8028961129807691 0.5761594158653847 0.7972961177884615 0.5757618197115385 0.7953268533653847 0.585558201923077 0.7832652451923077 0.5873115024038461 0.7768036322115385 0.5837331466346154 0.7590802596153845 0.5762505865384615 0.7523108485576924
1 0.5780950649038462 0.70086396875 0.5655155168269231 0.6991407307692307 0.5629670216346153 0.7016638173076923 0.5649549975961539 0.7115101346153847 0.5604902764423076 0.7348335048076924 0.5553932860576923 0.7398796754807692 0.5524471971153846 0.7404334975961538 0.5532423870192308 0.7443720240384616 0.5565860721153846 0.74578746875 0.5754553966346154 0.7483723221153846 0.5813475745192307 0.7472646778846154 0.5940900480769231 0.7346492475961538 0.59799425 0.7236952836538462 0.5956086778846154 0.7118797019230769 0.5780950649038462 0.70086396875
1 0.6504243485576923 1 0.6683880360576923 0.9966230841346154 0.6768287115384616 0.9929923533653846 0.6895711802884615 0.980376923076923 0.6934753846153847 0.9694229591346153 0.6918850024038462 0.96154590625 0.6794683774038461 0.945484 0.6598038629807692 0.9389606153846154 0.6568577716346155 0.9395144399038462 0.6468267187500001 0.9352681153846153 0.6409345408653846 0.9363757620192307 0.6383860480769231 0.9388988461538462 0.6202207403846154 0.9852377860576923 0.6167141346153847 0.9981610144230769 0.6170854254807693 1 0.6504243485576923 1
2 0.039326334134615386 0.7090464110576923 0.08412656490384615 0.6962729230769231 0.08805580528846153 0.6597560024038462 0.04589179567307692 0.6734851634615384 0.035203689903846154 0.6742843221153846 0.005205939903846154 0.6564746322115386 0.00022651923076923077 0.6709481442307692 0.009050879807692307 0.7113528870192307 0.039326334134615386 0.7090464110576923
2 0.06999012019230769 0.6638777163461539 0.08942961298076924 0.6580485456730769 0.08693875 0.6488466009615385 0.04174230288461538 0.6583096971153846 0.02679244951923077 0.6451645456730769 0.015541420673076924 0.6342245120192308 0.007682163461538462 0.6526242644230769 0.034552781250000004 0.6746499206730768 0.06999012019230769 0.6638777163461539
2 0.09753895432692308 0.6086575769230769 0.03372942548076923 0.6204096153846154 0.016535778846153846 0.6122811899038462 0.01243653125 0.6277972475961539 0.030236603365384616 0.6568465384615384 0.09217476923076923 0.6394001225961539 0.09753895432692308 0.6086575769230769