2 0.394 0.7626666658653847 0.40399999999999997 0.7493333341346153 0.398 0.7066666658653846 0.384 0.6799999999999999 0.366 0.6773333341346154 0.358 0.6826666658653846 0.36200000000000004 0.7306666658653846 0.372 0.76 0.394 0.7626666658653847
2 0.40055 0.7153493341346154 0.40399999999999997 0.7386666658653845 0.43103400000000003 0.7298213341346155 0.446 0.7093333341346154 0.44136800000000004 0.6926106658653846 0.41088399999999997 0.6491973341346153 0.39331600000000005 0.676072 0.403134 0.686408 0.41243399999999997 0.70088 0.4145 0.7167279999999999 0.40055 0.7153493341346154
1 0.338 0.3893333341346154 0.352 0.35466666586538464 0.34600000000000003 0.3146666658653846 0.33399999999999996 0.2986666658653846 0.318 0.296 0.30464199999999997 0.30116 0.294 0.32 0.294 0.3706666658653846 0.30464199999999997 0.38464000000000004 0.32 0.3946666658653846 0.338 0.3893333341346154
1 0.402566 0.24601066586538461 0.43400000000000005 0.2186666658653846 0.432 0.19733333413461537 0.414 0.1813333341346154 0.39599999999999996 0.1813333341346154 0.372 0.2 0.372018 0.230296 0.37071 0.2477573341346154 0.374 0.2586666658653846 0.402566 0.24601066586538461
1 0.608 0.256 0.61 0.2586666658653846 0.62 0.264 0.624 0.2613333341346154 0.63 0.2613333341346154 0.6499999999999999 0.24800000000000003 0.654 0.2426666658653846 0.656 0.23466666586538462 0.656 0.2186666658653846 0.652 0.20800000000000002 0.644 0.19733333413461537 0.638 0.19466666586538464 0.622 0.19733333413461537 0.608 0.216 0.608 0.2426666658653846 0.606 0.2453333341346154 0.608 0.24800000000000003 0.608 0.256
1 0.5 0.2213333341346154 0.5 0.20800000000000002 0.494 0.2 0.484 0.2 0.47800000000000004 0.2106666658653846 0.476 0.2213333341346154 0.48000000000000004 0.22666666586538461 0.498 0.22666666586538461 0.5 0.2213333341346154
1 0.45799999999999996 0.2133333341346154 0.46599999999999997 0.2133333341346154 0.46799999999999997 0.2106666658653846 0.46599999999999997 0.20533333413461538 0.46599999999999997 0.19733333413461537 0.462 0.19466666586538464 0.454 0.19733333413461537 0.452 0.2026666658653846 0.452 0.2106666658653846 0.454 0.216 0.45799999999999996 0.2133333341346154
1 0.7837999999999999 0.18221333413461538 0.798 0.1813333341346154 0.8 0.17866666586538463 0.8 0.16533333413461537 0.79724 0.16279466586538463 0.79628 0.16087466586538463 0.79196 0.15938133413461536 0.7861999999999999 0.160448 0.7812399999999999 0.162368 0.7758 0.1694106658653846 0.77676 0.18072 0.77708 0.18264 0.7837999999999999 0.18221333413461538
1 0.9159999999999999 0.28533333413461537 0.92 0.2746666658653846 0.92 0.264 0.9179999999999999 0.2586666658653846 0.9159999999999999 0.256 0.904 0.256 0.8999999999999999 0.2586666658653846 0.8999999999999999 0.2666666658653846 0.91 0.2826666658653846 0.9159999999999999 0.28533333413461537
2 0.765572 0.42748 0.765572 0.434264 0.766034 0.43796533413461536 0.762564 0.44783466586538456 0.762334 0.4533866658653846 0.762334 0.45739733413461536 0.760946 0.46356533413461537 0.764646 0.4651066658653846 0.7741279999999999 0.4651066658653846 0.7775960000000001 0.463872 0.780834 0.46047999999999994 0.7810659999999999 0.45554666586538467 0.781528 0.4512266658653846 0.779446 0.4469093341346154 0.780602 0.44105066586538466 0.78176 0.4339546658653846 0.7831459999999999 0.42532000000000003 0.784766 0.4123653341346154 0.7810659999999999 0.4105146658653846 0.777134 0.41082399999999997 0.775284 0.41082399999999997 0.768346 0.41171199999999997 0.765572 0.41760800000000003 0.765802 0.42316 0.765572 0.42748
2 0.7831459999999999 0.42963733413461536 0.7831459999999999 0.4345733341346154 0.78199 0.437656 0.781528 0.44135733413461536 0.78176 0.4450586658653846 0.7824519999999999 0.449376 0.78199 0.45832 0.78199 0.463872 0.784302 0.463256 0.791704 0.4647973341346154 0.795404 0.4651066658653846 0.798178 0.4651066658653846 0.8007219999999999 0.4620213341346154 0.8023399999999999 0.457704 0.8014159999999999 0.45554666586538467 0.79864 0.4469093341346154 0.79841 0.4407413341346154 0.79841 0.4401253341346154 0.79864 0.4345733341346154 0.79841 0.42933066586538465 0.798178 0.42532000000000003 0.7997979999999999 0.42100266586538465 0.797948 0.4139093341346154 0.79656 0.4092826658653846 0.791934 0.4105146658653846 0.788696 0.41082399999999997 0.7854599999999999 0.41267466586538465 0.7838400000000001 0.422544 0.7838400000000001 0.42470399999999997 0.7831459999999999 0.42963733413461536
2 0.852986 0.3858613341346154 0.8569180000000001 0.3861706658653846 0.85761 0.38648 0.860618 0.38740533413461536 0.862698 0.3901813341346154 0.86293 0.3917226658653846 0.86848 0.3941893341346154 0.871256 0.3941893341346154 0.873336 0.3944986658653846 0.877962 0.39511466586538463 0.881198 0.39388 0.881198 0.3920293341346154 0.881198 0.38740533413461536 0.87958 0.38432 0.877962 0.3824693341346154 0.874262 0.3827786658653846 0.873336 0.3824693341346154 0.871948 0.3806186658653846 0.871024 0.37722666586538456 0.870792 0.3738346658653846 0.8703299999999999 0.371984 0.869404 0.366432 0.869636 0.36304000000000003 0.869636 0.36149600000000004 0.8705620000000001 0.35501866586538466 0.869404 0.3516266658653846 0.865936 0.3473093341346154 0.8608480000000001 0.3476186658653846 0.858074 0.35070133413461535 0.8527539999999999 0.3534773341346154 0.8511360000000001 0.35316800000000004 0.8541420000000001 0.36889866586538467 0.8520599999999999 0.3756853341346154 0.8518300000000001 0.378152 0.852986 0.3858613341346154
2 0.557268 0.7368693341346154 0.55555 0.7500346658653847 0.571006 0.7654906658653846 0.586892 0.7586213341346154 0.604494 0.7271386658653847 0.616086 0.6996613341346154 0.601488 0.686496 0.577446 0.6601626658653846 0.56242 0.655584 0.552974 0.70424 0.57444 0.7168346658653846 0.571006 0.7265653341346153 0.557268 0.7368693341346154
2 0.553404 0.7551866658653845 0.545676 0.6807706658653847 0.5109 0.6990879999999999 0.508324 0.7168346658653846 0.483424 0.7523253341346153 0.48943400000000004 0.7683546658653846 0.553404 0.7551866658653845
1 0.112198 0.2228666658653846 0.114632 0.2116906658653846 0.108954 0.1936666658653846 0.096788 0.18717866586538462 0.08840800000000001 0.1886213341346154 0.07921399999999999 0.1990746658653846 0.078134 0.21313333413461538 0.09029999999999999 0.221424 0.103818 0.22646933413461537 0.112198 0.2228666658653846
1 0.7214280000000001 0.17236266586538462 0.7144980000000001 0.16755733413461538 0.702298 0.17569066586538462 0.697862 0.185672 0.725032 0.19824 0.723646 0.1801253341346154 0.7214280000000001 0.17236266586538462