1 0.15148955048076923 0.2124652043269231 0.1491887548076923 0.21777290625 0.14730825 0.22973112740384616 0.14813555769230768 0.23744254567307693 0.17553210576923076 0.2530530360576923 0.18353164182692308 0.2543018076923077 0.18573275240384615 0.25014025 0.18613335336538464 0.24337420432692308 0.18621797596153847 0.24107816346153846 0.18624468990384616 0.23123898076923075 0.18533711778846154 0.22058242307692308 0.17993929326923078 0.2084060528846154 0.1740900985576923 0.2046595264423077 0.16209079567307694 0.20278637259615387 0.15148955048076923 0.2124652043269231
1 0.3741849831730769 0.19622730528846155 0.3614333966346154 0.2084038918269231 0.3503807836538462 0.22651257211538461 0.3474781610576923 0.2430600721153846 0.35287598798076925 0.25523643990384615 0.36642380288461535 0.26585163701923076 0.3852189903846154 0.29145314903846153 0.4024656610576923 0.308312625 0.41676576201923077 0.3048780769230769 0.42487180288461535 0.26647537259615384 0.42607545432692306 0.2439957860576923 0.42127945432692304 0.22057961778846155 0.4120323173076923 0.20496891346153845 0.40433369711538464 0.19810024519230768 0.3920132163461538 0.19401504086538462 0.38033508894230766 0.19435393509615384 0.3741849831730769 0.19622730528846155
1 0.6437022163461539 0.19598868990384616 0.6371790024038462 0.18061336298076924 0.6277814086538461 0.1678126057692308 0.6219322139423077 0.1640660793269231 0.605933141826923 0.1615685408653846 0.5956328125 0.1656274735576923 0.5870314519230769 0.17561849999999998 0.5824298581730769 0.18623390865384615 0.58107575 0.21152344471153844 0.5838718653846153 0.23462741826923078 0.5874202644230769 0.24368164903846154 0.5934199158653846 0.24461822596153848 0.59526934375 0.24774036778846156 0.6078504134615385 0.25366264903846153 0.6172680649038462 0.25117448557692307 0.6283331850961538 0.24947901923076923 0.6400190697115384 0.24055886298076923 0.6406208918269231 0.2293190673076923 0.64507203125 0.22151360576923076 0.6453729447115385 0.2158937091346154 0.6437022163461539 0.19598868990384616
1 0.7519686105769231 0.2212001201923077 0.7357751322115385 0.18467100240384615 0.7222273149038462 0.17405581009615384 0.7003790528846154 0.16781174278846153 0.6757786177884615 0.17530522836538462 0.65427521875 0.20028278846153846 0.6426207788461539 0.22963125961538464 0.6417180408653846 0.2464909519230769 0.6489652932692308 0.2617894639423077 0.6962102211538461 0.2833318293269231 0.7313053918269231 0.3058109855769231 0.7368807572115385 0.3055196201923077 0.7473044591346153 0.3083085264423077 0.7571768124999999 0.3048231370192308 0.7580221081730769 0.29370635336538464 0.7565076466346153 0.2870777067307692 0.7553956081730769 0.28204760096153847 0.7520898701923078 0.2783666105769231 0.75176175 0.26272582451923077 0.7519686105769231 0.2212001201923077
0 0.8619108413461538 0.5973108149038462 0.858080110576923 0.5879178317307692 0.8598308798076922 0.5777045913461538 0.8582075456730769 0.5721299879807693 0.8506593798076924 0.5624513725961539 0.84265984375 0.5612026009615385 0.8408104182692308 0.5580804615384616 0.8366601947115384 0.5602660240384615 0.8385096201923077 0.5633881658653845 0.8379077956730769 0.5746279591346154 0.8355895480769231 0.5854213076923077 0.829233125 0.5962699615384616 0.8202537043269231 0.6030398533653846 0.8199527932692308 0.60865975 0.8236516466346154 0.6149040336538462 0.8235011899038462 0.6177139831730769 0.835049125 0.628016983173077 0.8410487740384615 0.6289535600961538 0.857649670673077 0.6202113076923077 0.8676490913461539 0.6217722692307692 0.8682509134615385 0.6105324759615385 0.8619108413461538 0.5973108149038462
0 0.7244097379807692 0.5852446658653846 0.7262591682692308 0.5883668052884615 0.7402583533653846 0.5905521538461538 0.7488597139423077 0.5805611274038461 0.7491606274038461 0.574941233173077 0.7299140721153846 0.5577695649038461 0.7219145360576923 0.5565207932692308 0.7142159158653846 0.5496521274038462 0.7100656899038462 0.5518376899038462 0.7068621538461539 0.5740050841346154 0.7144103197115383 0.583683701923077 0.7244097379807692 0.5852446658653846
0 0.4812827067307692 0.4934559591346154 0.48928224278846155 0.4947047283653846 0.4955828076923077 0.4900214110576923 0.5015824567307692 0.4909579903846154 0.5078830216346154 0.48627467067307695 0.5101838197115385 0.4809669639423077 0.5107856442307692 0.4697271706730769 0.50893621875 0.4666050288461538 0.4992377115384615 0.45942416826923077 0.49553885576923073 0.45317988701923073 0.4869374951923077 0.4631709086538462 0.4795837355769231 0.4875238701923077 0.4812827067307692 0.4934559591346154
0 0.3821912572115385 0.46098664182692306 0.3858901105769231 0.4672309254807692 0.4097382596153846 0.47378718269230774 0.4104905408653846 0.4597374423076923 0.40539362980769234 0.4419411730769231 0.3998453485576923 0.4325747475961539 0.3790942259615384 0.4435025649038461 0.37664297355769233 0.45162021874999997 0.3803418293269231 0.45786450240384613 0.3801913725961539 0.46067444711538463 0.3821912572115385 0.46098664182692306
0 0.3626291514423077 0.4682380985576923 0.34396644711538465 0.46098959375 0.32326366105769233 0.49850824759615386 0.3510414879807692 0.5163005024038462 0.3680011923076923 0.50469865625 0.3626291514423077 0.4682380985576923
0 0.08879469471153846 0.4295655600961539 0.09020693990384615 0.41136302163461536 0.07358872115384615 0.4028781153846154 0.07033086298076924 0.4315964326923077 0.07663689182692307 0.43626430528846155 0.08879469471153846 0.4295655600961539
0 0.16823439182692307 0.43152814182692306 0.17304728605769232 0.4150833413461538 0.1578871105769231 0.4167288990384615 0.1528901923076923 0.4242196538461539 0.15686725240384616 0.43159540625 0.16823439182692307 0.43152814182692306