1 0.656733983173077 0.45910012499999997 0.6328835240384615 0.4641918341346154 0.6190062379807693 0.48602297115384613 0.6238352740384615 0.5034284927884616 0.6422264951923077 0.5170744879807693 0.6646732692307692 0.5161713822115385 0.6785505528846154 0.49434024278846156 0.6734104951923077 0.4729681466346154 0.656733983173077 0.45910012499999997
1 0.5454658052884616 0.29920988701923074 0.5520136298076923 0.2943551923076923 0.5657313317307693 0.2925789519230769 0.5672905288461538 0.2903736346153846 0.5758640913461538 0.28926348557692305 0.5789824903846154 0.28485285096153845 0.5806972043269231 0.28463082211538465 0.5797641298076923 0.2727310985576923 0.5760236802884615 0.2692085865384616 0.5738424302884615 0.26348075480769234 0.5682317572115385 0.2581969855769231 0.5610618822115385 0.2551185336538462 0.5490588966346154 0.2566727451923077 0.5474996971153846 0.2588780600961539 0.5423555576923077 0.2595441490384615 0.5375224447115385 0.26417681490384615 0.5334668990384616 0.27872591346153847 0.5340889471153847 0.2866590625 0.5312815697115385 0.29503626923076925 0.5315925961538461 0.29900284134615385 0.5334628197115385 0.3007640985576923 0.5454658052884616 0.29920988701923074
1 0.657834798076923 0.40686857692307693 0.6650046730769231 0.4099470288461538 0.6735782355769231 0.40883687980769234 0.6799705480769231 0.40199889903846153 0.6915069975961539 0.3944948269230769 0.6925996610576923 0.3863396490384616 0.6972772596153847 0.3797236971153846 0.698525435096154 0.37355180769230767 0.6977478701923077 0.363635375 0.6916706610576924 0.3524017427884615 0.6809158485576923 0.3477840625 0.6723422884615384 0.3488942139423077 0.660650329326923 0.35441499759615386 0.6526988149038462 0.3634582980769231 0.6509841033653847 0.36368032692307695 0.6511396153846154 0.3656636129807692 0.6464620168269231 0.37227956490384617 0.6442766899038461 0.3885899206730769 0.6484836778846154 0.3980622932692308 0.657834798076923 0.40686857692307693
0 0.615429454326923 0.440407375 0.6048301538461538 0.43777298076923077 0.5945418798076922 0.43910516586538456 0.5929826802884615 0.4413104807692308 0.5878344663461539 0.4640147548076923 0.5954708798076923 0.4730430697115385 0.6056036394230769 0.4697276009615384 0.6074738629807692 0.4714888581730769 0.623221375 0.45141897596153846 0.6227548365384615 0.4454691153846154 0.615429454326923 0.440407375
0 0.5657027956730769 0.4468462475961538 0.5688211971153846 0.44243561538461534 0.5770837331730769 0.4373588894230769 0.5769282211538461 0.4353756057692308 0.5800466177884616 0.43096496875 0.5817613341346154 0.43074293990384616 0.5814503076923077 0.4267763653846154 0.577709858173077 0.42325385336538457 0.5674215841346154 0.4245860336538462 0.5658623822115385 0.4267913509615384 0.5521446850961539 0.42856759134615385 0.5502744615384615 0.4268063365384615 0.5451303245192307 0.42747242548076925 0.540141701923077 0.4301218028846154 0.5474670841346154 0.43518354326923075 0.5527667355769231 0.4365007403846154 0.5565071826923077 0.44002325480769233 0.5536998100961539 0.4484004615384615 0.5540108341346154 0.4523670336538462 0.5574402572115384 0.4519229735576923 0.5657027956730769 0.4468462475961538
0 0.5309583173076923 0.35718425000000004 0.5306472908653845 0.3532176778846154 0.5194259447115385 0.34265013461538457 0.5142818100961539 0.34331622596153843 0.5032118942307693 0.35677015865384615 0.5002490072115384 0.3631640793269231 0.5022747475961539 0.366908625 0.5010265697115385 0.37308051201923076 0.504767016826923 0.37660302644230764 0.5081964447115385 0.37615896875000004 0.5197328942307693 0.36865489663461537 0.5309583173076923 0.35718425000000004
0 0.5378049399038461 0.42241068509615387 0.539208625 0.41822208173076925 0.5335979519230769 0.4129383125 0.5334424375 0.4109550264423077 0.5233096778846154 0.4142704927884615 0.5086548293269231 0.42618519711538466 0.5035066153846154 0.4488894735576923 0.510832 0.4539512139423077 0.5228349879807692 0.4523970024038461 0.5368677860576923 0.4325491514423077 0.5382714735576923 0.42836054567307696 0.5378049399038461 0.42241068509615387
0 0.6360019254807692 0.4597811971153846 0.626961826923077 0.4549414903846154 0.6183882620192308 0.4560516394230769 0.6118404399038462 0.46090633413461535 0.6071628413461538 0.4675222836538462 0.6076293774038461 0.4734721466346154 0.6152657884615385 0.48250045913461537 0.6188507235576922 0.48403968750000004 0.6328835240384615 0.4641918341346154 0.6327280144230769 0.462208548076923 0.6360019254807692 0.4597811971153846
2 0.8350681418269231 0.4139708052884616 0.8380310264423076 0.4075768846153846 0.8356942668269232 0.39986576682692304 0.8319538173076922 0.39634325240384616 0.8194842956730769 0.39194760576923077 0.8006224591346154 0.39438993509615383 0.8012445096153846 0.40232308413461537 0.8066996706730769 0.40562356730769233 0.8118438076923076 0.40495747596153847 0.8154287451923078 0.40649670192307696 0.8264945793269232 0.41508095432692305 0.8266500913461539 0.41706424278846155 0.8317942307692309 0.41639815384615386 0.8350681418269231 0.4139708052884616
2 0.8310329711538462 0.31832897836538465 0.8430359567307693 0.31677476682692307 0.8458433365384616 0.3083975600961538 0.8452212836538462 0.3004644110576923 0.8391440745192308 0.28923078125 0.8277672115384616 0.27667995432692305 0.822623076923077 0.27734604326923074 0.8210638774038461 0.2795513605769231 0.8285447764423076 0.2865963870192308 0.8288557980769231 0.2905629615384615 0.8307260264423076 0.29232421875000003 0.8311925600961538 0.29827407932692307 0.8268259855769231 0.3088566033653847 0.8291627475961539 0.3165677211538461 0.8310329711538462 0.31832897836538465
2 0.8113894975961539 0.3328930600961538 0.8021898125 0.34810824759615383 0.8026563485576923 0.3540581081730769 0.8062412860576923 0.3555973341346154 0.8131001322115385 0.3547092163461538 0.8176222235576923 0.3461099783653846 0.8160670985576922 0.3262771081730769 0.8113894975961539 0.3328930600961538
2 0.7732074423076922 0.28775149278846157 0.7671261538461539 0.2985560456730769 0.7638522427884615 0.30098339423076925 0.7646298052884616 0.31089982692307694 0.76650003125 0.3126610841346154 0.7750735913461538 0.3115509326923077 0.7866100408653847 0.3040468629807692 0.7861435024038462 0.298097 0.7767923798076922 0.28929071875 0.7732074423076922 0.28775149278846157