1 0.138 0.28125 0.146 0.28125 0.14796199999999998 0.2767329543269231 0.148 0.26988636298076923 0.14796199999999998 0.2675710216346154 0.14746599999999999 0.2577017043269231 0.146 0.24715909134615383 0.14 0.23579545432692306 0.134 0.23295454567307694 0.12200000000000001 0.23295454567307694 0.112 0.2443181826923077 0.11 0.25 0.10877 0.2622840913461538 0.11 0.26988636298076923 0.138 0.28125
1 0.348 0.2869318173076923 0.366 0.30113636298076923 0.38 0.29545454567307694 0.386 0.2556818173076923 0.386 0.23295454567307694 0.38 0.21022727163461538 0.37 0.19602272836538462 0.36200000000000004 0.19034090865384617 0.349564 0.18817329567307692 0.338 0.19034090865384617 0.33199999999999996 0.1931818173076923 0.32 0.20738636298076923 0.31 0.22727272836538462 0.30799999999999994 0.2443181826923077 0.314 0.2556818173076923 0.328 0.26420454567307694 0.348 0.2869318173076923
1 0.546 0.20738636298076923 0.552 0.20738636298076923 0.554 0.21022727163461538 0.566792 0.2141960216346154 0.5760000000000001 0.21022727163461538 0.586884 0.2067954543269231 0.598 0.19602272836538462 0.598 0.18465909134615383 0.602 0.17613636298076923 0.602 0.17045454567307694 0.599286 0.1507585216346154 0.592 0.13636363701923077 0.582 0.125 0.5760000000000001 0.12215909134615385 0.56 0.12215909134615385 0.55 0.12784090865384615 0.542 0.1392045456730769 0.538 0.1505681826923077 0.538 0.17613636298076923 0.542 0.19886363701923077 0.546 0.20738636298076923
1 0.656 0.23011363701923077 0.6920000000000001 0.24715909134615383 0.697514 0.2459943173076923 0.7080000000000001 0.24715909134615383 0.717606 0.24211931730769232 0.7178540000000001 0.23084090865384616 0.716 0.2244318173076923 0.7146300000000001 0.2195625 0.711156 0.21638920432692307 0.7100000000000001 0.20075852163461538 0.7080000000000001 0.15909090865384617 0.6900000000000001 0.125 0.676 0.1164772716346154 0.654 0.11363636298076923 0.63 0.125 0.61 0.15340909134615385 0.6 0.18465909134615383 0.6 0.20170454567307694 0.608 0.21590909134615383 0.656 0.23011363701923077
0 0.804546 0.5230568173076923 0.796 0.53125 0.796 0.5369318173076923 0.8 0.5426136370192307 0.8 0.5454545456730769 0.8119999999999999 0.5539772716346154 0.8180000000000001 0.5539772716346154 0.8340000000000001 0.5426136370192307 0.844 0.5426136370192307 0.844 0.53125 0.83701 0.5189857956730769 0.832712 0.5101676129807692 0.833906 0.49965340865384616 0.8320000000000001 0.49431818269230765 0.824 0.4857954543269231 0.8160000000000001 0.4857954543269231 0.8140000000000001 0.4829545456730769 0.8099999999999999 0.4857954543269231 0.8119999999999999 0.48863636298076923 0.8119999999999999 0.5 0.8102739999999999 0.5111846586538461 0.804546 0.5230568173076923
0 0.702 0.53125 0.716 0.53125 0.7240000000000001 0.5198863629807693 0.7240000000000001 0.5142045456730769 0.704 0.5 0.696 0.5 0.6880000000000001 0.49431818269230765 0.6839999999999999 0.4971590913461539 0.6819999999999999 0.5198863629807693 0.6900000000000001 0.5284090913461539 0.7 0.5284090913461539 0.702 0.53125
0 0.46799999999999997 0.46875 0.474 0.46875 0.48000000000000004 0.46306818269230765 0.482 0.45738636298076923 0.482 0.44602272836538465 0.48000000000000004 0.44318181730769235 0.47000000000000003 0.4375 0.46599999999999997 0.43181818269230765 0.45799999999999996 0.44318181730769235 0.452 0.46875 0.454 0.47443181730769235 0.462 0.47443181730769235 0.46799999999999997 0.46875
0 0.35400000000000004 0.45738636298076923 0.358 0.46306818269230765 0.382 0.4659090913461539 0.382 0.4517045456730769 0.376 0.4346590913461539 0.37 0.42613636298076923 0.35 0.4403409086538461 0.348 0.44886363701923077 0.352 0.4545454543269231 0.352 0.45738636298076923 0.35400000000000004 0.45738636298076923
0 0.334984 0.46771875 0.31609 0.4633721586538462 0.29755 0.5042301129807693 0.32604399999999994 0.5177215913461539 0.342248 0.5034346586538462 0.334984 0.46771875
0 0.06135 0.4718039783653846 0.061784 0.4533323870192308 0.044852 0.4474261370192308 0.043146000000000004 0.4767301129807692 0.049648 0.4804232956730769 0.06135 0.4718039783653846
0 0.14024 0.46133806730769233 0.14414 0.4440965913461538 0.129192 0.4481193173076923 0.124634 0.45641193269230773 0.12897 0.46318465865384617 0.14024 0.46133806730769233