1 0.2533235048076923 0.8067013822115385 0.19601017548076924 0.8775531057692307 0.23362563942307693 0.9265180841346154 0.3526337235576923 0.937251889423077 0.3832789663461539 0.9299335408653846 0.4310332764423077 0.8989524086538462 0.44501452163461536 0.8431472427884615 0.4214711682692308 0.8045256129807693 0.3495028173076923 0.7708121177884616 0.32694354807692305 0.7883371971153846 0.2533235048076923 0.8067013822115385
1 0.4406361899038461 0.8250073822115385 0.47092414182692305 0.8216897524038462 0.5135855408653847 0.7805701995192307 0.5106363653846153 0.7464274543269231 0.4738702355769231 0.7215351105769231 0.4094519230769231 0.7040294278846153 0.367103923076923 0.7752226947115385 0.41039212500000005 0.7942505745192308 0.4406361899038461 0.8250073822115385
1 0.4838743245192308 0.6095149254807692 0.5118837884615385 0.5981275432692308 0.5170205913461539 0.5741915264423076 0.49749827884615383 0.5577104807692308 0.4554167019230769 0.5587545120192308 0.4168202379807692 0.5879402115384615 0.4389783269230769 0.6084902884615384 0.4838743245192308 0.6095149254807692
1 0.4587670576923077 0.5548221009615385 0.5129995456730769 0.5520509447115385 0.5417235889423077 0.5326621225961539 0.5384171225961538 0.5025200961538462 0.5157231009615384 0.48797109855769233 0.48034223557692307 0.48115031009615383 0.4459893509615384 0.49640179326923073 0.42727248076923074 0.5380678173076923 0.4587670576923077 0.5548221009615385
1 0.37170170432692307 0.6229903725961539 0.33842068509615386 0.6262396923076923 0.3427990144230769 0.6443795528846153 0.3729083269230769 0.6430622836538462 0.38014497115384616 0.6291963798076924 0.37170170432692307 0.6229903725961539
0 0.28034579807692306 0.6048699038461538 0.3164412403846154 0.6036892524038462 0.33444353125000004 0.5700246730769231 0.2800323966346154 0.5747961899038462 0.28034579807692306 0.6048699038461538
0 0.13556901923076922 0.9162624423076923 0.09411424278846153 0.9774539062500001 0.18390623798076922 0.9795031802884615 0.18533539423076922 0.9635002980769231 0.16532103846153845 0.9189458942307692 0.13556901923076922 0.9162624423076923
0 0.2384428653846154 0.6039135769230769 0.2447423966346154 0.6341239134615384 0.2732877956730769 0.6167354495192308 0.2681948870192308 0.60659703125 0.2384428653846154 0.6039135769230769
1 0.8086832500000001 0.36436872836538464 0.8123908942307693 0.35643559375 0.8067620528846154 0.3522982548076923 0.7888036514423077 0.35188839903846153 0.7794671610576922 0.3556841947115385 0.7901889158653846 0.3699599543269231 0.7991681177884615 0.3701648798076923 0.8086832500000001 0.36436872836538464
1 0.8275716802884615 0.24008169711538463 0.8316834519230769 0.22705248317307694 0.8258376754807693 0.22101199278846154 0.8152980673076923 0.23455196153846153 0.7933267379807692 0.2386426875 0.8138514639423077 0.2397685673076923 0.8275716802884615 0.24008169711538463
0 0.6783764567307693 0.3875968149038461 0.6994999326923076 0.3929997980769231 0.7018466754807692 0.38321156971153847 0.6849304278846154 0.38019968509615387 0.6783764567307693 0.3875968149038461
0 0.6994618028846153 0.3549406706730769 0.702956579326923 0.3487866298076923 0.6903319302884616 0.3471876033653846 0.6813005072115386 0.35485491346153847 0.6994618028846153 0.3549406706730769
2 0.6053270408653846 0.3642757091346154 0.5966003149038461 0.35751601923076926 0.591555798076923 0.3810231875 0.6066901875 0.38202404326923073 0.6125548749999999 0.37132991826923073 0.6053270408653846 0.3642757091346154
2 0.6328643966346154 0.19889064663461536 0.6171837211538461 0.19853277644230768 0.6120776177884616 0.22269599278846153 0.6188823004807692 0.2235067451923077 0.62419753125 0.21345753365384615 0.6299973173076924 0.2089977331730769 0.6328643966346154 0.19889064663461536
0 0.736614391826923 0.26884610576923074 0.7506917716346154 0.25965232211538464 0.74631228125 0.2592236418269231 0.7328522163461538 0.25596391346153846 0.7260151033653847 0.2610574975961538 0.736614391826923 0.26884610576923074
2 0.6161233990384616 0.19391640865384613 0.6304221947115385 0.19325856490384613 0.6276354399038462 0.18597698317307693 0.6201737596153846 0.18154124759615384 0.6161233990384616 0.19391640865384613