1 0.563543795673077 0.6860254495192308 0.5653099663461538 0.6977371322115384 0.5760228966346154 0.7074618173076923 0.5879519014423077 0.7048124927884616 0.5960155721153846 0.6969696538461538 0.5981147355769231 0.6904514807692308 0.5942493966346154 0.68525796875 0.5876961706730769 0.6826787403846153 0.5814373052884615 0.6820514567307693 0.5724905504807692 0.6840384543269231 0.5692139350961539 0.6827488389423078 0.563543795673077 0.6860254495192308
1 0.679571923076923 0.4948361754807692 0.6676429158653847 0.49748550240384615 0.6643663028846153 0.49619588701923073 0.6434905408653846 0.5008322115384616 0.6408026514423076 0.5034464927884615 0.6258913894230769 0.5067581538461539 0.6237922259615385 0.5132763245192308 0.6630729663461538 0.5489335096153846 0.6642504134615385 0.5567412980769231 0.6761794206730769 0.5540919711538461 0.6848318149038461 0.5501530288461539 0.7012535120192307 0.5364192980769231 0.7036470384615385 0.5318530721153846 0.7024695889423077 0.5240452836538462 0.7051574807692307 0.5214310048076923 0.704274391826923 0.5155751634615384 0.6923840168269231 0.49804268990384615 0.679571923076923 0.4948361754807692
1 0.5175846562499999 0.4017034951923077 0.4907443870192308 0.4076644831730769 0.48507424759615386 0.4109410961538461 0.4862516947115385 0.41874888221153844 0.4933936490384615 0.4252320072115384 0.5294364038461539 0.43941777403846155 0.5413654086538462 0.4367684471153846 0.5467411875 0.43153988701923074 0.5488403533653846 0.4250217139423077 0.5542161322115384 0.41979315384615384 0.5557265721153846 0.40937108653846155 0.5450136442307693 0.39964639903846155 0.5351838028846154 0.39577755528846154 0.5202725432692308 0.39908921394230773 0.5175846562499999 0.4017034951923077
1 0.6028925072115384 0.37468807692307693 0.6002046153846154 0.3773023557692308 0.6064634831730769 0.3779296394230769 0.6061691201923077 0.37597769230769235 0.6115448990384615 0.3707491322115385 0.6157432307692308 0.3577127860576923 0.6047359375 0.3460361538461539 0.5949060961538462 0.3421673076923077 0.5683601923076923 0.3500802403846154 0.5659666682692308 0.35464646875 0.5781900336538461 0.3539490865384615 0.6028925072115384 0.37468807692307693
1 0.50127884375 0.3548918125 0.5102256009615385 0.3529048149038462 0.5156013774038462 0.34767625721153844 0.5138352043269231 0.3359645721153846 0.5072819759615385 0.33338534374999995 0.49535296875 0.3360346730769231 0.4929594447115385 0.3406008990384616 0.4962360576923077 0.3418905144230769 0.49741350721153843 0.34969830288461534 0.50127884375 0.3548918125
1 0.4876222932692308 0.32564765384615385 0.49568596153846156 0.31780481490384616 0.4942141514423077 0.30804507932692304 0.4909375360576923 0.3067554639423077 0.4846786730769231 0.30612818028846156 0.46380290625000004 0.3107645048076923 0.4643916298076923 0.3146684014423077 0.47569328365384617 0.3282969831730769 0.4876222932692308 0.32564765384615385
1 0.48589475 0.2937541682692308 0.4882882764423077 0.28918793990384617 0.4874051899038462 0.2833320985576923 0.4841285745192308 0.2820424855769231 0.46921731490384616 0.2853541442307692 0.4665294278846154 0.2879684230769231 0.46711815144230767 0.2918723173076923 0.47694799278846156 0.29574116346153845 0.48589475 0.2937541682692308
1 0.49831126201923076 0.19214776682692308 0.5045701298076923 0.19277505048076923 0.5194813870192307 0.18946338942307694 0.5248571658653846 0.1842348293269231 0.5272506947115384 0.17966860576923077 0.5257788822115385 0.1699088701923077 0.5129667884615384 0.16670235576923076 0.5040200336538462 0.16868935096153845 0.5013321442307692 0.17130363221153846 0.4974281778846154 0.18629192548076923 0.49831126201923076 0.19214776682692308
1 0.5180868341346154 0.13934004807692307 0.5207360961538462 0.1569075721153846 0.518048204326923 0.15952185096153848 0.5189312932692307 0.16537769230769234 0.5254845192307692 0.1679569230769231 0.54039578125 0.16464526201923077 0.5517360649038461 0.15809203846153846 0.5565231177884615 0.14895958653846153 0.5556400288461538 0.14310374519230767 0.5583279206730769 0.14048946634615384 0.5511859663461538 0.13400634134615383 0.5324093701923076 0.13212449278846153 0.5207747259615385 0.13672576682692308 0.5180868341346154 0.13934004807692307
1 0.5076655384615385 0.3161448485576923 0.5096812067307692 0.31042188701923074 0.5050163557692308 0.3043004495192308 0.4966714471153846 0.3042696033653846 0.48776644471153846 0.30624732692307693 0.4944205408653846 0.31795674519230765 0.4979976995192308 0.32450937740384617 0.5076655384615385 0.3161448485576923
1 0.4796855144230769 0.2812136586538462 0.47685303605769236 0.27775966586538464 0.4722928581730769 0.27613378365384617 0.46753563221153843 0.2770027115384615 0.46221532451923075 0.279880875 0.4623476682692308 0.2845599110576923 0.4684073725961539 0.2866052259615385 0.4791827620192307 0.28176307451923077 0.4796855144230769 0.2812136586538462
1 0.46019212259615383 0.29125602884615387 0.45811746875 0.28512216346153846 0.44999999038461536 0.28089722596153843 0.4422404326923077 0.2809260048076923 0.42900930528846154 0.2885729519230769 0.4440545865384615 0.2929558533653846 0.45283685817307695 0.2977876274038462 0.46019212259615383 0.29125602884615387
1 0.4488076033653846 0.27871301442307694 0.4537512860576923 0.2695155168269231 0.4501112692307692 0.26636796153846154 0.4409337451923077 0.26463785096153847 0.4359259759615384 0.26386585336538465 0.4293783725961538 0.27003046634615385 0.4349107524038462 0.27238050480769227 0.44575022836538464 0.27750785096153846 0.4488076033653846 0.27871301442307694
1 0.4579703509615385 0.24408820192307695 0.45369023317307694 0.24051796153846153 0.44876786778846156 0.24029184615384616 0.44275539663461544 0.2423816418269231 0.4451071033653846 0.24845195673076922 0.45529260336538463 0.24732156490384616 0.4579703509615385 0.24408820192307695
1 0.4293255288461539 0.2602581899038462 0.4230953774038462 0.26253956009615387 0.43054066826923076 0.26285896875000003 0.4330499975961538 0.2667861754807692 0.4400989014423077 0.26519243509615387 0.4349166129807692 0.25919600240384616 0.4293255288461539 0.2602581899038462
1 0.4437810456730769 0.24897845673076924 0.4390124254807692 0.2500375240384615 0.44327708413461536 0.2556103677884615 0.4493339831730769 0.2549187956730769 0.4508561225961539 0.24866191826923079 0.4437810456730769 0.24897845673076924
3 0.3887830625 0.5695044519230769 0.36698558173076923 0.5884667403846154 0.3630429879807692 0.6236368365384616 0.39635921875 0.6606186875 0.5910886706730769 0.6234229447115385 0.6131805144230769 0.6064126033653846 0.6222045264423077 0.564062 0.5725052211538462 0.5206320769230769 0.5310094302884616 0.5520384759615384 0.4814886009615385 0.5711059086538461 0.45196044230769233 0.5796811778846154 0.3887830625 0.5695044519230769
2 0.15911104807692308 0.6406858245192308 0.14537723798076924 0.6518052740384616 0.12836681249999998 0.6616351081730769 0.1259732860576923 0.6662013341346154 0.13068308173076923 0.6974324879807692 0.1369419471153846 0.6980597716346153 0.13962983653846153 0.6954454927884615 0.14857659134615384 0.6934584951923076 0.21124250721153848 0.6593677211538461 0.21930617788461537 0.6515248822115385 0.2181287283653846 0.6437170937500001 0.21186986057692309 0.6430898100961537 0.19519242788461538 0.6346897884615385 0.18746175480769228 0.6243027692307692 0.15911104807692308 0.6406858245192308
2 0.21591367548076923 0.7107806778846153 0.15295339423076923 0.7429195096153846 0.14757761778846154 0.7481480673076923 0.1487550673076923 0.7559558533653846 0.15203168028846153 0.75724546875 0.15736883173076924 0.7721987163461539 0.1606454423076923 0.7734883317307693 0.16959219951923077 0.7715013341346153 0.17228009134615385 0.7688870552884615 0.18420909615384615 0.7662377259615384 0.20121951923076922 0.7564078942307693 0.21016627403846153 0.7544208966346153 0.22957022836538463 0.7400248365384615 0.2286871418269231 0.7341689951923077 0.2221339110576923 0.7315897644230769 0.21919028846153846 0.7120702932692308 0.21591367548076923 0.7107806778846153
2 0.2674710865384615 0.5621523004807693 0.23466631490384618 0.5694379543269231 0.2319784278846154 0.5720522331730769 0.22004942067307692 0.5747015600961538 0.22210995673076922 0.5883651923076922 0.22568093028846153 0.5916067548076923 0.23492204807692307 0.5915717067307692 0.23760993749999998 0.5889574254807692 0.2584856995192308 0.5843211009615384 0.2611735889423077 0.5817068221153846 0.27012034615384617 0.5797198245192308 0.275496125 0.5744912668269231 0.27788965384615383 0.5699250408653846 0.2770065649038461 0.5640691995192307 0.27402431490384616 0.56473153125 0.2674710865384615 0.5621523004807693
2 0.22348055048076926 0.49526396153846153 0.2139064423076923 0.5135288677884615 0.2144951658653846 0.5174327620192307 0.22075403365384616 0.518060045673077 0.2622111947115385 0.5068354471153846 0.2705692235576923 0.5009445576923077 0.2664095240384615 0.49379910096153845 0.2631329110576923 0.49250948798076927 0.2607780144230769 0.4768939086538462 0.2428845 0.4808679014423077 0.2342321081730769 0.4848068461538461 0.22348055048076926 0.49526396153846153
0 0.4561663846153846 0.7545405865384616 0.4496999951923077 0.757053966346154 0.4478854831730769 0.7649896370192307 0.4542960384615385 0.7639249903846154 0.4658595528846154 0.7609775769230769 0.46009306250000004 0.7515160216346154 0.4561663846153846 0.7545405865384616
0 0.48543721874999995 0.681677951923077 0.4810871802884616 0.6855126899038461 0.4809976850961538 0.6903761586538462 0.48775494230769234 0.6897711201923078 0.4877287451923077 0.6895973966346154 0.4912375889423077 0.6820035985576923 0.48543721874999995 0.681677951923077
2 0.39605755048076924 0.7232226802884616 0.38782878125 0.7246568413461538 0.3865642283653846 0.7217079519230769 0.3798107019230769 0.7205187620192308 0.3731047908653846 0.723262860576923 0.3782578798076923 0.7301897115384615 0.38347128125 0.7320800360576923 0.39810167307692307 0.7273964375 0.39605755048076924 0.7232226802884616
0 0.3796518197115385 0.49188853125 0.3851074278846154 0.49354552163461535 0.40273090625 0.4909488100961538 0.40587885817307695 0.4769151778846154 0.4011970480769231 0.4731133942307692 0.39521701923076924 0.4697774543269231 0.3887027163461539 0.46835559375 0.3833471225961539 0.4709793413461538 0.37742702884615387 0.4771357139423077 0.3761473870192308 0.4831612115384616 0.3796518197115385 0.49188853125
0 0.5001218966346154 0.5148521081730769 0.5115058557692308 0.5057271875 0.5098805264423076 0.5060881586538462 0.4950022331730769 0.49202133413461535 0.4821702163461538 0.4937717716346154 0.4724200072115385 0.4981360889423077 0.4688709326923077 0.5035419567307693 0.47028269471153844 0.5129034975961538 0.47514183653846154 0.5206198509615384 0.4864055024038461 0.5218563870192308 0.5001218966346154 0.5148521081730769
0 0.4763314230769231 0.3985840192307692 0.46597158894230767 0.39890585336538464 0.4546323509615385 0.40164408894230774 0.45663006730769234 0.41043571394230766 0.4637895600961538 0.42005994951923076 0.47714459375 0.41511491826923075 0.48153940624999997 0.4062632427884615 0.4763314230769231 0.3985840192307692
0 0.4407107956730769 0.34934632211538463 0.43820146875 0.34541911057692304 0.4304937403846154 0.34515799038461537 0.42277808894230773 0.35028084375 0.42208184375 0.35473842307692305 0.42972627403846153 0.36003673557692306 0.4362225961538462 0.35590285096153845 0.4407107956730769 0.34934632211538463
0 0.45258404326923074 0.3629024230769231 0.4627653341346154 0.36848863221153844 0.4710955 0.36578524759615383 0.4660397451923077 0.3631417451923077 0.47568819951923075 0.35992165625 0.4774685913461539 0.3571962403846154 0.4663692163461538 0.35625204086538464 0.4586839519230769 0.35795887019230765 0.45258404326923074 0.3629024230769231
2 0.34188443509615385 0.39491763701923077 0.30836843269230774 0.4009410552884616 0.31098785576923077 0.41213844951923073 0.33761912740384614 0.40681495432692305 0.33955466105769233 0.4062015096153846 0.34188443509615385 0.39491763701923077
2 0.31605606009615383 0.3593754423076923 0.34251462259615384 0.3536424567307692 0.3431800528846154 0.33974258413461544 0.31443096153846156 0.3465350048076923 0.31605606009615383 0.3593754423076923
2 0.38163839903846153 0.7612924495192307 0.38695437740384614 0.7574045697115385 0.37719151201923073 0.7415944399038461 0.3655732860576923 0.7408885288461539 0.3543228557692307 0.7406799038461538 0.3406134423076923 0.7437246442307692 0.33951384615384617 0.7520885793269231 0.35181340384615384 0.7553504182692308 0.36890725240384614 0.7590927596153846 0.38163839903846153 0.7612924495192307