1 0.8064706009615384 0.5055120384615385 0.7937273125 0.4995711995192308 0.7770326610576923 0.5148245985576924 0.7711558846153845 0.5355400625 0.8072824927884615 0.5389791009615384 0.812424673076923 0.5208530697115384 0.8064706009615384 0.5055120384615385
1 0.5535070480769231 0.44538229807692303 0.5888990576923077 0.45141076682692305 0.5888217644230769 0.41535427163461536 0.5799293004807692 0.4103709783653846 0.5627784302884615 0.4199667355769231 0.5535070480769231 0.44538229807692303
1 0.6549971177884615 0.487251375 0.6538063028846154 0.48418316826923075 0.6422538317307692 0.48131053365384613 0.6359208365384615 0.49636836298076925 0.6371116490384616 0.4994365697115385 0.6467387091346153 0.5018304302884615 0.6498549375 0.5053774086538462 0.6525149471153846 0.5032667475961539 0.6554533365384615 0.49290901442307694 0.6549971177884615 0.487251375
1 0.6328046081730769 0.49282138461538466 0.6354646201923076 0.4907107235576923 0.6384030072115384 0.4803529903846154 0.6367559759615384 0.47162714423076924 0.63363975 0.46808016826923077 0.6259381009615385 0.4661650793269231 0.6186926706730769 0.4699076298076923 0.6152980649038462 0.47460772115384614 0.6108904831730769 0.49014431971153843 0.6224429519230769 0.4930169543269231 0.6251029639423076 0.49090629326923074 0.6328046081730769 0.49282138461538466
1 0.6059493870192308 0.4639667884615385 0.6025547788461538 0.4686668822115384 0.5988817932692307 0.4816140504807693 0.6085088509615384 0.48400791105769236 0.6111688605769231 0.48189725 0.61410725 0.4715395168269231 0.6167672596153846 0.4694288557692308 0.61246021875 0.46281367307692306 0.6059493870192308 0.4639667884615385
1 0.3917724495192308 0.4051654206730769 0.38599621394230765 0.40372910336538465 0.38067619711538464 0.40795042548076926 0.37728159134615386 0.4126505216346154 0.37434320192307696 0.42300825240384615 0.37553401442307693 0.4260764615384615 0.3890118990384615 0.42942786538461536 0.39167190865384616 0.4273172043269231 0.39534489182692306 0.41437004086538465 0.3917724495192308 0.4051654206730769
1 0.3320846802884615 0.3903234807692308 0.32970305288461543 0.3841870673076923 0.32585222836538463 0.38322952403846156 0.3212668100961539 0.38486141105769234 0.3178722019230769 0.3895615072115385 0.31374299759615387 0.39685103365384616 0.3127300216346154 0.4076875384615385 0.3151116514423077 0.4138239495192308 0.32088788461538464 0.4152602668269231 0.3269425 0.40844951201923074 0.3320846802884615 0.3903234807692308
1 0.17795118990384615 0.37417347355769226 0.16997116346153845 0.3805054567307692 0.16776737259615387 0.38827375480769233 0.17399982451923077 0.39536771153846156 0.18555229567307693 0.3982403485576923 0.18849068509615385 0.38788261298076926 0.18803446875000002 0.3822249759615385 0.1856528365384615 0.3760885625 0.17795118990384615 0.37417347355769226
2 0.741957391826923 0.8637034254807693 0.7426919903846153 0.8611139927884615 0.7407665793269231 0.8606352211538462 0.7371941322115384 0.8514306033653847 0.7314178990384614 0.8499942860576923 0.7111508028846154 0.8560430673076923 0.7096816081730769 0.8612219350961539 0.7110502620192308 0.8781948509615384 0.7141664879807692 0.881741829326923 0.7218681370192308 0.8836569182692308 0.741957391826923 0.8637034254807693
2 0.6840171995192308 0.835435548076923 0.6820917860576923 0.8349567740384616 0.6761377139423076 0.8196157451923077 0.6730214879807692 0.8160687668269231 0.6595436033653846 0.812717360576923 0.65688359375 0.8148280216346154 0.6554144014423078 0.8200068894230769 0.6577960288461538 0.8261432980769231 0.6702609350961539 0.8403312139423077 0.6818134086538462 0.8432038461538462 0.6840171995192308 0.835435548076923
2 0.5563059591346154 0.7842742211538462 0.5594221850961538 0.7878212019230768 0.5690492475961538 0.7902150625 0.5719876346153846 0.779857326923077 0.5696060048076923 0.7737209182692308 0.5561281225961539 0.7703695120192309 0.5527335168269231 0.7750696033653846 0.5563059591346154 0.7842742211538462
2 0.6085937067307692 0.7307457259615385 0.6081374903846154 0.7250880889423077 0.6042866658653846 0.7241305432692309 0.5951158245192307 0.7273943197115386 0.5921774350961538 0.7377520528846154 0.5945590649038461 0.7438884639423077 0.6092277620192308 0.7503080769230769 0.6126223677884616 0.7456079807692307 0.6117099326923077 0.7342927043269231 0.6085937067307692 0.7307457259615385
2 0.48474084855769234 0.8912232692307692 0.48988303125 0.8730972379807693 0.4875013990384615 0.8669608245192308 0.4720981057692307 0.8631306466346154 0.47090729086538463 0.8600624423076924 0.46898187740384617 0.859583670673077 0.4653088918269231 0.8725308365384615 0.46622132692307694 0.8838461129807692 0.46860295673076924 0.8899825240384616 0.4794208293269231 0.8954445913461538 0.48474084855769234 0.8912232692307692
2 0.44258287259615386 0.8363867139423077 0.44377368509615384 0.8394549182692308 0.4553261586538462 0.8423275528846154 0.4644969975961538 0.8390637764423077 0.46981701923076924 0.8348424543269231 0.4693608004807693 0.8291848149038461 0.47156459134615386 0.8214165168269231 0.4699175600961538 0.8126906682692308 0.45983428365384615 0.8046391706730769 0.4559834591346154 0.8036816274038461 0.4533234495192308 0.8057922860576923 0.44891586538461536 0.8213288846153847 0.44625585576923077 0.823439545673077 0.44258287259615386 0.8363867139423077
2 0.3741572331730769 0.8886744615384615 0.37562642548076924 0.8834955985576923 0.36848153846153847 0.8650863653846154 0.36921613701923073 0.8624969302884615 0.3607798918269231 0.8631712764423077 0.3527998653846154 0.8695032572115384 0.34986147596153844 0.8798609903846154 0.35105229086538464 0.8829291947115384 0.3572847451923077 0.8900231514423077 0.3669118028846154 0.8924170120192307 0.3741572331730769 0.8886744615384615
2 0.29942184615384615 0.8978117644230769 0.29574885817307695 0.9107589302884616 0.30152509615384615 0.9121952451923078 0.3027159086538461 0.915263454326923 0.3123429711538461 0.9176573149038462 0.32921545913461536 0.916308625 0.33453547596153843 0.9120873028846154 0.3352700745192308 0.9094978701923077 0.32371760336538463 0.9066252379807692 0.3225267860576923 0.9035570336538462 0.31675055288461534 0.9021207163461539 0.31555973798076925 0.8990525096153846 0.3097835024038461 0.8976161923076924 0.3085926875 0.8945479879807692 0.3020818533653846 0.8957011033653846 0.29942184615384615 0.8978117644230769
2 0.42005793509615386 0.7559390264423077 0.4212487475961538 0.7590072307692307 0.4282157980769231 0.7635117548076923 0.43161040624999997 0.7588116610576924 0.4338141971153846 0.751043360576923 0.42905093990384613 0.7387705360576924 0.42373092067307694 0.7429918581730769 0.42005793509615386 0.7559390264423077
2 0.13968995673076923 0.8941301538461539 0.14262834615384617 0.883772420673077 0.1429067235576923 0.8755253509615385 0.14006887740384616 0.8637312980769232 0.12851640625 0.8608586658653846 0.11815474759615384 0.8610542379807692 0.11861096634615385 0.866711875 0.11346878605769231 0.8848379086538463 0.11896664182692307 0.894521298076923 0.1343699375 0.8983514759615385 0.13968995673076923 0.8941301538461539
2 0.17219006971153844 0.7940998028846155 0.1695300625 0.7962104615384615 0.16291868509615387 0.8195153605769231 0.18427605528846153 0.8386865697115385 0.20738099759615383 0.8444318365384615 0.21004100721153846 0.8423211778846155 0.21224479807692306 0.8345528774038461 0.21105398557692306 0.831484670673077 0.19547285096153846 0.81374978125 0.1916220264423077 0.8127922355769231 0.18437659615384616 0.8165347836538461 0.1793349567307692 0.8125090360576923 0.17621873076923075 0.8089620576923077 0.17695332932692306 0.8063726225961538 0.17383710336538463 0.8028256466346153 0.17457169951923077 0.8002362139423076 0.17219006971153844 0.7940998028846155
2 0.26126172596153846 0.7053644158653847 0.2600709110576923 0.7022962091346153 0.24998763461538462 0.6942447115384615 0.24613681009615382 0.6932871658653846 0.24026003125 0.7140026298076924 0.2414508485576923 0.7170708365384615 0.25300331971153844 0.7199434735576923 0.2575887403846154 0.7183115817307691 0.2617179447115384 0.7110220528846154 0.26126172596153846 0.7053644158653847
2 0.26858445192307695 0.737678360576923 0.2820623365384615 0.741029766826923 0.28472234375 0.7389191057692308 0.2854569423076923 0.7363296730769231 0.2806936826923077 0.7240568509615385 0.2802374663461538 0.7183992139423078 0.27061040625 0.7160053509615385 0.2682287764423077 0.7098689375 0.2663033653846154 0.7093901658653846 0.26364335576923076 0.7115008245192308 0.2614395625 0.7192691274038462 0.2654682235576923 0.7341313822115385 0.26858445192307695 0.737678360576923
2 0.3235322067307692 0.6820392043269231 0.31995976201923076 0.6728345865384615 0.3206943605769231 0.6702451538461538 0.31106730288461537 0.6678512932692308 0.30739431490384617 0.6807984567307692 0.3227976105769231 0.6846286346153847 0.3235322067307692 0.6820392043269231