1 0.282 0.4457831322115385 0.28400000000000003 0.43975903605769234 0.282 0.4367469879807692 0.282 0.42771084374999996 0.28 0.4216867475961538 0.276 0.4156626514423077 0.26999999999999996 0.4126506033653846 0.264 0.4156626514423077 0.258 0.42469879567307695 0.258 0.4367469879807692 0.26999999999999996 0.4457831322115385 0.282 0.4457831322115385
1 0.44 0.36144578365384616 0.446 0.35843373557692304 0.446 0.3433734927884616 0.448 0.34036144471153845 0.448 0.3192771081730769 0.446 0.3162650600961538 0.446 0.3042168677884615 0.44 0.29216867548076925 0.42 0.28313253125000004 0.414 0.28313253125000004 0.412 0.2861445793269231 0.40399999999999997 0.2861445793269231 0.4 0.2891566274038462 0.39 0.30722891586538464 0.38799999999999996 0.3162650600961538 0.38799999999999996 0.3283132524038462 0.39599999999999996 0.3283132524038462 0.44 0.36144578365384616
1 0.564 0.4819277115384616 0.572 0.4819277115384616 0.574 0.4759036153846154 0.574 0.4487951802884615 0.5760000000000001 0.4457831322115385 0.5760000000000001 0.4307228918269231 0.5700000000000001 0.4216867475961538 0.5579999999999999 0.4126506033653846 0.5479999999999999 0.4156626514423077 0.544 0.4216867475961538 0.538 0.42469879567307695 0.534 0.4307228918269231 0.534 0.44277108413461536 0.5559999999999999 0.4759036153846154 0.564 0.4819277115384616
1 0.582 0.36144578365384616 0.608 0.3825301201923077 0.61 0.3945783125 0.614 0.39156626442307696 0.6159999999999999 0.3644578317307693 0.61 0.3554216875 0.596 0.34638554326923077 0.584 0.3524096394230769 0.58 0.35843373557692304 0.5780000000000001 0.35843373557692304 0.58 0.3644578317307693 0.582 0.36144578365384616
1 0.638 0.4608433725961539 0.64 0.4638554206730769 0.644 0.4608433725961539 0.644 0.4487951802884615 0.64 0.44277108413461536 0.628 0.44277108413461536 0.624 0.4487951802884615 0.624 0.45783132451923075 0.63 0.4608433725961539 0.638 0.4608433725961539
1 0.676 0.4879518076923077 0.676 0.46686746875 0.674 0.4608433725961539 0.672 0.45783132451923075 0.662 0.45783132451923075 0.656 0.46686746875 0.656 0.47891566346153847 0.672 0.4879518076923077 0.676 0.4879518076923077
1 0.698 0.4819277115384616 0.7 0.47891566346153847 0.7 0.4638554206730769 0.698 0.4608433725961539 0.6920000000000001 0.4608433725961539 0.6880000000000001 0.4638554206730769 0.6880000000000001 0.47289156730769233 0.6940000000000001 0.4819277115384616 0.698 0.4819277115384616
1 0.7919999999999999 0.4367469879807692 0.8059999999999999 0.4307228918269231 0.8079999999999999 0.42771084374999996 0.8079999999999999 0.4186746995192308 0.802 0.4066265072115384 0.7919999999999999 0.4066265072115384 0.788 0.40963855528846155 0.784 0.4156626514423077 0.784 0.4307228918269231 0.786 0.4367469879807692 0.7919999999999999 0.4367469879807692
1 0.8140000000000001 0.4126506033653846 0.8160000000000001 0.40963855528846155 0.8340000000000001 0.40963855528846155 0.8360000000000001 0.4066265072115384 0.838 0.3945783125 0.8320000000000001 0.37650602403846156 0.824 0.3704819278846154 0.822 0.37349397596153844 0.8160000000000001 0.37349397596153844 0.8079999999999999 0.3795180721153846 0.804 0.39156626442307696 0.804 0.4066265072115384 0.8079999999999999 0.4126506033653846 0.8140000000000001 0.4126506033653846
1 0.675202 0.45487349278846156 0.673334 0.4467228918269231 0.666238 0.4430662644230769 0.661008 0.44587951923076924 0.654844 0.45656024038461535 0.6621279999999999 0.4590903605769231 0.675202 0.46386746874999996 0.675202 0.45487349278846156
1 0.7022999999999999 0.4855120480769231 0.7069679999999999 0.48495180769230767 0.70865 0.47932831249999996 0.708464 0.47455120432692305 0.705848 0.4703343365384616 0.7018 0.46807530048076923 0.701366 0.46864759134615386 0.6989380000000001 0.47989156730769233 0.7022999999999999 0.4855120480769231
1 0.71033 0.5046265072115385 0.70865 0.49703915625 0.702674 0.4897289158653846 0.696136 0.4886054206730769 0.69128 0.49675602403846153 0.698004 0.5046265072115385 0.705662 0.518683735576923 0.71033 0.5046265072115385
1 0.7239639999999999 0.5155903605769231 0.728634 0.5082831322115384 0.726766 0.5035030120192308 0.7230300000000001 0.49478915625000003 0.7191080000000001 0.49169578365384614 0.711078 0.49788253125000004 0.712946 0.5006927716346155 0.7204160000000001 0.5105301201923077 0.7239639999999999 0.5155903605769231
1 0.74787 0.4874819278846154 0.743388 0.4838253004807692 0.740772 0.4869186754807692 0.741894 0.49703915625 0.74843 0.49844277163461537 0.749178 0.49225903605769233 0.74787 0.4874819278846154
1 0.7327739999999999 0.5206265072115385 0.733664 0.5142018076923077 0.733486 0.5085813245192308 0.7263999999999999 0.5044006033653846 0.726372 0.5115240961538462 0.730818 0.5133975913461538 0.7327739999999999 0.5206265072115385
1 0.7404200000000001 0.4914518076923077 0.734552 0.4938614447115385 0.7352000000000001 0.49988253125 0.741664 0.5032289158653847 0.741664 0.4984126514423077 0.7404200000000001 0.4914518076923077
3 0.436 0.5993975913461539 0.412 0.5391566274038462 0.414 0.5090361442307693 0.422 0.45783132451923075 0.444 0.4126506033653846 0.39 0.3704819278846154 0.35 0.3855421682692307 0.338 0.40963855528846155 0.34400000000000003 0.6054216875 0.38799999999999996 0.6325301201923076 0.422 0.6234939759615384 0.436 0.5993975913461539
2 0.398 0.8704819278846153 0.402 0.8674698798076924 0.40800000000000003 0.8493975913461539 0.41600000000000004 0.8343373485576924 0.42600000000000005 0.8042168677884616 0.414 0.7981927716346154 0.402 0.78313253125 0.4 0.7771084326923077 0.392 0.7771084326923077 0.386 0.786144579326923 0.366 0.852409639423077 0.366 0.8614457836538462 0.364 0.8644578317307693 0.366 0.8704819278846153 0.398 0.8704819278846153
2 0.286 0.8554216874999999 0.302 0.858433735576923 0.304 0.8614457836538462 0.312 0.8614457836538462 0.31599999999999995 0.8554216874999999 0.33399999999999996 0.7891566274038462 0.33199999999999996 0.786144579326923 0.312 0.786144579326923 0.30799999999999994 0.7801204807692308 0.302 0.7801204807692308 0.292 0.8012048197115385 0.292 0.8102409639423077 0.286 0.8283132524038461 0.286 0.8403614447115384 0.28400000000000003 0.8433734927884615 0.28400000000000003 0.852409639423077 0.286 0.8554216874999999
2 0.454 0.7650602403846154 0.46799999999999997 0.7650602403846154 0.46799999999999997 0.7530120480769231 0.47000000000000003 0.75 0.47000000000000003 0.71686746875 0.46599999999999997 0.7108433725961538 0.46599999999999997 0.7078313245192308 0.46 0.7078313245192308 0.456 0.7108433725961538 0.452 0.71686746875 0.452 0.7259036153846155 0.44999999999999996 0.7289156634615386 0.44999999999999996 0.75 0.448 0.7530120480769231 0.44999999999999996 0.7620481923076923 0.454 0.7650602403846154
2 0.546 0.75 0.554 0.7379518076923077 0.5559999999999999 0.7289156634615386 0.5559999999999999 0.7108433725961538 0.5399999999999999 0.7108433725961538 0.538 0.7078313245192308 0.53 0.7048192764423077 0.526 0.713855420673077 0.524 0.7560240961538462 0.526 0.7620481923076923 0.53 0.7620481923076923 0.546 0.75
0 0.236648 0.5675060240384615 0.23771599999999998 0.560816264423077 0.23985 0.5565331322115384 0.22920000000000001 0.5522921682692308 0.22882399999999997 0.5640271081730769 0.22918 0.5704487956730769 0.236648 0.5675060240384615
0 0.300664 0.52628915625 0.303508 0.5214728918269231 0.301908 0.5158524086538462 0.29515199999999997 0.5204006033653846 0.29497399999999996 0.5204006033653846 0.295862 0.5270933725961539 0.300664 0.52628915625
2 0.279012 0.6333644567307692 0.287014 0.6373795192307692 0.288258 0.6304216875 0.285592 0.6239969879807692 0.28239 0.6231957836538461 0.282 0.6149427716346154 0.277412 0.6135602403846154 0.27599 0.6285481923076923 0.279012 0.6333644567307692
0 0.524384 0.5990210841346154 0.530076 0.59688253125 0.534876 0.5901897596153846 0.5362979999999999 0.5845692764423077 0.533454 0.5784126514423077 0.52883 0.5730602403846153 0.52403 0.5690451802884615 0.51081 0.5741897596153847 0.512116 0.5917951802884616 0.5149600000000001 0.59688253125 0.524384 0.5990210841346154
0 0.461744 0.49697289182692306 0.46545 0.5077981923076923 0.47417 0.5114096394230769 0.48376199999999997 0.5114096394230769 0.48834 0.5071445793269231 0.49052 0.49697289182692306 0.48943 0.48417469951923076 0.47220799999999996 0.47170783173076924 0.47220799999999996 0.4700662644230769 0.46566799999999997 0.48253614423076924 0.461744 0.49697289182692306
0 0.5787640000000001 0.5096506033653846 0.58792 0.5103072283653846 0.588138 0.4988222884615385 0.586176 0.48865060336538463 0.577416 0.4846927716346154 0.569608 0.4902921682692308 0.567646 0.5040722884615385 0.5787640000000001 0.5096506033653846
0 0.645856 0.53386746875 0.649236 0.5255722884615385 0.6472800000000001 0.5180783125 0.642834 0.5162048197115385 0.6373219999999999 0.5215572283653847 0.6346539999999999 0.5285150600961539 0.64159 0.5352048197115384 0.645856 0.53386746875
0 0.626958 0.48143975961538465 0.624648 0.48358132451923075 0.62358 0.4934849399038462 0.619846 0.4889337355769231 0.619 0.49747289182692306 0.62678 0.5065993966346154 0.6303380000000001 0.4999096394230769 0.6303380000000001 0.4921475913461538 0.626958 0.48143975961538465
2 0.60874 0.6234397596153846 0.6085579999999999 0.6254216875 0.609144 0.6522319278846154 0.620822 0.6531415673076922 0.619414 0.6194999999999999 0.60874 0.6234397596153846
2 0.6601959999999999 0.6128012043269231 0.660338 0.6395030120192308 0.673426 0.6391987956730769 0.67383 0.6101024086538461 0.6601959999999999 0.6128012043269231
2 0.25989 0.6629156634615385 0.265832 0.6744548197115384 0.273882 0.6721475913461539 0.273882 0.6583012043269231 0.271198 0.6473373485576922 0.26794 0.6360873485576923 0.250116 0.6288765072115384 0.247432 0.634644579326923 0.252416 0.6467620480769232 0.25989 0.6629156634615385