1 0.1717067043269231 0.5272715769230769 0.13459434375 0.49930753125 0.07832667548076923 0.5069219182692307 0.044886444711538465 0.551158798076923 0.03592081490384615 0.5809815048076923 0.04004185576923077 0.701266670673077 0.0866656514423077 0.7444900913461538 0.1602832283653846 0.6952432403846154 0.1826004158653846 0.6236886346153846 0.2012712620192308 0.6031209903846154 0.1717067043269231 0.5272715769230769
1 0.15736043749999998 0.4758371610576923 0.15239316346153847 0.5057593004807692 0.1813150264423077 0.5395287932692308 0.19785425721153846 0.5850086105769231 0.27098737500000003 0.550772548076923 0.25712556971153844 0.48432734615384615 0.2343950216346154 0.44470268990384615 0.20060277403846155 0.4378531802884615 0.15736043749999998 0.4758371610576923
1 0.38684282451923074 0.5566583125 0.4179931995192308 0.5213781826923077 0.42134886298076923 0.4793976995192307 0.40603367788461536 0.4579848557692308 0.38194664903846154 0.46039040625000005 0.36907955048076924 0.4871115168269231 0.36762617548076926 0.5321438774038462 0.38684282451923074 0.5566583125
1 0.42783085817307687 0.4645360625 0.4220884471153846 0.5184754615384615 0.4370160649038462 0.5518969326923077 0.4794832692307692 0.5379302091346154 0.4965425024038461 0.50530421875 0.49170766826923074 0.4691291778846154 0.4784885576923077 0.4447638966346154 0.44869466586538465 0.43801381730769234 0.42783085817307687 0.4645360625
1 0.326638141826923 0.6242661298076922 0.34443696394230766 0.6307178990384615 0.3495011298076923 0.5977936033653847 0.3437942692307692 0.5886379807692308 0.3296062403846154 0.5942942716346153 0.326638141826923 0.6242661298076922
0 0.3656527908653846 0.6552820504807693 0.3624909110576923 0.6912582211538462 0.39238169471153844 0.695006141826923 0.40012328125 0.6411164591346155 0.3656527908653846 0.6552820504807693
0 0 0.8250283245192308 0.04484114182692308 0.8005367355769231 0.043810879807692306 0.7704654447115384 0.0006040913461538462 0.7453544014423077 0 0.7453393774038461 0 0.8250283245192308
0 0.3314374278846154 0.7235361923076924 0.36113442548076924 0.7332884254807692 0.36010416586538463 0.7032171346153846 0.35030205769230766 0.6969642331730769 0.3314374278846154 0.7235361923076924
1 0.624183201923077 0.20802180048076924 0.6377898822115384 0.22037845432692307 0.6420789134615384 0.21147141346153847 0.642660264423077 0.19345846875 0.6388556899038461 0.18735472115384616 0.6307620865384614 0.19015800721153847 0.6244738774038462 0.1990153293269231 0.624183201923077 0.20802180048076924
1 0.7685884495192308 0.18282925 0.7554045865384615 0.1854548701923077 0.7549604350961538 0.19921675961538463 0.7549498389423076 0.21987890384615383 0.7602279663461539 0.19836526442307692 0.7742737475961537 0.18936736057692308 0.7685884495192308 0.18282925
0 0.5962761466346154 0.29611874759615386 0.6004861225961539 0.31786834374999995 0.6082034206730769 0.31215629086538466 0.6061396875 0.29488880048076926 0.5962761466346154 0.29611874759615386
0 0.6404361009615385 0.2977097043269231 0.6341235096153847 0.30050320192307695 0.6332086730769231 0.31868211778846156 0.6413310937500001 0.31052240384615387 0.6404361009615385 0.2977097043269231
2 0.6022424254807692 0.40547712259615387 0.6258978894230769 0.4031149230769231 0.6196560096153847 0.39361248798076925 0.6130386923076923 0.3855759567307692 0.6020805168269231 0.39022191586538457 0.6022424254807692 0.40547712259615387
2 0.7851388052884616 0.40067834855769235 0.7856464206730769 0.3849500456730769 0.7754371274038461 0.3866641418269231 0.7706825072115385 0.39195712499999996 0.7603959543269231 0.39612703846153846 0.760827514423077 0.4030272403846154 0.7851388052884616 0.40067834855769235
0 0.731893235576923 0.2645633028846154 0.7317080913461538 0.2601329735576923 0.7217897307692307 0.27316650240384616 0.7289517427884615 0.2846598100961538 0.7343937764423077 0.27840143028846154 0.731893235576923 0.2645633028846154
2 0.7911129879807692 0.3880364783653846 0.7896713461538462 0.4022663100961538 0.8022013846153846 0.3996274326923077 0.7982009903846153 0.39165598076923075 0.7911129879807692 0.3880364783653846