1 0.42863272836538463 0.6157700721153846 0.42647272836538463 0.5942080288461539 0.4173818173076923 0.583259125 0.4010181826923077 0.5978576634615385 0.40150363701923075 0.6218978100961539 0.40896545432692305 0.6171313870192308 0.41812 0.6157700721153846 0.42863272836538463 0.6157700721153846
1 0.81966 0.5955729927884615 0.8051145456730769 0.5955729927884615 0.7942054543269231 0.6174708028846154 0.7997018173076923 0.6777335769230769 0.8193709086538461 0.6409635048076924 0.8342054543269231 0.6174708028846154 0.81966 0.5955729927884615
1 0.2381818173076923 0.6204379567307693 0.22727272836538462 0.5985401466346154 0.20909090865384616 0.6094890504807693 0.20770363701923078 0.6300583942307691 0.23313636298076926 0.6498065697115384 0.2381818173076923 0.6496350360576923 0.2381818173076923 0.6204379567307693
1 0.3730672716346154 0.5985401466346154 0.3639763629807692 0.6094890504807693 0.3623381826923077 0.636197079326923 0.3894654543269231 0.6205364951923078 0.3894309086538461 0.6058394158653846 0.3730672716346154 0.5985401466346154
1 0.5727272716346155 0.5182481754807692 0.5581818173076922 0.5291970793269231 0.5556290913461539 0.5422335769230769 0.5824181826923077 0.5585766418269231 0.58 0.5291970793269231 0.5727272716346155 0.5182481754807692
1 0.4567036370192307 0.6350364951923078 0.4476127283653846 0.6167883221153846 0.42943090865384614 0.6204379567307693 0.42397636298076924 0.6459854014423076 0.4289727283653846 0.67568978125 0.43880727163461536 0.6552627740384616 0.4598309086538462 0.6511788317307693 0.4567036370192307 0.6350364951923078
1 0.31316727163461533 0.5946642331730769 0.30862909134615385 0.6101715336538461 0.3057054543269231 0.6314197091346153 0.3314781826923077 0.6436788317307692 0.33044727163461535 0.591923358173077 0.31316727163461533 0.5946642331730769
1 0.5795381826923077 0.6651605841346153 0.57772 0.6104160576923077 0.5559018173076923 0.6067664230769231 0.5468109086538462 0.6213649639423077 0.5449927283653846 0.6505620432692307 0.5600381826923078 0.6443686129807692 0.5786890913461538 0.6430072980769231 0.5795381826923077 0.6651605841346153
1 0.72 0.5802919711538461 0.7054545456730769 0.5875912403846154 0.7078036370192307 0.5987481754807692 0.7218181826923077 0.6313868605769231 0.7272727283653846 0.591240875 0.72 0.5802919711538461
1 0.29098 0.5988722620192308 0.2800127283653846 0.5982773725961539 0.2690472716346154 0.6060145985576922 0.26608363701923077 0.6316021899038462 0.2989818173076923 0.6274379567307692 0.29661090865384615 0.6131532836538461 0.29098 0.5988722620192308
1 0.5986763629807692 0.5833576634615384 0.5966981826923077 0.5679671538461538 0.5910109086538461 0.5570437956730769 0.5826036370192308 0.5515839423076924 0.5759290913461539 0.5639963509615384 0.5751872716346154 0.5843503653846154 0.5793890913461538 0.5868321177884616 0.5986763629807692 0.5833576634615384
1 0.7605690913461539 0.5520839423076923 0.7543872716346154 0.5476131394230769 0.7521618173076923 0.5769051105769231 0.76774 0.5729343076923077 0.7665036370192309 0.5625072980769231 0.7605690913461539 0.5520839423076923
0 0.39795272836538464 0.7514890504807692 0.40773454567307693 0.7453175192307693 0.40577818269230764 0.7223065697115385 0.3932 0.7284781033653847 0.38705090865384617 0.74194890625 0.39795272836538464 0.7514890504807692
0 0.40969090865384616 0.7178175192307693 0.4054981826923077 0.6976131394230769 0.40186545432692306 0.6992956201923076 0.39571636298076923 0.7116423365384615 0.39208181730769226 0.7256715336538462 0.4004672716346154 0.7239890504807692 0.40969090865384616 0.7178175192307693
0 0.6748054543269231 0.6633759134615385 0.6703345456730769 0.6543978100961538 0.6655818173076924 0.6465401466346153 0.6585945456730768 0.6628175192307691 0.6594327283653846 0.6746021899038461 0.6708927283653847 0.6740401466346154 0.6748054543269231 0.6633759134615385