1 0.3025 0.7180451129807692 0.34249999999999997 0.7105263149038462 0.35500000000000004 0.6954887211538462 0.3525 0.6917293221153845 0.36250000000000004 0.6729323317307692 0.3575 0.6315789471153846 0.34750000000000003 0.6015037596153846 0.33249999999999996 0.5789473677884616 0.3275 0.5789473677884616 0.32 0.5676691730769231 0.28 0.57518796875 0.2625 0.6052631586538462 0.255 0.6353383461538461 0.2525 0.6954887211538462 0.275 0.7218045120192307 0.3 0.7218045120192307 0.3025 0.7180451129807692
1 0.40750000000000003 0.5714285721153846 0.415 0.560150375 0.4125 0.5338345865384615 0.40750000000000003 0.5187969927884615 0.4 0.5075187980769231 0.3925 0.5075187980769231 0.39 0.5037593990384616 0.3725 0.5075187980769231 0.36250000000000004 0.51503759375 0.3575 0.5300751875 0.3575 0.5526315793269231 0.35500000000000004 0.560150375 0.36 0.5714285721153846 0.40750000000000003 0.5714285721153846
1 0.4275 0.6052631586538462 0.45749999999999996 0.6052631586538462 0.47000000000000003 0.6165413533653846 0.4775 0.6165413533653846 0.4775 0.6052631586538462 0.48000000000000004 0.6015037596153846 0.4775 0.597744360576923 0.4775 0.582706766826923 0.47250000000000003 0.5676691730769231 0.4625 0.5526315793269231 0.45749999999999996 0.5488721802884615 0.445 0.5488721802884615 0.4325 0.5676691730769231 0.4325 0.5714285721153846 0.42500000000000004 0.582706766826923 0.42500000000000004 0.6015037596153846 0.4275 0.6052631586538462
1 0.6075 0.6015037596153846 0.615 0.6015037596153846 0.6224999999999999 0.6090225552884616 0.6325000000000001 0.6015037596153846 0.6425 0.6015037596153846 0.6499999999999999 0.5939849615384616 0.6499999999999999 0.582706766826923 0.6475000000000001 0.5789473677884616 0.6475000000000001 0.560150375 0.6375 0.5451127812500001 0.6325000000000001 0.5413533846153846 0.625 0.5375939855769231 0.6125 0.5413533846153846 0.6075 0.5451127812500001 0.6075 0.5488721802884615 0.6 0.5639097740384615 0.5975 0.57518796875 0.5975 0.5939849615384616 0.6024999999999999 0.6052631586538462 0.6075 0.6015037596153846
1 0.6375 0.4135338341346154 0.6375 0.4172932331730769 0.6625000000000001 0.3834586466346154 0.6625000000000001 0.3721804519230769 0.6575 0.3609022548076923 0.645 0.3533834591346154 0.6375 0.3571428581730769 0.6275000000000001 0.3721804519230769 0.6275000000000001 0.39473684134615383 0.6325000000000001 0.4097744350961538 0.6375 0.4135338341346154
1 0.6925 0.3684210528846154 0.6950000000000001 0.3533834591346154 0.6900000000000001 0.34586466105769226 0.6799999999999999 0.34586466105769226 0.6775 0.3496240600961539 0.6775 0.3609022548076923 0.6825 0.3684210528846154 0.6925 0.3684210528846154
1 0.6224999999999999 0.34210526201923075 0.6224999999999999 0.33834586538461536 0.6275000000000001 0.3308270673076923 0.645 0.3308270673076923 0.6499999999999999 0.33458646634615385 0.6499999999999999 0.3233082716346154 0.64 0.3082706778846154 0.6366 0.30483082692307695 0.63 0.30451127884615387 0.6224999999999999 0.3082706778846154 0.6174999999999999 0.3157894735576923 0.6174999999999999 0.33458646634615385 0.62 0.34210526201923075 0.6224999999999999 0.34210526201923075
1 0.6168 0.34424060096153847 0.6168 0.32559022596153847 0.607 0.31656390865384615 0.60375 0.3154887211538462 0.59 0.3270939855769231 0.5884 0.3508609014423077 0.603 0.34815413461538464 0.6168 0.34424060096153847
1 0.5572 0.383349625 0.5604 0.3713195480769231 0.5576 0.3571766923076923 0.5512 0.3487556394230769 0.5408000000000001 0.34213533894230774 0.5362 0.3415338341346154 0.533 0.34631578846153843 0.527 0.36018796875000003 0.5356 0.37402631490384614 0.5512 0.39448120192307695 0.5572 0.383349625
1 0.4718 0.33792481249999995 0.4812 0.3225827067307692 0.4742 0.30573308173076924 0.46599999999999997 0.2994172932692308 0.45840000000000003 0.30573308173076924 0.4528 0.32168045192307687 0.4526 0.3355187980769231 0.4548 0.34003007451923073 0.4718 0.33792481249999995
1 0.525 0.3648308269230769 0.5262 0.35189473798076926 0.52075 0.3342857139423077 0.5084000000000001 0.3452781947115385 0.509 0.3597180456730769 0.5146 0.36783834615384614 0.525 0.3648308269230769
1 0.30379999999999996 0.5044060144230769 0.302 0.518244360576923 0.306 0.5350902259615384 0.31939999999999996 0.5113233076923077 0.31880000000000003 0.5035037596153846 0.31320000000000003 0.5007932331730769 0.30379999999999996 0.5044060144230769
1 0.6703499999999999 0.3619060144230769 0.6769499999999999 0.3625075192307692 0.67215 0.3468646610576923 0.6629499999999999 0.34596240625 0.659 0.35646616586538465 0.65955 0.35799624038461536 0.66575 0.3604022548076923 0.6703499999999999 0.3619060144230769
0 0.5182599999999999 0.48333082692307694 0.5056275 0.4667518798076923 0.4994275 0.49404135336538463 0.5095324999999999 0.5012969927884615 0.5228525 0.49507894711538464 0.5182599999999999 0.48333082692307694
0 0.6546125 0.43635338461538464 0.6453125 0.43607142788461534 0.6383074999999999 0.4470601514423077 0.6426725 0.4574248125 0.6557624999999999 0.46018796875 0.6546125 0.43635338461538464