1 0.47703115865384615 0.24349083173076924 0.5068312620192308 0.26904878125000004 0.5099594447115384 0.24124406009615385 0.5034119230769231 0.22784388701923078 0.4894712668269231 0.2249689639423077 0.47703115865384615 0.24349083173076924
1 0.7728001009615385 0.31553276442307693 0.7697849471153847 0.30386420913461537 0.7632374254807692 0.29046403125000003 0.74823284375 0.29640712980769235 0.7728001009615385 0.31553276442307693
1 0.5751710721153847 0.2195458125 0.5637848966346154 0.2011321514423077 0.5401597932692307 0.20897872115384614 0.5305664591346153 0.23210631009615385 0.54949684375 0.24437589182692307 0.5744280649038461 0.24449856730769232 0.5751710721153847 0.2195458125
1 0.4568460216346154 0.26041547115384617 0.47490330528846153 0.26112687259615386 0.4657913100961538 0.23514793028846154 0.4527782475961538 0.2415017331730769 0.4568460216346154 0.26041547115384617
1 0.44819287500000005 0.25695603365384617 0.4483972019230769 0.2345732932692308 0.4318920697115385 0.21911960336538464 0.4120743125 0.24616059375 0.44819287500000005 0.25695603365384617
1 0.9960720432692308 0.354046 0.9983733966346153 0.32088026682692306 0.97788521875 0.3046051682692308 0.9474663629807692 0.3339786586538462 0.9960720432692308 0.354046
1 0.7293815480769231 0.2834820793269231 0.7309364471153846 0.25367796875 0.7111575552884616 0.23152418990384616 0.6782482019230769 0.25335596634615387 0.7293815480769231 0.2834820793269231
1 0.3526291754807692 0.20879850721153848 0.34337895432692306 0.2046375408653846 0.3336415480769231 0.21392019711538462 0.33063854086538463 0.23043586778846153 0.35590898798076925 0.23375243990384617 0.35917669711538464 0.22219868028846154 0.3526291754807692 0.20879850721153848
1 0.3874670048076923 0.17380828605769233 0.3713984927884615 0.18856940625000002 0.36974337740384616 0.2022873076923077 0.40996783413461535 0.20723576682692307 0.4071937908653846 0.1832326442307692 0.3874670048076923 0.17380828605769233
1 0.8499368149038461 0.29930625 0.8322314230769231 0.3107173269230769 0.8241290048076924 0.32712125961538463 0.832915875 0.35582873317307695 0.8694430432692308 0.3575535192307692 0.8724165120192308 0.3159920528846154 0.8499368149038461 0.29930625
1 0.8262018100961538 0.3240331658653846 0.8303762331730768 0.2922598774038461 0.8151533389423077 0.2830955697115385 0.7988765096153846 0.3108667932692307 0.8262018100961538 0.3240331658653846
1 0.19310980528846156 0.1459454278846154 0.18855380528846155 0.13295595673076924 0.17147571875 0.10533419951923076 0.15355201923076922 0.10163787019230769 0.13947503125 0.11680969711538462 0.13600328365384615 0.1614013846153846 0.1568411706730769 0.14295750480769231 0.1777977548076923 0.15012306971153846 0.19310980528846156 0.1459454278846154
1 0.6094489639423076 0.25383553846153845 0.60001965625 0.25269831490384614 0.5937951346153846 0.2635187884615385 0.5905789086538461 0.27657434134615383 0.6221712524038462 0.2843005144230769 0.6219633485576923 0.2588383605769231 0.6094489639423076 0.25383553846153845
1 0.5717383461538461 0.26623319230769227 0.575504125 0.28032494230769234 0.593236423076923 0.27833340625 0.5955976081730769 0.2723646033653846 0.5958965961538462 0.2562854110576923 0.5773251033653847 0.25164814903846155 0.5717383461538461 0.26623319230769227
1 0.6443793149038461 0.2878772331730769 0.6351087331730769 0.2814828341346154 0.6273808389423077 0.28747456009615385 0.6269014879807693 0.2953045432692308 0.6265049855769231 0.30246476923076926 0.6443442836538461 0.3075203942307692 0.6437828365384616 0.30637133173076925 0.6443793149038461 0.2878772331730769
2 0.9141039639423076 0.7824855600961539 0.9171594134615385 0.7740782427884615 0.9155225336538462 0.7707281995192308 0.9169411009615385 0.7589708389423078 0.9143766274038462 0.7463920697115385 0.9084020600961539 0.7451599591346153 0.9053466105769231 0.7535672788461538 0.9025094735576923 0.7770820024038462 0.9037917091346154 0.7833713846153846 0.9117578004807693 0.7850141995192307 0.9141039639423076 0.7824855600961539
2 0.8914335841346154 0.8350474062500001 0.8961259134615385 0.8299901298076923 0.8976808125000001 0.8001860240384615 0.8960439326923078 0.7968359783653847 0.8936977668269231 0.7993646177884616 0.8777655889423077 0.7960789903846154 0.8759923774038462 0.8107756923076923 0.8736462139423077 0.8133043293269231 0.8798390913461538 0.82964384375 0.8914335841346154 0.8350474062500001
2 0.7750796706730768 0.8351520432692308 0.7823364759615384 0.8426735360576922 0.7942856105769232 0.8451377572115385 0.7973410600961538 0.8367304399038461 0.7957041802884616 0.8333803966346154 0.7967681057692307 0.8245623725961538 0.7934943437499999 0.8178622860576923 0.7938489879807692 0.8149229471153846 0.7902205865384615 0.8111621971153846 0.7762799278846154 0.8082872740384615 0.773933764423077 0.8108159134615385 0.7718059110576923 0.8284519567307692 0.7750796706730768 0.8351520432692308
2 0.7430513533653845 0.7622724879807692 0.7455338485576923 0.7416971033653846 0.7438969663461539 0.7383470600961538 0.7319478341346154 0.7358828413461538 0.7296016706730769 0.7384114783653846 0.72676453125 0.7619262019230769 0.7280467692307693 0.7682155865384614 0.7360128605769231 0.7698584014423078 0.7403505456730769 0.7677404663461539 0.7430513533653845 0.7622724879807692
2 0.674548329326923 0.7210331081730769 0.670210639423077 0.7231510408653846 0.6644543870192308 0.7370263365384615 0.6650273365384615 0.7491944014423078 0.6749849495192308 0.7512479182692308 0.6776857572115385 0.7457799399038462 0.6805228942307693 0.7222652163461538 0.674548329326923 0.7210331081730769
2 0.6515233028846155 0.7765342932692308 0.6562156322115384 0.7714770144230769 0.6462580216346154 0.7694235 0.6370096947115385 0.7614913028846153 0.6326720072115385 0.7636092355769232 0.626561108173077 0.7804238750000001 0.6271340600961538 0.7925919399038462 0.6351001514423077 0.7942347524038461 0.641429360576923 0.7925275192307691 0.6484678533653846 0.784941610576923 0.6515233028846155 0.7765342932692308
2 0.7895380240384615 0.6814849326923077 0.7916658774038462 0.6638488870192307 0.7900289975961539 0.6604988461538461 0.7880374735576924 0.6600881418269231 0.7847637139423077 0.6533880528846154 0.7748061009615385 0.6513345360576923 0.7697591322115385 0.6593311538461539 0.7690498461538462 0.6652098341346153 0.7815719326923076 0.6798421201923077 0.7895380240384615 0.6814849326923077
2 0.5607312620192307 0.6493614639423076 0.570688875 0.6514149807692308 0.5730350360576923 0.64888634375 0.5717528004807693 0.6425969591346153 0.5731713701923077 0.6308395961538462 0.5722437740384616 0.6216108725961539 0.5666238485576923 0.6174394230769231 0.5579484759615384 0.6216752908653846 0.5572391899038461 0.6275539711538461 0.5588760697115385 0.630904014423077 0.5574575024038462 0.6426613774038461 0.5607312620192307 0.6493614639423076
2 0.5183096153846154 0.7641245793269231 0.5193735432692308 0.7553065576923077 0.5142445913461539 0.7301490192307691 0.5126077115384615 0.7267989759615384 0.5086246682692308 0.7259775697115385 0.4912739182692307 0.7344493052884615 0.5003859158653846 0.7604282499999999 0.5060058413461539 0.7645996995192307 0.5159634519230769 0.7666532163461538 0.5183096153846154 0.7641245793269231
2 0.4691488605769231 0.7148241658653846 0.4785335192307692 0.7047096177884615 0.4812343269230769 0.6992416370192308 0.4833621802884615 0.6816055961538462 0.4717676875 0.6762020360576924 0.4714130456730769 0.6791413774038462 0.46672071875000004 0.6841986514423077 0.4656567908653846 0.693016673076923 0.46331062500000003 0.695545310096154 0.4615374134615384 0.7102420120192308 0.46317429567307694 0.7135920552884615 0.4691488605769231 0.7148241658653846
2 0.4005638557692308 0.6404306322115385 0.3908245552884615 0.6534845216346153 0.3808669447115385 0.6514310048076923 0.37781149519230767 0.6598383245192309 0.3760382836538462 0.6745350264423077 0.3796666875 0.6782957716346154 0.3876327764423077 0.6799385841346154 0.39197046394230767 0.6778206538461539 0.3973720769230769 0.6668846971153847 0.4005638557692308 0.6404306322115385
2 0.33009693749999997 0.6831355985576923 0.3081901923076923 0.6786178629807692 0.30008777163461536 0.695021795673077 0.29902384615384614 0.7038398173076923 0.3006607259615385 0.7071898605769231 0.31061833653846155 0.7092433774038462 0.32363139903846155 0.7028895745192307 0.32867837019230767 0.6948929615384615 0.33009693749999997 0.6831355985576923
2 0.2945765480769231 0.5884485504807693 0.30360656490384613 0.58127334375 0.3033882548076923 0.5661659350961539 0.301751375 0.5628158918269232 0.29776832932692304 0.5619944855769231 0.29343064423076926 0.5641124182692308 0.2907298365384615 0.5695803990384616 0.28966590865384617 0.5783984182692308 0.29094814903846156 0.5846878028846154 0.2945765480769231 0.5884485504807693
2 0.26961435336538464 0.5923381322115385 0.26868675961538463 0.58310940625 0.256737625 0.5806451874999999 0.24465216105769233 0.5962277139423077 0.243942875 0.6021063966346154 0.2455797548076923 0.6054564423076922 0.25354584375 0.6070992524038462 0.2642127403846154 0.6032740889423077 0.26961435336538464 0.5923381322115385
2 0.05230769230769231 0.7061538533653846 0.08879571875 0.7207348990384616 0.09547956971153847 0.7160883245192308 0.09667982692307693 0.6892235576923077 0.07220860576923077 0.6721270528846154 0.051323338942307686 0.6928650600961539 0.05230769230769231 0.7061538533653846
2 0.1867893076923077 0.6867191153846155 0.18471580528846154 0.6531542644230769 0.16572817788461539 0.658275951923077 0.16744703846153847 0.6947801490384615 0.1867893076923077 0.6867191153846155
2 0.13820150721153845 0.6495867668269231 0.14644025721153847 0.6151360889423076 0.12019582692307693 0.6127362860576923 0.11722235817307693 0.6542977572115384 0.13820150721153845 0.6495867668269231