1 0.31367004807692306 0.46899030048076923 0.316062 0.4716380192307692 0.3176998966346154 0.48344299038461536 0.3205013221153846 0.4890419519230769 0.32446628125 0.48843489663461537 0.3346583605769231 0.459749014423077 0.34176932692307693 0.4526324182692308 0.3496992403846154 0.45141831009615385 0.35209119230769226 0.4540660264423077 0.3488802908653846 0.44551582211538465 0.3381489519230769 0.44113097115384614 0.32228912499999995 0.44355918990384613 0.31599710817307697 0.4565782692307692 0.31367004807692306 0.46899030048076923
1 0.49913917307692307 0.4194965192307692 0.4955836875 0.4230548173076923 0.4892916706730769 0.43607389903846155 0.4881281394230769 0.44227991346153844 0.4922228822115385 0.47179235096153843 0.4950243100961539 0.4773913076923077 0.49857979086538456 0.4738330120192308 0.49817031730769235 0.47088176923076924 0.5071988677884616 0.4484019014423077 0.5182747908653846 0.4406782524038461 0.5198477932692308 0.4374234783653846 0.5321521370192308 0.4385535625 0.5317426658653847 0.43560231490384616 0.5273682355769231 0.4332581274038461 0.5197829038461539 0.42236373317307696 0.5090515624999999 0.41797888221153845 0.49913917307692307 0.4194965192307692
1 0.60358625 0.4426863293269231 0.5901183750000001 0.4477622620192308 0.5834168846153847 0.4578301033653846 0.5822533557692308 0.46403611778846154 0.5855291490384615 0.48764606490384615 0.5879211009615385 0.4902937788461538 0.5891495240384615 0.49914751201923074 0.5950969567307692 0.4982369302884615 0.5982429663461539 0.4917273870192308 0.5978334927884615 0.4887761442307692 0.6045349831730769 0.47870830528846153 0.6152014302884615 0.4680334110576923 0.62313134375 0.4668193028846154 0.6219029230769231 0.45796557451923076 0.6199204447115385 0.4582691009615385 0.6123351129807693 0.44737470913461536 0.60358625 0.4426863293269231
1 0.6571780576923077 0.44955084375 0.6559496370192307 0.44069711057692307 0.6483643052884616 0.42980271875000003 0.6380424399038461 0.42836911298076924 0.6309314735576923 0.43548570673076925 0.6301774182692307 0.4446429639423077 0.6314058389423077 0.4534966947115385 0.6337977908653846 0.4561444110576923 0.6556050552884615 0.4528056129807692 0.6571780576923077 0.44955084375
1 0.7760386490384616 0.4342792355769231 0.7753078076923077 0.42543672836538465 0.7768808149038461 0.4221819567307692 0.7732604399038461 0.4106805120192308 0.7645115769230769 0.40599213221153846 0.7585641442307692 0.40690271394230765 0.7550086610576923 0.41046101201923074 0.7526815985576923 0.4228730384615385 0.7539100240384615 0.4317267692307692 0.7677873701923077 0.42960207932692307 0.7760386490384616 0.4342792355769231
1 0.8271319350961538 0.39037677403846155 0.82234803125 0.38508134134615385 0.8179736009615385 0.38273715144230774 0.8100436875000001 0.3839512596153846 0.8064882043269231 0.3875095576923077 0.8041611442307691 0.39992158894230767 0.8053895673076923 0.40877531971153847 0.8291793076923077 0.40513299278846154 0.8303428365384615 0.3989269807692307 0.8271319350961538 0.39037677403846155
2 0.4872012379807692 1 0.4905291490384615 0.9994904807692309 0.49169267788461535 0.9932844663461539 0.4888912524038461 0.9876855072115384 0.4745395360576923 0.9717992067307691 0.46742857211538463 0.9789158004807692 0.45355122355769234 0.9810404903846154 0.4511592716346154 0.9783927740384615 0.4452118365384615 0.9793033557692308 0.44644025721153846 0.9881570889423077 0.4536161153846154 0.9961002403846154 0.46576434375000003 1 0.4872012379807692 1
2 0.577283829326923 0.9681243004807693 0.5756459302884616 0.9563193221153846 0.570043076923077 0.9451214038461538 0.5652591754807692 0.9398259711538461 0.545434389423077 0.9428612427884615 0.5450898076923077 0.9549697427884615 0.5550670913461538 0.9685118509615385 0.5657984326923077 0.9728967067307692 0.5757108245192307 0.9713790697115384 0.577283829326923 0.9681243004807693
2 0.5771540432692308 0.9380048076923077 0.5819379495192307 0.9433002403846154 0.5898678629807692 0.9420861322115385 0.5922598149038462 0.9447338485576923 0.6041546850961539 0.9429126875 0.6065466370192307 0.9455604038461539 0.6263714206730769 0.9425251322115386 0.6275349519230768 0.9363191177884616 0.6247335240384615 0.9307201562499999 0.6072358004807692 0.9213434014423078 0.6012883677884615 0.9222539831730768 0.5866569615384616 0.9335359278846155 0.5787270480769231 0.9347500360576924 0.5771540432692308 0.9380048076923077
2 0.669511576923077 0.9178365456730769 0.6611072980769231 0.9010396658653845 0.6393000360576924 0.9043784639423078 0.63772703125 0.9076332355769231 0.6409379326923077 0.9161834399038462 0.650096266826923 0.9238230600961538 0.6564531778846153 0.9258637235576923 0.6663655673076924 0.9243460865384615 0.669511576923077 0.9178365456730769
2 0.6753292283653847 0.8868064759615385 0.6737562235576923 0.8900612451923077 0.674575173076923 0.8959637331730769 0.6769671249999999 0.8986114495192308 0.6960378509615384 0.9047334374999999 0.7039677668269231 0.903519329326923 0.7063597163461538 0.9061670456730769 0.71388015625 0.9020016923076923 0.7122422620192308 0.8901967187500001 0.7102597836538462 0.8905002451923077 0.7006919711538462 0.8799093774038462 0.6974810721153847 0.871359173076923 0.6903701081730769 0.8784757692307692 0.6907795793269231 0.8814270144230769 0.6753292283653847 0.8868064759615385
2 0.7064648533653847 0.7464123365384616 0.7088568052884615 0.7490600528846154 0.7104298100961538 0.7458052836538461 0.7203422019230769 0.7442876466346154 0.7199327283653846 0.7413364014423076 0.7151488221153847 0.73604096875 0.6976511009615384 0.7266642115384615 0.6972416250000001 0.72371296875 0.6881481826923077 0.7311330913461538 0.6865751778846154 0.7343878605769232 0.688622548076923 0.7491440817307692 0.7064648533653847 0.7464123365384616
2 0.7971195985576922 0.6993793533653846 0.8038859807692307 0.7043712596153846 0.8094239423076923 0.7005094350961538 0.8109969471153846 0.6972546634615384 0.8093590504807692 0.6854496923076923 0.7954817019230769 0.6875743798076923 0.7971195985576922 0.6993793533653846
2 0.8510559855769231 0.6941353653846154 0.8463369735576923 0.7038996778846154 0.8491384014423077 0.7094986370192308 0.8630157475961538 0.7073739471153846 0.8665712331730769 0.7038156490384615 0.865752283653846 0.6979131634615385 0.857003423076923 0.6932247836538461 0.8510559855769231 0.6941353653846154
2 0.8721091923076922 0.6999538245192307 0.8689631826923077 0.7064633677884615 0.8745660384615385 0.7176612860576923 0.87894046875 0.7200054759615384 0.8848879038461538 0.7190948966346155 0.8884433870192308 0.7155365961538462 0.8879690192307692 0.697525608173077 0.8721091923076922 0.6999538245192307
2 0.9388444134615385 0.6264436778846154 0.9328969783653847 0.6273542596153846 0.928522548076923 0.6250100697115385 0.9269495432692308 0.6282648413461539 0.9281779663461538 0.6371185721153847 0.9305699182692307 0.6397662884615385 0.9484122235576924 0.6370345432692308 0.9475932764423077 0.6311320576923076 0.9388444134615385 0.6264436778846154
2 0.9467743269230768 0.6252295697115385 0.94800275 0.6340833004807693 0.9717924879807692 0.6304409759615385 0.9733654951923078 0.6271862043269232 0.9554582956730768 0.6148582043269231 0.9523122884615384 0.6213677451923078 0.9467743269230768 0.6252295697115385