0 0.826 0.39339339423076924 0.8099999999999999 0.375375375 0.796 0.375375375 0.786 0.3903903894230769 0.7919999999999999 0.42642642548076926 0.8200000000000001 0.44144144230769233 0.826 0.39339339423076924
1 0.878 0.25525525480769234 0.854 0.22822822836538462 0.8160000000000001 0.23723723798076923 0.786 0.2882882884615384 0.786 0.33633633653846157 0.8180000000000001 0.3153153149038461 0.8979999999999999 0.30630630528846153 0.878 0.25525525480769234
0 0.8500000000000001 0.4204204206730769 0.83 0.43243243269230774 0.8320000000000001 0.4774774783653846 0.876 0.48348348317307693 0.8680000000000001 0.43543543509615384 0.8500000000000001 0.4204204206730769
1 0.562 0.3633633629807692 0.546 0.35435435336538457 0.528 0.36036036057692306 0.52 0.38438438461538466 0.546 0.40840840865384614 0.566 0.40240240144230766 0.562 0.3633633629807692
1 0.35 0.39339339423076924 0.33199999999999996 0.40540540625 0.33 0.42642642548076926 0.35400000000000004 0.43243243269230774 0.358 0.40840840865384614 0.35 0.39339339423076924
1 0.156 0.4114114110576923 0.136 0.4114114110576923 0.134 0.43243243269230774 0.152 0.4384384375 0.16 0.42942943028846153 0.156 0.4114114110576923
0 0.5283100000000001 0.4018558557692308 0.5239320000000001 0.41040540625 0.525246 0.4242132139423077 0.54451 0.4314444447115384 0.54232 0.40645945913461534 0.537066 0.39725225240384615 0.5283100000000001 0.4018558557692308
0 0.188948 0.4412972980769231 0.182032 0.43887387499999997 0.182032 0.4489159158653846 0.188026 0.4547987980769231 0.191022 0.44787687740384613 0.188948 0.4412972980769231
0 0.189408 0.4759159158653846 0.182032 0.47833933894230773 0.184338 0.4901111105769231 0.19471 0.48422522596153844 0.193558 0.47557056971153844 0.189408 0.4759159158653846
0 0.358196 0.4313483485576923 0.35675599999999996 0.43919519471153845 0.360898 0.4492072067307692 0.361438 0.4497477475961539 0.360898 0.44866366346153846 0.369724 0.44785285336538466 0.36540199999999995 0.4367597596153846 0.36378 0.43243243269230774 0.358196 0.4313483485576923
2 0.68401 0.8843603605769231 0.684434 0.8486516514423077 0.6793399999999999 0.8320750745192308 0.654294 0.8200390384615385 0.6606620000000001 0.8792582572115385 0.669152 0.9003003004807693 0.68401 0.8843603605769231