1 0.744 0.4804804807692308 0.752 0.4804804807692308 0.76 0.4594594591346154 0.76 0.4384384375 0.752 0.42642642548076926 0.74 0.42642642548076926 0.73 0.43243243269230774 0.728 0.43543543509615384 0.728 0.4474474471153846 0.738 0.4774774783653846 0.744 0.4804804807692308
1 0.72 0.4204204206730769 0.72 0.40540540625 0.714 0.39339339423076924 0.7100000000000001 0.3903903894230769 0.702 0.3903903894230769 0.698 0.3963963966346154 0.696 0.3963963966346154 0.6940000000000001 0.40240240144230766 0.696 0.40840840865384614 0.716 0.4204204206730769 0.72 0.4204204206730769
1 0.518 0.5375375384615384 0.524 0.5525525528846154 0.526 0.5525525528846154 0.532 0.5645645649038461 0.534 0.5645645649038461 0.5399999999999999 0.5735735745192307 0.546 0.5735735745192307 0.5479999999999999 0.5765765769230768 0.56 0.5765765769230768 0.562 0.5735735745192307 0.5680000000000001 0.5735735745192307 0.5760000000000001 0.5495495504807693 0.5760000000000001 0.5255255264423077 0.574 0.5225225216346154 0.574 0.5105105096153847 0.572 0.5015015024038462 0.562 0.4864864855769231 0.552 0.4804804807692308 0.544 0.4804804807692308 0.538 0.48348348317307693 0.528 0.4954954951923077 0.522 0.49849849759615383 0.518 0.5105105096153847 0.518 0.5195195192307692 0.516 0.5225225216346154 0.518 0.5285285288461539 0.518 0.5375375384615384
1 0.512 0.45645645673076923 0.518 0.46246246153846154 0.524 0.4654654663461538 0.536 0.4654654663461538 0.5399999999999999 0.45645645673076923 0.5399999999999999 0.43243243269230774 0.536 0.42642642548076926 0.536 0.4234234230769231 0.53 0.4174174182692308 0.52 0.4174174182692308 0.516 0.4204204206730769 0.506 0.43543543509615384 0.508 0.4474474471153846 0.512 0.4534534543269231 0.512 0.45645645673076923
1 0.134 0.4924924927884616 0.15 0.5045045048076923 0.156 0.5045045048076923 0.15799999999999997 0.5075075072115385 0.174 0.5075075072115385 0.182 0.49849849759615383 0.186 0.4864864855769231 0.186 0.4804804807692308 0.184 0.4774774783653846 0.184 0.4654654663461538 0.18 0.4474474471153846 0.16999999999999998 0.43243243269230774 0.164 0.43243243269230774 0.16199999999999998 0.42942943028846153 0.15 0.42942943028846153 0.14400000000000002 0.43243243269230774 0.138 0.44144144230769233 0.136 0.44144144230769233 0.136 0.4444444447115385 0.128 0.4594594591346154 0.128 0.4714714711538462 0.126 0.47447447355769234 0.128 0.48348348317307693 0.134 0.4924924927884616
0 0.492 0.7057057067307693 0.49 0.6936936947115384 0.486 0.6876876875 0.486 0.6846846850961538 0.484 0.6846846850961538 0.474 0.6966966971153846 0.47200000000000003 0.7027027019230769 0.47200000000000003 0.7147147139423077 0.486 0.7237237235576923 0.492 0.7057057067307693
0 0.42689999999999995 0.6003363365384615 0.41554 0.585873875 0.414852 0.5889729735576923 0.41416400000000003 0.5874234230769231 0.40969 0.5972372379807692 0.41795 0.6173813822115384 0.431376 0.6080840841346153 0.42689999999999995 0.6003363365384615
3 0.258 0.6336336346153846 0.28 0.6396396394230769 0.282 0.6366366370192308 0.28 0.6246246249999999 0.27399999999999997 0.6156156153846154 0.276 0.5855855865384615 0.28 0.5735735745192307 0.27799999999999997 0.5615615625 0.298 0.5435435432692308 0.318 0.5435435432692308 0.318 0.46846846875 0.296 0.46246246153846154 0.276 0.47447447355769234 0.246 0.5195195192307692 0.226 0.5585585576923077 0.224 0.5675675673076923 0.226 0.5915915913461538 0.23399999999999999 0.6156156153846154 0.258 0.6336336346153846
3 0.186284 0.5372942932692307 0.20672200000000002 0.5291171177884615 0.203088 0.5713693701923077 0.16999999999999998 0.6786786778846154 0.174 0.6816816826923078 0.20199999999999999 0.6576576586538461 0.21 0.6246246249999999 0.212 0.5975975985576923 0.21 0.5735735745192307 0.214 0.5615615625 0.214 0.5375375384615384 0.20400000000000001 0.5045045048076923 0.188 0.4804804807692308 0.182 0.4864864855769231 0.164 0.53153153125 0.164 0.5405405408653846 0.15399999999999997 0.5495495504807693 0.148 0.5765765769230768 0.146 0.6216216225961539 0.15 0.6276276274038461 0.16902599999999998 0.5754594591346154 0.186284 0.5372942932692307
3 0.12000000000000001 0.5225225216346154 0.12000000000000001 0.5345345336538462 0.12200000000000001 0.5375375384615384 0.12200000000000001 0.5615615625 0.12000000000000001 0.5645645649038461 0.12000000000000001 0.5825825817307693 0.12200000000000001 0.5885885889423077 0.12400000000000001 0.5885885889423077 0.126 0.5795795793269231 0.132 0.5675675673076923 0.136 0.5015015024038462 0.132 0.4954954951923077 0.126 0.4774774783653846 0.12200000000000001 0.4804804807692308 0.12000000000000001 0.4864864855769231 0.12000000000000001 0.4954954951923077 0.11800000000000001 0.49849849759615383 0.11800000000000001 0.5195195192307692 0.12000000000000001 0.5225225216346154
3 0.35 0.5885885889423077 0.352 0.5915915913461538 0.358 0.5885885889423077 0.36 0.5825825817307693 0.36 0.5765765769230768 0.356 0.5615615625 0.356 0.5345345336538462 0.358 0.53153153125 0.358 0.516516516826923 0.356 0.5135135144230769 0.34600000000000003 0.516516516826923 0.34600000000000003 0.5195195192307692 0.33999999999999997 0.5255255264423077 0.33399999999999996 0.5255255264423077 0.328 0.5375375384615384 0.322 0.5795795793269231 0.326 0.5855855865384615 0.33199999999999996 0.5885885889423077 0.35 0.5885885889423077
3 0.352 0.46246246153846154 0.36200000000000004 0.4774774783653846 0.36200000000000004 0.48348348317307693 0.366 0.4954954951923077 0.382 0.4954954951923077 0.384 0.4924924927884616 0.384 0.48348348317307693 0.37 0.44144144230769233 0.364 0.4384384375 0.34600000000000003 0.44144144230769233 0.33999999999999997 0.45045044951923074 0.33999999999999997 0.45645645673076923 0.348 0.46246246153846154 0.352 0.46246246153846154
3 0.534 0.6906906899038462 0.536 0.6876876875 0.5479999999999999 0.6876876875 0.55 0.6846846850961538 0.5559999999999999 0.6636636634615385 0.5559999999999999 0.6306306298076922 0.552 0.6306306298076922 0.55 0.6396396394230769 0.5479999999999999 0.6396396394230769 0.518 0.6876876875 0.534 0.6906906899038462
3 0.462 0.7057057067307693 0.46799999999999997 0.7057057067307693 0.502 0.6606606610576923 0.536 0.6366366370192308 0.5680000000000001 0.5825825817307693 0.566 0.5765765769230768 0.532 0.5795795793269231 0.513258 0.6111021009615384 0.508 0.5585585576923077 0.51 0.5285285288461539 0.518 0.5075075072115385 0.518 0.5015015024038462 0.512 0.49849849759615383 0.494 0.49849849759615383 0.48800000000000004 0.5075075072115385 0.474 0.5555555552884616 0.47200000000000003 0.6036036033653847 0.456 0.6576576586538461 0.456 0.6996996995192308 0.462 0.7057057067307693
3 0.614 0.4534534543269231 0.6180000000000001 0.4534534543269231 0.626 0.4444444447115385 0.636 0.4384384375 0.638 0.43243243269230774 0.642 0.42642642548076926 0.644 0.42642642548076926 0.644 0.4234234230769231 0.6479999999999999 0.4174174182692308 0.652 0.39939939903846156 0.652 0.3903903894230769 0.636 0.37837837740384617 0.624 0.38438438461538466 0.6159999999999999 0.3963963966346154 0.614 0.40240240144230766 0.614 0.4144144134615385 0.612 0.4174174182692308 0.612 0.45045044951923074 0.614 0.4534534543269231
3 0.608 0.4474474471153846 0.608 0.4384384375 0.61 0.43543543509615384 0.598 0.40240240144230766 0.596 0.39939939903846156 0.592 0.39939939903846156 0.59 0.40240240144230766 0.592 0.4384384375 0.596 0.4474474471153846 0.608 0.4474474471153846
3 0.6880000000000001 0.44144144230769233 0.6900000000000001 0.4384384375 0.702 0.4384384375 0.704 0.44144144230769233 0.712 0.44144144230769233 0.716 0.4444444447115385 0.718 0.4384384375 0.718 0.42942943028846153 0.714 0.4234234230769231 0.7 0.4144144134615385 0.6940000000000001 0.4144144134615385 0.678 0.4234234230769231 0.678 0.43543543509615384 0.676 0.44144144230769233 0.6799999999999999 0.4444444447115385 0.6880000000000001 0.44144144230769233
3 0.7 0.5045045048076923 0.698 0.5075075072115385 0.698 0.5135135144230769 0.704 0.5135135144230769 0.7080000000000001 0.5075075072115385 0.714 0.4774774783653846 0.714 0.4594594591346154 0.716 0.45645645673076923 0.716 0.4444444447115385 0.712 0.4384384375 0.7080000000000001 0.44144144230769233 0.696 0.4594594591346154 0.696 0.4714714711538462 0.7 0.4804804807692308 0.7 0.5045045048076923