0 0.16354317307692307 0.4058149230769231 0.1487885985576923 0.42561452884615386 0.1580315360576923 0.4726093870192308 0.18497012019230769 0.4543605360576923 0.18852104326923075 0.41786213942307693 0.17752068028846152 0.40414525240384613 0.16354317307692307 0.4058149230769231
1 0.1816093125 0.31647747596153847 0.14820164663461538 0.26936300721153844 0.10965284134615386 0.2649492644230769 0.08752097596153846 0.29464867307692305 0.07100897836538461 0.3477262451923077 0.15149030048076922 0.34713098076923077 0.18486189182692309 0.36418790625 0.1816093125 0.31647747596153847
0 0.10970208653846154 0.4723701634615385 0.10496751923076923 0.5210346875 0.14849025240384617 0.5098233557692308 0.1474377451923077 0.46485630048076926 0.1266567331730769 0.4553139350961538 0.10970208653846154 0.4723701634615385
1 0.42569600721153844 0.35345640625 0.4103315721153846 0.3643103076923077 0.40898071874999997 0.40355208173076923 0.42935515865384616 0.4071306442307692 0.45368709615384617 0.3801746129807692 0.4440736586538462 0.3572734951923077 0.42569600721153844 0.35345640625
1 0.6170531009615385 0.38470936538461536 0.6226729663461538 0.40808752884615385 0.6462278341346154 0.39926143509615386 0.6428080432692307 0.37862664903846155 0.6240238197115384 0.3688457596153846 0.6170531009615385 0.38470936538461536
1 0.816157983173077 0.3819687788461538 0.8247549903846154 0.3899603870192308 0.8423194951923076 0.3818498629807693 0.8388997043269231 0.36121507451923074 0.8189318389423076 0.3636003173076923 0.816157983173077 0.3819687788461538
0 0.45152288701923077 0.4064817331730769 0.44657316586538465 0.3985143846153846 0.43751959615384617 0.39498738942307693 0.4328973125 0.4047565048076923 0.4324021730769231 0.4298271105769231 0.4511457091346154 0.4203492283653846 0.45152288701923077 0.4064817331730769
0 0.7864346129807692 0.40398635096153845 0.789894375 0.4105023245192308 0.7954805048076923 0.40394592067307694 0.7948007187499999 0.39397444230769235 0.7880598798076923 0.3972056538461538 0.7864346129807692 0.40398635096153845
0 0.7857773918269231 0.43178789663461536 0.7852131153846155 0.4405191298076923 0.7959668918269232 0.44512667067307693 0.7974723052884615 0.43316259375 0.7899441033653846 0.43163587980769236 0.7857773918269231 0.43178789663461536
0 0.6080181033653846 0.425274875 0.6168848124999999 0.4250273798076923 0.6164190649038462 0.42616824759615385 0.6169216057692307 0.4255671033653846 0.6203791947115385 0.41513145913461535 0.6184103221153846 0.4075114879807692 0.6129086778846153 0.40925391346153844 0.6115822211538462 0.41374427884615383 0.6080181033653846 0.425274875
2 0.3209455432692308 0.8607903725961539 0.32378614182692306 0.8961976009615384 0.33969931249999996 0.9102535408653847 0.34675124278846153 0.8883468149038461 0.34910020673076925 0.82878425 0.32490921875 0.8437227524038462 0.3209455432692308 0.8607903725961539