1 0.29563968749999997 0.7715213942307693 0.23671997596153846 0.7794451298076923 0.25049752163461536 0.8249779807692307 0.27980772115384617 0.8226659086538461 0.29103657692307694 0.7975883149038462 0.29563968749999997 0.7715213942307693
3 0.31127669471153846 0.5497894927884615 0.23588559134615383 0.5418766610576923 0.22248894951923076 0.6402047259615385 0.3039797427884615 0.6055527019230769 0.31240138461538464 0.5867445072115385 0.31127669471153846 0.5497894927884615
3 0.8340304014423077 0.4873853197115385 0.7859676514423076 0.5236844134615384 0.7740675889423076 0.6055145432692307 0.8255361826923077 0.556346875 0.8345564567307692 0.5309395096153846 0.8340304014423077 0.4873853197115385
1 0.8438940697115385 0.8968602860576923 0.8456899639423077 0.877062764423077 0.8343477379807692 0.8787134639423078 0.8198264062499999 0.9400865144230769 0.8414269639423076 0.9734103485576924 0.8779615384615386 0.9654884302884615 0.88357596875 0.9529496370192307 0.8438940697115385 0.8968602860576923
3 0.8705422067307692 0.8005108846153846 0.9036709350961538 0.8054575384615384 0.945892514423077 0.7348434615384616 0.9476884110576923 0.7150459375 0.8863333774038461 0.6757861201923077 0.8651862980769232 0.7361698389423077 0.8705422067307692 0.8005108846153846
3 0.9570895865384615 0.8334994879807692 0.9575748485576923 0.8034734254807692 0.9220923846153847 0.8985037211538462 0.9390490408653847 0.8843142211538461 0.9570895865384615 0.8334994879807692
1 0.45405895673076924 0.8018645168269232 0.4144178485576923 0.8193554182692308 0.4227669134615385 0.8507005889423076 0.4473606322115385 0.851028545673077 0.4551836442307692 0.83881953125 0.45405895673076924 0.8018645168269232
3 0.6390447740384615 0.5886977283653846 0.6677563413461538 0.5929848317307692 0.7060868100961539 0.5652653918269231 0.7138690264423077 0.4794761225961538 0.7320229447115385 0.4520882740384616 0.7235605096153847 0.39731621875 0.6279928533653846 0.38973498076923074 0.6047097692307692 0.3996355600961538 0.6019841442307692 0.5530654591346154 0.6390447740384615 0.5886977283653846
1 0.6506137403846155 0.6339008052884616 0.6657744975961539 0.6395088317307691 0.6855383653846154 0.6190499350961538 0.6882322091346154 0.5893536514423077 0.6409540384615385 0.5923270961538462 0.64076809375 0.6190535697115384 0.6506137403846155 0.6339008052884616
1 0.5967914110576923 0.7830454206730769 0.5586468870192308 0.7840383870192308 0.5556537259615385 0.8170342572115386 0.5649007379807692 0.8384806658653846 0.5906917211538462 0.8256102788461538 0.5967914110576923 0.7830454206730769
1 0.69066753125 0.636537201923077 0.7099461370192308 0.6461043725961539 0.727202108173077 0.6286152860576923 0.71754240625 0.587041579326923 0.7048895456730769 0.5784637403846153 0.6929486875 0.5867136153846154 0.69066753125 0.636537201923077
3 0.5691637403846154 0.7421330817307693 0.5888444663461538 0.7093146923076923 0.59578009375 0.7695172956730769 0.6143466971153846 0.76225675 0.6208590721153846 0.7398191923076923 0.619796048076923 0.6907838149038461 0.6332444014423076 0.627963 0.5681842043269231 0.60487134375 0.5379442740384616 0.7408157932692307 0.5585335168269231 0.7606114975961538 0.5691637403846154 0.7421330817307693
3 0.41299384615384616 0.7856999903846155 0.4463085216346154 0.7639201706730769 0.45903395913461537 0.722344641826923 0.45199552403846155 0.7012280120192307 0.4663309134615385 0.6665814375000001 0.45899316586538463 0.6487643942307693 0.41010504567307693 0.6448088846153847 0.3944590264423077 0.669226923076923 0.38757475721153845 0.7451174302884614 0.41299384615384616 0.7856999903846155
1 0.056069733173076924 0.8461109663461539 0.07014659615384615 0.8883442307692307 0.09855884615384616 0.895930920673077 0.1224405625 0.8794311658653846 0.13235878365384615 0.8441250360576924 0.13696189423076924 0.8180581129807692 0.12651761298076922 0.8098100576923077 0.10866301442307692 0.8338983149038461 0.08317134615384615 0.8434691177884616 0.06419206009615384 0.830602360576923 0.056069733173076924 0.8461109663461539
1 0.5297196850961539 0.5523147355769231 0.5121515865384615 0.5400299086538461 0.5041793269230769 0.5513671947115385 0.5025015024038462 0.5672227211538462 0.5056718774038461 0.57449503125 0.5130217572115384 0.5759904543269231 0.5247971610576923 0.5669734423076923 0.5297196850961539 0.5523147355769231
1 0.5230593485576923 0.5914114687500001 0.5261992403846154 0.5779212788461539 0.5207797524038461 0.5663735793269231 0.5078425985576923 0.5769695264423077 0.5135668269230769 0.5957194879807692 0.5230593485576923 0.5914114687500001
2 0.1431479230769231 0.20697854567307694 0.16231315625 0.19311882692307694 0.16512037259615384 0.18684942788461537 0.16601831971153846 0.1769506658653846 0.15557404326923077 0.16870260817307692 0.1334882235576923 0.16540483653846155 0.13098032451923075 0.16837464663461538 0.11772883413461538 0.1663959855769231 0.11522093509615385 0.16936579326923076 0.10859518990384615 0.16837646394230768 0.10387870913461539 0.17101649759615387 0.10238212980769232 0.1875144326923077 0.10399207932692309 0.19444338701923075 0.12386931730769232 0.1974113798076923 0.12577858173076922 0.20104074278846154 0.13240433173076924 0.20203007211538462 0.13431359615384617 0.20565943750000001 0.1431479230769231 0.20697854567307694
2 0.16111589423076925 0.20631717548076922 0.15007298557692308 0.20466828846153848 0.14475787259615386 0.21390749759615385 0.14636782211538463 0.2208364495192308 0.1691656442307692 0.24096193269230767 0.18331508413461536 0.23304183413461538 0.19435799278846153 0.23469071875 0.19937379086538462 0.2287510985576923 0.20027173798076922 0.21885233653846156 0.194244625 0.21126382932692306 0.16362379086538462 0.2033473653846154 0.16111589423076925 0.20631717548076922
2 0.3172540048076923 0.2864838822115385 0.3187505841346154 0.2699859447115385 0.31272347115384613 0.2623974399038462 0.29505481490384616 0.2597592235576923 0.29254691826923074 0.26272903605769227 0.28592117307692305 0.26173970432692306 0.27427962980769227 0.26668999278846156 0.27117310096153846 0.2762589783653846 0.2699758365384616 0.2894573269230769 0.27188510096153845 0.2930866899038462 0.2807194302884616 0.2944057980769231 0.28322732932692307 0.2914359879807692 0.29206165384615385 0.29275509615384615 0.2961795048076923 0.29671423798076924 0.3147461057692308 0.2894536923076923 0.3172540048076923 0.2864838822115385
2 0.31946258653846155 0.28681365865384617 0.3147461057692308 0.2894536923076923 0.3141474735576923 0.29605286778846157 0.32781165144230767 0.3181588293269231 0.32811096874999995 0.31485924038461544 0.33282744951923077 0.3122192091346154 0.3438703605769231 0.31386809375 0.34888615384615385 0.30792847355769226 0.3494847860576923 0.30132929807692305 0.3478748365384616 0.29440034615384614 0.3437569879807692 0.29044120673076923 0.31946258653846155 0.28681365865384617
2 0.45471214182692304 0.3504842451923077 0.4522042451923077 0.3534540552884616 0.4455785 0.3524647235576923 0.4405627019230769 0.35840434615384614 0.43966475240384617 0.36830310576923075 0.4415740192307692 0.37193247115384614 0.45482551201923077 0.3739111346153846 0.4567347788461538 0.3775404975961539 0.46336052403846156 0.37852983173076926 0.4683763197115385 0.3725902067307692 0.4705849038461538 0.3729199855769231 0.47309279807692306 0.36995017788461537 0.4745893798076923 0.35345223798076925 0.45471214182692304 0.3504842451923077
2 0.4721948485576923 0.37984893990384616 0.4709975865384616 0.3930472860576923 0.4829384471153846 0.3847974086538462 0.4848477091346154 0.3884267740384616 0.489264875 0.38908632692307693 0.49308340624999997 0.3963450576923077 0.49439404326923075 0.40657359375 0.515767860576923 0.3930436514423077 0.5169651225961538 0.37984530048076925 0.5150558557692307 0.37621593990384616 0.47500206730769234 0.37357953846153846 0.4721948485576923 0.37984893990384616
2 0.7146853870192308 0.32241685817307697 0.7152840192307692 0.3158176850961538 0.7303314062499999 0.29799882211538464 0.7309300408653846 0.2913996466346154 0.7274108245192308 0.2808413293269231 0.7283087716346154 0.2709425673076923 0.7263995048076922 0.2673132067307692 0.7065222692307693 0.2643452115384615 0.6995972067307693 0.26665546875 0.692073514423077 0.27556489663461536 0.6829398677884615 0.27754537740384616 0.6726089615384615 0.2927242043269231 0.6758288605769232 0.3065821081730769 0.6872844567307692 0.3283582956730769 0.6961187836538462 0.32967740384615385 0.698926 0.32340800480769233 0.7146853870192308 0.32241685817307697
2 0.6668811658653847 0.28183611298076927 0.6671804807692308 0.2785365264423077 0.6517204062499999 0.27622808894230766 0.6416888125 0.28810732692307695 0.6398929158653845 0.3079048485576923 0.6418021826923077 0.3115342163461538 0.640904235576923 0.3214329783653846 0.6428135024038462 0.32506234375 0.6648993197115385 0.3283601129807692 0.6675931634615384 0.2986638293269231 0.6701010625 0.2956940168269231 0.6706996971153847 0.2890948413461538 0.6668811658653847 0.28183611298076927
2 0.9720781610576924 0.34747264182692306 0.9739874254807692 0.35110200721153845 0.9764953245192308 0.34813219471153845 0.9770939567307693 0.3415330240384616 0.9754840072115385 0.33460407211538457 0.97136615625 0.3306449278846154 0.9271945216346154 0.3240493894230769 0.9246866201923076 0.32701919951923075 0.9092265456730769 0.32471076201923077 0.902301485576923 0.3270210144230769 0.8994942740384615 0.3332904158653846 0.8979976923076923 0.3497883509615385 0.8996076418269231 0.3567173004807692 0.9084419687499999 0.35803640865384617 0.9210948293269231 0.36661424759615385 0.9321377403846154 0.36826313221153845 0.9544095048076924 0.34483442548076926 0.9720781610576924 0.34747264182692306
2 0.8996076418269231 0.3567173004807692 0.8987096947115384 0.3666160625 0.9022289086538462 0.3771743798076923 0.9198975649038462 0.37981259615384616 0.9218068317307692 0.38344196153846155 0.9262239927884616 0.3841015144230769 0.9346456370192308 0.36529332211538457 0.8996076418269231 0.3567173004807692
2 0.8413273557692308 0.43162211298076925 0.8441345673076923 0.4253527139423077 0.8456311490384615 0.40885477884615384 0.8437218846153847 0.4052254158653846 0.8282618100961538 0.40291697596153847 0.8235453317307692 0.4055570072115385 0.82204875 0.4220549447115385 0.836610875 0.4342621466346154 0.8413273557692308 0.43162211298076925