1 0.8710801394230769 0.43 0.8780487812500001 0.42 0.93205575 0.4233333341346154 0.9425087115384615 0.43 0.9494773509615384 0.4633333341346154 0.9599303124999999 0.44 0.9599303124999999 0.42666666586538465 0.9512195120192307 0.3866666658653846 0.9390243894230769 0.3666666658653846 0.9250871081730769 0.35666666586538465 0.9163763076923076 0.35333333413461543 0.8937282235576922 0.35666666586538465 0.879790939903846 0.3766666658653846 0.8675958197115385 0.40333333413461536 0.8623693389423077 0.4233333341346154 0.8641114975961539 0.44 0.8693379783653847 0.44 0.8710801394230769 0.43
1 0.5009459927884615 0.4780666658653846 0.5020749134615385 0.4286633341346154 0.48568292788461537 0.4113533341346154 0.4692909399038462 0.4178433341346154 0.4577979086538461 0.4463333341346154 0.45704529567307695 0.4470533341346154 0.46646515625 0.45679000000000003 0.5009459927884615 0.4780666658653846
1 0.5664668990384615 0.4552533341346154 0.5606254350961538 0.44804 0.5455522644230769 0.4577766658653846 0.5515818822115385 0.46354666586538457 0.5660888509615385 0.4761666658653846 0.5664668990384615 0.4552533341346154
1 0.5894529615384616 0.5035733341346154 0.5805975600961538 0.4862633341346154 0.5660888509615385 0.4790533341346154 0.5532770024038461 0.49996666586538463 0.5581759591346154 0.5057366658653846 0.5866271778846154 0.5208833341346154 0.5894529615384616 0.5035733341346154
1 0.6642996514423077 0.4703966658653846 0.6626045288461538 0.4433533341346154 0.6394285721153847 0.4336166658653846 0.6296324038461538 0.46426666586538456 0.6307630673076924 0.46535 0.6445174206730768 0.45921999999999996 0.6642996514423077 0.4703966658653846
0 0.7963867596153846 0.5783166658653847 0.7844982572115384 0.6186233341346153 0.7923101033653845 0.64918 0.8079355408653845 0.65048 0.8140505216346153 0.6582833341346154 0.8378275264423076 0.70054 0.8526045288461539 0.6419666658653846 0.8208432067307693 0.6121233341346154 0.8126916370192308 0.59002 0.7963867596153846 0.5783166658653847
0 0.6546968629807692 0.65956 0.6532090600961538 0.6253566658653846 0.6420383269230769 0.6201333341346154 0.6378205576923077 0.6571866658653847 0.648989548076923 0.67191 0.6546968629807692 0.65956
2 0.6169094086538462 0.6676366658653846 0.614426829326923 0.6804633341346153 0.6265888509615384 0.68759 0.6476864110576923 0.68569 0.64644425 0.6728633341346154 0.6382543557692307 0.6619366658653847 0.6375087115384616 0.6633633341346153 0.6310557499999999 0.6695366658653845 0.6169094086538462 0.6676366658653846
2 0.6650592331730769 0.7945866658653846 0.6779668990384615 0.7812866658653845 0.6752369326923078 0.7280833341346155 0.6623292692307692 0.7238066658653846 0.6618327524038462 0.75801 0.6407369326923077 0.7708366658653846 0.6422247379807692 0.7893633341346155 0.6650592331730769 0.7945866658653846
2 0.5597613245192308 0.7960933341346154 0.5595331009615385 0.7838633341346154 0.5467526129807692 0.7729433341346154 0.544926829326923 0.77076 0.5421881538461538 0.7886666658653846 0.5335156802884615 0.7960933341346154 0.5478937283653846 0.8070133341346154 0.5597613245192308 0.7960933341346154
2 0.5841811850961538 0.7939066658653846 0.5670644591346155 0.7939066658653846 0.5643257836538461 0.8201166658653847 0.5803013942307692 0.8284133341346155 0.5862351923076923 0.8188066658653846 0.5841811850961538 0.7939066658653846
0 0.37861324038461536 0.37761333413461534 0.36355052163461543 0.3920266658653846 0.3697125432692308 0.4247866658653846 0.3715383269230769 0.46366 0.39299128846153847 0.4575466658653846 0.38842682932692313 0.42696999999999996 0.39093728125 0.39028 0.37861324038461536 0.37761333413461534
0 0.5190243894230769 0.4603766658653846 0.5140034831730769 0.48702 0.5190243894230769 0.5084233341346154 0.5217630673076923 0.5167233341346154 0.5208912019230769 0.544671516826923 0.5434442500000001 0.5442400000000001 0.5379668990384615 0.5114799999999999 0.5429878052884616 0.4848366658653846 0.5391080144230769 0.47348 0.5256428581730769 0.46605333413461536 0.5190243894230769 0.4603766658653846
2 0.5542961682692308 0.9966666658653847 0.5586515673076924 0.9667466658653846 0.550947735576923 0.91225 0.5278344951923077 0.9199433341346155 0.5305139375 0.9770033341346154 0.5345331009615385 0.9966666658653847 0.5542961682692308 0.9966666658653847
2 0.5315191634615385 0.9545633341346154 0.5221393725961538 0.9039166658653847 0.5017055745192308 0.9019933341346154 0.5087404182692308 0.9423833341346154 0.48328223076923077 0.9725166658653847 0.4946707307692308 0.9827733341346154 0.5315191634615385 0.9545633341346154