1 0.34673496634615386 0.07450333413461538 0.33407572355769233 0.060000000000000005 0.3167282860576923 0.05905333413461538 0.29844098076923076 0.06666666586538461 0.2806236081730769 0.10333333413461537 0.2806236081730769 0.11666666586538461 0.3541202668269231 0.14666666586538463 0.3541202668269231 0.1 0.34673496634615386 0.07450333413461538
1 0.5322939855769231 0.1833333341346154 0.541202673076923 0.17666666586538463 0.5456570144230769 0.13 0.5300668149038461 0.09666666586538461 0.5122494423076923 0.08666666586538462 0.4877505576923077 0.10666666586538462 0.4788418701923077 0.1333333341346154 0.48329621394230765 0.16 0.49919821875000003 0.16992 0.5322939855769231 0.1833333341346154
1 0.7463118028846154 0.13122666586538462 0.7529933173076924 0.11789333413461539 0.7418574615384615 0.07122666586538462 0.7173585745192308 0.051226665865384616 0.7026525600961538 0.049510000000000005 0.6884053461538462 0.06122666586538462 0.6715857451923076 0.10880333413461538 0.6581848557692307 0.12157333413461538 0.6594521153846155 0.13455999999999999 0.6750423173076924 0.1478933341346154 0.7463118028846154 0.13122666586538462
3 0.3140311802884615 0.5266666658653846 0.3518930961538462 0.5433333341346154 0.3518930961538462 0.46 0.3452115817307692 0.4533333341346154 0.3630289543269231 0.26 0.3296213798076923 0.23333333413461538 0.31848552403846153 0.3033333341346154 0.30838084615384614 0.3414133341346154 0.3006681514423077 0.3133333341346154 0.28285077884615384 0.2466666658653846 0.26503340865384617 0.25 0.26503340865384617 0.22333333413461537 0.22271714903846154 0.2466666658653846 0.24498886298076925 0.3033333341346154 0.24944320673076922 0.35666666586538465 0.24276169230769232 0.5366666658653846 0.3140311802884615 0.5266666658653846
3 0.7661469927884615 0.4933333341346154 0.7416481057692308 0.5266666658653846 0.7349665913461538 0.5433333341346154 0.7817371947115385 0.5433333341346154 0.7861915360576923 0.49666666586538466 0.7661469927884615 0.4933333341346154
3 0.6770601346153846 0.53 0.6948775048076924 0.4333333341346154 0.7483296201923076 0.43 0.7594654783653846 0.4533333341346154 0.7661469927884615 0.42666666586538465 0.7839643653846153 0.40666666586538464 0.7772828509615385 0.3066666658653846 0.7886948774038461 0.24902666586538463 0.7906458798076923 0.23 0.7505567932692307 0.2066666658653846 0.7171492211538462 0.2933333341346154 0.7040222716346154 0.32473666586538463 0.6926503341346154 0.27666666586538463 0.6881959903846154 0.2133333341346154 0.6570155913461538 0.2133333341346154 0.6458797331730769 0.24000000000000002 0.6458797331730769 0.39 0.6614699326923077 0.4533333341346154 0.6481069038461539 0.52 0.6770601346153846 0.53
3 0.5478841875 0.38 0.5567928725961538 0.3766666658653846 0.55233853125 0.33999999999999997 0.5679287307692308 0.2666666658653846 0.5634743870192308 0.2533333341346154 0.5233853004807693 0.24000000000000002 0.4966592427884615 0.2933333341346154 0.49220489903846154 0.32 0.5233853004807693 0.3166666658653846 0.54342984375 0.35 0.5478841875 0.38
3 0.4610245 0.22333333413461537 0.4298440985576923 0.25 0.42761692548076924 0.3166666658653846 0.48329621394230765 0.3166666658653846 0.47438752884615387 0.2433333341346154 0.4610245 0.22333333413461537
3 0.4387527836538462 0.53 0.47132962019230773 0.5235966658653847 0.554565701923077 0.5533333341346154 0.5634743870192308 0.4766666658653846 0.550111358173077 0.4766666658653846 0.5468619158653846 0.5190366658653847 0.41425389663461537 0.49 0.4164810697115385 0.5433333341346154 0.4387527836538462 0.53
2 0.23385300721153846 0.9333333341346154 0.23162583413461538 0.9966666658653847 0.27394209375 0.9966666658653847 0.26503340865384617 0.9299999999999999 0.23385300721153846 0.9333333341346154
2 0.3318485528846154 0.9299999999999999 0.31180400961538457 0.92 0.29621380769230765 0.9233333341346154 0.29844098076923076 0.97 0.34075723798076923 0.9933333341346154 0.3318485528846154 0.9299999999999999