1 0.23100226682692307 0.2111526466346154 0.21769947355769229 0.20528953846153847 0.17741007692307692 0.2183680048076923 0.15744371634615384 0.24221756490384616 0.16150101923076926 0.2639583125 0.19438915865384615 0.27663964903846155 0.2387419423076923 0.2689798221153846 0.23100226682692307 0.2111526466346154
1 0.25932427163461536 0.5755253052884616 0.2648630456730769 0.588849673076923 0.2685575889423077 0.5922918798076923 0.2851860793269231 0.5996207644230769 0.31179775240384616 0.5950248701923078 0.31512344951923077 0.5964906442307693 0.3177114543269231 0.5940035600961538 0.32658201201923076 0.59247159375 0.3291700168269231 0.5899845072115385 0.3310203317307692 0.5835445576923077 0.3221619495192308 0.5524323052884615 0.31883625240384617 0.5509665264423077 0.31662317788461536 0.5391079375 0.310340625 0.5381528173076923 0.2929683581730769 0.5431931778846154 0.2733769278846154 0.5526970600961538 0.26302490144230767 0.5626454062499999 0.2608057427884615 0.5671089230769231 0.2619122788461538 0.5730382211538462 0.25932427163461536 0.5755253052884616
1 0.30920974278846153 0.5975119567307693 0.2855549230769231 0.6015971971153846 0.28296691826923076 0.6040842836538461 0.28517999278846157 0.615942875 0.29220023557692304 0.620850858173077 0.2984827860576923 0.6218059807692308 0.31918075240384614 0.6182313966346153 0.3243567644230769 0.6132572211538462 0.3173365240384615 0.6083492379807692 0.31549229567307696 0.5984670769230769 0.30920974278846153 0.5975119567307693
1 0.3195069951923077 0.7344625913461538 0.3246830096153846 0.7294884158653846 0.31878147836538456 0.6978655072115385 0.3124989254807692 0.6969103870192307 0.29512665865384613 0.7019507475961538 0.2895817980769231 0.7049484903846154 0.2792297716346154 0.7148968365384616 0.27701061057692306 0.7193603557692309 0.27848599278846153 0.7272660841346154 0.28254938221153847 0.7326847211538462 0.28550623317307694 0.7321740697115384 0.28920077884615386 0.7356162764423076 0.29548332932692306 0.7365713990384616 0.31322444471153843 0.7335074687500001 0.3195069951923077 0.7344625913461538
1 0.39559268990384616 0.8641316754807692 0.40039985576923076 0.8571810673076924 0.3992933197115385 0.8512517740384615 0.40188132451923075 0.8487646875 0.4000370961538462 0.8388825288461538 0.39671139903846153 0.8374167524038462 0.39412947836538464 0.8235817307692308 0.39006609134615383 0.8181630889423077 0.38341469230769226 0.8152315360576924 0.37417528846153847 0.8147870697115385 0.3494078485576923 0.8292651249999999 0.3423815192307692 0.8406792475961539 0.3442257475961539 0.8505614086538462 0.35161483653846154 0.8574458221153846 0.3678744807692308 0.8627982764423077 0.39559268990384616 0.8641316754807692
1 0.35532763701923076 0.8119217043269231 0.3486762403846154 0.8089901514423077 0.3257591153846154 0.8170282572115385 0.3183639423076923 0.8264659471153847 0.3205770168269231 0.8383245384615384 0.33055410817307695 0.8427218677884615 0.3394246658653846 0.8411899038461539 0.3490390024038461 0.8272886923076922 0.3531084783653846 0.8163852235576923 0.3560653293269231 0.8158745673076923 0.35532763701923076 0.8119217043269231
1 0.3054117379807692 0.8715455985576923 0.3072559663461539 0.8814277572115384 0.31760190624999995 0.8878015192307692 0.3238844567307692 0.888756641826923 0.33571186298076927 0.8867140216346154 0.3382998701923077 0.8842269350961539 0.3342425673076923 0.8624861850961539 0.3272223245192307 0.8575781995192308 0.3128069086538462 0.8621079086538461 0.3054117379807692 0.8715455985576923
1 0.3464205673076923 0.9113863245192307 0.3386626322115385 0.9025254735576923 0.3323800817307693 0.9015703533653846 0.31315749759615386 0.9130506658653845 0.31093833653846153 0.9175141850961539 0.31241371875 0.9254199110576924 0.3194339615384615 0.9303278966346155 0.33199906250000005 0.9322381394230769 0.3408696201923077 0.9307061754807692 0.3515904927884615 0.9227342596153847 0.3482647956730769 0.9212684807692307 0.3464205673076923 0.9113863245192307
1 0.37633967548076924 0.95722253125 0.3852102331730769 0.9556905673076923 0.39075509374999995 0.9526928245192308 0.38743548076923073 0.9349049399038462 0.3841097788461539 0.9334391634615385 0.38189670432692313 0.9215805721153847 0.37820216105769233 0.9181383629807692 0.3663747524038462 0.920180983173077 0.3523281850961538 0.9266871225961538 0.34197615625 0.9366354711538462 0.33975699759615385 0.9410989903846154 0.34529576923076927 0.9544233557692308 0.3641434206730769 0.9572887211538461 0.3730139783653846 0.9557567548076923 0.37633967548076924 0.95722253125
1 0.37596474278846154 0.9715682091346154 0.36968219471153846 0.9706130865384615 0.36783796634615384 0.9607309278846153 0.36118656730769233 0.957799375 0.3456646153846154 0.9563997860576923 0.34270776201923075 0.9569104423076923 0.3353125889423077 0.9663481322115385 0.3375256610576923 0.9782067259615383 0.34454590384615386 0.9831147091346154 0.3537853076923077 0.9835591754807692 0.3715264230769231 0.9804952475961539 0.37633358894230773 0.9735446394230769 0.37596474278846154 0.9715682091346154
0 0.5289651153846153 0.990027608173077 0.5382045192307692 0.9904720745192308 0.5589024879807692 0.9868974903846154 0.5696233605769231 0.9789255745192308 0.5688856682692308 0.9749727115384614 0.5655599711538462 0.9735069326923077 0.5300777403846154 0.9796347932692308 0.5256394182692308 0.9885618317307692 0.5289651153846153 0.990027608173077
0 0.6314995000000001 0.9446126538461539 0.6214122644230768 0.9372537115384615 0.5968100841346154 0.9396807259615384 0.5923911754807692 0.9480902980769231 0.60102778125 0.9535147836538461 0.6109858774038461 0.9543431225961538 0.6314995000000001 0.9446126538461539
0 0.5722409447115384 0.8663825240384615 0.5976951298076923 0.8656261249999999 0.6017223317307692 0.8551012620192308 0.5904456730769231 0.855957295673077 0.5719771754807692 0.8591468485576923 0.5722409447115384 0.8663825240384615
0 0.6184996730769231 0.7338291850961538 0.6218253701923077 0.7352949639423076 0.6451113437499999 0.7292332908653846 0.6506562019230769 0.7262355480769231 0.6495496634615385 0.7203062524038462 0.6307020144230768 0.7174408870192307 0.6188746033653847 0.7194835072115384 0.6133297427884615 0.7224812500000001 0.6184996730769231 0.7338291850961538
0 0.5386707427884615 0.7312947644230768 0.5464347644230769 0.7238335024038461 0.5453282259615384 0.7179042091346154 0.5390456754807692 0.7169490865384615 0.5068891466346154 0.7245427235576922 0.508733375 0.7344248822115385 0.5120590745192307 0.7358906586538462 0.5386707427884615 0.7312947644230768
0 0.49509216826923075 0.644974798076923 0.4984178653846154 0.646440576923077 0.5191158317307693 0.6428659903846154 0.5213349903846154 0.6384024735576923 0.5176404471153846 0.6349602644230768 0.5146835985576923 0.6354709182692309 0.5080321995192307 0.6325393653846153 0.4932479375 0.635092641826923 0.49509216826923075 0.644974798076923
0 0.6858121875 0.6038764951923077 0.6884001923076923 0.6013894062499999 0.6876625024038462 0.5974365432692308 0.6839679591346154 0.5939943341346153 0.6710340120192307 0.5901076586538462 0.662163454326923 0.591639625 0.6588377548076922 0.5901738485576923 0.6144849711538461 0.5978336730769231 0.6070897980769231 0.6072713677884616 0.6089340264423077 0.6171535240384615 0.6152165769230769 0.6181086466346154 0.6244559807692307 0.6185531129807693 0.67472246875 0.6098719783653845 0.6858121875 0.6038764951923077
0 0.6470833798076924 0.3963511610576923 0.6456079975961538 0.3884454350961538 0.6186274831730769 0.3910648966346154 0.5720555336538461 0.4031882427884615 0.5727932259615385 0.4071411081730769 0.5798134663461538 0.4120490913461538 0.5816576947115385 0.42193125240384616 0.5879402475961538 0.4228863725961538 0.6230536298076923 0.41478207932692307 0.6263793293269231 0.4162478557692308 0.64486421875 0.40081468028846157 0.6470833798076924 0.3963511610576923
0 0.5776369110576923 0.30225784615384615 0.5961218028846154 0.28682467307692305 0.5946464206730769 0.27891894471153844 0.5916895673076923 0.27942960096153846 0.585038170673077 0.2764980456730769 0.5643402043269231 0.28007263221153844 0.5384662235576922 0.28862139182692303 0.5395727596153846 0.29455068509615384 0.53476559375 0.30150129326923075 0.5355032860576923 0.30545415625 0.538828985576923 0.30691993269230766 0.5476995408653846 0.30538796634615384 0.5510252379807692 0.30685374278846156 0.5776369110576923 0.30225784615384615
0 0.47942655288461544 0.03768074759615385 0.49087903125000004 0.04998380528846154 0.5030752884615385 0.04991761778846154 0.5236586706730769 0.038789531249999995 0.48207761298076923 0.035709451923076924 0.47942655288461544 0.03768074759615385
2 0.6507292355769232 0.5303702403846153 0.6481412283653847 0.5328573293269231 0.6518357716346154 0.5362995360576923 0.65331115625 0.5442052644230769 0.6599625528846154 0.5471368173076923 0.6721588100961539 0.5470706274038462 0.6773348221153845 0.5420964567307692 0.6788162908653846 0.5336800721153846 0.6717960456730769 0.5287720865384615 0.6625566442307692 0.5283276201923077 0.6507292355769232 0.5303702403846153
2 0.7164811610576923 0.6210213461538461 0.7127866177884615 0.6175791394230769 0.7061352235576923 0.6146475841346154 0.6883941081730769 0.6177115144230769 0.6828492500000001 0.6207092572115385 0.6802612403846153 0.62319634375 0.6843246322115385 0.6286149855769231 0.6817366225961539 0.6311020721153846 0.6858000144230769 0.6365207115384616 0.6891257139423076 0.6379864879807692 0.7098236802884615 0.6344119038461538 0.7175876995192307 0.6269506442307692 0.7164811610576923 0.6210213461538461
2 0.6665774326923077 0.6480010240384615 0.6680528149038462 0.65590675 0.6713785120192307 0.6573725288461538 0.6806179182692307 0.6578169927884615 0.6954021778846153 0.6552637187499999 0.6972524903846153 0.6488237692307692 0.6931891009615385 0.6434051298076924 0.6869065552884616 0.6424500072115384 0.6813616947115384 0.64544775 0.6665774326923077 0.6480010240384615
2 0.8336000312499999 0.7252427187499999 0.8262048581730769 0.7346804134615385 0.8284179326923078 0.7465390024038462 0.8324813221153846 0.751957641826923 0.8387638701923077 0.7529127644230769 0.8568738341346154 0.751825264423077 0.867225858173077 0.7418769182692307 0.8716641778846154 0.7329498822115385 0.8701887956730769 0.7250441538461538 0.8542979975961539 0.7216681346153847 0.8336000312499999 0.7252427187499999
2 0.833587858173077 0.7578869374999999 0.8317375432692308 0.7643268870192308 0.8417146370192307 0.76872421875 0.8479971899038462 0.7696793413461538 0.8598245985576922 0.7676367211538462 0.8624126057692307 0.7651496322115385 0.8609372211538461 0.75724390625 0.8539169807692308 0.752335920673077 0.8361758653846153 0.7553998533653845 0.833587858173077 0.7578869374999999
2 0.7670312932692307 0.8428261682692307 0.7622241274038462 0.8497767740384615 0.7640683557692308 0.8596589326923076 0.7673940528846154 0.8611247067307691 0.7880920216346153 0.8575501225961539 0.7936368798076923 0.8545523822115384 0.7910549567307693 0.8407173581730769 0.7844035600961539 0.8377858052884615 0.7725761538461539 0.8398284254807693 0.7670312932692307 0.8428261682692307
2 0.6555172211538461 0.9396099254807692 0.690190608173077 0.9260732620192308 0.7071261225961538 0.9306969495192308 0.7222792307692308 0.9301201057692308 0.7248672355769231 0.9276330192307692 0.7230230072115386 0.9177508605769231 0.7163716129807691 0.9148193076923078 0.6945671081730769 0.9124645961538461 0.6440627572115385 0.9227169110576923 0.6555172211538461 0.9396099254807692
2 0.7245161971153846 0.8739402403846154 0.7360566057692307 0.8774086201923077 0.7611190793269231 0.8745369302884616 0.7540665673076923 0.86301225 0.6850128149038461 0.872389860576923 0.6807196923076924 0.8844173028846154 0.7045898341346154 0.8955836274038462 0.7245161971153846 0.8739402403846154