1 0.41800000000000004 0.08408408413461539 0.414 0.04804804807692308 0.4 0.03003002884615385 0.376 0.03903903846153846 0.366 0.054054052884615386 0.374 0.08108108173076924 0.41000000000000003 0.11411411298076923 0.41800000000000004 0.08408408413461539
1 0.502 0.0630630625 0.49 0.04804804807692308 0.47200000000000003 0.054054052884615386 0.46 0.07807807692307692 0.486 0.11411411298076923 0.498 0.11711711778846154 0.502 0.0630630625
1 0.482 0.49849849759615383 0.47000000000000003 0.4594594591346154 0.454 0.4594594591346154 0.44200000000000006 0.47447447355769234 0.44 0.5045045048076923 0.448 0.5135135144230769 0.46799999999999997 0.516516516826923 0.482 0.49849849759615383
1 0.596 0.43543543509615384 0.5860000000000001 0.4474474471153846 0.584 0.4714714711538462 0.6159999999999999 0.4774774783653846 0.61 0.4384384375 0.596 0.43543543509615384
3 0.30799999999999994 0.15615615624999998 0.33 0.1831831826923077 0.356 0.1831831826923077 0.358 0.1471471466346154 0.37 0.11711711778846154 0.366 0.06606606490384616 0.33999999999999997 0.021021021634615385 0.318 0.021021021634615385 0.256 0.05105105048076923 0.23399999999999999 0.10210210096153846 0.23600000000000002 0.1621621610576923 0.266 0.1981981971153846 0.27799999999999997 0.1711711706730769 0.30799999999999994 0.15615615624999998
3 0.49 0.5915915913461538 0.48000000000000004 0.5495495504807693 0.43400000000000005 0.5195195192307692 0.412 0.5255255264423077 0.40599999999999997 0.5345345336538462 0.41000000000000003 0.5765765769230768 0.482 0.6366366370192308 0.49 0.5915915913461538
3 0.604 0.6636636634615385 0.644 0.6546546538461538 0.6499999999999999 0.6156156153846154 0.646 0.5705705697115385 0.656 0.5465465456730769 0.67 0.5375375384615384 0.67 0.5135135144230769 0.658 0.4954954951923077 0.5940000000000001 0.4804804807692308 0.574 0.5255255264423077 0.5680000000000001 0.5855855865384615 0.58 0.6006006009615384 0.592 0.6456456466346154 0.604 0.6636636634615385
2 0.584 0.7357357355769231 0.5780000000000001 0.7537537548076922 0.598 0.7837837836538462 0.596 0.7387387379807693 0.584 0.7357357355769231
2 0.48000000000000004 0.8468468461538462 0.476 0.8348348341346153 0.446 0.8138138149038461 0.448 0.84384384375 0.45799999999999996 0.8618618629807693 0.47200000000000003 0.8648648653846155 0.48000000000000004 0.8468468461538462
2 0.478638 0.8495465456730769 0.476 0.8588588581730769 0.48000000000000004 0.8528528533653846 0.482 0.8528528533653846 0.486 0.8408408413461538 0.486 0.8138138149038461 0.48000000000000004 0.8078078076923076 0.47000000000000003 0.8078078076923076 0.469936 0.8182912908653847 0.470314 0.8239729735576924 0.47561 0.8342042043269231 0.47939400000000004 0.8438648653846154 0.480152 0.845 0.478638 0.8495465456730769
0 0.658 0.6996996995192308 0.658 0.6786786778846154 0.654 0.6726726730769231 0.646 0.6726726730769231 0.646 0.6936936947115384 0.654 0.7057057067307693 0.658 0.6996996995192308