1 0.4926333533653846 0.1942681971153846 0.49854447355769227 0.16449700240384615 0.45686509375 0.15619795673076925 0.4292154086538461 0.16597392788461537 0.4187304230769231 0.19252290865384614 0.44935943028846154 0.22931300480769232 0.4673468028846154 0.2337934951923077 0.4926333533653846 0.1942681971153846
1 0.40232775721153846 0.45713211057692305 0.4182092836538462 0.4215128245192308 0.39451727884615384 0.41769427163461537 0.3808464807692308 0.4267864423076923 0.38804077644230767 0.44940754086538465 0.40232775721153846 0.45713211057692305
1 0.35827868509615385 0.6273727668269231 0.36588595673076924 0.5917753485576923 0.3504682067307692 0.5879349302884616 0.32908853605769234 0.5951068870192308 0.3320170552884615 0.6229141442307693 0.35827868509615385 0.6273727668269231
2 0.8012865721153847 0.5919185072115385 0.7949657524038461 0.575763704326923 0.7872568822115384 0.5738434927884616 0.779033423076923 0.592624173076923 0.7639237692307692 0.5971921225961538 0.7577045576923077 0.6185549471153846 0.7716834471153846 0.6178711466346154 0.8012865721153847 0.5919185072115385
2 0.8290919447115385 0.5342744663461538 0.8353111586538462 0.5129116418269231 0.8275514807692308 0.4922326153846154 0.8141379735576924 0.49097434134615386 0.8093576201923077 0.5168613870192308 0.8290919447115385 0.5342744663461538
2 0.7608395625 0.6172529423076922 0.7796496105769232 0.6094409110576924 0.7972780889423077 0.5867542163461539 0.7858688245192307 0.5880780865384615 0.7608395625 0.6172529423076922
2 0.9148679158653846 0.4952361802884615 0.9131209663461538 0.48230359134615386 0.9008382235576923 0.4771611658653846 0.8849058942307693 0.4940216370192308 0.8626527524038461 0.49472730288461536 0.8570497235576924 0.5329068653846154 0.8835686418269231 0.5270150456730769 0.9148679158653846 0.4952361802884615
2 0.9400528629807692 0.41819325480769226 0.9571667596153847 0.4162074495192308 0.9628205913461538 0.3967867019230769 0.92170659375 0.38654558173076925 0.9400528629807692 0.41819325480769226
2 0.7201860697115384 0.6716966346153845 0.7224476009615385 0.6639283341346154 0.6901224423076923 0.6329644615384615 0.6798439447115385 0.6304041826923077 0.6733166394230768 0.6433586346153847 0.7201860697115384 0.6716966346153845
2 0.7171526658653846 0.7105162668269231 0.7026591947115384 0.7319009567307693 0.7098534903846154 0.7545220552884615 0.7227016129807692 0.75772240625 0.7289208269230769 0.7363595817307692 0.7288700240384615 0.7176007668269231 0.7171526658653846 0.7105162668269231
2 0.8664678581730769 0.11242279086538462 0.8793667860576923 0.13438195192307692 0.893809454326923 0.09423844951923077 0.8758220817307693 0.08975796153846154 0.8664678581730769 0.11242279086538462
2 0.7690253317307693 0.16313538701923078 0.7821815480769231 0.17474410576923077 0.7778141706730769 0.14241263221153846 0.7689745312499999 0.14437657451923075 0.7690253317307693 0.16313538701923078
2 0.7637303966346154 0.20972331971153846 0.7811523870192307 0.2161458846153846 0.7851100673076924 0.20255136057692308 0.7753969519230769 0.19804900721153845 0.7637303966346154 0.20972331971153846