1 0.532 0.8069629639423077 0.5277333341346154 0.7910814807692308 0.5176 0.7833185192307692 0.4909333341346154 0.783911110576923 0.486 0.8179703701923077 0.5205333341346153 0.8191999999999999 0.532 0.8069629639423077
1 0.5272 0.5993777788461538 0.5189333341346154 0.6035555552884616 0.5168 0.6355555552884616 0.5434666658653846 0.6349629639423077 0.5532 0.6087851850961539 0.5272 0.5993777788461538
1 0.5316 0.4934370360576923 0.49426666586538465 0.49426666586538465 0.49 0.5183259254807692 0.5273333317307692 0.5174962956730769 0.5357333317307693 0.5113185192307692 0.5316 0.4934370360576923
1 0.5106666682692308 0.6876148149038461 0.5304 0.6712 0.5290666682692308 0.6512592596153847 0.5165333341346154 0.6395555552884615 0.49013333413461535 0.6361481490384615 0.47533333413461537 0.6584444447115385 0.4758666658653846 0.6903851850961539 0.5106666682692308 0.6876148149038461
1 0.5842666658653847 0.14278518509615384 0.5822666658653847 0.13284444471153847 0.5721333341346153 0.12508148076923076 0.5453333317307693 0.12767407451923077 0.5436 0.15367407451923076 0.5702666682692308 0.15308148076923078 0.5842666658653847 0.14278518509615384
1 0.5735154903846154 0 0.5723636009615385 0.0018052596153846153 0.5934666658653847 0.004785185096153846 0.5999731418269231 0 0.5735154903846154 0
1 0.4686666658653846 0.8782666658653846 0.4846666658653846 0.8779111105769231 0.4965333317307692 0.8596740745192307 0.47333333173076925 0.84820740625 0.4686666658653846 0.8782666658653846
1 0.59 0.05678518509615385 0.6041333341346153 0.044488889423076924 0.6032 0.01854814903846154 0.5773333317307693 0.007140740384615384 0.5578666658653846 0.019555555288461538 0.5671999999999999 0.03931851923076923 0.5602666682692308 0.06343703605769231 0.59 0.05678518509615385
1 0.5798666682692308 0.36854814903846156 0.5409333341346154 0.35343703605769233 0.5429333317307692 0.4033185192307692 0.5644 0.4008444447115385 0.5785333341346154 0.3885481490384616 0.5798666682692308 0.36854814903846156
1 0.5246666658653847 0.4376740745192308 0.5461333341346154 0.43520000000000003 0.5556 0.4130222211538461 0.5347999999999999 0.40549629567307693 0.5246666658653847 0.4376740745192308
1 0.5746666682692307 0.20690370432692307 0.5671999999999999 0.19908148076923077 0.5410666658653847 0.19167407451923074 0.5346663990384616 0.20416198557692308 0.5306666658653846 0.22785185096153848 0.5681333341346154 0.22502222115384615 0.5746666682692307 0.20690370432692307
1 0.5802666682692308 0.12290370432692307 0.6022666658653846 0.11242962980769232 0.6037333317307693 0.09042962980769231 0.5697333341346154 0.08120000000000001 0.5802666682692308 0.12290370432692307
1 0.5161333317307693 0.44585185096153845 0.5057333317307692 0.4820296298076923 0.5349333341346154 0.48337777884615385 0.5489333341346154 0.4730814807692308 0.5474666658653846 0.4551407403846154 0.5161333317307693 0.44585185096153845
1 0.6005333317307693 0.25825185096153846 0.5966666682692308 0.2363703701923077 0.5813333341346154 0.22672592548076922 0.5492 0.2294370360576923 0.5565333341346154 0.2792 0.5860000000000001 0.27654814903846153 0.6005333317307693 0.25825185096153846
2 0.20466666586538462 0.8841333341346154 0.2056 0.8701333341346154 0.2084 0.8680740745192307 0.1977333341346154 0.8683111105769231 0.18626666826923077 0.8805481490384615 0.1857333341346154 0.8885481490384616 0.1937333341346154 0.8883703701923077 0.20466666586538462 0.8841333341346154
2 0.21533333413461536 0.8439555552884616 0.2158666658653846 0.8359555552884615 0.20026666586538464 0.8303111105769231 0.1992 0.8463111105769231 0.2016 0.8502518509615384 0.21213333413461538 0.8520148149038461 0.21253333413461536 0.8460148149038461 0.21533333413461536 0.8439555552884616
2 0.114 0.8062666658653845 0.1084 0.8103851850961538 0.09346666826923077 0.8346814807692307 0.09306666826923077 0.8406814807692308 0.09813333173076924 0.8445629639423077 0.1036 0.8424444447115385 0.11493333173076924 0.83220740625 0.11533333173076922 0.8262074062500001 0.1128 0.8242666658653846 0.11346666586538462 0.8142666658653847 0.11626666586538462 0.81220740625 0.11666666586538461 0.80620740625 0.114 0.8062666658653845
2 0.12106666826923076 0.7801481490384615 0.13173333413461538 0.7799111105769231 0.13453333173076923 0.7778518509615384 0.13586666586538462 0.7578518509615384 0.13053333413461538 0.7579703701923077 0.1229333341346154 0.7521481490384615 0.11226666586538461 0.7523851850961538 0.11133333173076923 0.7663851850961538 0.11853333173076923 0.7782074062500001 0.12106666826923076 0.7801481490384615
2 0.03893333413461538 0.694103704326923 0.03333333413461538 0.6982222211538461 0.0328 0.7062222211538463 0.035066665865384615 0.7121629639423077 0.04266666586538462 0.7179851850961538 0.0792 0.7291555552884615 0.0872 0.7289777788461538 0.09266666826923077 0.7268592596153846 0.082 0.7270962956730769 0.07226666586538462 0.7133333341346154 0.0728 0.7053333341346154 0.0785333341346154 0.6992148149038461 0.06786666586538462 0.6994518509615385 0.052266665865384615 0.6938074062499999 0.03893333413461538 0.694103704326923
2 0.07026666586538462 0.6235111105769231 0.06466666586538462 0.6276296298076923 0.061599999999999995 0.6336888894230769 0.05853333413461538 0.6796888894230769 0.06373333413461538 0.6815703701923077 0.06653333413461539 0.6795111105769231 0.064 0.6775703701923077 0.06453333413461539 0.6695703701923077 0.0792 0.6492740745192307 0.08186666826923077 0.6492148149038461 0.08066666586538461 0.6272740745192308 0.07293333173076923 0.6234518509615385 0.07026666586538462 0.6235111105769231
2 0.14066666826923077 0.6059703701923077 0.1513333341346154 0.6057333341346154 0.1538666658653846 0.6076740745192308 0.152 0.5957333341346154 0.15493333173076923 0.5916740745192308 0.14466666586538462 0.5859111105769231 0.1341333341346154 0.5841481490384616 0.1286666658653846 0.5862666658653846 0.12573333413461538 0.5903259254807692 0.1253333341346154 0.5963259254807692 0.13026666586538463 0.60220740625 0.14066666826923077 0.6059703701923077
2 0.10919999999999999 0.4788592596153846 0.10613333173076923 0.48491851923076923 0.10826666826923076 0.49285925961538457 0.1108 0.4948 0.12146666586538461 0.4945629639423077 0.1296 0.4923851850961538 0.13240000000000002 0.4903259254807692 0.13266666826923076 0.48632592548076925 0.13013333173076924 0.4843851850961538 0.12826666586538463 0.47244444471153846 0.1202666658653846 0.4726222211538461 0.1148 0.47474074038461533 0.10919999999999999 0.4788592596153846
2 0.11693333173076924 0.4427407403846154 0.1276 0.44250370432692304 0.1301333341346154 0.4444444447115385 0.13293333173076924 0.4423851850961539 0.13586666826923077 0.4383259254807692 0.1368 0.42432592548076925 0.13426666586538463 0.4223851850961538 0.1156 0.4228 0.10973333173076923 0.43091851923076924 0.11186666826923078 0.4388592596153846 0.11693333173076924 0.4427407403846154
2 0.07906666586538462 0.37168888942307693 0.06960000000000001 0.3938666658653846 0.07213333173076923 0.39580740625 0.07146666586538461 0.40580740625 0.07653333413461538 0.4096888894230769 0.09053333413461538 0.39939259375 0.09066666826923077 0.39739259374999997 0.10200000000000001 0.3871555552884616 0.09946666826923077 0.3852148149038461 0.10093333413461539 0.36321481490384616 0.09839999999999999 0.36127407451923077 0.08773333413461538 0.3615111105769231 0.07906666586538462 0.37168888942307693
2 0.21693333413461538 0.5403703701923077 0.2281333341346154 0.5321333341346154 0.2308 0.5320740745192307 0.2318666658653846 0.5160740745192307 0.2268 0.5121925937499999 0.21866666826923076 0.5143703701923077 0.2096 0.5305481490384616 0.2092 0.5365481490384615 0.21426666586538462 0.5404296298076923 0.21693333413461538 0.5403703701923077
2 0.23253333173076923 0.5060740745192308 0.23346666586538461 0.49207407451923074 0.21480000000000002 0.49248888942307695 0.212 0.49454814903846156 0.21133333413461536 0.5045481490384616 0.2138666658653846 0.5064888894230769 0.22973333413461539 0.5081333341346154 0.23253333173076923 0.5060740745192308
2 0.23026666826923076 0.46019259375000005 0.23573333173076924 0.45807407451923077 0.23866666826923078 0.45401481490384615 0.2204 0.4484296298076923 0.21226666586538462 0.45060740625 0.20879999999999999 0.46266666586538463 0.2221333341346154 0.46237037019230764 0.23026666826923076 0.46019259375000005
2 0.22826666586538463 0.4103111105769231 0.22573333413461538 0.40837037019230765 0.2124 0.40866666586538464 0.2068 0.41278518509615386 0.20639999999999997 0.41878518509615387 0.22506666826923077 0.4183703701923077 0.22546666826923076 0.4123703701923077 0.22826666586538463 0.4103111105769231
2 0.03346666586538462 0.21693333413461538 0.036000000000000004 0.21887407451923077 0.0412 0.22075555528846152 0.05453333413461538 0.2204592596153846 0.05973333173076923 0.22234074038461538 0.06533333413461538 0.21822222115384615 0.0852 0.19980740625 0.06426666826923076 0.19428148076923077 0.053599999999999995 0.1945185192307692 0.0508 0.19657777884615385 0.0428 0.19675555528846156 0.0344 0.20293333413461537 0.03346666586538462 0.21693333413461538
2 0.06906666826923077 0.24210370432692307 0.06666666586538461 0.2381629639423077 0.064 0.23822222115384614 0.06106666826923077 0.24228148076923078 0.0604 0.25228148076923074 0.0576 0.25434074038461535 0.05573333173076923 0.2823407403846154 0.06613333413461539 0.2861037043269231 0.07173333173076923 0.28198518509615383 0.07466666826923077 0.2779259254807692 0.07506666826923078 0.2719259254807692 0.07786666586538461 0.2698666658653846 0.07826666586538462 0.26386666586538465 0.07346666586538461 0.2559851850961538 0.0684 0.2521037043269231 0.06906666826923077 0.24210370432692307
2 0.18773333413461538 0.13961481490384614 0.1901333341346154 0.14355555528846153 0.2037333341346154 0.1392592596153846 0.21213333413461538 0.13308148076923076 0.2133333341346154 0.11508148076923078 0.21080000000000002 0.11314074038461538 0.2028 0.11331851923076923 0.2 0.11537777884615384 0.18826666826923077 0.13161481490384613 0.18773333413461538 0.13961481490384614
2 0.1856 0.09173333413461539 0.1845333341346154 0.10773333413461539 0.19786666826923077 0.10743703605769231 0.206 0.10525925961538461 0.21146666586538462 0.10314074038461539 0.20973333413461537 0.0892 0.21266666586538463 0.08514074038461539 0.2101333341346154 0.0832 0.20466666586538462 0.08531851923076922 0.19666666586538462 0.08549629567307693 0.1856 0.09173333413461539
2 0.1792 0.027970370192307692 0.1785333341346154 0.037970370192307694 0.17893333413461537 0.07191111057692308 0.18146666586538462 0.07385185096153847 0.18946666586538463 0.07367407451923078 0.20199999999999999 0.04543703605769231 0.20466666586538462 0.04537777884615384 0.1994666658653846 0.043496295673076925 0.19506666826923078 0.029614814903846154 0.2033333341346154 0.025437036057692305 0.20346666826923077 0.02343703605769231 0.1982666658653846 0.021555555288461536 0.18226666586538462 0.021911110576923076 0.1792 0.027970370192307692
2 0.1589442644230769 0 0.1538666658653846 0.008562963942307694 0.1528 0.02456296394230769 0.15519999999999998 0.028503704326923077 0.16053333173076922 0.028385185096153846 0.16893333173076924 0.022207406250000002 0.1716 0.02214814903846154 0.1828 0.013911110576923078 0.18826666826923077 0.01179259375 0.18613333173076924 0.0038518509615384617 0.18110534615384613 0 0.1589442644230769 0
2 0.2369333341346154 0.16048888942307693 0.24773333173076925 0.15825185096153846 0.25653333173076925 0.14607407451923077 0.2437333341346154 0.1383703701923077 0.2357333341346154 0.13854814903846152 0.23533333413461538 0.14454814903846153 0.23253333173076923 0.14660740625 0.2318666658653846 0.15660740625 0.2369333341346154 0.16048888942307693
2 0.24973333413461538 0.16819259375 0.2604 0.16795555528846154 0.26880000000000004 0.16177777884615382 0.2696 0.14977777884615384 0.26706666826923076 0.14783703605769233 0.2564 0.14807407451923077 0.2536 0.15013333413461538 0.2532 0.15613333413461536 0.2504 0.15819259375 0.24973333413461538 0.16819259375
2 0.2290666658653846 0.19860740625 0.22826666586538463 0.21060740625 0.2308 0.21254814903846153 0.23613333173076922 0.2124296298076923 0.2442666658653846 0.21025185096153848 0.24973333413461538 0.20813333413461538 0.24453333173076922 0.20625185096153847 0.24466666586538463 0.20425185096153847 0.242 0.20431111057692306 0.2370666658653846 0.19842962980769233 0.23186666826923077 0.19654814903846154 0.2290666658653846 0.19860740625