1 0.268 0.22522522596153843 0.24800000000000003 0.23123123076923077 0.23399999999999999 0.25825825721153844 0.232 0.2882882884615384 0.294 0.29129129086538463 0.28800000000000003 0.2462462451923077 0.268 0.22522522596153843
1 0.22 0.31231231249999997 0.2 0.30630630528846153 0.186 0.3153153149038461 0.176 0.33333333413461536 0.212 0.3693693701923077 0.23 0.35735735817307696 0.22 0.31231231249999997
1 0.8180000000000001 0.22222222115384616 0.7939999999999999 0.22222222115384616 0.7759999999999999 0.25225225240384613 0.772 0.29729729807692307 0.838 0.2732732740384615 0.8360000000000001 0.2462462451923077 0.8180000000000001 0.22222222115384616
1 0.722 0.35735735817307696 0.728 0.3633633629807692 0.732 0.3633633629807692 0.736 0.35435435336538457 0.732 0.3393393389423077 0.7240000000000001 0.3303303293269231 0.7100000000000001 0.3303303293269231 0.704 0.3393393389423077 0.702 0.3483483485576923 0.702 0.35435435336538457 0.704 0.35735735817307696 0.722 0.35735735817307696
1 0.754 0.3903903894230769 0.768 0.3663663653846154 0.768 0.36036036057692306 0.764 0.35435435336538457 0.752 0.35435435336538457 0.748 0.36036036057692306 0.746 0.37837837740384617 0.748 0.38438438461538466 0.752 0.3903903894230769 0.754 0.3903903894230769
2 0.596 0.9969969975961538 0.62 0.9969969975961538 0.622 0.9909909903846154 0.622 0.9669669663461539 0.62 0.9579579591346155 0.6180000000000001 0.954954954326923 0.612 0.954954954326923 0.61 0.951951951923077 0.602 0.951951951923077 0.598 0.9579579591346155 0.596 0.9579579591346155 0.596 0.9699699711538461 0.5940000000000001 0.9729729735576923 0.5940000000000001 0.9909909903846154 0.596 0.9969969975961538
2 0.546 0.9369369375 0.55 0.9309309302884615 0.552 0.9309309302884615 0.552 0.9279279278846153 0.5579999999999999 0.9189189182692308 0.56 0.9099099110576923 0.56 0.8978978990384616 0.562 0.891891891826923 0.544 0.8828828822115384 0.5399999999999999 0.8858858870192308 0.534 0.9039039038461538 0.532 0.9129129134615385 0.532 0.9309309302884615 0.536 0.9369369375 0.546 0.9369369375
2 0.428 0.90690690625 0.438 0.90690690625 0.444 0.9039039038461538 0.446 0.9009009014423076 0.446 0.8828828822115384 0.438 0.8588588581730769 0.432 0.8558558557692308 0.422 0.8558558557692308 0.42 0.8588588581730769 0.42 0.891891891826923 0.422 0.8978978990384616 0.428 0.90690690625
2 0.364 0.9579579591346155 0.37 0.9669669663461539 0.37 0.9699699711538461 0.378 0.9699699711538461 0.38799999999999996 0.9639639639423077 0.39 0.9579579591346155 0.39 0.9339339350961539 0.386 0.9189189182692308 0.38 0.90690690625 0.376 0.9039039038461538 0.368 0.90690690625 0.366 0.9189189182692308 0.356 0.9339339350961539 0.35400000000000004 0.9399399399038462 0.35400000000000004 0.9489489495192308 0.356 0.954954954326923 0.364 0.9579579591346155
2 0.292 0.9489489495192308 0.292 0.9609609615384616 0.294 0.9669669663461539 0.302 0.9729729735576923 0.31 0.9729729735576923 0.31599999999999995 0.9699699711538461 0.32 0.9639639639423077 0.32 0.9459459471153846 0.318 0.9399399399038462 0.314 0.9339339350961539 0.298 0.9339339350961539 0.296 0.9369369375 0.29 0.9369369375 0.29 0.9459459471153846 0.292 0.9489489495192308
2 0.474 0.6456456466346154 0.474 0.6336336346153846 0.46799999999999997 0.6276276274038461 0.462 0.6276276274038461 0.462 0.6426426418269231 0.464 0.6456456466346154 0.474 0.6456456466346154
2 0.77 0.7927927932692308 0.7739999999999999 0.7807807812499999 0.7739999999999999 0.7567567572115385 0.768 0.7537537548076922 0.7579999999999999 0.7537537548076922 0.756 0.7597597596153847 0.756 0.7837837836538462 0.76 0.7927927932692308 0.77 0.7927927932692308