1 0.4584030480769231 0.19162301442307694 0.4614120793269231 0.16152820192307693 0.4189217091346154 0.15798329326923077 0.3922237956730769 0.17073997836538463 0.38432656009615385 0.1981604831730769 0.41854361298076925 0.23110918028846153 0.4369686129807692 0.2335277644230769 0.4584030480769231 0.19162301442307694
1 0.39371962259615384 0.46160575000000004 0.4061293966346154 0.42461432451923076 0.38206403125 0.42348800240384615 0.36927898798076925 0.43400567307692306 0.3786789206730769 0.4555661033653846 0.39371962259615384 0.46160575000000004
1 0.36626511057692307 0.6348427307692308 0.370402375 0.5987980528846154 0.3546095144230769 0.5967249807692308 0.33392804326923076 0.6062061177884616 0.3395675985576923 0.6333708942307692 0.36626511057692307 0.6348427307692308
2 0.8058370504807691 0.5502580552884615 0.7979410264423077 0.5349929975961538 0.7900445985576923 0.5339564639423077 0.7836516730769231 0.5534438173076923 0.7689866442307692 0.55964940625 0.7648497836538461 0.5814655600961538 0.77876265625 0.5792265480769231 0.8058370504807691 0.5502580552884615
2 0.8280240480769231 0.4901582115384615 0.8321609086538462 0.4683420576923077 0.8223848966346154 0.44876491346153846 0.8088481009615385 0.4490206418269231 0.8065912307692307 0.47514888221153845 0.8280240480769231 0.4901582115384615
2 0.7678580048076923 0.5798277860576924 0.7859073317307692 0.5700011370192308 0.801324923076923 0.5456004591346153 0.7900441923076923 0.548184983173077 0.7678580048076923 0.5798277860576924
2 0.9099981778846153 0.44197172115384614 0.9069903629807693 0.42938097836538464 0.8942057235576922 0.4256701274038462 0.8799163701923077 0.4441209471153846 0.8577309903846154 0.4473067115384615 0.8558497932692308 0.48568018749999997 0.8817955480769231 0.47689007451923077 0.9099981778846153 0.44197172115384614
2 0.9276734495192307 0.36298576201923083 0.9445945432692308 0.3591089735576923 0.9483553245192307 0.33927610576923073 0.9062410336538461 0.3337479086538462 0.9276734495192307 0.36298576201923083
2 0.7325102932692308 0.6382000697115384 0.7340146057692307 0.6302669206730769 0.6986693173076923 0.6032680841346154 0.6881407451923077 0.6018860360576923 0.6828760576923076 0.61542353125 0.7325102932692308 0.6382000697115384
2 0.7332612379807693 0.6769190552884615 0.7208518701923077 0.6996819591346154 0.7302518052884616 0.721242389423077 0.7434125192307692 0.7229699495192308 0.7475493798076923 0.7011537956730769 0.7456697980769231 0.6826131899038461 0.7332612379807693 0.6769190552884615
2 0.8242757932692307 0.06890696394230769 0.8393160913461538 0.08917512980769231 0.849845875 0.04787161538461538 0.8314208725961538 0.04545303125 0.8242757932692307 0.06890696394230769
2 0.7317726826923077 0.12993992548076921 0.7460612307692307 0.13994614423076923 0.7385416874999999 0.10846928125000001 0.7298931033653846 0.11139931971153846 0.7317726826923077 0.12993992548076921
2 0.7310193173076923 0.17659205769230768 0.7490682379807693 0.18099392788461538 0.7517007860576924 0.1671109230769231 0.7415482908653845 0.16374558413461537 0.7310193173076923 0.17659205769230768