1 0.4839159158653846 0.22603047596153847 0.5568176177884616 0.23989500721153847 0.5410766778846153 0.2263398966346154 0.47708028125 0.21020843028846153 0.4760432451923077 0.19020843028846152 0.4876404423076923 0.18185251923076923 0.45957637500000004 0.16265331971153846 0.39734294230769235 0.18052185576923077 0.3804656658653846 0.2030557235576923 0.38253974038461536 0.2430557235576923 0.4198202211538461 0.2659879879807692 0.46869789903846154 0.2805643413461538 0.46362081971153846 0.24065331971153844 0.4839159158653846 0.22603047596153847
1 0.43774334375 0.3796320769230769 0.43784264182692306 0.3235430985576923 0.39590430288461537 0.3267887884615384 0.3727099086538462 0.34350061057692305 0.38327447355769234 0.37323367788461537 0.4048140144230769 0.3826108341346154 0.42904544471153844 0.3858990096153846 0.43774334375 0.3796320769230769
1 0.4486190192307692 0.4153651418269231 0.4437537548076923 0.43754309855769236 0.4623939927884615 0.4490092307692307 0.48672912740384616 0.45429740865384616 0.4990478485576923 0.40185251923076926 0.4690178173076923 0.4027422980769231 0.4486190192307692 0.4153651418269231
1 0.4721333341346154 0.5208312764423076 0.4669525528846154 0.47892025240384617 0.4429285288461538 0.4796320769230769 0.4256364350961538 0.49416594471153846 0.4265697692307692 0.5121659447115385 0.44199959855769233 0.5197210552884616 0.46643843749999997 0.5270092307692308 0.4721333341346154 0.5208312764423076
1 0.48363123317307694 0.5685643413461539 0.48787427403846156 0.5343863870192307 0.4552560552884615 0.5433651418269231 0.4560856850961538 0.5593651418269231 0.47151551682692305 0.5669202524038461 0.48363123317307694 0.5685643413461539
1 0.3958358341346154 0.7895006105769231 0.42628068028846156 0.7966108341346154 0.4210999014423077 0.754699810096154 0.39749069230769235 0.7634116346153846 0.3958358341346154 0.7895006105769231
1 0.4551787788461539 0.8898990096153846 0.4481313317307692 0.8119879879807693 0.39231871875 0.8376785673076923 0.3911823822115385 0.8737675456730769 0.4099263269230769 0.8872336778846154 0.4551787788461539 0.8898990096153846
2 0.8742422403846154 0.7352641538461538 0.8562242235576923 0.7357980192307692 0.8533249254807692 0.7378869975961538 0.8443159158653846 0.7381539326923078 0.8384136129807692 0.7403318870192308 0.8415203221153846 0.7422429086538462 0.8418314326923078 0.7482429086538461 0.848252252403846 0.7560649543269231 0.8782822836538462 0.7551751754807692 0.8841845841346154 0.75299721875 0.8836660649038461 0.74299721875 0.8742422403846154 0.7352641538461538
2 0.8571531538461539 0.6957090432692308 0.8565309302884615 0.6837090432692308 0.8533205216346154 0.6797980192307692 0.8413085096153845 0.6801539326923076 0.8324032019230769 0.6824208653846154 0.83250690625 0.6844208653846154 0.8267083100961539 0.6885988221153846 0.8178030024038462 0.6908657548076923 0.8182178173076923 0.6988657548076923 0.8275379399038462 0.7045988221153846 0.8276416418269231 0.7065988221153846 0.8307483485576923 0.70850984375 0.8484552548076922 0.7019759759615384 0.8571531538461539 0.6957090432692308
2 0.8413989999999999 0.5078869975961539 0.8321825841346153 0.5041539326923077 0.8231735745192308 0.5044208653846154 0.8173749759615384 0.5085988221153847 0.8178934951923077 0.5185988221153847 0.8212076081730769 0.52450984375 0.8274210192307693 0.5283318870192308 0.8335307307692308 0.5301539326923077 0.8455427427884616 0.5297980192307692 0.8483383389423077 0.5257090432692307 0.8479235240384615 0.5177090432692307 0.8413989999999999 0.5078869975961539
2 0.801534735576923 0.5511326875 0.8139615625 0.5587767764423077 0.8199675697115385 0.5585988221153846 0.8227631634615384 0.55450984375 0.8185157163461538 0.5305988221153846 0.8095067067307693 0.5308657548076924 0.8097141153846154 0.5348657548076923 0.8010162163461538 0.5411326875 0.801534735576923 0.5511326875
2 1 0.3634151586538461 0.9935063076923077 0.367171170673077 0.9907107115384615 0.37126014903846155 0.9915403413461538 0.38726014903846157 0.9946470480769231 0.38917117067307694 1 0.38901256490384617 1 0.3634151586538461
2 1 0.40553115625 0.9952692692307692 0.4011711706730769 0.9891595600961539 0.39934912740384615 0.9801505528846154 0.39961606009615386 0.97704384375 0.3977050384615385 0.9624436442307692 0.4061499278846154 0.9596480480769232 0.41023890625 0.9600628629807691 0.41823890625 0.9661725721153847 0.42006094951923073 0.9724896899038461 0.4258829951923077 0.9816024038461539 0.4276160600961539 0.9934070072115385 0.42326014903846154 0.9992056057692308 0.4190821923076923 1 0.4179202716346154 1 0.40553115625
3 0.6101501490384615 0.28238238221153844 0.7225553557692308 0.2750457115384615 0.7996504495192307 0.2827767764423077 0.8439695697115385 0.2674421081730769 0.8343339326923077 0.19762006490384615 0.8489341346153847 0.18917517548076923 0.7843111129807692 0.10295473317307692 0.6665717716346153 0.09442487019230769 0.6130362355769231 0.10602647115384614 0.5810402403846153 0.1270052283653846 0.5420056057692307 0.1862509182692308 0.5910906899038462 0.2048272716346154 0.61314875 0.22420442548076924 0.6137709711538462 0.23620442548076925 0.5604428413461539 0.25180602884615383 0.5799127139423077 0.2792721610576923 0.6101501490384615 0.28238238221153844
3 0.7615491490384615 0.36002246634615387 0.7553313317307692 0.29811144471153844 0.709352954326923 0.2814461129807692 0.6013485504807693 0.28664931490384615 0.5582694687499999 0.26789500721153847 0.54035515625 0.27042887259615384 0.5082554567307692 0.2894076298076923 0.4770890889423077 0.3263863870192308 0.5136436442307692 0.3353186514423077 0.55672803125 0.3530732716346154 0.520790391826923 0.3571406971153846 0.5001841850961538 0.36576354086538465 0.5370498509615385 0.3806958076923077 0.7535771778846154 0.38028940144230766 0.7615491490384615 0.36002246634615387
3 0.6158582572115385 0.45047136057692305 0.6792324326923077 0.4546028245192308 0.7661121129807692 0.44802246634615384 0.7514038052884615 0.3963783774038462 0.7389769783653846 0.38873429086538464 0.6181309326923077 0.37829340384615384 0.579299298076923 0.38345011778846155 0.5388128125 0.4146958076923077 0.6158582572115385 0.45047136057692305
3 0.664632233173077 0.4630477139423077 0.5914194182692307 0.4431831826923077 0.5348808798076923 0.4548737620192308 0.5002966947115385 0.48394149759615385 0.5315711706730769 0.50705171875 0.5744428413461539 0.5218060288461538 0.6883495504807692 0.5144248701923076 0.664632233173077 0.4630477139423077
3 0.6345249254807693 0.8104713605769231 0.5336672692307692 0.8374966081730769 0.49649489423076926 0.8746533197115384 0.49701341346153843 0.8846533197115385 0.5710558557692308 0.9205178509615385 0.6758498485576923 0.911403625 0.7142666658653846 0.8982469134615385 0.6945893894230769 0.86678078125 0.6575163173076923 0.8478485144230768 0.6501621610576923 0.8220264711538461 0.6345249254807693 0.8104713605769231
3 0.47784584375 0.7470092307692308 0.4940016033653846 0.7685643413461538 0.47670950961538466 0.7830982091346154 0.4774354350961539 0.7970982091346154 0.5117129134615385 0.8201194519230769 0.5238286298076923 0.8217635408653846 0.5495075072115385 0.7949627403846153 0.5458778774038462 0.7249627403846154 0.5365577572115384 0.7192296730769231 0.48882081971153846 0.7266533197115385 0.47784584375 0.7470092307692308