1 0.5398170360576923 0.14110640384615383 0.5072004206730769 0.11976748557692307 0.47379608894230774 0.12574151682692308 0.46385415625 0.13914831249999998 0.487431875 0.1822202908653846 0.509847375 0.1845021418269231 0.5378697596153846 0.16580312259615385 0.5398170360576923 0.14110640384615383
1 0.5290155144230769 0.20249864663461536 0.5263483245192307 0.21474869471153848 0.5262912115384615 0.2255614783653846 0.52701509375 0.25709730528846153 0.5495715456730769 0.25620772836538463 0.5713256682692308 0.2543150336538461 0.5830894086538462 0.23815152884615387 0.5887096586538462 0.2263977283653846 0.5890943076923076 0.22339829807692307 0.5737503677884616 0.20928700240384618 0.5541591899038462 0.20080886298076922 0.5290155144230769 0.20249864663461536
1 0.5690647331730769 0.2573628798076923 0.5519734302884616 0.2499884543269231 0.5227498269230769 0.25748091586538463 0.5285426947115385 0.27054945913461537 0.5696102932692308 0.29143564903846153 0.5790664471153846 0.2713172043269231 0.5690647331730769 0.2573628798076923
1 0.5225443774038461 0.35221762980769233 0.5336249663461539 0.34878187499999996 0.5477931610576923 0.3373443221153846 0.5505179567307692 0.3375057908653846 0.5564210649038461 0.32762464903846156 0.5568745793269231 0.3174205673076923 0.5542404855769231 0.3152182836538462 0.5520599086538461 0.30281191346153846 0.5416142403846154 0.29196195432692307 0.5202693894230769 0.28046611778846153 0.5149104999999999 0.2781023653846154 0.5066454110576923 0.2796587716346154 0.48993382451923073 0.28685322355769227 0.4694090096153846 0.3183759975961538 0.46350590384615387 0.32825713942307694 0.4629616875 0.3405020384615384 0.4655957788461539 0.3427043245192308 0.4653236706730769 0.3488267740384616 0.4732259495192308 0.3554336298076923 0.48140033653846154 0.35591803846153847 0.48975612740384616 0.35232081490384615 0.4979305144230769 0.35280522355769234 0.5007460120192307 0.350925875 0.5225443774038461 0.35221762980769233
1 0.5949458437499999 0.5672657932692308 0.5898590649038462 0.5587795889423077 0.5712390096153845 0.5474452211538462 0.5631553245192308 0.5449199975961538 0.5439910528846154 0.5458305288461538 0.5380879471153845 0.5557116706730769 0.5295507475961538 0.5633905264423077 0.5289158269230769 0.5776762403846154 0.5334583894230769 0.59840734375 0.5360924807692308 0.6006096298076924 0.5524412548076924 0.6015784471153846 0.5552567548076923 0.5996990985576923 0.5661559375 0.6003449759615385 0.5772365264423077 0.5969092211538461 0.5914047211538461 0.5854716682692308 0.5944016274038462 0.5795106899038461 0.5949458437499999 0.5672657932692308
1 0.5048610096153846 0.8115627716346154 0.5024083221153846 0.8052788533653845 0.48651306490384616 0.7941059543269231 0.4811541754807692 0.7917422019230769 0.4648054038461539 0.7907733846153846 0.45644961057692307 0.794370610576923 0.44682397596153844 0.8265392620192308 0.44591694711538465 0.8469474254807692 0.45118513221153844 0.8513519975961539 0.47025869951923077 0.8524822836538462 0.4728927932692307 0.8546845673076924 0.4838826778846154 0.8532896298076923 0.5064066682692308 0.8382548533653846 0.5122190697115385 0.8304145264423077 0.5125818822115384 0.8222512620192308 0.5101291947115384 0.8159673437499999 0.5048610096153846 0.8115627716346154
1 0.4460002355769231 0.7221346899038461 0.4560830913461539 0.7411479158653846 0.45317688942307693 0.7450680793269231 0.4640760721153846 0.7457139567307693 0.4757008774038462 0.7300333028846153 0.4760636875 0.7218700384615384 0.4709769086538461 0.7133838341346154 0.4604405408653846 0.7045746923076923 0.4522661538461538 0.7040902836538462 0.4465444543269231 0.7098897932692307 0.4460002355769231 0.7221346899038461
0 0.4148298076923077 0.43995934375 0.40692753125000003 0.4333524855769231 0.4070182331730769 0.43131167067307696 0.40165934615384613 0.4289479158653846 0.3823136658653846 0.4339400793269231 0.3794981682692308 0.43581942788461536 0.37886324759615386 0.45010514182692307 0.3839500264423077 0.45859134375 0.38921821153846153 0.46299591586538463 0.3967576778846154 0.4777660384615385 0.41038165625 0.47857338461538457 0.41301574999999996 0.4807756706730769 0.42119013701923075 0.4812600793269231 0.43517692788461537 0.4739041610576923 0.4355397379807692 0.4657408942307692 0.41473910576923073 0.4420001610576923 0.4148298076923077 0.43995934375
0 0.2473696778846154 0.8269968966346154 0.24727897355769232 0.8290377139423076 0.25227505048076926 0.839564733173077 0.25754323557692305 0.8439693052884615 0.262902125 0.8463330576923076 0.2738013052884615 0.8469789350961539 0.28206639423076924 0.8454225288461538 0.2905128918269231 0.8397844879807692 0.29105710817307695 0.8275395889423076 0.28851371875000004 0.8232964879807692 0.2776145360576923 0.822650610576923 0.2473696778846154 0.8269968966346154
0 0.17180102163461536 0.8061492235576923 0.16653283653846154 0.8017446514423077 0.1365600841346154 0.7999684879807692 0.11448961057692308 0.8047991826923078 0.11439890625 0.8068399975961539 0.11966709134615384 0.8112445721153846 0.1331096658653846 0.8161335504807692 0.14637083173076923 0.8251041610576924 0.15172971875 0.8274679182692307 0.16262890144230768 0.828113795673077 0.16816919711538464 0.8263959158653846 0.17107539903846153 0.8224757548076924 0.16880411778846155 0.8121102019230769 0.1716196153846154 0.8102308557692308 0.17180102163461536 0.8061492235576923
0 0.3768751971153846 0.6177750168269232 0.3714256057692307 0.6174520793269231 0.36861010817307693 0.6193314254807691 0.3522613341346154 0.6183626105769231 0.34944583413461533 0.6202419567307692 0.34917372596153845 0.62636440625 0.3544419110576923 0.6307689759615385 0.3652503918269231 0.633455670673077 0.36815659134615386 0.6295355072115385 0.37088138701923073 0.6296969783653845 0.3848681778846154 0.6223410576923077 0.38214338221153843 0.6221795889423076 0.3768751971153846 0.6177750168269232
2 0.07306604326923077 0.6918501225961537 0.08387452163461538 0.6945368149038462 0.08914270673076923 0.6989413870192307 0.09459229807692308 0.6992643269230769 0.0974985 0.6953441610576923 0.09495511057692307 0.6911010600961538 0.09531792307692308 0.6829377956730769 0.11266443028846154 0.6614576298076924 0.10449004326923077 0.6609732235576923 0.09649706009615386 0.6564071826923077 0.08032969230769231 0.651356733173077 0.05853132932692307 0.6500649783653846 0.055897237980769225 0.6478626923076922 0.044998055288461535 0.6472168149038461 0.042363961538461545 0.6450145312500001 0.03691437019230769 0.644691591346154 0.034098872596153844 0.6465709374999999 0.015025302884615383 0.6454406514423077 0.0009478100961538462 0.6548373870192308 0.00013148317307692307 0.6732047355769232 0.002674872596153846 0.6774478365384616 0.010667853365384616 0.6820138774038462 0.027379439903846153 0.6748194278846154 0.06779786057692308 0.6874455504807693 0.07306604326923077 0.6918501225961537
2 0.11320864663461538 0.6492127331730769 0.10794046153846154 0.6448081634615386 0.10875678846153845 0.6264408149038462 0.1115722860576923 0.62456146875 0.1117536923076923 0.6204798365384616 0.10911960096153847 0.6182775504807693 0.06833837019230769 0.6138146923076924 0.0657042764423077 0.6116124086538461 0.05752988942307692 0.611128 0.05489579807692308 0.6089257139423077 0.03872843028846154 0.6038752644230769 0.02773854326923077 0.6052702043269231 0.027194326923076922 0.6175151009615385 0.02982841826923077 0.6197173870192307 0.029556310096153844 0.6258398365384615 0.03473379326923077 0.6322852235576922 0.06697782692307692 0.6444269375 0.09404437499999999 0.6501232644230769 0.11039314903846154 0.6510920793269231 0.11320864663461538 0.6492127331730769
2 0.057265197115384615 0.7400223677884615 0.04382262259615385 0.7351333870192308 0.03019864423076923 0.7343260408653846 0.027383146634615385 0.7362053870192308 0.02447694471153846 0.7401255504807692 0.02402343028846154 0.7503296322115385 0.026657524038461538 0.7525319182692307 0.02638541346153846 0.7586543677884615 0.03401558413461538 0.771383673076923 0.04491476682692308 0.7720295528846154 0.045186875 0.7659071033653846 0.04255278125 0.7637048149038462 0.04318770192307692 0.7494191009615385 0.049000105769230765 0.7415787764423077 0.057265197115384615 0.7400223677884615
2 0.014171903846153846 0.04994840865384616 0.027160961538461537 0.06504146875 0.03542605048076923 0.0634850625 0.04105704807692308 0.059726367788461535 0.041691968749999996 0.04544065144230769 0.039057875000000006 0.04323836778846154 0.03951139182692308 0.033034286057692305 0.028702911057692307 0.03034759134615385 0.020437822115384616 0.031904 0.01480682451923077 0.03566269471153846 0.014171903846153846 0.04994840865384616
2 0.10010190865384616 0.16984621153846155 0.10039127163461538 0.1471690528846154 0.08132817307692308 0.1419306346153846 0.0767724951923077 0.14915586778846154 0.07942272836538462 0.16746877403846155 0.10010190865384616 0.16984621153846155