1 0.6506988942307692 0.7683290120192308 0.677934233173077 0.7620394759615384 0.7031962596153847 0.7405872187500001 0.7083594615384615 0.6830460384615384 0.69611225 0.6523406466346154 0.6599499302884616 0.6280767692307693 0.647968841346154 0.6501369447115385 0.6463920024038461 0.7605956730769231 0.6506988942307692 0.7683290120192308
1 0.640033954326923 0.5342186971153846 0.6468518413461539 0.569699701923077 0.6551004711538462 0.5892543846153846 0.6649594519230769 0.5998167307692308 0.6722436586538462 0.6075481923076923 0.6783470024038463 0.60882234375 0.7047314615384616 0.5748611322115385 0.7079634110576923 0.5463664927884616 0.7080100625000001 0.5197457548076924 0.6920465649038461 0.5064547139423077 0.6761546322115385 0.5032152163461538 0.6472591778846154 0.5094287620192308 0.640033954326923 0.5342186971153846
1 0.7109392548076923 0.30133008894230773 0.7071700480769232 0.3061816875 0.7100413076923077 0.31133725 0.7089188750000001 0.32384620192307695 0.6732000961538461 0.3875249399038462 0.6661993605769231 0.40981308173076925 0.6641789807692308 0.4323291947115384 0.704021798076923 0.4341529495192308 0.7177517091346155 0.4297572860576923 0.7326040576923076 0.41285267067307696 0.74292503125 0.3907165072115385 0.7475034759615385 0.3582692211538462 0.7443190216346154 0.3380269278846154 0.7371408677884616 0.3251380264423077 0.7190153557692308 0.3042118269230769 0.7109392548076923 0.30133008894230773
3 0.4266518389423077 0.3486067860576923 0.4090169375 0.3779443629807692 0.42050198076923073 0.39856660336538463 0.5701370360576923 0.40290388942307687 0.5826558076923077 0.3934286538461539 0.6199405600961538 0.4051835817307692 0.6406712091346154 0.3784997716346154 0.6070669567307692 0.34430472355769226 0.5861588894230769 0.3358114855769231 0.5214143100961539 0.33284788701923074 0.5155360096153846 0.3426270769230769 0.4351769134615384 0.34648494471153846 0.4266518389423077 0.3486067860576923
3 0.503352983173077 0.20020802163461537 0.4956807427884616 0.1819206826923077 0.48428871394230766 0.17047927884615385 0.48891309855769227 0.15353354326923077 0.5081757019230769 0.16377522115384616 0.5144715072115384 0.13156480528846154 0.5014150576923077 0.1284550985576923 0.4511154879807692 0.16885782211538464 0.4490951057692308 0.1913739375 0.4836860168269231 0.2331503485576923 0.5694273725961538 0.26219570673076925 0.6538688725961539 0.26857297115384615 0.6694833918269231 0.2617515096153846 0.6749127163461538 0.2569758966346154 0.678953483173077 0.21194366826923078 0.6746936634615385 0.16653149278846155 0.5596965841346153 0.16629178365384614 0.5386527403846154 0.17788885817307692 0.517950391826923 0.20477743990384617 0.503352983173077 0.20020802163461537
3 0.4890881802884615 0.6931057091346153 0.4972059182692308 0.7512548076923077 0.5082419879807692 0.7768806274038462 0.5145069903846153 0.7742910865384616 0.5244943317307692 0.771942266826923 0.5454547548076923 0.7690029759615384 0.569089235576923 0.7997221658653846 0.5731127091346153 0.8240824591346154 0.5488891923076923 0.8518322764423077 0.5579513725961539 0.8545179927884615 0.59286090625 0.8184349399038461 0.6073113509615384 0.7688550697115384 0.6167343750000001 0.7567260673076923 0.6143120865384616 0.7465669254807692 0.6000444903846154 0.7383776466346154 0.5973090096153846 0.7131317740384616 0.4890881802884615 0.6931057091346153
3 0.5742031442307692 0.6919776057692307 0.5893686874999999 0.69015971875 0.5885178125 0.6624880480769231 0.5649629711538462 0.6463374567307691 0.47998378365384614 0.62737525 0.48868627644230767 0.660430454326923 0.5529818822115384 0.6683976346153847 0.5748766057692307 0.6844722307692308 0.5742031442307692 0.6919776057692307
3 0.4087120528846154 0.6459176129807692 0.45072806490384615 0.6561808990384616 0.42964257932692307 0.6125106153846154 0.3722119302884615 0.6023456033653847 0.3653469735576923 0.6045434375000001 0.35834623798076926 0.6268315817307692 0.35910840865384613 0.6369147331730769 0.38477234134615385 0.6481377307692308 0.4087120528846154 0.6459176129807692
3 0.34810311057692306 0.8524486586538462 0.47350986778846155 0.8481407259615386 0.45081133894230774 0.7667156177884615 0.44996045913461535 0.7390439423076922 0.45817234134615387 0.7218353701923077 0.4442650072115385 0.6910539879807692 0.35982350721153844 0.6846767211538461 0.3374273076923077 0.8042307331730769 0.34810311057692306 0.8524486586538462
3 0.6084500841346154 0.4775075336538462 0.5560884951923077 0.48515901442307696 0.5362557932692308 0.5018356610576923 0.5389912740384616 0.5270815336538461 0.6113629831730769 0.5379304543269231 0.6169280889423077 0.5130645264423077 0.6084500841346154 0.4775075336538462
3 0.49016897596153847 0.6253293990384615 0.56805871875 0.6489912283653846 0.5897289543269231 0.6675676153846154 0.6000499254807692 0.6454314519230769 0.5976276370192308 0.6352723124999999 0.5729503629807693 0.6316306754807692 0.5705280745192307 0.6214715336538461 0.4871203004807692 0.5849967908653846 0.48299082692307693 0.6124404975961538 0.49016897596153847 0.6253293990384615
3 0.4499767572115384 0.4602053581730769 0.40349346875000003 0.4580776466346154 0.39303672115384614 0.500304125 0.3959966899038462 0.5230482067307692 0.4358395096153846 0.5248719615384615 0.43817308653846154 0.5174425793269231 0.4499767572115384 0.4602053581730769
3 0.4196402379807692 0.5567873197115385 0.3758037235576923 0.5623169591346154 0.37266090384615386 0.5973420240384615 0.42367557211538465 0.6047012884615385 0.4270428774038461 0.5671744302884615 0.4196402379807692 0.5567873197115385
2 0.13442952884615383 0.27996523557692304 0.12087160096153847 0.41248413942307693 0.13136998798076924 0.42552501923076924 0.1450999014423077 0.4211293557692307 0.15932586057692305 0.37405127644230773 0.18880606971153846 0.3427438365384615 0.17785870913461538 0.3347065360576923 0.17135401682692308 0.31431226442307697 0.1842330528846154 0.28224492788461536 0.1504930216346154 0.2681401923076923 0.13442952884615383 0.27996523557692304
2 0.12379536298076924 0.2870146682692308 0.1471727860576923 0.2679882091346154 0.16897880288461536 0.2664742884615384 0.1818578389423077 0.23440694951923075 0.1640925889423077 0.19088864663461538 0.13488393509615385 0.18201545913461536 0.11249317067307693 0.20862327884615384 0.10549243509615384 0.23091142307692308 0.1040984423076923 0.283601 0.12379536298076924 0.2870146682692308
2 0.00886740625 0.598549889423077 0.011243060096153846 0.7589065456730769 0.039864382211538464 0.7579533173076923 0.03291071875 0.7425626274038462 0.05489957932692308 0.6832795528846154 0.025111605769230768 0.6065540649038461 0.009632870192307692 0.5932852163461538 0.00886740625 0.598549889423077
2 0.08465918509615385 0.6427279375 0.08472214423076922 0.5926854423076923 0.07859562980769232 0.5863936346153846 0.06405647836538461 0.6183849807692308 0.05987993028846154 0.6835075216346154 0.11134357451923077 0.6858632019230769 0.08465918509615385 0.6427279375