1 0.0663 0.44113483173076923 0.063555 0.4802097379807692 0.10404 0.47352434375 0.1067825 0.4622134831730769 0.0944325 0.43547940144230773 0.0663 0.44113483173076923
1 0.106525 0.38745318269230766 0.0910875 0.37459925000000005 0.0787375 0.37305618028846155 0.0705025 0.37871161057692304 0.0626125 0.3982471899038461 0.0725625 0.40390262259615384 0.0993225 0.414700375 0.106525 0.38745318269230766
1 0.1568725 0.33605992548076924 0.143835 0.31395131009615385 0.127025 0.3170374543269231 0.11707500000000001 0.3457790264423077 0.1362875 0.3483970048076923 0.15756 0.34942696634615383 0.1568725 0.33605992548076924
0 0.1095275 0.4070112355769231 0.10163749999999999 0.42963295913461536 0.1143325 0.4352883894230769 0.119135 0.4131797764423077 0.1095275 0.4070112355769231
0 0.148295 0.4347715360576923 0.1345725 0.4445393269230769 0.15069749999999998 0.45431086057692305 0.15653 0.4460823966346154 0.148295 0.4347715360576923
1 0.285785 0.2602584278846154 0.2631425 0.26077528125 0.2592547259615384 0.2894564447115385 0.292305 0.29779026201923076 0.285785 0.2602584278846154
0 0.2538325 0.3914194759615385 0.24874000000000002 0.3885580528846154 0.2315525 0.39809737740384615 0.2363275 0.41192883894230764 0.25256 0.41765168509615386 0.2538325 0.3914194759615385
0 0.32194500000000004 0.44364419471153843 0.318445 0.4236104879807692 0.3041225 0.42694756490384617 0.303485 0.44889138461538464 0.3120775 0.45747565625000003 0.32194500000000004 0.44364419471153843
1 0.38743000000000005 0.30104868990384615 0.3801775 0.27477528125 0.3590175 0.26934082451923075 0.350555 0.2806629206730769 0.34480999999999995 0.30784269711538464 0.3569025 0.3146367043269231 0.3771525 0.3096554302884615 0.38743000000000005 0.30104868990384615
0 0.3488825 0.4713895120192308 0.344535 0.4583595504807692 0.329175 0.46834831490384615 0.33729 0.4787715360576923 0.344535 0.48268164903846156 0.3488825 0.4713895120192308
1 0.4552 0.3310411995192308 0.4548 0.29747191105769233 0.43820000000000003 0.2881797764423077 0.4276 0.2959737836538462 0.4184 0.31935206009615386 0.424 0.3247453173076923 0.4374 0.3301423221153846 0.4552 0.3310411995192308
1 0.49805 0.3370374543269231 0.50725 0.34572659134615386 0.50605 0.33403745432692306 0.50005 0.3226516850961539 0.48965000000000003 0.3178539326923077 0.48085 0.3235505625 0.47405 0.33913483173076925 0.47625 0.3388352067307692 0.48405 0.3367378269230769 0.49805 0.3370374543269231
1 0.5465675 0.35035206009615383 0.5550849999999999 0.3328052427884615 0.558065 0.3216367043269231 0.550825 0.30791760336538465 0.5442250000000001 0.30664044951923075 0.52421 0.3168501875 0.52272 0.3478014975961538 0.533365 0.3612022475961538 0.5465675 0.35035206009615383
1 0.502215 0.557513108173077 0.51027 0.5458089879807692 0.5131975 0.5352022475961539 0.51149 0.5216666658653846 0.507585 0.5117902620192308 0.50075 0.5048426971153847 0.48805750000000003 0.5026479399038462 0.4820775 0.5056404495192308 0.4731675 0.5289850192307692 0.4822 0.5443483149038462 0.49171750000000003 0.5604419471153845 0.502215 0.557513108173077
0 0.486105 0.5461760288461538 0.4814675 0.5366666658653846 0.47487749999999995 0.5308127331730769 0.4692625 0.5294082403846153 0.46584499999999995 0.5619026225961539 0.47512000000000004 0.5673895120192308 0.485615 0.5549550552884616 0.486105 0.5461760288461538
0 0.37998499999999996 0.656299625 0.37376 0.6530561802884616 0.3563 0.6651722836538462 0.36374249999999997 0.6859138581730769 0.38323250000000003 0.6782059927884615 0.3770075 0.6631947572115385 0.37998499999999996 0.656299625
2 0.3716 0.6081947572115385 0.37239999999999995 0.5884119855769231 0.36574999999999996 0.5551310865384615 0.3516 0.560539326923077 0.3512 0.5884119855769231 0.3552 0.6102921346153847 0.3716 0.6081947572115385
2 0.40599999999999997 0.6096928846153846 0.3966 0.5911086153846153 0.3938 0.5773220985576922 0.39675 0.5540074903846154 0.3816 0.5563445697115385 0.376 0.57492509375 0.3848 0.6159850192307693 0.40599999999999997 0.6096928846153846
2 0.261235 0.6090561802884615 0.25262 0.5905205985576922 0.22898749999999998 0.5835692884615384 0.227 0.6064082403846154 0.2470975 0.6179925096153845 0.258585 0.6209700384615384 0.261235 0.6090561802884615