1 0.22981779086538462 0.31316467307692303 0.2226396610576923 0.33916543269230764 0.23020325961538463 0.34478966826923074 0.34034482932692306 0.3623640216346154 0.36273130769230766 0.35426962980769233 0.33975648076923076 0.3140942836538461 0.3095629447115385 0.29659075240384614 0.25204197115384613 0.2917544903846154 0.22981779086538462 0.31316467307692303
1 0.42047545192307695 0.37741510096153846 0.4556099471153846 0.39034575480769235 0.4805582043269231 0.3874550576923077 0.4877160456730769 0.35978982451923075 0.48501818028846155 0.3434208389423077 0.4723048173076923 0.32523871634615387 0.4457716466346154 0.32067166586538465 0.4172644663461539 0.3189482524038461 0.38253572836538463 0.33930706971153846 0.38360176201923074 0.3455988245192308 0.39106404567307695 0.3541842475961538 0.4012617427884615 0.365821375 0.42047545192307695 0.37741510096153846
1 0.5574778413461539 0.3440392884615384 0.55796475 0.38398665625 0.5804729567307693 0.3858791081730769 0.6029203028846154 0.38277813701923075 0.6675788317307692 0.3582846899038462 0.6800833918269231 0.3593360504807693 0.6851257932692308 0.36308554567307694 0.6900870408653846 0.3601771394230769 0.6874846899038461 0.35164450240384615 0.6672339399038462 0.32998863942307693 0.6546279399038462 0.3206149086538461 0.63455978125 0.31393931009615383 0.6020682115384616 0.31287024278846154 0.5796614447115385 0.31930016346153844 0.5623173629807693 0.3311440456730769 0.5574778413461539 0.3440392884615384
3 0.6036451586538462 0.6472191778846154 0.6334735120192309 0.6347621826923077 0.6358729831730769 0.6266500865384615 0.6424019038461538 0.5473861682692308 0.6523446850961538 0.5432338365384616 0.6515534615384616 0.47831936538461534 0.6437869831730769 0.4560503870192308 0.6108287956730769 0.41669842788461536 0.5835419278846155 0.4326946418269231 0.5940121971153846 0.4718186274038461 0.5841505625 0.48262885336538464 0.5834755600961539 0.6322212115384616 0.6036451586538462 0.6472191778846154
3 0.8232237235576924 0.4195913100961538 0.7781058701923077 0.40748404086538464 0.733089451923077 0.40369913701923077 0.7281484927884615 0.4082720144230769 0.7208283485576923 0.42262146153846153 0.7243639374999999 0.5077198918269231 0.7504483173076923 0.5980397187500001 0.7909295288461539 0.63968696875 0.8134377355769231 0.6415794206730769 0.8553851826923077 0.5985487860576924 0.8527219663461539 0.5850227235576922 0.8204091153846154 0.5857029543269231 0.8299731394230769 0.6066382091346154 0.8129296850961538 0.608301298076923 0.801907076923077 0.5949869182692308 0.7839372163461539 0.58418615625 0.7798706490384616 0.5688743485576923 0.80736065625 0.5529417716346153 0.8196217620192308 0.5340194471153846 0.8232237235576924 0.4195913100961538
3 0.13364150721153847 0.41648378605769226 0.13601556009615384 0.42596330048076925 0.16448152403846153 0.40667750240384615 0.188625875 0.4149013269230769 0.2184528293269231 0.44373406490384615 0.21482330769230767 0.46407382932692304 0.21214877884615382 0.47360109134615386 0.20935865625 0.4793840600961538 0.2345300769230769 0.49480257211538464 0.2922133581730769 0.5129546274038461 0.27586888701923074 0.40183772836538456 0.2507989038461539 0.39474158653846153 0.24311357692307695 0.37913050721153846 0.23306935576923077 0.37496046875 0.2206662331730769 0.3822314783653846 0.17076972115384617 0.38801287259615386 0.13364150721153847 0.41648378605769226
3 0.29849882451923077 0.4137170216346154 0.29618050240384614 0.4284870120192308 0.30368323798076924 0.42911783173076923 0.31897274038461537 0.45368209615384614 0.3247657908653846 0.519017110576923 0.3574196610576923 0.53340196875 0.34135922115384615 0.4455877043269231 0.3260494326923077 0.4193589639423077 0.29849882451923077 0.4137170216346154
3 0.32773332211538464 0.5575102788461538 0.3365589230769231 0.6010818966346154 0.3335466610576923 0.6245097692307693 0.3438749158653846 0.6519824375 0.3538988509615385 0.6544880024038461 0.3763461947115384 0.6513870312500001 0.37876595432692306 0.6449394086538462 0.3705531442307692 0.586052014423077 0.32773332211538464 0.5575102788461538
3 0.13717710096153846 0.5015822163461539 0.1286950408653846 0.6255766514423077 0.17639496153846151 0.6445520889423076 0.29629672115384614 0.6429938461538461 0.29276113221153843 0.5578954158653846 0.26254730769230766 0.5387274110576923 0.24512207451923076 0.5439133990384616 0.21757146634615385 0.5382714543269231 0.13717710096153846 0.5015822163461539
3 0.5017016201923077 0.4823477596153846 0.51107634375 0.43159016826923075 0.4759215625 0.41699503846153846 0.45095301682692307 0.4182212644230769 0.4593484182692308 0.4920889230769231 0.4844184014423077 0.4991850649038462 0.5017016201923077 0.4823477596153846
3 0.3534783125 0.4150140673076923 0.3434340889423077 0.41084402884615384 0.3210273197115385 0.41727394471153845 0.3388177331730769 0.44204848317307693 0.35979884615384616 0.5236253990384616 0.37240484375 0.5329991274038461 0.39989458894230767 0.5336476490384615 0.3663277644230769 0.44436148076923077 0.3562835408653846 0.4401914423076923 0.3534783125 0.4150140673076923
3 0.5235956850961538 0.6388259927884616 0.523027625 0.5922207307692308 0.46558780048076925 0.5940423605769231 0.45810535336538466 0.5950760168269231 0.45859226201923076 0.6350233846153847 0.48116133173076925 0.6419092572115385 0.5235956850961538 0.6388259927884616
3 0.3837677788461538 0.6453599543269231 0.41878054807692305 0.648303766826923 0.42575579807692304 0.605658266826923 0.41565071153846156 0.5964948076923077 0.37813703125 0.5933407235576923 0.3837677788461538 0.6453599543269231
2 0.6591263341346154 0.8946480528846154 0.6390176009615385 0.8846435072115385 0.6313728509615385 0.8723613725961539 0.5991856009615385 0.8962594110576922 0.5517899975961538 0.9022510793269232 0.5469504759615385 0.9151463245192308 0.5595970528846154 0.9278490024038462 0.6921251009615385 0.9373289615384616 0.7044470697115385 0.9234000600961539 0.6915164639423076 0.8873947499999999 0.6591263341346154 0.8946480528846154
2 0.7818941899038462 0.923260608173077 0.7391149447115384 0.8980478173076923 0.7067248173076923 0.9053011201923076 0.7044876466346154 0.9267290072115385 0.6847440913461539 0.946684985576923 0.6874884567307693 0.9668689423076924 0.7400481850961539 0.9746136081730769 0.7624955288461539 0.9715126394230769 0.789762108173077 0.9538519495192308 0.7818941899038462 0.923260608173077
2 0.3705416610576923 1 0.36297853365384614 0.9894677548076923 0.2875048389423077 0.9465411658653846 0.22768582932692308 0.9581393653846154 0.21257891826923075 0.9485553629807693 0.21046347596153847 0.9799700913461538 0.22052798557692307 0.9858046009615384 0.2697931730769231 1 0.3705416610576923 1
2 0.37879169951923075 0.9325771418269231 0.32891464423076927 0.9239672548076924 0.2868150528846154 0.8899490576923077 0.2874439759615385 0.9415477451923077 0.35248797596153847 0.9486792956730769 0.3848578173076923 0.9397615216346153 0.37879169951923075 0.9325771418269231