1 0.3310263509615385 0.42529641346153846 0.33292838461538465 0.39971026923076924 0.3244048798076923 0.3881732836538462 0.3089797836538462 0.3853463533653846 0.2901770456730769 0.3858903701923077 0.27725172836538464 0.3915014879807692 0.2763738653846154 0.40331047836538464 0.2819586610576923 0.4123139110576923 0.2878360769230769 0.41738101442307696 0.2998835336538461 0.4235788870192308 0.32147867067307695 0.42753658653846155 0.3310263509615385 0.42529641346153846
1 0.3409504615384616 0.20766747115384615 0.3472668100961539 0.20683007692307692 0.3571071081730769 0.20065357451923077 0.33403637019230764 0.1744806706730769 0.33418268269230766 0.1725125048076923 0.3312439711538462 0.1699789543269231 0.3250739326923077 0.16884818269230767 0.31875758413461536 0.16968557692307693 0.3056859543269231 0.17726485817307694 0.30480809134615383 0.18907385096153848 0.3076004903846154 0.19357556490384614 0.31935532451923077 0.20370977163461537 0.3409504615384616 0.20766747115384615
2 0.7449916875 0.4512886033653846 0.7514543461538461 0.44848304567307695 0.7528973125 0.4312176105769231 0.74718634375 0.42176612259615387 0.7442476346153846 0.4192325745192308 0.7380775961538462 0.4181018004807692 0.7275057427884615 0.4341191298076923 0.7270668124999999 0.440023625 0.732651608173077 0.44902705769230766 0.7355903197115385 0.45156061057692304 0.7448453774038462 0.4532567692307692 0.7449916875 0.4512886033653846
2 0.7198101009615385 0.24318573557692308 0.7040923846153846 0.24429513942307693 0.7005746875000001 0.24597460576923075 0.7005684326923076 0.24963424759615385 0.7001295024038462 0.25553874278846156 0.6935205336538461 0.26031246874999997 0.6961666177884616 0.26678234855769234 0.699105329326923 0.2693159014423077 0.7083603870192309 0.2710120576923077 0.7148230456730769 0.26820649759615384 0.7198101009615385 0.24318573557692308
2 0.7184808076923077 0.21900237019230767 0.7077501466346153 0.19509100961538461 0.7015801057692308 0.1939602355769231 0.6982024663461538 0.19733118269230768 0.7009948653846153 0.2018328966346154 0.7001170024038461 0.21364188701923076 0.6965930528846154 0.21898099759615386 0.7058481105769231 0.22067715625 0.7115792163461538 0.22771242307692308 0.7177492572115385 0.22884319471153847 0.7184808076923077 0.21900237019230767
3 0.4418532403846154 0.15434048557692306 0.4327444927884615 0.15067616346153845 0.4111493533653846 0.14671846153846155 0.3954316346153846 0.14782786298076925 0.3922003076923077 0.14923064182692308 0.4014553677884616 0.15092679807692308 0.40747909375 0.1540257355769231 0.41027149278846153 0.15852745432692308 0.41938024038461535 0.1621917764423077 0.4233556201923077 0.19284502403846154 0.42629432932692307 0.19537857692307695 0.4355493894230769 0.1970747355769231 0.46963091346153846 0.20132581249999998 0.4728622427884615 0.19992303365384614 0.4913723581730769 0.20331535096153847 0.4976887067307692 0.2024779543269231 0.5009200384615384 0.20107517788461537 0.50135896875 0.19517068028846152 0.49283546153846153 0.1836336971153846 0.4937133245192307 0.1718247043269231 0.49709096634615385 0.1684537596153846 0.491213548076923 0.1633866610576923 0.4481695889423077 0.15350309134615386 0.4418532403846154 0.15434048557692306
3 0.3872132524038462 0.17425140384615384 0.38133583413461536 0.1691843004807692 0.38148214423076926 0.16721613701923077 0.3753121057692308 0.16608536538461538 0.36267940624999995 0.1677601514423077 0.36253309615384616 0.16972831730769228 0.3772266418269231 0.1823960721153846 0.3925054278846154 0.18719116586538462 0.3989680889423077 0.18438560817307692 0.396322 0.17791572596153846 0.3872132524038462 0.17425140384615384
0 0.39916459615384614 0.21034637740384615 0.39826373317307695 0.2184265264423077 0.4021497668269231 0.22680940865384616 0.411065 0.2322776370192308 0.4163449951923077 0.22998549519230768 0.41939245192307695 0.22133916346153845 0.41426620192307695 0.21752492067307694 0.39916459615384614 0.21034637740384615
2 0.7186007259615385 0.3914962860576923 0.7371065120192307 0.39810171875000006 0.7451099014423076 0.3738551971153846 0.7515716009615385 0.35995737740384615 0.7497279206730769 0.34824611538461536 0.7420386370192307 0.3317548701923077 0.732280891826923 0.3482625384615385 0.7137277572115385 0.3631582956730769 0.7267890793269232 0.3751937548076923 0.7329675769230769 0.38596980528846153 0.7186007259615385 0.3914962860576923
0 0.38030236298076925 0.4541113485576923 0.39694569711538463 0.4599425408653846 0.4014162259615385 0.4584436826923077 0.4054399903846154 0.43855701442307693 0.4027179903846154 0.42137215384615384 0.3831726634615385 0.41987486778846156 0.38283485096153846 0.42004437740384615 0.38290374759615387 0.4239970889423077 0.37486828605769235 0.4392104495192308 0.38030236298076925 0.4541113485576923
0 0.3987041466346154 0.4607276466346154 0.391312625 0.45751968028846157 0.37463124999999997 0.44727859375 0.3582957259615384 0.4470658149038461 0.35539853846153846 0.46159893990384615 0.36366277884615383 0.4677478485576923 0.38259143028846154 0.4672767836538462 0.3987229951923077 0.47023318509615386 0.3987041466346154 0.4607276466346154