1 0.184 0.5495495504807693 0.186 0.5525525528846154 0.19 0.5525525528846154 0.206 0.5405405408653846 0.222 0.5375375384615384 0.228 0.5285285288461539 0.228 0.5195195192307692 0.214 0.4924924927884616 0.206 0.4924924927884616 0.204358 0.49147747836538463 0.20199999999999999 0.4924924927884616 0.19399999999999998 0.4924924927884616 0.186 0.5015015024038462 0.182 0.5135135144230769 0.182 0.5345345336538462 0.184 0.5375375384615384 0.184 0.5495495504807693
1 0.09628 0.4614714711538461 0.101338 0.4569969975961538 0.10096000000000001 0.44731531490384613 0.099822 0.44161861778846156 0.098 0.43543543509615384 0.094 0.43243243269230774 0.08716 0.4302342331730769 0.084 0.42942943028846153 0.08 0.42942943028846153 0.074 0.43243243269230774 0.074 0.43543543509615384 0.07 0.44144144230769233 0.07 0.45045044951923074 0.06956 0.45594594711538466 0.07200000000000001 0.4654654663461538 0.09628 0.4614714711538461
1 0.43388 0.4141471466346154 0.43400000000000005 0.40672672596153847 0.432 0.3947147139423077 0.428 0.38870870913461536 0.422 0.38870870913461536 0.41800000000000004 0.3917117115384615 0.41600000000000004 0.40672672596153847 0.422 0.41573573557692306 0.43004 0.41678979086538465 0.43388 0.4141471466346154
1 0.52816 0.41753753846153846 0.52816 0.4055255264423077 0.5261600000000001 0.3995195192307692 0.52216 0.39651651682692307 0.5181600000000001 0.39651651682692307 0.51616 0.3995195192307692 0.51416 0.41753753846153846 0.5181600000000001 0.4235435432692308 0.52416 0.4235435432692308 0.52816 0.41753753846153846
1 0.836488 0.4687657668269231 0.842488 0.4687657668269231 0.844488 0.4627597596153846 0.844488 0.4507477475961539 0.842488 0.44774474519230767 0.842488 0.4357327331730769 0.840488 0.43272973076923077 0.836488 0.4297267259615385 0.830488 0.4297267259615385 0.824488 0.43272973076923077 0.820488 0.43873573557692314 0.8184880000000001 0.4627597596153846 0.824488 0.4717687692307692 0.8344880000000001 0.4717687692307692 0.836488 0.4687657668269231
1 0.77885 0.6791291298076924 0.7828499999999999 0.6821321322115386 0.8228500000000001 0.6611111105769231 0.82885 0.6551051057692308 0.83485 0.6551051057692308 0.84485 0.6460960961538462 0.8425539999999999 0.6611981971153846 0.856638 0.6594714711538461 0.863538 0.658174173076923 0.869862 0.6534264254807692 0.86685 0.6460960961538462 0.86685 0.6400900889423077 0.8568499999999999 0.6160660649038461 0.8468660000000001 0.5973003004807692 0.83085 0.5770270264423076 0.8068500000000001 0.5740240240384615 0.78885 0.5860360360576923 0.7808499999999999 0.6010510504807692 0.77485 0.6160660649038461 0.77485 0.6521021009615384 0.77685 0.6551051057692308 0.77885 0.6791291298076924
2 0.222 0.9819819831730769 0.23 0.9879879879807691 0.23399999999999999 0.9849849855769232 0.24000000000000002 0.9849849855769232 0.24400000000000002 0.9879879879807691 0.252 0.9819819831730769 0.24800000000000003 0.9669669663461539 0.24724600000000002 0.9649369375 0.241034 0.9633153149038461 0.24000000000000002 0.9669669663461539 0.23600000000000002 0.9639639639423077 0.232 0.954954954326923 0.214 0.954954954326923 0.21 0.9579579591346155 0.20800000000000002 0.9639639639423077 0.20800000000000002 0.9729729735576923 0.214 0.9819819831730769 0.222 0.9819819831730769
2 0.26894399999999996 0.9452792788461538 0.269868 0.9515195192307692 0.27161399999999997 0.9526456466346154 0.27956400000000003 0.9584534543269231 0.28395 0.9442402403846154 0.28949 0.9466666658653846 0.29687800000000003 0.9525615624999999 0.304264 0.951174173076923 0.303342 0.9428528533653846 0.302186 0.9379969975961538 0.2948 0.9327987980769231 0.28972000000000003 0.9314114110576923 0.285796 0.9355705697115385 0.274022 0.9404264254807693 0.268714 0.9390390384615385 0.26894399999999996 0.9452792788461538
3 0.766332 0.9677927932692308 0.77434 0.9597747740384615 0.779678 0.8811981971153846 0.78395 0.8379039038461538 0.797296 0.7769669663461538 0.8149120000000001 0.7633363365384616 0.826 0.777777778846154 0.844 0.8318318317307691 0.8340000000000001 0.9969969975961538 0.9560000000000001 0.9939939951923077 0.9580000000000001 0.7987987980769231 0.95 0.7627627620192308 0.926 0.7207207211538461 0.8979999999999999 0.6996996995192308 0.854 0.7147147139423077 0.8079999999999999 0.7537537548076922 0.782 0.7987987980769231 0.773806 0.8250750745192307 0.765264 0.9044504495192308 0.7631300000000001 0.9509549543269231 0.766332 0.9677927932692308
3 0.218 0.6456456466346154 0.212 0.6756756754807692 0.216 0.7057057067307693 0.222 0.7147147139423077 0.226 0.7297297307692308 0.246 0.7267267259615384 0.266 0.7177177187499999 0.282 0.7057057067307693 0.28800000000000003 0.6966966971153846 0.286 0.6186186177884616 0.28 0.6006006009615384 0.28 0.5915915913461538 0.272 0.5765765769230768 0.258 0.5645645649038461 0.232 0.5585585576923077 0.228 0.5645645649038461 0.22 0.5615615625 0.218 0.5705705697115385 0.20199999999999999 0.5795795793269231 0.2 0.5915915913461538 0.21 0.6066066057692308 0.218 0.6276276274038461 0.218 0.6456456466346154
2 0.07200000000000001 0.7687687692307693 0.076 0.7657657668269231 0.078 0.7597597596153847 0.078 0.7477477475961538 0.062000000000000006 0.7477477475961538 0.062000000000000006 0.7657657668269231 0.064 0.7687687692307693 0.07200000000000001 0.7687687692307693
2 0.114 0.7597597596153847 0.12200000000000001 0.75075075 0.12400000000000001 0.75075075 0.11800000000000001 0.7417417427884616 0.112 0.7387387379807693 0.098 0.7417417427884616 0.096 0.7447447451923076 0.094 0.7537537548076922 0.096 0.7537537548076922 0.1 0.7597597596153847 0.114 0.7597597596153847
3 0.428 0.4864864855769231 0.43 0.48348348317307693 0.436 0.48348348317307693 0.44 0.4774774783653846 0.44 0.44144144230769233 0.436 0.43243243269230774 0.42600000000000005 0.43243243269230774 0.412 0.4444444447115385 0.40800000000000003 0.4594594591346154 0.40800000000000003 0.4774774783653846 0.412 0.4864864855769231 0.428 0.4864864855769231
3 0.51 0.4594594591346154 0.516 0.4714714711538462 0.522 0.4714714711538462 0.526 0.46846846875 0.534 0.4534534543269231 0.536 0.4474474471153846 0.536 0.43543543509615384 0.532 0.4204204206730769 0.512 0.4174174182692308 0.51 0.4204204206730769 0.508 0.42642642548076926 0.508 0.4474474471153846 0.51 0.45045044951923074 0.51 0.4594594591346154
3 0.8557060000000001 0.5160390384615384 0.8563080000000001 0.5015825817307692 0.85029 0.47583183173076926 0.8427680000000001 0.48170270192307696 0.834344 0.5056486490384615 0.820804 0.47583183173076926 0.813582 0.48170270192307696 0.808768 0.5562462451923077 0.826822 0.5612162163461538 0.84668 0.5517297307692307 0.8557060000000001 0.5160390384615384
0 0.8451660000000001 0.5355285288461539 0.845466 0.5223243245192308 0.82893 0.5278558557692308 0.836748 0.544108108173077 0.8451660000000001 0.5355285288461539