1 0.19045310576923077 0.9772440360576924 0.21077153365384615 0.9481275384615385 0.17791856971153847 0.961362048076923 0.15021547355769233 0.9844833533653846 0.19008100240384615 0.9815303509615384 0.19045310576923077 0.9772440360576924
1 0.2168681057692308 0.8437447307692308 0.18140176201923078 0.8713189086538461 0.1790696033653846 0.8955559639423077 0.19750582451923077 0.90651234375 0.23665418028846152 0.9022085673076923 0.23496686057692306 0.8428242451923077 0.23179104567307693 0.8373691394230769 0.2168681057692308 0.8437447307692308
1 0.2489598076923077 0.69740190625 0.20998018509615385 0.7076441129807692 0.20770427163461538 0.7338606466346154 0.2410071875 0.7364619591346154 0.2489598076923077 0.69740190625
1 0.5227170817307693 0.6573780913461539 0.5083003365384615 0.6815689783653845 0.5267365576923078 0.6925253557692308 0.5598707403846154 0.6891882355769231 0.5865408052884615 0.6709819495192307 0.5889854519230769 0.6507038485576923 0.5615842163461539 0.6431769254807692 0.5227170817307693 0.6573780913461539
1 0.7834819951923078 0.1600949879807692 0.7324740288461539 0.1722705048076923 0.6967827115384615 0.19192677163461538 0.70931725 0.20780875961538461 0.7010834086538461 0.23697142548076922 0.7862379495192309 0.2570893798076923 0.8273247572115385 0.21469220673076925 0.826368610576923 0.18104109134615387 0.7834819951923078 0.1600949879807692
1 0.47445720192307694 0.34100652163461537 0.4536325793269231 0.3523077211538462 0.4937933269230769 0.3836345408653846 0.5179062548076924 0.38174739903846155 0.5475271586538462 0.3610783076923077 0.5529788918269231 0.3403168798076923 0.5374935096153846 0.32689769471153846 0.47445720192307694 0.34100652163461537
1 0.5439275432692308 0.23439175240384616 0.5597503870192307 0.25968780288461535 0.5872641105769231 0.27117367548076926 0.6142716346153846 0.2648442548076923 0.6497942211538461 0.2392495528846154 0.6495130048076923 0.2293521658653846 0.6132030024038462 0.2272341826923077 0.5439275432692308 0.23439175240384616
2 0.94453840625 0.8618403317307692 0.9471622716346153 0.8175626009615384 0.9464388533653847 0.7921023149038462 0.9279463894230768 0.7791664591346154 0.9161430240384616 0.7890176754807693 0.9050708293269231 0.8246020985576923 0.9293524903846154 0.8286533918269231 0.94453840625 0.8618403317307692
2 0.8006364038461539 0.7638356033653846 0.8395597860576923 0.7516139182692307 0.8299760913461539 0.7332691250000001 0.7939473076923077 0.7410485288461538 0.7881581129807693 0.7499330913461539 0.8006364038461539 0.7638356033653846
2 0.7947046346153847 0.6613861033653846 0.7793879879807691 0.6539053533653847 0.7622453774038462 0.6884769567307691 0.7931598918269231 0.7133358461538462 0.7947046346153847 0.6613861033653846
2 0.8728025264423077 0.5394650120192307 0.8890753197115384 0.5805968822115385 0.9039982596153846 0.5742212884615385 0.9272112836538462 0.5406625120192308 0.9235292716346154 0.5173921081730769 0.8993600985576923 0.5172997716346154 0.8728025264423077 0.5394650120192307
2 0.8568671923076923 0.5102100120192308 0.8357613533653846 0.5116138221153845 0.8243516923076922 0.5353213822115385 0.8607741850961539 0.5413983221153846 0.8568671923076923 0.5102100120192308
2 0.7380984278846154 0.37021824759615385 0.7169363389423077 0.3696425817307692 0.7025758389423077 0.3958129471153846 0.73944828125 0.417725704326923 0.7380984278846154 0.37021824759615385
2 0.7815736370192308 0.3055634927884615 0.7514465360576923 0.3084172884615385 0.7550723028846154 0.32970821394230765 0.7820235865384616 0.3213993125 0.7815736370192308 0.3055634927884615
2 0.8008796682692307 0.24081640384615385 0.7922521225961539 0.25612272836538463 0.7654695721153846 0.2703700576923077 0.786800389423077 0.27688415625 0.793545733173077 0.3016507067307692 0.8116444903846154 0.3007302235576923 0.8188659399038462 0.2359369639423077 0.8008796682692307 0.24081640384615385
2 0.8396343197115385 0.22265628605769233 0.8756631009615384 0.21487688221153847 0.8781639903846153 0.1965782596153846 0.841910233173077 0.19643975240384615 0.8331701971153845 0.2077871201923077 0.8396343197115385 0.22265628605769233
2 0.9595501899038462 0.08407122596153846 0.9205143197115385 0.09233395673076925 0.9152313197115384 0.1190338173076923 0.9603938461538462 0.11376338701923078 0.9595501899038462 0.08407122596153846