1 0.5583333341346154 0.3726708076923077 0.5333333341346154 0.3788819879807692 0.5229166658653847 0.40062111778846154 0.5208333341346154 0.43167701923076923 0.53125 0.44720496875000004 0.58125 0.41304347836538463 0.5583333341346154 0.3726708076923077
1 0.4 0.40062111778846154 0.3770833341346154 0.38819875721153846 0.35 0.4099378870192308 0.3604166658653846 0.44099378846153847 0.4104166658653846 0.47204968990384616 0.4125 0.42857142788461544 0.4 0.40062111778846154
1 0.4 0.5869565216346154 0.3729166658653846 0.5776397524038461 0.3604166658653846 0.5962732908653846 0.36458333413461536 0.6521739134615385 0.39583333413461536 0.6552795024038461 0.4041666658653846 0.6304347836538462 0.4 0.5869565216346154
1 0.66831875 0.32207453365384614 0.6628395841346154 0.3278229807692308 0.6628395841346154 0.34174534134615386 0.6791270841346153 0.3362701875 0.679075 0.3329689447115385 0.6731895841346154 0.3229813653846154 0.66831875 0.32207453365384614
1 0.6915583341346154 0.3287329182692308 0.6907458341346153 0.3211645961538461 0.6887166658653846 0.3135993798076923 0.6840479158653847 0.311180125 0.6770979158653846 0.3211428581730769 0.6757270841346154 0.32691614903846156 0.6832354158653846 0.3365993798076923 0.6915583341346154 0.3287329182692308
1 0.71575 0.3338726706730769 0.7179166658653846 0.3261708076923077 0.7172499999999999 0.3142391298076923 0.7107500000000001 0.30753105528846153 0.7089583341346154 0.31 0.7050833341346153 0.3144906826923077 0.7039166658653847 0.32517701923076925 0.70925 0.3400869567307692 0.71575 0.3338726706730769
1 0.7374166658653846 0.32219254567307687 0.7350833341346154 0.3157329182692308 0.73 0.31310558894230767 0.7269166658653846 0.31747205048076926 0.73025 0.33188509375 0.7370833341346154 0.32567391346153846 0.7374166658653846 0.32219254567307687
1 0.6452083341346154 0.2892732908653846 0.6420416658653847 0.2902670817307692 0.6430416658653846 0.2987173918269231 0.6533333341346155 0.29478260817307694 0.6527083341346154 0.29399378846153845 0.6512083341346154 0.28803105528846157 0.6452083341346154 0.2892732908653846
0 0.3416770841346154 0.6968913052884615 0.35028750000000003 0.6891894399038462 0.3517229158653846 0.6635093173076924 0.3408166658653846 0.6375745336538461 0.3359375 0.6451086947115384 0.32101250000000003 0.6481055889423076 0.3230229158653846 0.6900434783653846 0.3416770841346154 0.6968913052884615
0 0.36944375 0.7386832307692307 0.3726020841346154 0.7258447211538462 0.3642791658653846 0.7112950312499999 0.3596875 0.7014503100961539 0.35911250000000006 0.7001459615384615 0.34906666586538465 0.7054378870192307 0.34878125 0.7195621129807692 0.3527979158653846 0.7448105600961538 0.36944375 0.7386832307692307
0 0.6479166658653847 0.645962733173077 0.6520833341346154 0.6397515528846154 0.6520833341346154 0.6273291923076924 0.6499999999999999 0.6211180120192308 0.6458333341346154 0.6180124230769231 0.6354166658653846 0.6180124230769231 0.6333333341346153 0.6211180120192308 0.6333333341346153 0.645962733173077 0.6395833341346153 0.6490683221153847 0.6479166658653847 0.645962733173077
0 0.475 0.6987577644230769 0.48124999999999996 0.7049689447115385 0.48958333413461536 0.6987577644230769 0.4916666658653846 0.6801242235576923 0.4854166658653846 0.6677018629807693 0.4770833341346154 0.6677018629807693 0.4729166658653846 0.6645962740384616 0.4708333341346154 0.6708074543269231 0.4708333341346154 0.6894409927884616 0.475 0.6956521730769231 0.475 0.6987577644230769
2 0.5875 0.8260869567307693 0.5979166658653846 0.8260869567307693 0.6020833341346153 0.8198757764423077 0.6020833341346153 0.8043478269230769 0.6041666658653846 0.8012422355769231 0.6 0.788819875 0.6 0.7763975144230769 0.5979166658653846 0.7732919254807692 0.58125 0.7826086947115385 0.5791666658653847 0.7857142860576923 0.5833333341346154 0.7950310552884615 0.5833333341346154 0.8198757764423077 0.5875 0.8260869567307693
0 0.41666666586538464 0.7546583846153846 0.42500000000000004 0.7422360240384616 0.42500000000000004 0.73602484375 0.41874999999999996 0.7267080745192308 0.4083333341346154 0.7267080745192308 0.4041666658653846 0.7329192548076923 0.39583333413461536 0.7515527956730769 0.4020833341346154 0.7577639759615384 0.4125 0.7577639759615384 0.41666666586538464 0.7546583846153846
0 0.3604166658653846 0.7701863365384616 0.36458333413461536 0.7701863365384616 0.36875 0.76397515625 0.3708333341346154 0.76397515625 0.3729166658653846 0.7577639759615384 0.36458333413461536 0.7422360240384616 0.3520833341346154 0.7453416153846154 0.35 0.7484472043269231 0.35 0.7577639759615384 0.3520833341346154 0.76397515625 0.3604166658653846 0.7701863365384616
0 0.6833333341346154 0.4440993798076923 0.6854166658653846 0.4440993798076923 0.6895833341346154 0.45031056009615383 0.6979166658653846 0.4534161490384615 0.7 0.45031056009615383 0.7104166658653847 0.45031056009615383 0.7270833341346153 0.44099378846153847 0.73125 0.42857142788461544 0.73125 0.41304347836538463 0.7333333341346153 0.4099378870192308 0.73125 0.40683229807692306 0.73125 0.3944099375 0.7270833341346153 0.38819875721153846 0.7041666658653847 0.38819875721153846 0.7020833341346153 0.3913043485576923 0.6895833341346154 0.3944099375 0.6833333341346154 0.40062111778846154 0.6812499999999999 0.4099378870192308 0.6812499999999999 0.43167701923076923 0.6833333341346154 0.4347826081730769 0.6833333341346154 0.4440993798076923
0 0.646 0.3471086947115385 0.6421583341346154 0.34835403846153845 0.64483125 0.3565745336538461 0.6488416658653846 0.35159316826923076 0.6461095336538462 0.3471086947115385 0.646 0.3471086947115385
0 0.605625 0.3624844711538462 0.6066666658653846 0.3734968942307692 0.6125 0.37200621153846153 0.6116666658653845 0.3623136634615385 0.605625 0.3624844711538462
2 0.9708333341346154 0.9440993798076923 0.9833333341346153 0.9440993798076923 0.9875 0.934782608173077 0.9875 0.9099378870192307 0.9854166658653847 0.906832298076923 0.9854166658653847 0.8944099375000001 0.9833333341346153 0.8881987572115384 0.98125 0.8850931682692308 0.9666666658653846 0.8850931682692308 0.9645833341346154 0.8881987572115384 0.9541666658653847 0.8881987572115384 0.95 0.8944099375000001 0.9395833341346154 0.8944099375000001 0.9541666658653847 0.9378881995192307 0.9708333341346154 0.9440993798076923