1 0.252 0.07608695673076923 0.25 0.08967391346153845 0.266 0.08423912980769231 0.268 0.04619565144230769 0.26 0.01630434855769231 0.232 0 0.2 0.01902173798076923 0.18 0.057065216346153844 0.184 0.07336956490384615 0.23600000000000002 0.05978260817307693 0.252 0.07608695673076923
1 0.562 0.34239130528846157 0.538 0.34239130528846157 0.52 0.36141304326923074 0.516 0.3913043485576923 0.582 0.3940217379807692 0.5780000000000001 0.3559782620192308 0.562 0.34239130528846157
1 0.748 0.49184782692307694 0.7060000000000001 0.5054347836538462 0.748 0.5652173918269231 0.766 0.5489130432692307 0.766 0.5190217379807692 0.748 0.49184782692307694
1 0.822 0.5407608701923077 0.802 0.5271739134615385 0.786 0.5326086947115385 0.772 0.5597826081730769 0.8180000000000001 0.5869565216346154 0.826 0.5625 0.822 0.5407608701923077
1 0.9380000000000001 0.6793478269230769 0.906 0.6956521730769231 0.908 0.7119565216346154 0.922 0.7201086947115385 0.9400000000000001 0.7092391298076923 0.9380000000000001 0.6793478269230769
1 0.9920000000000001 0.690217391826923 0.97 0.684782608173077 0.9600000000000001 0.6956521730769231 0.9560000000000001 0.7201086947115385 0.986 0.7309782620192308 0.998 0.7255434783653846 0.9920000000000001 0.690217391826923
2 0.482 0.9021739134615385 0.48000000000000004 0.9320652163461538 0.524 0.9157608701923077 0.516 0.8885869567307693 0.482 0.9021739134615385
2 0.544 0.9184782620192308 0.526 0.9103260865384615 0.516 0.9293478269230769 0.53 0.9456521730769231 0.544 0.9456521730769231 0.544 0.9184782620192308
2 0.07200000000000001 0.6711956514423078 0.07200000000000001 0.6548913052884615 0.060000000000000005 0.6385869567307693 0.016 0.6413043485576922 0.004 0.6576086947115385 0.022 0.6711956514423078 0.042 0.6793478269230769 0.07200000000000001 0.6711956514423078
2 0.20800000000000002 0.7608695649038462 0.214 0.7201086947115385 0.17200000000000001 0.7092391298076923 0.168 0.7228260865384615 0.18 0.75 0.19399999999999998 0.7635869567307693 0.20800000000000002 0.7608695649038462
3 0.998 0.8260869567307693 0.998 0.7663043485576922 0.99 0.747282608173077 0.982 0.7391304350961538 0.9560000000000001 0.747282608173077 0.9440000000000001 0.7744565216346154 0.952 0.7880434783653846 0.9339999999999999 0.809782608173077 0.9299999999999999 0.8478260865384615 0.954 0.8532608701923077 0.978 0.877717391826923 0.998 0.8260869567307693
3 0.9159999999999999 0.8451086947115385 0.9299999999999999 0.7826086947115385 0.926 0.7445652163461538 0.9159999999999999 0.75 0.902 0.7907608701923077 0.862 0.8179347836538462 0.864 0.8423913052884615 0.874 0.8315217379807692 0.894 0.8315217379807692 0.9159999999999999 0.8451086947115385
3 0.754 0.6983695649038462 0.788 0.7282608701923077 0.802 0.7201086947115385 0.824 0.6385869567307693 0.8180000000000001 0.622282608173077 0.8140000000000001 0.6467391298076923 0.7899999999999999 0.690217391826923 0.77 0.6875 0.754 0.6983695649038462
3 0.48000000000000004 0.5434782620192308 0.486 0.5570652163461538 0.5559999999999999 0.5869565216346154 0.562 0.5842391298076923 0.5680000000000001 0.49184782692307694 0.5780000000000001 0.45923912980769227 0.544 0.4375 0.5579999999999999 0.49184782692307694 0.536 0.5407608701923077 0.528 0.5516304350961538 0.48000000000000004 0.5434782620192308
3 0.28 0.29891304326923074 0.258 0.12771739182692307 0.238 0.125 0.23600000000000002 0.1657608701923077 0.20400000000000001 0.2418478269230769 0.16999999999999998 0.25543478365384614 0.16599999999999998 0.27717391346153847 0.174 0.28804347836538463 0.20800000000000002 0.2826086947115385 0.28 0.29891304326923074