0 0.14200000000000002 0.6964856225961539 0.16199999999999998 0.6805111826923077 0.174 0.6581469639423077 0.174 0.6453674110576924 0.16999999999999998 0.6357827475961538 0.16599999999999998 0.6389776346153847 0.16 0.6389776346153847 0.138 0.6198083076923078 0.134 0.6198083076923078 0.128 0.6293929711538462 0.126 0.6357827475961538 0.126 0.6549520769230769 0.13 0.67412140625 0.14200000000000002 0.6964856225961539
1 0.984 0.41853035096153846 0.998 0.4025559110576923 0.998 0.3099041538461539 0.984 0.28753993509615383 0.9580000000000001 0.2683706081730769 0.924 0.2683706081730769 0.902 0.29392971153846154 0.886 0.33546325961538465 0.8680000000000001 0.35463258894230765 0.926 0.35782747596153847 0.984 0.41853035096153846
1 0.738 0.27795527163461536 0.72 0.32268370673076924 0.722 0.3418530360576923 0.788 0.33546325961538465 0.76 0.2747603822115385 0.738 0.27795527163461536
1 0.224 0.27795527163461536 0.19399999999999998 0.25559105528846154 0.16999999999999998 0.26517571875 0.15399999999999997 0.29392971153846154 0.15399999999999997 0.33865814663461535 0.18 0.30031948798076924 0.23 0.30670926442307694 0.224 0.27795527163461536
1 0.33399999999999996 0.3482428125 0.336 0.3801916923076923 0.372 0.3674121394230769 0.356 0.33546325961538465 0.33399999999999996 0.3482428125
1 0.658 0.3993610216346154 0.6479999999999999 0.4217252403846154 0.6479999999999999 0.44728434615384616 0.6940000000000001 0.4376996802884615 0.6799999999999999 0.3993610216346154 0.658 0.3993610216346154
2 0.712 0.9648562307692308 0.672 0.9872204471153846 0.67 0.9968051129807692 0.7420000000000001 0.9968051129807692 0.732 0.9680511177884615 0.712 0.9648562307692308
2 0.6940000000000001 0.8977635793269231 0.678 0.8881789134615385 0.658 0.9041533557692307 0.652 0.9137380192307692 0.658 0.9265175721153847 0.696 0.91693290625 0.6940000000000001 0.8977635793269231
2 0.6659999999999999 0.8722044735576924 0.642 0.8849840264423077 0.64 0.9009584663461538 0.6499999999999999 0.9105431298076923 0.674 0.8881789134615385 0.6659999999999999 0.8722044735576924
2 0.414 0.8466453677884616 0.398 0.8402555913461539 0.38799999999999996 0.8434504783653847 0.394 0.8626198076923076 0.40800000000000003 0.8658146971153846 0.414 0.8466453677884616
2 0.31599999999999995 0.7987220456730769 0.32 0.8210862620192307 0.33999999999999997 0.8210862620192307 0.33199999999999996 0.79552715625 0.31599999999999995 0.7987220456730769
2 0.364 0.7731629399038462 0.35 0.7891373798076924 0.37 0.7987220456730769 0.372 0.7827476033653846 0.364 0.7731629399038462
2 0.002 0.8626198076923076 0 0.91693290625 0.032 0.9009584663461538 0.030000000000000002 0.8849840264423077 0.002 0.8626198076923076
2 0.14 0.79552715625 0.11800000000000001 0.8019169326923077 0.126 0.8210862620192307 0.14 0.8210862620192307 0.14 0.79552715625
2 0.09 0.8051118221153846 0.074 0.7987220456730769 0.068 0.7987220456730769 0.068 0.8274760384615385 0.088 0.8338658149038461 0.09 0.8051118221153846
2 0 0.8626198076923076 0.046 0.8370607019230769 0.032 0.8178913750000001 0 0.8306709254807692 0 0.8626198076923076
3 0.164 0.5974440889423077 0.24800000000000003 0.6006389783653846 0.28 0.6230031947115384 0.302 0.6166134182692308 0.302 0.5814696490384615 0.268 0.5495207668269231 0.292 0.44089456971153845 0.29 0.38977635817307693 0.272 0.37380191586538464 0.264 0.4504792331730769 0.238 0.4600638966346154 0.224 0.4536741225961538 0.19799999999999998 0.3610223653846154 0.16999999999999998 0.37380191586538464 0.196 0.46325878605769233 0.19799999999999998 0.5239616610576923 0.15799999999999997 0.5750798725961539 0.164 0.5974440889423077
3 0.52 0.6805111826923077 0.502 0.6517571875 0.486 0.5175718846153846 0.502 0.44089456971153845 0.5399999999999999 0.4025559110576923 0.5760000000000001 0.44089456971153845 0.59 0.5015974447115384 0.588 0.4536741225961538 0.56 0.38977635817307693 0.542 0.3769968052884615 0.518 0.3801916923076923 0.48800000000000004 0.4345047932692308 0.474 0.511182108173077 0.48000000000000004 0.5495207668269231 0.46599999999999997 0.5782747596153845 0.462 0.6773162932692307 0.502 0.7252396177884616 0.52 0.7284345048076923 0.52 0.6805111826923077
3 0.624 0.6805111826923077 0.608 0.594249201923077 0.602 0.6102236418269231 0.608 0.6357827475961538 0.5860000000000001 0.6677316298076923 0.584 0.7124600649038462 0.592 0.731629391826923 0.61 0.7156549519230769 0.624 0.6805111826923077
3 0.7420000000000001 0.8434504783653847 0.778 0.8913738028846154 0.8 0.9424920120192308 0.802 0.9968051129807692 0.838 0.9968051129807692 0.872 0.8466453677884616 0.896 0.7987220456730769 0.902 0.7603833870192307 0.876 0.7571884975961538 0.838 0.6964856225961539 0.8079999999999999 0.6038338653846154 0.778 0.5814696490384615 0.746 0.5782747596153845 0.738 0.6006389783653846 0.7080000000000001 0.6166134182692308 0.7080000000000001 0.6964856225961539 0.7 0.7156549519230769 0.7 0.7923322692307693 0.7100000000000001 0.7859424927884615 0.732 0.8019169326923077 0.7420000000000001 0.8434504783653847
3 0.924 0.5367412139423077 0.926 0.4920127788461538 0.906 0.4824281153846154 0.874 0.42811501682692304 0.8840000000000001 0.4824281153846154 0.86 0.5559105432692307 0.91 0.5623003197115385 0.924 0.5367412139423077