1 0.7583333341346153 0.5278810408653846 0.73125 0.5390334567307693 0.73125 0.5576208173076923 0.7645833341346153 0.5799256514423077 0.7666666658653847 0.5427509302884616 0.7583333341346153 0.5278810408653846
1 0.3104166658653846 0.011152415865384615 0.2895833341346154 0.007434944711538462 0.2770833341346154 0.02973977644230769 0.275 0.055762081730769235 0.3125 0.07063197115384615 0.3208333341346154 0.055762081730769235 0.3104166658653846 0.011152415865384615
1 0.49375 0.45724906971153845 0.47916666586538464 0.45353159855769226 0.4645833341346154 0.47583643028846156 0.4604166658653846 0.49070631971153844 0.4666666658653846 0.5018587355769231 0.5 0.5018587355769231 0.49375 0.45724906971153845
0 0.33125000000000004 0.3568773245192308 0.3291666658653846 0.42750929326923076 0.3458333341346154 0.3940520456730769 0.34375 0.35315985096153846 0.33125000000000004 0.3568773245192308
0 0.22916666586538462 0.31970260336538464 0.2166666658653846 0.31226765865384615 0.2104166658653846 0.3308550192307692 0.20833333413461538 0.3568773245192308 0.2229166658653846 0.3903345721153846 0.23125 0.3680297403846154 0.22916666586538462 0.31970260336538464
0 0.7079375 0.7523271370192308 0.7102604158653846 0.7367843870192308 0.7011229158653846 0.7273308557692307 0.6931229158653847 0.7393754639423077 0.6937041658653846 0.755951673076923 0.7015479158653846 0.7647583653846154 0.7079375 0.7523271370192308
0 0.49820416586538463 0.6276914495192307 0.48614583413461543 0.6253085504807692 0.4799041658653846 0.6530743485576923 0.49965625 0.6623977692307693 0.5063375 0.6359776947115384 0.49820416586538463 0.6276914495192307
0 0.5397723365384615 0.597193735576923 0.54090625 0.5997174711538462 0.5504916658653847 0.5960929375 0.5536875 0.5650111514423076 0.5493291658653846 0.5520594783653846 0.5423583341346154 0.5562044615384616 0.5397723365384615 0.597193735576923
3 0.2416666658653846 0.3308550192307692 0.3145833341346154 0.3568773245192308 0.3208333341346154 0.2973977692307692 0.3166666658653846 0.17843866105769232 0.3291666658653846 0.11895910817307692 0.3041666658653846 0.08921933173076924 0.2770833341346154 0.08178438701923077 0.2583333341346154 0.09665427403846152 0.2520833341346154 0.1078066923076923 0.2479166658653846 0.1486988846153846 0.2479166658653846 0.2007434951923077 0.23958333413461538 0.25650557692307696 0.2375 0.32342007451923077 0.2416666658653846 0.3308550192307692
3 0.5208333341346154 0.7174721177884614 0.5229166658653847 0.5799256514423077 0.5166666658653847 0.5464684014423077 0.5125 0.5427509302884616 0.50625 0.5464684014423077 0.5083333341346153 0.5501858725961538 0.5041666658653846 0.6171003725961538 0.5125 0.7583643125 0.5208333341346154 0.7174721177884614
3 0.45833333413461536 0.7211895913461538 0.4625 0.7211895913461538 0.475 0.6765799254807692 0.475 0.6505576201923078 0.4541666658653846 0.6319702596153847 0.44999999999999996 0.6319702596153847 0.44791666586538464 0.6431226754807693 0.44375 0.6840148701923077 0.44375 0.7026022307692308 0.4458333341346154 0.7100371754807693 0.45833333413461536 0.7211895913461538
2 0.2791666658653846 0.6319702596153847 0.28125 0.6356877331730769 0.28125 0.6505576201923078 0.2854166658653846 0.6579925649038461 0.3020833341346154 0.6579925649038461 0.30625 0.65427509375 0.30625 0.6356877331730769 0.3083333341346154 0.6319702596153847 0.30625 0.5539033461538462 0.2979166658653846 0.5576208173076923 0.2958333341346154 0.5613382908653846 0.28125 0.5613382908653846 0.2791666658653846 0.5687732331730769 0.2791666658653846 0.6022304831730769 0.2770833341346154 0.605947954326923 0.2791666658653846 0.6096654278846154 0.2791666658653846 0.6319702596153847
2 0.2479166658653846 0.6096654278846154 0.2520833341346154 0.6096654278846154 0.2520833341346154 0.605947954326923 0.25625 0.5985130120192308 0.25625 0.5873605937499999 0.2583333341346154 0.5836431225961538 0.2583333341346154 0.5576208173076923 0.25625 0.5501858725961538 0.23541666586538462 0.5501858725961538 0.23333333413461538 0.5724907067307693 0.23541666586538462 0.5724907067307693 0.2416666658653846 0.5836431225961538 0.2479166658653846 0.6096654278846154
2 0.44375 0.9256505576923076 0.4541666658653846 0.9256505576923076 0.45625000000000004 0.9070631971153845 0.4416666658653846 0.8996282524038463 0.4375 0.8996282524038463 0.4375 0.914498141826923 0.4395833341346154 0.9219330865384615 0.44375 0.9256505576923076
2 0.5 0.9442379182692308 0.5020833341346154 0.9405204471153846 0.5041666658653846 0.9293680288461539 0.5020833341346154 0.9219330865384615 0.4979166658653846 0.9182156129807691 0.4833333341346154 0.9182156129807691 0.48124999999999996 0.914498141826923 0.47916666586538464 0.9256505576923076 0.4833333341346154 0.9330855024038461 0.4958333341346154 0.9442379182692308 0.5 0.9442379182692308
0 0.7668104158653846 0.7932156129807691 0.7689416658653846 0.7725873605769231 0.7631583341346153 0.7535873605769231 0.7579833341346155 0.7584758365384616 0.7509833341346154 0.7644460961538461 0.747025 0.791587360576923 0.75950625 0.7970148701923077 0.7668104158653846 0.7932156129807691
3 0.7467208341346154 0.72427509375 0.7482437500000001 0.7611895913461539 0.7598104158653847 0.7579330865384615 0.7601145841346154 0.7237323413461538 0.7610270841346154 0.6830223052884615 0.76133125 0.6537100360576923 0.7686375 0.6319962836538462 0.7665062500000001 0.6162565048076923 0.7586645841346153 0.6124944230769231 0.7482437500000001 0.6450260216346154 0.7467208341346154 0.6775947956730769 0.7467208341346154 0.72427509375
3 0.7138479158653847 0.6971375456730768 0.7156729158653847 0.72427509375 0.7126291658653846 0.7481598509615384 0.7080645841346154 0.7693308557692308 0.7147604158653846 0.781271375 0.7202395841346154 0.7720446105769232 0.7232833341346154 0.7427323413461538 0.7248041658653845 0.6743382908653845 0.7245 0.6195130120192308 0.7245 0.6086579927884616 0.7234020841346154 0.6076059471153846 0.7159770841346155 0.6102862451923077 0.7147604158653846 0.6368810408653847 0.71445625 0.66945353125 0.7138479158653847 0.6971375456730768
2 0.7479166658653846 0.9516728629807693 0.7458333341346154 0.947955389423077 0.73125 0.9516728629807693 0.7291666658653846 0.9628252788461539 0.7291666658653846 0.9962825288461539 0.75 0.9962825288461539 0.7479166658653846 0.9516728629807693
2 0.6707291658653846 0.99345725 0.6874875 0.9916988846153847 0.7062145841346154 0.9870111514423077 0.7035875 0.9612304831730769 0.6983291658653846 0.95654275 0.6828875000000001 0.9594721177884615 0.6789437500000001 0.9688475841346154 0.6687583341346154 0.9805650552884615 0.6707291658653846 0.99345725