1 0.6503433653846155 0.748403139423077 0.6852571033653846 0.7373883125 0.6539538870192309 0.7104411490384616 0.6361851225961538 0.7149378389423077 0.6336331778846154 0.7439146947115384 0.6503433653846155 0.748403139423077
1 0.051309877403846155 0.4336262283653846 0.06302971394230769 0.4219430793269231 0.037586418269230766 0.38915434134615384 0.023350298076923074 0.39403628125 0.0257190625 0.43400916586538457 0.051309877403846155 0.4336262283653846
1 0.4789697764423077 0.4910272283653846 0.48689008413461543 0.5042780384615384 0.5314065072115385 0.49955033173076924 0.5214258076923077 0.4672071394230769 0.5088931706730769 0.46384080528846156 0.4959257427884615 0.4714810576923077 0.4789697764423077 0.4910272283653846
0 0.4091803701923077 0.35177823557692306 0.3422828557692308 0.3708871057692308 0.342471860576923 0.3839151394230769 0.3821869423076923 0.3760438725961538 0.4091803701923077 0.35177823557692306
0 0.26532917067307693 0.2704994399038462 0.2761794375 0.28082946153846156 0.32300202403846157 0.2711595192307692 0.34182936778846157 0.25767769230769233 0.30547903605769233 0.2516215889423077 0.2812265552884615 0.25993840384615385 0.26532917067307693 0.2704994399038462
0 0.8189423028846154 0.646731454326923 0.8331050168269231 0.6407174086538461 0.84307559375 0.6315102355769231 0.8323081682692308 0.6260300096153847 0.8162879423076923 0.6294761730769232 0.8071691514423077 0.6401523942307693 0.8189423028846154 0.646731454326923
0 0.6615163942307691 0.47325326682692304 0.6847724134615384 0.4603788846153846 0.6699454134615385 0.44346906249999996 0.6452713173076923 0.4562424807692308 0.6511597884615384 0.4673661514423077 0.6615163942307691 0.47325326682692304
0 0.6372036899038461 0.5155673197115385 0.6344515865384615 0.5150776346153847 0.5960417956730769 0.5275030216346154 0.5941665721153846 0.5352695504807692 0.6078528245192307 0.5363651298076924 0.6366088557692307 0.5257448629807693 0.6372036899038461 0.5155673197115385
3 0.2823038341346154 0.3751692644230769 0.3372925072115385 0.3547155096153846 0.29058345913461536 0.29026014423076923 0.2822283653846154 0.2880159230769231 0.2188846033653846 0.30622545432692305 0.1680734783653846 0.3278013197115385 0.11832093028846155 0.34039205048076926 0.08047723557692307 0.35432766826923073 0.07168735576923077 0.3630900288461539 0.06308648317307693 0.38488042548076923 0.0783033076923077 0.4093605913461538 0.11421885576923077 0.42642328125 0.16733614423076923 0.3999051778846154 0.2823038341346154 0.3751692644230769
3 0.5801004711538462 0.4959447379807692 0.5759229254807692 0.494822625 0.5742405552884615 0.5017863100961539 0.5790418918269231 0.5049298701923077 0.6128970528846154 0.5029001778846154 0.7437621274038461 0.4676032283653846 0.7803582403846154 0.44962471153846156 0.6428204423076923 0.4757137548076923 0.5801004711538462 0.4959447379807692
3 0.7141980552884615 0.39662972355769227 0.7064667524038462 0.3964069495192308 0.6886979879807692 0.40090363942307694 0.6508542884615385 0.4148392548076923 0.6408168221153846 0.41955871875 0.6420644086538462 0.42360161538461544 0.666071110576923 0.43931942307692307 0.6909473846153846 0.43302405769230773 0.7298496634615385 0.4101033052884615 0.7286020745192308 0.40606040625 0.7141980552884615 0.39662972355769227
2 0.6190975889423077 0.27468268028846154 0.6214037524038462 0.26974044471153846 0.61641340625 0.2535688461538462 0.6080583100961539 0.251324625 0.5938433004807693 0.2549219759615385 0.5896657524038461 0.25379986538461535 0.5683432355769231 0.2591958918269231 0.5641656875 0.25807378125 0.5612357259615385 0.2609945673076923 0.5292519471153846 0.2690886081730769 0.5227682379807692 0.27290873317307696 0.5271347908653846 0.28705888221153847 0.524204829326923 0.2899796682692308 0.5231462524038462 0.2989648028846154 0.5983988605769232 0.2821001586538462 0.6013288221153846 0.27917937019230765 0.6190975889423077 0.27468268028846154
2 0.5602339182692307 0.23291705048076924 0.5589863317307693 0.22887414903846154 0.5322386778846154 0.22910516826923077 0.5197060360576923 0.22573883173076922 0.5190822451923076 0.22371738461538462 0.49838351682692306 0.23113486057692306 0.504621451923077 0.25134935576923073 0.5123527524038461 0.2515721298076923 0.5372290240384616 0.24527676442307692 0.5401589855769231 0.24235597596153846 0.5508202475961539 0.23965796153846153 0.5566801634615385 0.23381638942307692 0.5602339182692307 0.23291705048076924
2 0.8941918798076922 0.34672059134615385 0.9056659423076923 0.3590720625 0.9228109134615384 0.35255392307692307 0.9196919471153847 0.34244667548076924 0.9148906081730769 0.3393031153846154 0.9071593052884614 0.33908034134615384 0.8929442932692309 0.3426776923076923 0.8941918798076922 0.34672059134615385
2 0.9530555528846154 0.3884862235576923 0.93865153125 0.3790555384615385 0.9302964374999999 0.3768113149038462 0.9202589711538463 0.38153077884615383 0.9244365168269231 0.3826528918269231 0.9288030721153846 0.3968030360576923 0.9336044134615384 0.39994659855769227 0.9413357115384616 0.4001693701923077 0.9513731802884616 0.39544990865384616 0.954303139423077 0.3925291201923077 0.9530555528846154 0.3884862235576923
0 0.8539676947115384 0.6877891610576923 0.8508440096153845 0.6939930721153846 0.8707388942307692 0.6950080985576924 0.8898205288461539 0.6879497283653847 0.8912654447115386 0.6799434038461538 0.8823398173076923 0.6691459350961538 0.8575790745192309 0.6795527548076923 0.8539676947115384 0.6877891610576923
3 0.8179009350961538 0.6851351153846154 0.7732764567307692 0.6964281009615385 0.7425980168269231 0.7057848798076923 0.7146193389423078 0.7237662764423077 0.7205636947115385 0.7304648822115385 0.7362484278846153 0.7287250264423076 0.7548182548076923 0.7163827716346154 0.7827485264423076 0.7089963605769231 0.821392454326923 0.6982623173076923 0.8539959110576922 0.6896932740384615 0.8536456971153845 0.6776823677884616 0.8179009350961538 0.6851351153846154
3 0.8493979350961538 0.6367271466346154 0.8305260408653846 0.6462778701923076 0.8086045408653846 0.6550094519230769 0.7821156971153846 0.659803829326923 0.755833045673077 0.6670914639423077 0.7247861346153847 0.6752665937500001 0.6997268798076923 0.6828809831730769 0.6993878245192308 0.6907338533653846 0.7007222740384615 0.6915446418269231 0.711099235576923 0.6889185769230769 0.7636010600961539 0.6759502716346154 0.8285276418269232 0.6579285961538462 0.855637625 0.6478839783653847 0.8628174639423077 0.6403354086538461 0.8493979350961538 0.6367271466346154