1 0.6365603173076924 0.7420002956730769 0.6524699110576923 0.7313078149038461 0.6427725072115386 0.7144389639423078 0.6247366850961539 0.7152445000000001 0.6365603173076924 0.7420002956730769
1 0.8029227812499999 0.8833669543269231 0.7880981009615385 0.9220644615384616 0.7801203605769231 0.9216874350961538 0.7437740889423077 0.9560737235576924 0.7817347427884616 0.9541866250000001 0.8320566201923077 0.9482790552884615 0.8638758076923078 0.9268940961538461 0.8666860264423076 0.8835136538461538 0.8502679399038461 0.8636176658653846 0.7893565384615384 0.8343960673076923 0.7755731754807692 0.8549754903846154 0.7915243942307693 0.8585885480769231 0.8029227812499999 0.8833669543269231
1 0.6477384134615385 0.0239903125 0.6021811899038462 0.02230300721153846 0.6185694759615384 0.037415790865384616 0.5989575432692308 0.07322839423076923 0.6291589951923077 0.07254496153846154 0.6580430865384616 0.05162382211538462 0.6580014591346154 0.03731828365384616 0.6477384134615385 0.0239903125
1 0.6477359447115384 0.25771143990384615 0.6707498413461538 0.23771793990384615 0.6715170841346154 0.2130616394230769 0.6471441971153846 0.19851189182692305 0.6102220625 0.1961681923076923 0.5935452259615385 0.2315169735576923 0.5982645576923077 0.2675737860576923 0.6477359447115384 0.25771143990384615
1 0.66797225 0.4364819278846154 0.7018760408653846 0.4106783701923077 0.6980488269230769 0.39288187740384617 0.6732506947115385 0.37635474038461536 0.6455590937500001 0.3745969639423077 0.6300747475961538 0.3872668341346154 0.6486606899038462 0.4313553028846154 0.66797225 0.4364819278846154
1 0.7798388966346154 0.5333010432692308 0.7692493774038461 0.498171875 0.7457269831730768 0.4875769038461539 0.70293465625 0.48616084855769226 0.718969125 0.5183849855769231 0.711097576923077 0.5523423052884615 0.7207949831730769 0.5692111586538462 0.7798388966346154 0.5333010432692308
1 0.7679556490384616 0.7743957283653846 0.7406476658653846 0.7603098004807692 0.7041507788461538 0.7599434903846153 0.7169081538461538 0.819265139423077 0.7265639350961539 0.821828454326923 0.7537886634615384 0.8073033004807691 0.7679556490384616 0.7743957283653846
1 0.6291391778846154 0.6141554206730769 0.6475034230769231 0.6114619447115385 0.6361466586538461 0.6009890769230769 0.6251598485576924 0.5997299567307692 0.6291391778846154 0.6141554206730769
1 0.6308239975961538 0.6447665480769231 0.6559641225961539 0.6346599927884615 0.6521369110576922 0.6168634975961538 0.6278056514423077 0.6166192908653846 0.6308239975961538 0.6447665480769231
2 0.02001800721153846 0.20356299759615387 0.05060307932692308 0.1905514110576923 0.026230197115384615 0.17600166586538463 0.004120173076923077 0.1854077716346154 0.004481132211538461 0.20165097836538462 0.02001800721153846 0.20356299759615387
2 0.07576683653846153 0.47690641346153845 0.06645305528846154 0.44770941105769235 0.04884248076923077 0.45049233653846155 0.03254926442307692 0.47351296875 0.042671915865384616 0.49235920913461534 0.06279234375 0.4871350721153846 0.07576683653846153 0.47690641346153845
2 0.06542706971153846 0.5276104831730769 0.08724847836538462 0.5302958990384615 0.09639576201923077 0.5022707475961539 0.06572743990384615 0.4866712524038462 0.06542706971153846 0.5276104831730769
2 0.17035591105769232 0.6909527740384616 0.15393782211538462 0.6710567860576924 0.13926234375 0.673375891826923 0.14989349038461539 0.7228106009615385 0.16248436778846154 0.7249100937499999 0.16665357692307692 0.7160728966346154 0.17035591105769232 0.6909527740384616
2 0.39872015384615384 0.6490750408653846 0.39222377163461536 0.640669951923077 0.3812857451923077 0.642191939903846 0.37928745432692307 0.6498907307692308 0.38104357932692307 0.6608932091346154 0.3891702908653846 0.6618641586538462 0.3940274375 0.6533046802884616 0.39872015384615384 0.6490750408653846
2 0.3709528076923077 0.679098045673077 0.3681326682692308 0.6645732283653847 0.35677356009615385 0.6655483798076923 0.3566893870192308 0.6807366153846155 0.3549141682692308 0.6922950961538461 0.36291037019230765 0.6926732908653845 0.3664696322115385 0.6865740913461539 0.3709528076923077 0.679098045673077
2 0.40149275721153843 0.733331920673077 0.38798773557692307 0.7342352211538461 0.3835724951923077 0.7363682427884615 0.38385813942307695 0.7476030961538461 0.39273530288461533 0.7464047355769231 0.40160036298076923 0.7409023822115385 0.40149275721153843 0.733331920673077
2 0.3856328293269231 0.7063082115384615 0.40082771874999995 0.70488025 0.4005845576923077 0.695127141826923 0.3861435216346154 0.6931032956730768 0.3856328293269231 0.7063082115384615