1 1 0.24305861778846155 0.9723114158653845 0.22147660817307693 0.9495733725961538 0.21293355769230768 0.7678166947115385 0.22908432451923078 0.8175403197115384 0.2908899230769231 0.8786862379807693 0.3278075985576923 0.8868778701923077 0.3629052668269231 0.9139699951923077 0.35784891826923076 0.9330754759615385 0.3157061225961538 0.9566334951923078 0.3162940384615384 0.9936637331730769 0.27210619711538464 1 0.2523157019230769 1 0.24305861778846155
1 0.7566735745192308 0.6522605913461538 0.7587235048076924 0.6323727572115385 0.708844110576923 0.6007209975961538 0.70029171875 0.5977659519230769 0.6625972740384616 0.6197550889423076 0.6538891177884616 0.6469538798076923 0.6618265288461539 0.6558752764423077 0.7348047283653846 0.6639274639423077 0.7566735745192308 0.6522605913461538
1 0.6908539519230769 0.8038989951923077 0.7079587331730769 0.8098090865384615 0.7304425576923077 0.7921758653846154 0.7333124615384615 0.7643328966346155 0.7230708990384614 0.7491230625 0.6703216057692308 0.7453142716346155 0.6908539519230769 0.8038989951923077
1 0.9043022764423078 0.1938586754807692 0.9334935552884616 0.19707955048076925 0.9355434831730769 0.1771917139423077 0.9065571995192307 0.17198205769230768 0.9043022764423078 0.1938586754807692
0 0.38959306490384615 0.43274331971153845 0.3659858221153846 0.40399034855769234 0.33218624278846154 0.38819259855769234 0.29423758173076925 0.38400546153846155 0.2736479182692308 0.4119046875 0.2960252043269231 0.4525903605769231 0.3475445408653846 0.4683318509615385 0.36501008413461544 0.4420993221153846 0.38959306490384615 0.43274331971153845
0 0.16114651923076923 0.21444267548076923 0.20621262259615386 0.23550634375 0.23540389903846154 0.23872721875 0.26121684134615386 0.21743851682692308 0.23177134134615385 0.1880413701923077 0.16048231490384615 0.19224397115384614 0.16114651923076923 0.21444267548076923
2 0.2886043173076923 0.3813725048076923 0.24953223798076923 0.33079917067307696 0.23826571153846154 0.3255332548076923 0.2416932764423077 0.3782078870192308 0.26883462740384617 0.40131659615384613 0.2886043173076923 0.3813725048076923
2 0.41179840144230767 0.7328808413461538 0.40165529086538465 0.7740011201923077 0.4083627451923077 0.7948552163461537 0.4298216057692308 0.7871659110576924 0.43243728846153845 0.7331466706730769 0.4182516370192308 0.7275586658653845 0.41179840144230767 0.7328808413461538
2 0.6683121225961539 0.19195707932692307 0.6745603653846154 0.1886236875 0.6751753437500001 0.18265733653846153 0.6724612091346154 0.18034646634615384 0.6666229543269231 0.1797022908653846 0.6630888461538462 0.1853465528846154 0.662678860576923 0.18932412019230768 0.6653929951923078 0.1916349903846154 0.6683121225961539 0.19195707932692307
0 0.4565610600961539 0.6996031826923077 0.45343693749999997 0.7012698774038462 0.4463687259615385 0.7125584038461539 0.4451387668269231 0.7244911033653847 0.4689510024038462 0.7512552932692308 0.48062751442307694 0.7525436418269231 0.4868757572115384 0.7492102500000001 0.4897948846153846 0.7495323389423076 0.4910248413461539 0.7375996370192308 0.4866215384615385 0.7230339783653845 0.47678996153846154 0.703846576923077 0.47407582932692305 0.7015357067307693 0.4565610600961539 0.6996031826923077
0 0.4886222403846154 0.6749810889423077 0.482374 0.6783144807692308 0.4807340576923077 0.6942247475961539 0.48365318509615385 0.6945468365384616 0.5024471346153846 0.7127117139423077 0.5141236466346154 0.7140000649038462 0.5203718870192308 0.7106666730769231 0.5205768822115384 0.708677889423077 0.5176577548076924 0.7083558004807693 0.5078261802884616 0.6891684014423076 0.4969696370192308 0.6799249182692308 0.4940505120192308 0.6796028317307693 0.4886222403846154 0.6749810889423077
0 0.4875480504807692 0.6567599495192307 0.48652308653846155 0.6667038653846155 0.4890322259615385 0.6710035240384615 0.5082361658653846 0.6851908341346153 0.5111552932692308 0.6855129230769231 0.5174035360576923 0.68217953125 0.5240617620192307 0.6748685721153845 0.5246767403846154 0.6689022211538462 0.5219626057692308 0.6665913509615385 0.5025536778846154 0.6543928197115385 0.4937962932692308 0.6534265576923077 0.4875480504807692 0.6567599495192307
1 0.6618265288461539 0.6558752764423077 0.6443117620192308 0.6539427524038461 0.6351443918269231 0.6569540552884615 0.6314052908653847 0.6645871009615385 0.6385227307692307 0.6814636298076924 0.6437460096153846 0.6880741586538461 0.6583416490384616 0.6896845961538461 0.6733472716346154 0.6873174663461538 0.6802104951923076 0.6780177235576923 0.6816454471153846 0.6640962379807692 0.6762171754807693 0.6594744951923077 0.6645406634615385 0.6581861466346154 0.6618265288461539 0.6558752764423077
0 0.8063602548076924 0.14245995913461537 0.8035077548076923 0.13851263221153845 0.79681453125 0.13736983173076925 0.7889351129807692 0.1419493269230769 0.7999464423076923 0.14719915625 0.8071813124999999 0.14597999278846155 0.8063602548076924 0.14245995913461537
0 0.7804446514423078 0.21283564903846156 0.7892929278846155 0.2132065096153846 0.7897453485576923 0.2088172644230769 0.7818991346153846 0.20734610576923077 0.7769876225961538 0.20902477163461539 0.7804446514423078 0.21283564903846156