1 0.23340492548076924 0.31302746875 0.2352801658653846 0.3252917235576923 0.24213514903846153 0.33197861538461537 0.2539698701923077 0.33308814423076927 0.2659018100961539 0.3221183341346154 0.2699439326923077 0.31040884375 0.24097175480769228 0.2925820889423077 0.23702684615384614 0.29221224759615383 0.23340492548076924 0.31302746875
1 0.3373930504807693 0.45272736298076927 0.33396556009615386 0.4493839158653846 0.32927745913461537 0.41872327884615385 0.3317673293269231 0.4159345985576923 0.33031229326923073 0.4127760721153846 0.32242247596153845 0.4120363894230769 0.3199326081730769 0.4148250721153846 0.31372360336538463 0.45050830769230765 0.3146612235576923 0.4566404350961539 0.3190263341346154 0.4661160096153846 0.3244262788461538 0.4696443774038462 0.33231609615384616 0.47038406009615386 0.3432131995192308 0.4653614615384616 0.34871035817307694 0.45681049278846153 0.34725531971153845 0.4536519663461539 0.3373930504807693 0.45272736298076927
1 0.396306375 0.5519360673076923 0.39320187259615386 0.5697776875 0.39413949278846155 0.5759098149038462 0.4044219639423077 0.5859401514423077 0.41231178125 0.5866798365384616 0.4287060456730769 0.5731062692307692 0.43223075000000005 0.5643703798076923 0.4067832764423077 0.5378077355769231 0.40283837019230767 0.5374378942307693 0.396306375 0.5519360673076923
1 0.5550684879807692 0.8146334903846154 0.5500887475961538 0.8202108533653847 0.5402264783653846 0.81928625 0.5265165120192308 0.80591246875 0.5275513461538461 0.7999652596153847 0.5260963100961539 0.7968067355769232 0.5211165673076923 0.8023841009615384 0.5174946490384615 0.8231993221153846 0.5184322668269231 0.8293314543269231 0.5227973798076924 0.8388070264423076 0.5281973245192307 0.8423353942307692 0.536087139423077 0.8430750769230768 0.5425219182692308 0.8406562379807692 0.551963985576923 0.8324751129807691 0.5570409423076923 0.8148184134615384 0.5550684879807692 0.8146334903846154
1 0.5618044326923077 0.22293103605769232 0.5539146153846154 0.22219135096153847 0.5484174543269231 0.23074231971153847 0.5493550745192308 0.23687444711538463 0.5556926394230769 0.24653494230769232 0.5630650384615384 0.25024823076923075 0.5730245240384615 0.23909350240384614 0.5765492283653846 0.23035761298076923 0.5750941923076923 0.2271990889423077 0.56325946875 0.2260895625 0.5618044326923077 0.22293103605769232
1 0.7786771586538461 0.2553516971153846 0.7887338557692308 0.23211763221153847 0.7928731899038461 0.2083288076923077 0.7953630625 0.20554012500000002 0.7974327307692307 0.19364571153846155 0.7959776947115385 0.19048718750000002 0.7975299423076923 0.18156637740384612 0.7960749062500001 0.17840785336538462 0.7688807524038462 0.18492468990384614 0.7277822091346154 0.20222640865384617 0.7203125961538461 0.21059245432692306 0.71876034375 0.2195132668269231 0.7205383701923077 0.24385685817307692 0.7292685913461538 0.26280800240384616 0.7326960841346154 0.26615144711538463 0.7405858990384615 0.2668911322115385 0.7420409350961539 0.27004965625 0.7538756610576923 0.2711591826923077 0.7736974134615384 0.26092906009615385 0.7786771586538461 0.2553516971153846
1 0.7013312475961538 0.2390340408653846 0.6988413774038461 0.2418227235576923 0.6978065408653846 0.24776993028846156 0.6987441610576923 0.25390205769230767 0.7016542379807693 0.2602191081730769 0.7095440528846153 0.26095879086538465 0.7145237932692308 0.2553814278846154 0.7180485 0.24664553846153847 0.71565584375 0.23735488461538462 0.7111935192307691 0.23995864663461536 0.7013312475961538 0.2390340408653846
1 0.819678485576923 0.2501293076923077 0.8182234495192307 0.24697078365384614 0.8142785432692308 0.2466009423076923 0.810656625 0.26741616586538464 0.8135666971153845 0.2737332139423077 0.8169941899038461 0.2770766610576923 0.8248840048076923 0.27781634375 0.8293463293269231 0.27521258413461536 0.8343260697115386 0.26963521875 0.8379479903846154 0.24881999278846154 0.8334856658653845 0.25142375961538466 0.819678485576923 0.2501293076923077
1 0.9171102211538462 0.2738695793269231 0.9250630769230769 0.29976518990384615 0.9416455937499999 0.3258352043269231 0.9621998197115385 0.31693699278846155 0.9738075841346153 0.3084753677884615 0.9749970504807692 0.2834368653846154 0.9839080240384616 0.26134956490384614 0.9648165793269231 0.26306233653846156 0.9329979783653847 0.2699464807692308 0.9171102211538462 0.2738695793269231
1 0.8898513725961539 0.34557334615384616 0.8975934423076922 0.34112532692307695 0.9025717548076924 0.3040241754807692 0.9018315384615385 0.2924949302884615 0.87676909375 0.2933275673076923 0.8757938461538461 0.3110635721153846 0.8747744735576923 0.32784347836538463 0.8898513725961539 0.34557334615384616
0 0.8972735456730769 0.3356827331730769 0.9068019735576923 0.3598160793269231 0.9261798653846154 0.3661689855769231 0.9376139711538461 0.3550648653846154 0.9465090793269231 0.34157096153846156 0.9486653485576924 0.32553833173076924 0.9345944855769232 0.3105289927884615 0.9213883581730768 0.29783104807692307 0.9025552572115385 0.2931974254807692 0.8972735456730769 0.3356827331730769
2 0.3883314759615385 0.07091738221153845 0.3973484278846154 0.059084975961538465 0.41667642788461534 0.05600119230769231 0.42226920432692305 0.049181790865384614 0.4131574375 0.03888646875 0.3784409711538462 0.03842719230769231 0.3756267379807693 0.05460061778846154 0.3883314759615385 0.07091738221153845
2 0.4128472524038462 0.10600267307692308 0.4124581706730769 0.12424090865384615 0.43158594711538456 0.14763018509615386 0.4465379975961538 0.120352125 0.4128472524038462 0.10600267307692308
2 0.4691533341346154 0.19836362980769232 0.4620214591346154 0.2313552860576923 0.4811871995192308 0.23586294471153846 0.4908535048076923 0.20564444471153848 0.4900597596153846 0.1835358125 0.47986793509615383 0.1727886658653846 0.46451350721153845 0.17169972596153846 0.4617677764423077 0.17948414903846155 0.4691533341346154 0.19836362980769232
2 0.49587022355769234 0.24213532451923078 0.4825716298076923 0.26257221153846155 0.4995410336538461 0.2757045721153846 0.5146618725961538 0.24879289903846152 0.5208482235576923 0.2252443389423077 0.4967229110576923 0.22123274278846153 0.4877767355769231 0.2259879519230769 0.4949054375 0.23435057932692308 0.49587022355769234 0.24213532451923078
2 0.6063386658653847 0.4858473485576923 0.6214065432692307 0.4885715841346154 0.6282801346153846 0.4717300576923077 0.6326002740384615 0.46024306490384614 0.6184623870192307 0.44283090865384617 0.6019233870192308 0.44722484375 0.60669121875 0.4651577764423077 0.6063386658653847 0.4858473485576923
2 0.6234159134615385 0.515686985576923 0.6356030144230769 0.5269717572115384 0.6503727475961539 0.51541878125 0.6589298173076923 0.5022316682692307 0.63029746875 0.4908043629807692 0.6221538221153846 0.5162697932692308 0.6234159134615385 0.515686985576923