0 0.16133877644230768 0.34571970192307694 0.15016708173076923 0.3230888173076923 0.13075872596153845 0.3066699326923077 0.11793042307692307 0.3287674831730769 0.1132204471153846 0.3478479230769231 0.11251047115384614 0.3670172524038462 0.11427381490384615 0.3734514735576923 0.11991882692307693 0.3831694711538462 0.12391882692307693 0.3832583581730769 0.14662880048076923 0.3645779206730769 0.15262880048076924 0.36471125480769234 0.15651047115384614 0.36799503125000005 0.16086545913461536 0.35849925480769235 0.16133877644230768 0.34571970192307694
1 0.9022158317307691 0.6627503028846153 0.8440975024038462 0.6646563004807693 0.8613875288461539 0.6842256298076923 0.8758492475961539 0.726114733173077 0.8969026153846154 0.7521627259615384 0.9309026153846154 0.7529182812499999 0.9576125913461537 0.7343267307692307 0.9724408942307693 0.712273625 0.9758724423076923 0.6196218677884615 0.9624640865384616 0.6033363149038462 0.9022158317307691 0.6627503028846153
1 0.7331392740384615 0.7421285072115384 0.7633875288461538 0.6820478509615384 0.6976241875 0.6741914086538461 0.6949142115384616 0.6933162932692307 0.7112576033653847 0.7384447283653847 0.7331392740384615 0.7421285072115384
1 0.12784924759615385 0.7094925096153847 0.1427842860576923 0.7386020600961539 0.16642929807692308 0.7487200552884615 0.19725760336538462 0.7270225072115385 0.20432256490384615 0.6984018461538462 0.15408590625000002 0.7036805120192308 0.12950585817307692 0.6647640745192308 0.12784924759615385 0.7094925096153847
1 0.3130441370192308 0.6272749735576924 0.30986084375 0.6591794086538462 0.33138752884615386 0.6724478509615385 0.34857081971153847 0.6408545264423077 0.3130441370192308 0.6272749735576924
1 0.6577541129807692 0.6157500889423078 0.6731740625 0.5777225408653845 0.6275290504807691 0.5671156538461538 0.6265824158653845 0.5926747596153846 0.6357541129807692 0.6152611995192308 0.6577541129807692 0.6157500889423078
2 0.7308167091346154 0.048215548076923076 0.7418816706730769 0.019683776442307694 0.6698816706730769 0.018083776442307693 0.6715266826923076 0.02771288701923077 0.7106983798076923 0.050965990384615384 0.7308167091346154 0.048215548076923076
2 0.6738584783653846 0.12688775240384614 0.6902134663461539 0.11765864182692308 0.6929234399038461 0.0985337596153846 0.6552784278846153 0.08810464903846153 0.6488051129807691 0.10075087019230769 0.6544501250000001 0.11046886538461538 0.6738584783653846 0.12688775240384614
2 0.6698584783653847 0.12679886538461538 0.6466867836538461 0.10390131490384615 0.6363317956730768 0.11326375480769231 0.6377401490384614 0.12928263942307694 0.6612668317307692 0.1425955264423077 0.6698584783653847 0.12679886538461538
2 0.40303017307692307 0.14325196874999999 0.38891184375 0.14613574759615383 0.3822018701923077 0.16517174278846153 0.3920835408653846 0.16858885336538462 0.40832019951923076 0.16255463221153846 0.40303017307692307 0.14325196874999999
2 0.31337356490384616 0.1860248485576923 0.30854526201923077 0.20830017548076923 0.32442693269230766 0.21185062259615384 0.3333735649038462 0.18646929326923076 0.31337356490384616 0.1860248485576923
2 0.3421902740384616 0.21864039903846155 0.3555986274038462 0.2349259495192308 0.3639536153846154 0.22551906249999998 0.36254526201923076 0.20950017548076924 0.3421902740384616 0.21864039903846155
2 0 0.13509558173076924 0.02574014903846154 0.11568263942307692 0.028331795673076924 0.09975264423076924 0 0.08470150240384615 0 0.13509558173076924
2 0.1106635889423077 0.20070528846153846 0.1324269326923077 0.20758395432692306 0.13337356490384616 0.1820248485576923 0.11937356490384615 0.18171373798076923 0.1106635889423077 0.20070528846153846
2 0.08184688221153845 0.16808974038461538 0.06161022355769231 0.1740350721153846 0.060545262019230765 0.20278906490384616 0.06654526201923078 0.20292239903846154 0.08278191826923077 0.1968881778846154 0.08184688221153845 0.16808974038461538
2 0 0.17201270432692306 0.025255235576923076 0.18281973557692308 0.03996521153846154 0.16396151923076924 0 0.1403821875 0 0.17201270432692306
3 0.2712923918269231 0.5655943197115385 0.25131558413461536 0.45643478846153845 0.286498875 0.42524146153846154 0.28780049759615384 0.3900976923076923 0.26603715625 0.3832190264423077 0.23320885096153846 0.40487213221153845 0.1490905216346154 0.40620035576923075 0.14226221634615385 0.4284312379807692 0.18036894951923077 0.4804383389423077 0.17612069471153846 0.5410967692307692 0.1468074783653846 0.6299758629807692 0.1743341610576923 0.6433776346153847 0.2037657091346154 0.55130365625 0.2180023653846154 0.5452249927884615 0.2436473798076923 0.5553874326923076 0.2488074783653846 0.632242528846154 0.26739912499999996 0.6166680865384616 0.2712923918269231 0.5655943197115385
3 0.5677657091346154 0.5593925432692308 0.5715406466346153 0.5115136658653846 0.555292391826923 0.5719054302884615 0.5178724423076922 0.6094440889423077 0.48129239182692307 0.5702609855769231 0.4681322908653846 0.49322811538461536 0.4891021177884615 0.35939836778846157 0.5081670817307692 0.3310443725961539 0.5099420192307692 0.28312105048076924 0.4918236899038462 0.2859159375 0.4500487524038462 0.33295037259615384 0.4503805456730769 0.4320807956730769 0.4633155841346154 0.46114589903846154 0.45589563461538457 0.49935122596153847 0.4670557331730769 0.5763396514423077 0.4950441370192307 0.6313194182692308 0.5189258076923077 0.635047639423077 0.537399125 0.6226680865384615 0.5677657091346154 0.5593925432692308
3 0.5733503725961538 0.3005177139423077 0.573693764423077 0.3452905913461538 0.5945104711538461 0.37772836298076923 0.5875638389423077 0.40315413701923075 0.5929721923076923 0.41926190865384616 0.6121670817307693 0.33335548317307695 0.599468701923077 0.29790060336538465 0.5820603485576923 0.28152616346153847 0.5733503725961538 0.3005177139423077
3 0.8267587259615384 0.32213659855769233 0.8670069807692309 0.2622781682692308 0.8931253100961538 0.2596610576923077 0.8885452620192308 0.22118906490384616 0.8663201995192308 0.17273241105769233 0.837881670673077 0.021817108173076923 0.801881670673077 0.021017108173076924 0.7978700745192308 0.07528576682692308 0.7739768076923077 0.12591508653846153 0.7362018701923077 0.17303841105769233 0.7246635889423078 0.21434973317307693 0.7020719447115386 0.22983528605769232 0.6923086033653847 0.22322328605769232 0.689468701923077 0.2999006033653846 0.6967587259615384 0.31924771153846154 0.6938004975961539 0.3991199158653846 0.7232088509615384 0.41576102163461537 0.7303805456730769 0.43830301923076925 0.7624988749999999 0.4358192403846154 0.7933271802884616 0.4141216899038461 0.8267587259615384 0.32213659855769233
3 0.8528190745192308 0.5913072043269231 0.886830670673077 0.53770521875 0.9071856586538461 0.528565 0.906842266826923 0.48379212019230766 0.8937889014423077 0.45792190144230766 0.8435522427884615 0.4632005673076923 0.864830670673077 0.5372163293269231 0.8528190745192308 0.5913072043269231