1 0.24794039903846155 0.10266629567307692 0.24012025480769233 0.08791556971153845 0.23811952403846154 0.08798009855769232 0.23022626923076925 0.0792329110576923 0.22422407932692306 0.0794265 0.22225990625 0.07648926201923077 0.21225625721153846 0.07681191346153846 0.1981049326923077 0.08927069711538461 0.18773573798076923 0.11961104086538461 0.18966335817307692 0.12555004807692308 0.19366481490384618 0.12542098798076923 0.19974011298076924 0.11922386057692308 0.21074412740384615 0.11886894711538462 0.24346372836538463 0.14181835576923077 0.24342717307692308 0.144820125 0.24735552403846153 0.15069460336538462 0.25139353846153845 0.14756377403846155 0.2515032019230769 0.13855846634615385 0.2495390264423077 0.13562122836538462 0.2497583533653846 0.11761061298076923 0.24779418028846154 0.11467337259615386 0.24794039903846155 0.10266629567307692
1 0.2950440408653846 0.17616181009615386 0.29100602884615384 0.17929263701923076 0.2848210649038462 0.1944950721153846 0.28471140144230767 0.2035003798076923 0.2784898846153846 0.22170458413461538 0.28230856971153845 0.23658437259615386 0.2843093004807692 0.23651984134615384 0.28645624759615385 0.22444823557692306 0.2946053870192308 0.21218303846153846 0.3126119519230769 0.21160226923076925 0.31646719471153845 0.2234802860576923 0.3205783173076923 0.21434591826923077 0.3207245336538461 0.20233884134615382 0.31883346875 0.1933980625 0.31490511778846153 0.18752358653846152 0.30104623076923076 0.17596821634615384 0.2950440408653846 0.17616181009615386
1 0.38551553125 0.13723673076923076 0.38959010096153845 0.13110413221153847 0.4055959375 0.13058789182692307 0.4075601129807692 0.13352513221153847 0.41556303125 0.13326701201923077 0.4136354110576923 0.1273280048076923 0.41374507211538464 0.11832269711538462 0.40592492788461537 0.10357197115384616 0.39392055288461536 0.10395914903846154 0.3898825360576923 0.10708997836538461 0.3837341298076923 0.11929064423076922 0.3815140697115385 0.1373657908653846 0.38551553125 0.13723673076923076
1 0.5446965865384615 0.20411679807692307 0.5409510120192308 0.18323347355769232 0.5310935817307693 0.1715490456730769 0.5210533798076923 0.17487346394230768 0.5109035120192308 0.18720318990384616 0.5107572932692308 0.19921026682692308 0.5086834543269231 0.20527833413461538 0.512648358173077 0.20815104326923078 0.5426227475961538 0.2101848653846154 0.5446965865384615 0.20411679807692307
1 0.7890317019230769 0.3402645384615385 0.7869578653846154 0.34633260576923075 0.7868481995192307 0.3553379134615385 0.8048547668269231 0.3547571418269231 0.8049644302884615 0.3457518341346154 0.8010726370192308 0.3368755865384615 0.7971077331730769 0.33400287740384615 0.7890317019230769 0.3402645384615385
1 0.723629266826923 0.3473489519230769 0.7349754495192309 0.34500861538461536 0.7388672451923076 0.35388486298076927 0.7429052572115384 0.35075403125000004 0.7430149230769231 0.3417487259615385 0.7391596826923077 0.32987070913461536 0.7351947788461538 0.3269979975961539 0.7271918605769231 0.32725611778846153 0.7210800072115385 0.3364550144230769 0.7190061658653846 0.34252308413461535 0.7188965048076923 0.3515283894230769 0.723629266826923 0.3473489519230769
0 0.16291299999999997 0.3514570985576923 0.16091226923076923 0.3515216274038462 0.15883843269230769 0.3575896947115385 0.15076240384615386 0.36385135336538466 0.14865201201923076 0.37292119230769233 0.1565452644230769 0.3816683774038462 0.16843997836538463 0.39028650721153846 0.18018847115384615 0.4109117115384615 0.18422648798076924 0.4077808822115384 0.19019212259615384 0.4105890625 0.1983047043269231 0.40132563461538456 0.2003054326923077 0.4012611033653846 0.20459932932692307 0.37711789182692307 0.19670607692307693 0.3683707019230769 0.17782736057692305 0.3605899519230769 0.17087936298076922 0.35420074759615383 0.16487717548076922 0.35439433653846153 0.16291299999999997 0.3514570985576923
0 0.28153114423076925 0.4646543004807692 0.27167371634615384 0.45296987259615384 0.27171026923076924 0.4499681009615385 0.26774536538461535 0.4470953942307692 0.26367079567307694 0.45322799278846154 0.2576320528846154 0.45642335336538464 0.2555582139423077 0.4624914206730769 0.2553388870192308 0.4805020360576923 0.2573030625 0.48343927403846154 0.25715684134615385 0.49544635096153844 0.25908446153846154 0.5013853605769231 0.26497698557692306 0.5101970745192308 0.2649404326923077 0.5131988461538461 0.26890533653846155 0.5160715552884615 0.27694480769230767 0.5128116682692307 0.2911692451923077 0.4943493413461538 0.28935129086538464 0.4794050264423077 0.28345876442307694 0.4705933076923077 0.283531875 0.46458977163461534 0.28153114423076925 0.4646543004807692
2 0.18118267067307692 0.8219605 0.1792184951923077 0.8190232644230769 0.1751439254807692 0.825155860576923 0.15913808894230771 0.8256720985576924 0.15520974038461538 0.8197976201923077 0.14320536298076922 0.8201848004807691 0.1410218605769231 0.8352581754807692 0.1469143846153846 0.8440698942307693 0.1648112860576923 0.8524944326923076 0.17881639423076923 0.8520427259615384 0.18085367788461537 0.8489764230769231 0.19886024519230772 0.8483956538461539 0.20693627163461537 0.8421339975961538 0.20901011057692306 0.8360659278846154 0.20908322115384617 0.8300623894230769 0.20511831490384613 0.8271896826923076 0.20122651923076923 0.8183134326923077 0.19129598317307692 0.8126325432692307 0.18729452163461538 0.8127616033653846 0.18118267067307692 0.8219605
2 0.19144219951923078 0.800625466346154 0.1974443894230769 0.8004318774038462 0.19940856490384615 0.8033691177884615 0.2334575216346154 0.7992703365384616 0.24153355048076924 0.7930086802884616 0.24167976923076925 0.7810016033653846 0.23775142067307692 0.7751271249999999 0.21377921875 0.7728997163461538 0.20588596634615383 0.7641525264423077 0.20584940865384616 0.767154298076923 0.19166152884615384 0.7826148509615384 0.18955113461538461 0.7916846899038461 0.19144219951923078 0.800625466346154
2 0.2727508004807692 0.6929823485576924 0.2647113269230769 0.6962422355769231 0.2565987427884615 0.7055056658653847 0.25452490384615384 0.7115737331730769 0.2604539831730769 0.7173836826923077 0.27846055048076923 0.7168029134615386 0.2825351177884615 0.7106703125 0.28260822836538463 0.7046667764423076 0.2727508004807692 0.6929823485576924
0 0.4104721514423077 0.7155457067307692 0.41792674759615384 0.7603141250000001 0.42185509615384614 0.7661886033653846 0.4318587475961539 0.7658659519230769 0.4379705985576923 0.7566670552884616 0.4400809927884615 0.7475972187500001 0.4402637644230769 0.7325883701923076 0.4382995913461538 0.7296511322115384 0.43840925480769233 0.7206458245192308 0.4266607596153846 0.7000206201923077 0.42466003124999996 0.7000851514423078 0.4207316802884616 0.694210673076923 0.4167302211538461 0.694339733173077 0.4104721514423077 0.7155457067307692
0 0.4607462740384615 0.6929200745192308 0.46041728125000003 0.7199359951923078 0.4643456298076923 0.7258104759615385 0.4643090745192308 0.7288122451923077 0.48031491346153843 0.7282960024038462 0.48646331971153844 0.7160953365384616 0.4866095384615384 0.7040882596153846 0.4807170144230769 0.6952765408653847 0.48075356971153843 0.6922747740384616 0.47678866586538465 0.6894020649038463 0.4748610456730769 0.6834630552884615 0.46485739663461534 0.6837857067307692 0.46282011057692307 0.6868520072115385 0.4607462740384615 0.6929200745192308
2 0.49850425240384616 0.712706389423077 0.5085078990384615 0.7123837379807691 0.5087637836538461 0.6913713533653846 0.4992719014423077 0.6496692379807693 0.49723461778846156 0.6527355360576923 0.4892316995192308 0.6529936562499999 0.48712130288461536 0.6620634927884615 0.4847184735576923 0.695147483173077 0.48664609375 0.7010864927884615 0.4945759038461538 0.7068319110576924 0.49850425240384616 0.712706389423077
2 0.513354329326923 0.6642179831730769 0.5131350024038461 0.6822285961538461 0.5150626225961539 0.6881676057692308 0.5310684591346153 0.6876513677884616 0.5330326346153846 0.6905886081730769 0.54303628125 0.6902659591346154 0.5450735673076923 0.68719965625 0.559078673076923 0.6867479495192307 0.5551503221153846 0.68087346875 0.5491846899038462 0.6780652884615385 0.5373630841346154 0.663443625 0.5213206947115384 0.6669616322115384 0.5153916129807692 0.6611516850961539 0.513354329326923 0.6642179831730769
0 0.3628031875 0.3600129495192308 0.36265696875 0.3720200264423077 0.3664756538461538 0.3868998125 0.36851293990384615 0.38383351442307695 0.3744785721153846 0.3866416923076923 0.37651585576923075 0.38357539423076925 0.3845187740384616 0.3833172740384615 0.38655606009615384 0.38025097355769233 0.3867022788461538 0.3682438966346154 0.3848112139423077 0.3593031201923077 0.37695451201923075 0.34755416346153845 0.37295305528846157 0.3476832235576923 0.36487702884615386 0.35394488221153847 0.3628031875 0.3600129495192308
2 0.7269424951923077 0.6164130360576923 0.7348723052884616 0.622158451923077 0.7528788725961538 0.6215776850961539 0.7510243629807692 0.6096351370192308 0.7412034855769231 0.5949489399038461 0.7352378533653846 0.5921407596153846 0.7212327451923077 0.5925924711538462 0.7190857980769232 0.6046640769230769 0.7210134182692307 0.6106030865384615 0.7230141466346154 0.6105385576923077 0.7269424951923077 0.6164130360576923