1 0.0565871826923077 0.19953100000000001 0.048621276442307695 0.2592225144230769 0.07899671634615385 0.27726131249999997 0.08419187259615385 0.23833206490384617 0.07341361298076923 0.2116242860576923 0.0565871826923077 0.19953100000000001
1 0.3905804375 0.35292120673076927 0.3978279543269231 0.36002618990384616 0.40775320673076926 0.3624192115384615 0.40879223798076925 0.3546333605769231 0.40560783894230773 0.33243528125000005 0.39905300721153847 0.320139733173077 0.39542925 0.3165872403846154 0.37954884375 0.31275840865384613 0.36823821634615383 0.32074652403846154 0.36184370673076927 0.33795629567307695 0.3651211201923077 0.34410406971153845 0.3905804375 0.35292120673076927
1 0.4724741875 0.39945401201923075 0.47420590865384615 0.38647759855769226 0.4716211826923077 0.3751392548076923 0.46799742307692305 0.3715867644230769 0.4541020673076923 0.3682365360576923 0.4467615384615385 0.3771818557692308 0.44304476682692306 0.3896796682692308 0.46651903365384617 0.3980181995192308 0.4701427908653846 0.40157069471153845 0.4724741875 0.39945401201923075
1 0.5341710841346153 0.4437960625 0.5358097908653846 0.44686994951923076 0.5397798942307692 0.44782715625 0.5421112884615384 0.44571047836538463 0.5599767475961538 0.4500179134615384 0.5672242620192308 0.45712289903846154 0.5686096370192307 0.4467417644230769 0.5676636177884615 0.43847731009615387 0.5614551346153847 0.4235864807692308 0.5538612740384615 0.41907677884615385 0.5515298798076923 0.42119345913461537 0.5455747259615384 0.4197576466346154 0.5385805432692308 0.4261076850961538 0.5368488245192308 0.4390840985576923 0.5341710841346153 0.4437960625
1 0.6399111514423077 0.4344661899038461 0.6677018653846154 0.4411666466346154 0.6743497043269231 0.4374118894230769 0.6757350793269231 0.42703075721153844 0.6744427163461538 0.4213615865384615 0.6695265937499999 0.4121399230769231 0.6639177860576922 0.4081088317307692 0.6539925336538462 0.4057158100961538 0.6426819038461539 0.41370392307692305 0.6423355576923077 0.4162992019230769 0.63499503125 0.4252445264423077 0.6399111514423077 0.4344661899038461
1 0.6922824711538461 0.4872749543269231 0.6946138629807692 0.4851582716346154 0.6973846153846155 0.46439600961538463 0.6935075240384615 0.44738849759615384 0.6882450625000001 0.4407621177884616 0.6763347548076923 0.43789049278846154 0.6720183076923077 0.4395285673076923 0.665024125 0.4458786057692308 0.6630390745192307 0.44539999999999996 0.6543131706730769 0.4647264567307693 0.6922824711538461 0.4872749543269231
1 0.6942002139423077 0.44219793028846155 0.6941071995192308 0.45824823317307695 0.6977309591346154 0.4618007235576923 0.7155964158653846 0.46610815865384614 0.7208588822115385 0.4727345408653846 0.7268140336538462 0.4741703533653846 0.7376853076923078 0.4848278245192308 0.7535657163461539 0.48865665865384617 0.7602135552884615 0.48490190384615384 0.7628912956730769 0.4801899423076923 0.7663547331730769 0.45423711057692306 0.7644626947115385 0.4377082019230769 0.76187796875 0.4263698605769231 0.7553231394230769 0.41407431250000004 0.7497143317307693 0.4100432139423077 0.7278787716346155 0.40477856971153847 0.7149294350961538 0.4096927980769231 0.7056038557692308 0.4181595168269231 0.6942002139423077 0.44219793028846155
2 0.6279564999999999 1 0.6294082067307692 0.9891218221153846 0.6277695 0.9860479350961538 0.6039488894230769 0.9803046875000001 0.5989397572115385 0.9871333293269231 0.5982470697115384 0.9923238942307692 0.6015244807692308 0.998471670673077 0.6030834711538462 1 0.6279564999999999 1
2 0.26663465865384617 0.7596798341346154 0.27353583173076923 0.7693800985576923 0.27914463942307693 0.7734111971153846 0.2910549447115385 0.7762828197115385 0.29537139182692307 0.7746447427884615 0.29546440384615386 0.7585944375 0.28994860576923076 0.7385130408653846 0.29098763701923075 0.7307271923076922 0.2863248485576923 0.7349605504807692 0.27044443990384615 0.73113171875 0.26776670432692307 0.7358436802884616 0.2656886418269231 0.7514153774038461 0.26663465865384617 0.7596798341346154
2 0.34414465625 0.7622950865384616 0.3500998100961539 0.7637308990384616 0.3517385168269231 0.7668047884615384 0.3616637692307692 0.7691978076923077 0.3663265600961539 0.7649644495192308 0.36701924759615384 0.7597738822115385 0.36210312499999997 0.7505522211538461 0.34993948798076924 0.7342255769230769 0.3284502740384615 0.7263656466346154 0.3257725336538462 0.7310776129807692 0.32706489903846153 0.73674678125 0.32567952403846157 0.7471279134615384 0.3273182283653846 0.7502018004807692 0.34414465625 0.7622950865384616
2 0.3988057668269231 0.7058256201923078 0.399844798076923 0.6980397692307693 0.4021761923076923 0.6959230889423077 0.4039079134615384 0.6829466730769231 0.40226920432692304 0.6798727836538461 0.3896662139423077 0.6821917283653847 0.38128665384615384 0.6989228966346155 0.3802476201923077 0.7067087451923076 0.38153998557692304 0.7123779182692308 0.38948018749999996 0.7142923341346153 0.3961280288461539 0.7105375793269231 0.3988057668269231 0.7058256201923078
2 0.4547335360576923 0.7166312475961539 0.45542622355769236 0.7114406826923076 0.44524763701923076 0.695592641826923 0.4455939831730769 0.692997358173077 0.4356687259615385 0.6906043389423077 0.43204496875 0.68705184375 0.4297135745192308 0.6891685264423076 0.4276355120192308 0.7047402259615385 0.43850678365384615 0.7153976995192307 0.45240214182692307 0.7187479278846154 0.4547335360576923 0.7166312475961539