1 0.03246148557692308 0.3001213221153846 0.03115378125 0.30809607692307694 0.028741223557692305 0.31058947596153846 0.026561716346153844 0.3238807379807692 0.027666569711538462 0.32936209855769233 0.0355731875 0.3300215240384615 0.03798574759615385 0.327528125 0.08344881730769231 0.3313198125 0.0819080625 0.32849670673076925 0.08321576682692308 0.32052194951923074 0.0814419639423077 0.3069009735576923 0.0783604591346154 0.30125475240384614 0.07879635817307692 0.2985965 0.06670337740384616 0.2868095 0.04891348317307693 0.2853257980769231 0.04013505769230769 0.28998287740384615 0.03246148557692308 0.3001213221153846
1 0.5549372211538461 0.3275289206730769 0.5516528605769231 0.33533882211538457 0.5499092548076923 0.34597183173076923 0.5870298028846154 0.3517623485576923 0.5885705552884615 0.3545854591346154 0.5984538317307693 0.3554097379807692 0.6035119951923077 0.3612208100961538 0.6079012067307692 0.3588922692307692 0.6140038293269231 0.32167673076923076 0.6082767163461539 0.3077260432692308 0.6012418990384615 0.3017501153846154 0.5957478341346154 0.2985972956730769 0.5858645576923076 0.2977730144230769 0.5834520024038462 0.30026641346153843 0.5775220360576923 0.29977184615384617 0.5634825961538461 0.3120739711538461 0.5549372211538461 0.3275289206730769
1 0.6763849927884615 0.33226862740384616 0.67199578125 0.3345971658653846 0.6621125048076923 0.3337728870192308 0.6577232932692307 0.33610143028846157 0.6476371634615384 0.3487332692307692 0.6463294591346155 0.35670802644230765 0.638219985576923 0.36950472115384614 0.6377840841346154 0.3721629735576923 0.6408655913461538 0.3778091923076923 0.6452548028846153 0.3754806538461538 0.657114733173077 0.3764697884615385 0.683480204326923 0.38675252884615385 0.6839161057692308 0.3840942740384615 0.6883053173076923 0.3817657355769231 0.6911537764423077 0.3766140841346154 0.695076889423077 0.35268981250000003 0.6924312836538462 0.34438534134615384 0.6904546274038462 0.34422048557692303 0.6838557115384615 0.3355863028846154 0.6779257451923077 0.3350917355769231 0.6763849927884615 0.33226862740384616
1 0.7562107427884615 0.4197644375 0.7529263822115385 0.42757434134615385 0.7511827764423077 0.4382073485576923 0.7610660528846154 0.4390316298076923 0.7634786081730769 0.43653823557692306 0.7922566322115384 0.44432757932692307 0.7981866009615385 0.44482214663461533 0.8005991562499999 0.4423287475961538 0.8045222692307692 0.41840447355769234 0.7987951586538462 0.4044537884615385 0.7992310600961539 0.4017955336538461 0.79330109375 0.40130096634615386 0.7917603413461538 0.398477860576923 0.7818770649038461 0.3976535793269231 0.7794645072115384 0.4001469759615385 0.7735345408653846 0.39965240865384616 0.7562107427884615 0.4197644375
1 0.802981516826923 0.4155813653846154 0.8084755817307693 0.41873418509615384 0.8148414471153846 0.41657050240384613 0.8181258076923077 0.40876060096153843 0.8163520048076923 0.395139625 0.8132704975961539 0.38949340865384613 0.8097530889423077 0.3865054423076923 0.7998698125 0.38568116346153847 0.7935039447115385 0.3878448485576923 0.7886788317307692 0.3928316394230769 0.7882429302884616 0.39548989423076925 0.7983592572115386 0.4071120408653846 0.802981516826923 0.4155813653846154
1 0.8714955 0.4132117091346154 0.8638219278846153 0.4233501514423077 0.8609734711538461 0.4285018028846154 0.8592298629807692 0.43913481249999997 0.8792294639423077 0.4515812403846154 0.8961475576923077 0.45838144951923077 0.9001008677884615 0.4587111586538462 0.9025134230769231 0.4562177644230769 0.9038211298076924 0.4482430072115384 0.9062336850961539 0.4457496105769231 0.9088490961538462 0.42980009375 0.9066393918269231 0.4188373701923077 0.9031219831730769 0.41584940625000005 0.90091228125 0.4048866826923077 0.89695896875 0.4045569735576923 0.8945464110576923 0.40705036778846154 0.8846631370192307 0.40622608894230766 0.8714955 0.4132117091346154
1 0.9073083413461538 0.4269769831730769 0.9088490961538462 0.42980009375 0.9248953870192308 0.4419168076923077 0.9273079423076923 0.43942341346153846 0.9312310576923076 0.4154991370192308 0.9255039447115384 0.40154844951923074 0.9096907019230769 0.4002296009615384 0.9072781466346154 0.4027229975961539 0.9013481826923078 0.4022284302884615 0.8984997211538462 0.40738007932692305 0.9004763774038461 0.40754493509615386 0.9081801442307692 0.42166047836538467 0.9073083413461538 0.4269769831730769
3 0 0.5630834735576923 0.003579716346153846 0.5617840721153846 0.03125288942307692 0.5640920576923076 0.04026436298076923 0.5702328413461538 0.04552537980769231 0.5625877956730769 0.054040555288461536 0.5228788629807692 0.06142068990384615 0.45343457932692305 0.04816246394230769 0.3876582427884615 0.017610634615384615 0.36624792548076923 0 0.38444865865384614 0 0.5630834735576923
2 0.8667478197115385 0.833174516826923 0.8731136875 0.8310108341346154 0.874421391826923 0.823036076923077 0.8728806370192307 0.8202129663461538 0.8746242451923076 0.8095799543269231 0.8735193918269231 0.80409859375 0.8686942788461539 0.8090853870192307 0.8588110024038461 0.808261108173077 0.8577061514423078 0.8027797451923077 0.8497995312500001 0.8021203197115384 0.8397134014423078 0.8147521610576922 0.835993139423077 0.8252203173076923 0.8430279567307692 0.8311962451923077 0.8667478197115385 0.833174516826923
2 0.7887864639423078 0.8320616418269231 0.7789031875 0.831237360576923 0.7758518750000001 0.8498451298076923 0.7828866923076923 0.8558210600961539 0.7986999350961538 0.85713990625 0.8002406875 0.859963014423077 0.8219838966346154 0.8617764302884615 0.8283497620192308 0.8596127451923077 0.8300933701923078 0.8489797355769231 0.8289885192307692 0.843498375 0.8250352067307692 0.8431686634615385 0.8226226514423077 0.8456620576923076 0.8045997067307693 0.8333804879807692 0.7947164278846154 0.8325562091346155 0.7911990192307693 0.8295682427884615 0.7887864639423078 0.8320616418269231
2 0.6379521057692308 0.8599009471153847 0.6414695168269231 0.8628889110576924 0.6493761370192307 0.8635483341346154 0.6509168894230769 0.8663714423076924 0.68056671875 0.8688442812499999 0.6829792740384615 0.8663508846153847 0.6889092403846154 0.8668454543269231 0.69108875 0.8535541875000001 0.6710891490384616 0.8411077644230769 0.668007639423077 0.835461545673077 0.6504507932692308 0.8447757115384615 0.6445208269230769 0.844281141826923 0.6377190576923077 0.8491030793269231 0.6348706009615385 0.8542547283653845 0.6379521057692308 0.8599009471153847
2 0.7159134639423077 0.8610138221153847 0.71745421875 0.8638369302884615 0.7253608389423077 0.8644963533653847 0.7277733966346154 0.8620029591346154 0.7295170024038462 0.8513699471153846 0.7264354951923077 0.8457237307692308 0.7240229374999999 0.8482171249999999 0.7055640889423077 0.8385938100961539 0.699634125 0.8380992427884616 0.6967856658653846 0.843250891826923 0.6974546153846154 0.8513905048076923 0.70800684375 0.8603543990384614 0.7159134639423077 0.8610138221153847
2 0.6133604423076923 0.8632391778846155 0.6172835552884616 0.8393149038461538 0.6157428028846154 0.8364917980769231 0.5920229375 0.8345135264423077 0.5902793341346154 0.8451465336538462 0.5909482836538461 0.8532861490384616 0.5944656923076923 0.8562741153846154 0.597111295673077 0.8645785865384615 0.6109478846153846 0.8657325769230769 0.6133604423076923 0.8632391778846155
2 0.571647829326923 0.8732333245192307 0.5738273365384615 0.8599420576923078 0.572722483173077 0.8544606995192308 0.5476949158653845 0.8604571875 0.5459513100961538 0.8710901947115384 0.5470561634615385 0.8765715576923078 0.5525502259615385 0.8797243798076924 0.5703401225961539 0.8812080817307693 0.5731885817307693 0.8760564326923077 0.571647829326923 0.8732333245192307
2 0.5236599375 0.9581531105769231 0.5043292860576923 0.953846298076923 0.5014808269230769 0.9589979471153847 0.4967835168269231 0.9876434927884615 0.530970798076923 0.9868837764423077 0.5324685576923077 0.977750014423077 0.5309278028846154 0.97492690625 0.5326714110576923 0.9642938990384615 0.5315665576923077 0.9588125360576923 0.5280491490384616 0.9558245721153846 0.5236599375 0.9581531105769231
2 0.4195359639423077 0.933301375 0.41229829326923073 0.9407815625 0.40837518028846154 0.9647058365384615 0.41145668750000003 0.9703520552884615 0.4132304879807692 0.98397303125 0.41477124278846156 0.986796139423077 0.4400482355769231 0.9889042788461538 0.44047505288461536 0.9888947932692307 0.4461344807692308 0.9543819807692308 0.44174526923076923 0.9567105216346155 0.4248271778846154 0.9499103125 0.42372232211538463 0.944428951923077 0.4254659302884616 0.9337959423076924 0.4195359639423077 0.933301375
2 0 0.8093894086538461 0.00498653125 0.8098052932692308 0.007399086538461538 0.8073118966346153 0.013329052884615385 0.8078064663461538 0.022543377403846154 0.8004911322115384 0.023851084134615383 0.7925163725961538 0.014839610576923077 0.7863755889423077 0.0010030240384615386 0.7852215961538461 0 0.7839092139423076 0 0.8093894086538461