1 0.6159034062500001 0.6218939350961539 0.5611569471153847 0.6229101706730769 0.5291724519230769 0.6466267163461539 0.6326459711538461 0.6761970769230768 0.6375048533653846 0.6386699182692308 0.6159034062500001 0.6218939350961539
1 0.5552459350961538 0.6239007620192307 0.5761820889423077 0.6061149567307692 0.5727005192307693 0.5883419711538461 0.5322055192307692 0.5686134375 0.48185353365384614 0.60764571875 0.48572194951923076 0.6273934807692307 0.5268514038461538 0.6347780576923078 0.5552459350961538 0.6239007620192307
1 0.612732076923077 0.29404903125000004 0.6330337716346153 0.2886071778846154 0.6528094014423077 0.26489704326923075 0.6481673052884616 0.24119972836538464 0.6066510096153845 0.23184037259615384 0.5549992764423076 0.24865481730769232 0.5537303629807693 0.2733427235576923 0.5649179254807692 0.2837054927884615 0.612732076923077 0.29404903125000004
1 0.469011173076923 0.23043140384615385 0.5192547644230769 0.22201136538461538 0.543533266826923 0.2057050360576923 0.5432548173076923 0.1731180216346154 0.5224270528846154 0.16029159375 0.49209831730769227 0.16129500721153847 0.45304228846153843 0.18007781730769232 0.44033819471153846 0.20872168509615385 0.469011173076923 0.23043140384615385
1 0.6346269038461538 0.5616472355769231 0.6553154423076923 0.5581801586538462 0.6655901009615385 0.5482998701923077 0.6362826634615384 0.5389341057692307 0.6346269038461538 0.5616472355769231
0 0.2939542139423077 0.7859862572115385 0.2826582572115385 0.8062357259615385 0.32829058413461537 0.8210241129807693 0.342928889423077 0.8022541249999999 0.31168724519230767 0.7830144783653845 0.2939542139423077 0.7859862572115385
0 0.3098614302884615 0.7425283605769231 0.35496769471153844 0.7390484639423077 0.3570102908653846 0.7183101081730769 0.31806265865384614 0.7064806802884616 0.3098614302884615 0.7425283605769231
0 0.3501247091346154 0.60524615625 0.29629115625 0.6265054495192307 0.29463539903846153 0.6492185793269231 0.33010146394230766 0.6432750216346155 0.3524457572115385 0.6170948149038461 0.3501247091346154 0.60524615625
0 0.37256246153846156 0.33021849999999997 0.3991620072115385 0.3257608317307692 0.3889957451923077 0.30502888701923075 0.3645780192307692 0.30504170673076925 0.37256246153846156 0.33021849999999997
0 0.3847404903846154 0.2833063485576923 0.4050421850961538 0.27786449519230766 0.3982182668269231 0.25861202884615386 0.3672550769230769 0.2719593966346154 0.3847404903846154 0.2833063485576923
1 0.5555227788461539 0.3908866298076923 0.5445825072115384 0.39249161298076923 0.5482327235576923 0.40406653125 0.5585434014423076 0.4010863052884615 0.5610238221153846 0.39634258413461537 0.5555227788461539 0.3908866298076923
1 0.5495483197115385 0.44394264903846153 0.5483055 0.4467453028846154 0.5503094134615385 0.45239368028846155 0.5555011850961539 0.4499286490384616 0.5560760336538462 0.4452432019230769 0.5495483197115385 0.44394264903846153
1 0.5343398822115385 0.4135680456730769 0.5338364206730769 0.4140521802884616 0.5343674831730769 0.42134451201923073 0.5405415216346154 0.4193124735576923 0.5398602956730769 0.41583489182692307 0.5343398822115385 0.4135680456730769
2 0.4525887307692308 0.41444934855769233 0.4498829831730769 0.41131104326923074 0.4454556105769231 0.4100582692307692 0.4414952596153846 0.4127166947115385 0.4458398461538462 0.4211668317307692 0.45402059134615386 0.4200446971153846 0.4525887307692308 0.41444934855769233