1 0.22653596874999998 0.7337088725961538 0.2516148269230769 0.6924820432692307 0.1990182908653846 0.6750654663461538 0.19402477884615385 0.7019438076923077 0.202171125 0.7254125552884615 0.22653596874999998 0.7337088725961538
1 0.6069706298076923 0.7619911418269231 0.6112686778846154 0.8001634302884616 0.6159237307692307 0.8135741442307692 0.6445309783653846 0.8134603076923077 0.6649918774038461 0.7898777211538461 0.6726884759615385 0.7604706442307693 0.6266989639423077 0.7724042307692307 0.6201104879807692 0.7585815480769231 0.6069706298076923 0.7619911418269231
1 0.39893056009615385 0.714557670673077 0.4159001706730769 0.6809170552884616 0.38535949999999997 0.6806189206730769 0.37726879807692304 0.7037326129807693 0.38772412500000003 0.7183792355769231 0.39893056009615385 0.714557670673077
1 0.5017590072115385 0.7116305096153847 0.48980145913461537 0.7339202620192308 0.5075963774038461 0.7439213774038461 0.5257297475961539 0.7136334423076923 0.5017590072115385 0.7116305096153847
1 0.7733563317307692 0.8905854519230769 0.8054363221153846 0.8850021682692308 0.8228000360576923 0.8576549350961538 0.8301025288461539 0.82195446875 0.7508507163461539 0.8205911778846153 0.7578703966346154 0.8717622091346153 0.7733563317307692 0.8905854519230769
1 0.5791330408653846 0.7591642692307693 0.5953700865384616 0.7595193221153846 0.6108003774038462 0.7317601225961539 0.6053756634615385 0.7212901177884615 0.5756046538461539 0.7180512740384616 0.5725445625 0.7453415865384615 0.5791330408653846 0.7591642692307693
1 0.4090659783653846 0.7850208293269231 0.42301259375 0.8097254879807692 0.4527836033653846 0.812964329326923 0.4720807403846154 0.7860290673076923 0.48169221153846153 0.7415064783653846 0.4174951346153846 0.721618076923077 0.4055375889423077 0.7439078341346155 0.4090659783653846 0.7850208293269231
1 0.30933471875 0.7917126418269231 0.32440800240384615 0.7887150144230769 0.34871719711538457 0.7504288918269231 0.3471593293269231 0.740782826923077 0.30346025240384616 0.7283668100961538 0.29538810096153845 0.7670079855769232 0.30933471875 0.7917126418269231
1 0 0.7360765168269231 0.023206605769230768 0.7462685576923077 0.06606182932692307 0.699515360576923 0.05677026682692307 0.6882214182692308 0.018495901442307693 0.6862754014423077 0.0006824375 0.6607468028846154 0 0.6629354495192307 0 0.7360765168269231
1 0.7214367139423078 0.7925907620192307 0.7446377932692307 0.7975344014423077 0.7562197836538461 0.7844787403846154 0.759279875 0.7571884278846154 0.7252479134615384 0.7468322596153846 0.7198788461538462 0.7829446971153846 0.7214367139423078 0.7925907620192307
2 0.2237493028846154 0.019032798076923076 0.2496720144230769 0.036975180288461536 0.24929645673076922 0.04620927644230769 0.2523936466346154 0.04997392307692308 0.2813764471153846 0.040625995192307696 0.2867826153846154 0.03556851682692307 0.28212756009615386 0.02215780528846154 0.2790303725961538 0.01839315625 0.22992512740384616 0.01103461298076923 0.22528862259615384 0.013151379807692308 0.2237493028846154 0.019032798076923076
2 0.3738423149038462 0.10068961057692308 0.34638028365384615 0.08862864423076923 0.3452165168269231 0.08527596634615384 0.33554940144230766 0.08321611538461539 0.3262763870192308 0.08744965384615384 0.32396740865384616 0.09627177403846154 0.3297862283653846 0.11303516586538462 0.3317196514423077 0.11344713701923077 0.33521094471153845 0.12350516826923076 0.3526117548076923 0.12721289903846153 0.37425496634615385 0.12251047836538462 0.37966113221153847 0.11745300240384617 0.38043079326923074 0.11451229326923076 0.3738423149038462 0.10068961057692308
2 0.4078371778846154 0.07999081971153846 0.4032192211538461 0.09763506490384614 0.4005161370192308 0.10016380288461539 0.4140501009615385 0.10304759375 0.4202444759615384 0.11057689182692307 0.4260447451923077 0.11181280048076923 0.43490510576923075 0.08575839903846154 0.4325775769230769 0.07905304326923077 0.42677730769230765 0.07781713221153846 0.4256135432692308 0.07446445432692307 0.41594642548076927 0.07240460576923077 0.4078371778846154 0.07999081971153846
2 0.4492458245192308 0.11675644230769232 0.44693684615384616 0.12557856490384614 0.4473309519230769 0.13187195192307694 0.45082224278846156 0.14192998557692307 0.48175701682692307 0.14852150961538463 0.4825266754807692 0.14558080048076924 0.47554409375 0.12546473076923076 0.46934972115384616 0.11793543509615384 0.45388233173076925 0.11463967548076924 0.4492458245192308 0.11675644230769232
2 0.5200128317307692 0.13494004086538464 0.5080367355769231 0.14170231490384616 0.5072670769230769 0.14464302403846155 0.5130673461538462 0.1458789326923077 0.5204254831730769 0.15676090865384615 0.5293229423076923 0.16176146634615385 0.5428383581730769 0.1491177764423077 0.5459169975961539 0.13735494230769232 0.5397226225961538 0.12982564423076923 0.5281220817307692 0.12735382451923077 0.5207824903846153 0.13199933173076922 0.5200128317307692 0.13494004086538464
2 0.5946095889423076 0.1228926201923077 0.5888093149038461 0.12165670913461539 0.5876455528846154 0.11830403125000001 0.5818452836538461 0.11706812259615385 0.5806815192307693 0.11371544230769232 0.5690809807692307 0.11124362259615385 0.5578745432692307 0.11506518990384616 0.5547959038461538 0.1268280216346154 0.5640874663461538 0.13812196634615384 0.5741672355769231 0.16200268269230772 0.6019862740384615 0.14930207451923078 0.6077865432692308 0.15053798557692308 0.6131927115384616 0.14548050721153846 0.6162713485576923 0.13371767548076924 0.6131741610576923 0.1299530264423077 0.5957733509615385 0.12624529807692308 0.5946095889423076 0.1228926201923077
2 0.6873953605769232 0.12713970192307691 0.690474 0.11537686778846154 0.6838855216346154 0.10155418509615385 0.6761518269230768 0.09990630528846153 0.6734487451923077 0.10243504326923077 0.6610785432692308 0.10290393028846154 0.6591636706730769 0.11801943990384614 0.6603274350961539 0.1213721201923077 0.6499092067307692 0.1377804591346154 0.6464550120192307 0.15877738461538463 0.6619223990384615 0.1620731442307692 0.6650195865384615 0.1658377932692308 0.6677226682692308 0.1633090576923077 0.67275328125 0.16748567548076923 0.682795951923077 0.16031143028846154 0.6893473341346154 0.1430791514423077 0.6873953605769232 0.12713970192307691
2 0.7585750192307692 0.1671441682692308 0.7431076346153845 0.16384840625000002 0.7357680432692307 0.16849391105769232 0.734622829326923 0.1806687139423077 0.7392778846153847 0.19407942788461538 0.7450781562500001 0.19531533653846156 0.7694244495192308 0.18808417307692307 0.7701941105769231 0.18514346634615386 0.766327264423077 0.1843195264423077 0.7616722091346154 0.1709088173076923 0.7585750192307692 0.1671441682692308
2 0.8157895120192307 0.1669164951923077 0.8130864326923077 0.16944523317307691 0.8142501947115384 0.17279791105769232 0.8096322355769231 0.19044216105769232 0.8127294254807692 0.1942068076923077 0.8281968125 0.19750256971153846 0.8328333173076923 0.19538580048076926 0.8355364014423077 0.19285706009615386 0.8401543581730769 0.1752128125 0.8389905961538461 0.1718601346153846 0.8157895120192307 0.1669164951923077
2 0.9174541971153847 0.1606366514423077 0.8981199639423078 0.15651695192307694 0.8919441394230769 0.1645151370192308 0.8904048173076924 0.17039655528846154 0.8927323461538462 0.17710191105769232 0.9105272620192307 0.18710302884615387 0.9151637692307693 0.18498625721153847 0.9410679302884616 0.1874011610576923 0.94260725 0.18151974519230768 0.941443485576923 0.17816706490384615 0.9255819951923077 0.16857792067307692 0.9174541971153847 0.1606366514423077