1 0.7656134639423077 0.5726840264423078 0.7692991129807693 0.5964377548076923 0.7919065985576924 0.5981755072115384 0.7941632548076923 0.5734560889423077 0.7656134639423077 0.5726840264423078
1 0.7443681514423077 0.6059010072115385 0.7438918221153846 0.5897432908653847 0.7093997211538461 0.5899369182692308 0.7122663389423077 0.6084120408653846 0.7341216081730769 0.6183895961538461 0.7443681514423077 0.6059010072115385
1 0.760832891826923 0.5680492115384616 0.7514096947115385 0.5465808221153846 0.739387139423077 0.5607109567307692 0.7442345240384616 0.5788641826923077 0.7545478822115383 0.5798940072115385 0.760832891826923 0.5680492115384616
1 0.6384347548076923 0.5906460600961538 0.6401396346153846 0.6147216826923076 0.6611758701923077 0.6194206346153847 0.6617944615384614 0.5841440048076924 0.6384347548076923 0.5906460600961538
1 0.5374823677884616 0.6205811610576923 0.5526431105769231 0.6397642139423076 0.5633659879807692 0.6434333389423077 0.5767550384615384 0.6250223533653846 0.5374823677884616 0.6205811610576923
1 0.6217027548076923 0.5744242067307692 0.6003238173076924 0.5806043653846154 0.5788780649038462 0.5732661105769231 0.5857730336538461 0.6046158557692307 0.6163035961538461 0.6050660240384615 0.6217027548076923 0.5744242067307692
1 0.2874205576923077 0.7234535 0.3083899807692308 0.7146340360576923 0.31611261298076926 0.6727912163461538 0.25266120192307695 0.6695734711538462 0.25880394951923075 0.7091630216346154 0.26836509134615383 0.7184326514423076 0.2874205576923077 0.7234535
1 0.12035921875 0.6937798004807691 0.121044625 0.6720215817307692 0.07262032932692307 0.6609500673076922 0.07876307692307692 0.7005396129807693 0.11168392548076923 0.7033071899038461 0.12035921875 0.6937798004807691
1 0.16216443509615383 0.6491040528846154 0.16940210336538464 0.6695746875 0.18210575 0.6729219182692308 0.18914297596153845 0.6528373173076923 0.16216443509615383 0.6491040528846154
1 0.3366057043269231 0.6478140384615384 0.34289071153846157 0.6359692427884615 0.33169150480769233 0.6161423990384616 0.31420728846153845 0.6081603533653847 0.30635102644230766 0.6229663509615384 0.31836926923076925 0.6480718004807693 0.3366057043269231 0.6478140384615384
1 0.38592447596153845 0.59921140625 0.38797206009615387 0.6124079206730769 0.4026564711538461 0.6154332596153846 0.4073034134615385 0.5930312475961539 0.38592447596153845 0.59921140625
1 0.37970628124999994 0.6245746153846153 0.37124006009615385 0.5961860721153847 0.35464169471153845 0.607001045673077 0.35750831009615386 0.6254761658653846 0.36747896875 0.6373850985576923 0.37970628124999994 0.6245746153846153
2 0.5722935072115385 0.20363417067307693 0.5595898629807692 0.20028693990384616 0.5438105288461539 0.21638051682692308 0.5455154086538462 0.24045614423076925 0.5633423269230768 0.23755907932692308 0.5722935072115385 0.20363417067307693
2 0.5385536274038462 0.19558799038461538 0.5199744903846154 0.20672485576923078 0.5177178341346154 0.23144427403846152 0.5280311947115385 0.23247409855769233 0.5496860192307692 0.20189642067307692 0.5385536274038462 0.19558799038461538
2 0.7398311778846154 0.24946558173076921 0.7431073125 0.27058000961538464 0.75458240625 0.26600933173076924 0.7552678125000001 0.24425111298076924 0.7398311778846154 0.24946558173076921
2 0.7129862644230769 0.27276914423076926 0.7256230961538462 0.26259796394230767 0.7220042620192307 0.2523626466346154 0.7073198461538461 0.24933731009615384 0.6958447524038461 0.2539079903846154 0.6990540697115384 0.26150400240384614 0.7129862644230769 0.27276914423076926
2 0.6604668028846153 0.23530459375 0.6637429374999999 0.2564190192307692 0.6784273509615384 0.25944435336538463 0.7020629447115384 0.22854478125 0.6604668028846153 0.23530459375
2 0.6402496033653846 0.23588425 0.6414781514423077 0.2438021610576923 0.6399068990384615 0.24676335817307693 0.65377228125 0.24451008653846154 0.6648378581730768 0.2373001033653846 0.6631997932692308 0.22674289182692306 0.6608095072115384 0.22442548557692307 0.6564384519230769 0.22242997115384616 0.646534608173077 0.22403945192307692 0.6414113365384615 0.23028374759615386 0.6402496033653846 0.23588425
2 0.4830166610576923 0.26955382932692307 0.4838356923076923 0.27483243749999997 0.48820674759615384 0.2768279495192308 0.5020721274038462 0.27457467788461537 0.5071953990384616 0.2683303822115385 0.5067858846153845 0.2656910793269231 0.49722474278846157 0.2564214495192308 0.49326320673076923 0.25706524038461537 0.48773041586538457 0.2606702355769231 0.4830166610576923 0.26955382932692307