1 0.574 0.41866666586538465 0.58 0.34400000000000003 0.562 0.3093333341346154 0.526 0.296 0.510638 0.30535999999999996 0.48800000000000004 0.3306666658653846 0.47200000000000003 0.35466666586538464 0.486 0.41600000000000004 0.542 0.432 0.574 0.41866666586538465
1 0.308062 0.2571653341346154 0.318 0.24800000000000003 0.328 0.216 0.32905399999999996 0.1975146658653846 0.318 0.176 0.301672 0.1695173341346154 0.286 0.17066666586538462 0.272 0.192 0.27399999999999997 0.23733333413461538 0.281134 0.24986133413461536 0.29 0.264 0.308062 0.2571653341346154
1 0.502 0.2826666658653846 0.508 0.28533333413461537 0.512 0.2986666658653846 0.516 0.2986666658653846 0.518 0.296 0.534 0.296 0.564 0.3093333341346154 0.564 0.3013333341346154 0.566 0.2986666658653846 0.566 0.27733333413461536 0.5680000000000001 0.2746666658653846 0.5680000000000001 0.2586666658653846 0.564 0.2453333341346154 0.5479999999999999 0.22666666586538461 0.528 0.2213333341346154 0.512 0.23466666586538462 0.506 0.2426666658653846 0.504 0.2506666658653846 0.49600000000000005 0.2613333341346154 0.494 0.2666666658653846 0.49600000000000005 0.2746666658653846 0.5 0.27733333413461536 0.502 0.2826666658653846
1 0.588 0.14133333413461538 0.5940000000000001 0.15733333413461537 0.598 0.16 0.602 0.16533333413461537 0.602 0.168 0.61 0.176 0.6159999999999999 0.176 0.62 0.17333333413461538 0.626 0.1626666658653846 0.63 0.13866666586538462 0.63 0.12266666586538462 0.624 0.112 0.624 0.10933333413461538 0.62 0.10400000000000001 0.602 0.10400000000000001 0.588 0.112 0.5860000000000001 0.11733333413461539 0.5860000000000001 0.128 0.584 0.1306666658653846 0.584 0.136 0.588 0.14133333413461538
2 0.41600000000000004 0.304 0.44 0.3013333341346154 0.448 0.2933333341346154 0.448 0.28 0.446 0.27733333413461536 0.43400000000000005 0.27733333413461536 0.430764 0.2779333341346154 0.429618 0.28099466586538463 0.42600000000000005 0.28800000000000003 0.42 0.2986666658653846 0.414 0.2986666658653846 0.41600000000000004 0.304
2 0.299714 0.5078026658653847 0.31571400000000005 0.5024693341346154 0.33171399999999995 0.48646933413461535 0.33171399999999995 0.4758026658653846 0.329714 0.47046933413461534 0.32371399999999995 0.465136 0.317714 0.465136 0.31571400000000005 0.46246933413461544 0.305714 0.46246933413461544 0.297714 0.473136 0.293714 0.48646933413461535 0.29571400000000003 0.489136 0.29571400000000003 0.5024693341346154 0.299714 0.5078026658653847
0 0.392 0.4453333341346154 0.398 0.4373333341346154 0.40399999999999997 0.41866666586538465 0.4 0.41333333413461537 0.386 0.40800000000000003 0.38 0.40800000000000003 0.374 0.4213333341346154 0.371092 0.4420426658653846 0.37855 0.4496933341346154 0.38515 0.45007733413461537 0.392 0.4453333341346154
1 0.276 0.16 0.286 0.14666666586538463 0.294 0.14400000000000002 0.30236 0.143232 0.31 0.14133333413461538 0.298 0.128 0.292 0.1253333341346154 0.28 0.1253333341346154 0.272 0.1333333341346154 0.26999999999999996 0.14133333413461538 0.26999999999999996 0.15466666586538463 0.27399999999999997 0.16 0.276 0.16
2 0.51 0.9173333341346154 0.532 0.9253333341346154 0.5559999999999999 0.9253333341346154 0.572 0.9173333341346154 0.5780000000000001 0.9066666658653847 0.574 0.888 0.5700000000000001 0.8826666658653846 0.5479999999999999 0.8693333341346154 0.538 0.856 0.528 0.8506666658653846 0.504 0.8533333341346154 0.492 0.872 0.47000000000000003 0.864 0.464 0.872 0.44999999999999996 0.8746666658653847 0.448 0.896 0.45799999999999996 0.9066666658653847 0.476 0.9146666658653846 0.51 0.9173333341346154
0 0.638 0.8213333341346154 0.6499999999999999 0.8186666658653846 0.662 0.8293333341346153 0.6679999999999999 0.8293333341346153 0.674 0.8266666658653846 0.6920000000000001 0.8053333341346154 0.6920000000000001 0.7813333341346154 0.6880000000000001 0.7706666658653846 0.6900000000000001 0.7653333341346154 0.6880000000000001 0.7573333341346153 0.6839999999999999 0.752 0.6799999999999999 0.7493333341346153 0.656 0.7493333341346153 0.6499999999999999 0.7546666658653846 0.64 0.7546666658653846 0.64 0.7706666658653846 0.642 0.7733333341346154 0.6340000000000001 0.8186666658653846 0.638 0.8213333341346154
0 0.24000000000000002 0.4293333341346154 0.25 0.43466666586538466 0.264 0.41600000000000004 0.264 0.40266666586538463 0.258 0.4 0.24800000000000003 0.4 0.246 0.40800000000000003 0.24000000000000002 0.41600000000000004 0.242 0.42666666586538465 0.24000000000000002 0.4293333341346154
0 0.572 0.5546666658653846 0.588 0.544 0.5940000000000001 0.544 0.61 0.528 0.61 0.5253333341346154 0.6159999999999999 0.5173333341346154 0.614 0.5013333341346153 0.61 0.4906666658653846 0.606 0.48800000000000004 0.5559999999999999 0.48800000000000004 0.546 0.4933333341346154 0.542 0.5013333341346153 0.5559999999999999 0.544 0.5680000000000001 0.5546666658653846 0.572 0.5546666658653846
2 0.562 0.5893333341346154 0.572 0.584 0.5760000000000001 0.5733333341346154 0.574 0.5653333341346154 0.5680000000000001 0.5573333341346154 0.5579999999999999 0.552 0.552 0.552 0.55 0.5546666658653846 0.55 0.5680000000000001 0.5559999999999999 0.5866666658653846 0.562 0.5893333341346154
2 0.6940000000000001 0.36 0.702 0.36266666586538465 0.7060000000000001 0.36 0.7100000000000001 0.352 0.714 0.33333333413461536 0.714 0.312 0.7 0.312 0.6940000000000001 0.32 0.6859999999999999 0.34400000000000003 0.6900000000000001 0.34400000000000003 0.696 0.3573333341346154 0.6940000000000001 0.36