1 0.6356066201923076 0.7725853509615385 0.6433421995192308 0.7626922860576923 0.6448688990384616 0.7532429471153846 0.6480501322115385 0.7448911754807692 0.6309054374999999 0.7433236778846154 0.6230152427884617 0.743711875 0.6235809711538463 0.7631785817307691 0.6277118629807692 0.7721598100961539 0.6356066201923076 0.7725853509615385
1 0.6740827163461538 0.6271038822115386 0.6709766129807692 0.62316925 0.667100985576923 0.6221442427884616 0.6643936490384615 0.624541375 0.657411920673077 0.619581735576923 0.6547045841346153 0.6219788677884615 0.6493179302884615 0.6423462692307692 0.6504862235576923 0.6457684038461539 0.655530141826923 0.6502155360576923 0.6671570216346154 0.6532905480769231 0.6698643533653846 0.6508934182692308 0.6733412115384615 0.6455866586538461 0.6756497764423077 0.6368577716346154 0.6740827163461538 0.6271038822115386
1 0.6820086057692307 0.5109004471153846 0.6773634591346155 0.5127850721153846 0.6738866009615384 0.518091829326923 0.6708085144230769 0.5297303461538462 0.6766499687499999 0.5468410024038461 0.6844012211538462 0.5488910096153846 0.6917537067307692 0.5446092572115384 0.6952305625 0.5393024975961539 0.6975391298076924 0.5305736105769231 0.6979098822115385 0.5213322235576923 0.6955732980769231 0.5144879591346154 0.6820086057692307 0.5109004471153846
3 0.6192505408653847 0.7246755168269231 0.6239237091346154 0.7383640432692308 0.628967625 0.7428111754807692 0.6414284975961538 0.7288568028846154 0.6481194831730769 0.7360681754807692 0.650510875 0.7509837620192308 0.6746680240384616 0.731524235576923 0.6898636730769231 0.7151395192307692 0.6970497716346155 0.6892147403846154 0.6958814807692307 0.685792610576923 0.6920058557692308 0.6847676081730769 0.6865911850961539 0.689561860576923 0.6734474951923077 0.708755639423077 0.6730264903846154 0.6859743509615384 0.6656740096153846 0.6902561057692308 0.6598605673076924 0.6887186009615385 0.6578667211538461 0.6570597980769232 0.6462398461538462 0.6539847860576924 0.6342422115384616 0.6601511682692307 0.6307653533653846 0.6654579278846153 0.6253787019230769 0.6858253317307692 0.6219018461538461 0.6911320889423076 0.6192505408653847 0.7246755168269231
3 0.7071721610576923 0.5019898173076923 0.7156369014423076 0.4699838942307692 0.7144686105769231 0.46656176442307695 0.7167771754807692 0.457832875 0.7167491610576923 0.44225972596153845 0.7144125769230769 0.4354154639423077 0.6966295216346154 0.45561748798076923 0.6896758100961539 0.4662310024038462 0.6873672451923076 0.47495989182692305 0.6846599086538461 0.47735701923076923 0.6792732548076923 0.49772442548076923 0.6800707932692307 0.5103879447115385 0.6863138341346153 0.5026653798076923 0.6939114567307693 0.494469858173077 0.7036953052884616 0.5072965745192307 0.7071721610576923 0.5019898173076923
2 0.7614654807692307 0.32022067067307697 0.7626337740384616 0.32364280288461533 0.7711545480769231 0.3227831778846154 0.7746314038461539 0.31747642307692303 0.7742326346153846 0.31114466105769234 0.7567923173076923 0.30653214903846154 0.7540849831730768 0.30892927403846154 0.7525459375 0.3147485360576923 0.7537142307692307 0.31817066586538456 0.7614654807692307 0.32022067067307697
2 0.7437442283653847 0.3334313461538461 0.7483107548076924 0.3332786274038462 0.7521751850961539 0.3239899254807692 0.7510068942307692 0.3205677908653846 0.7463617475961539 0.32245242067307694 0.7386104927884615 0.32040241586538465 0.7359031610576923 0.3227995408653846 0.7343641153846154 0.32861879807692307 0.7437442283653847 0.3334313461538461
0 0.7419127163461539 0.4333490985576923 0.7453895721153846 0.4280423389423077 0.7449908028846154 0.42171058173076925 0.7418846971153846 0.4177759471153846 0.7360712596153847 0.4162384399038462 0.7260114399038462 0.42291732211538463 0.7275785 0.4326712139423077 0.7353297524038461 0.43472122115384615 0.7419127163461539 0.4333490985576923
0 0.6447867043269231 0.6547990312499999 0.6382380264423078 0.6459441947115384 0.6321576923076923 0.6532397043269231 0.6290214399038461 0.6639849326923077 0.6354067427884615 0.6672956274038462 0.6447867043269231 0.6547990312499999
0 0.6982890961538462 0.6912080432692308 0.6961071586538462 0.6781659326923077 0.6894135168269231 0.6821829807692308 0.6866624783653846 0.69258490625 0.6911552860576923 0.6968893966346154 0.6982890961538462 0.6912080432692308
1 0.6691796129807692 0.6537725480769231 0.66214640625 0.6574507331730769 0.6529572884615384 0.6672893653846154 0.6578591201923077 0.6836253942307693 0.6676619399038461 0.68740409375 0.6758694375 0.6792858149038461 0.6782947692307691 0.6581601177884615 0.6691796129807692 0.6537725480769231