1 0.6142290024038461 0.25358666826923076 0.5709543245192308 0.21824655048076924 0.548179329326923 0.2548788822115385 0.5431071153846154 0.28211818509615383 0.5548756538461539 0.3331525144230769 0.6183022884615385 0.3138182379807692 0.6248580649038461 0.27147209855769233 0.6142290024038461 0.25358666826923076
1 0.4744344014423077 0.2653683389423077 0.45221066586538466 0.2597720024038461 0.43471506249999997 0.27519210576923075 0.43154076442307693 0.2993787139423077 0.4427913605769231 0.3353453605769231 0.47239958173076924 0.32270384375 0.4895844158653846 0.2982431298076923 0.4744344014423077 0.2653683389423077
1 0.9665975216346154 0.24970839903846154 0.9560387355769231 0.29213285817307694 0.9999682596153847 0.28825784615384614 0.9968272764423076 0.25514810576923075 0.9905119927884616 0.24622496875 0.9665975216346154 0.24970839903846154
1 0.884776298076923 0.20004460096153845 0.874147235576923 0.18215917067307694 0.8621382043269231 0.18239412019230766 0.8309428317307692 0.2071289423076923 0.8158630913461539 0.23456403125 0.87725490625 0.27256526442307694 0.888228048076923 0.24219495192307694 0.884776298076923 0.20004460096153845
1 0.3190720432692308 0.22046948317307694 0.3111463317307692 0.22762366346153848 0.3075843413461538 0.24752369471153848 0.31581557932692306 0.2562495216346154 0.3299690168269231 0.23449577884615386 0.3288757764423077 0.22599820192307693 0.3190720432692308 0.22046948317307694
1 0.9420281971153847 0.2924069639423077 0.9394051586538462 0.27436490384615386 0.92677459375 0.2565186370192308 0.9067595384615385 0.25691021394230773 0.8934741274038461 0.2782790745192308 0.8921977451923078 0.2994129879807692 0.8965115216346154 0.3083752788461539 0.9344365336538462 0.30461774038461537 0.9420281971153847 0.2924069639423077
1 0.5556674038461538 0.23965456971153848 0.5551494615384616 0.22458688701923077 0.5420009495192308 0.19167293509615385 0.5176721201923077 0.18310222115384617 0.49627709615384613 0.2016141778846154 0.49203359375000005 0.25296176923076924 0.5024554759615385 0.264820125 0.5363774759615384 0.26114090144230767 0.5556674038461538 0.23965456971153848
2 0.8189483846153846 0.9069742259615385 0.7829212908653846 0.9076790697115384 0.7773311298076924 0.9198506875000001 0.7901688725961539 0.94372403125 0.8306133365384615 0.954995016826923 0.8304394735576923 0.8916715961538462 0.8189483846153846 0.9069742259615385
2 0.5965408100961539 0.9625900384615385 0.5991268870192308 0.8630258629807692 0.5926525793269231 0.782471141826923 0.5467067091346154 0.7946934759615385 0.5613930745192308 0.9075380096153847 0.5016174375 0.9321685576923078 0.5217261586538462 0.9654408894230768 0.5527148701923077 0.9694785865384615 0.5908470576923077 0.9717481225961537 0.5965408100961539 0.9625900384615385
2 0.8269905552884615 0.9712911586538462 0.8756040841346154 0.9694906586538461 0.8831001418269231 0.9087347067307692 0.8760930504807691 0.82142046875 0.8628076394230769 0.8427893293269231 0.8226739423076924 0.8405589495192308 0.8190519735576923 0.9099877620192308 0.8269905552884615 0.9712911586538462
2 0.7530557139423077 0.974029485576923 0.7292247283653845 0.8604805961538461 0.7158690408653846 0.8215395673076924 0.6821542163461539 0.8312458653846153 0.70313853125 0.9755823485576923 0.7200747692307693 0.9752510024038461 0.7530557139423077 0.974029485576923
0 0.8045458677884615 0.31319008173076923 0.8031992115384615 0.27401411057692304 0.827147 0.2132343293269231 0.8245239615384615 0.19519226923076924 0.8078903846153846 0.17742431490384616 0.787978920673077 0.18082943028846155 0.7704500024038462 0.25354588221153845 0.766513689903846 0.2697229879807692 0.7620999014423078 0.3019582548076923 0.7569240985576923 0.3261840216346154 0.8045458677884615 0.31319008173076923
2 0.9042843413461538 0.7092930937499999 0.9138775120192307 0.6970431586538461 0.9155682524038462 0.6879633894230769 0.9133595673076923 0.6819754735576923 0.90925296875 0.6790402548076924 0.9073550528846154 0.6820929495192308 0.8969331682692308 0.6702345961538462 0.8909286538461539 0.6703520673076924 0.8858564399038461 0.6975913725961539 0.8922753125 0.7095280408653846 0.9042843413461538 0.7092930937499999
2 0.9287841778846153 0.6507641850961539 0.9499347524038462 0.6640621538461539 0.9669846899038461 0.6543803365384615 0.9510173822115384 0.635368997596154 0.947387766826923 0.6260917668269231 0.9217872644230769 0.6278380480769231 0.9287841778846153 0.6507641850961539
2 0.39034052403846153 0.43858704567307694 0.38939331490384615 0.42967649519230766 0.3840731346153846 0.4194040288461538 0.3807102091346154 0.40547459375000006 0.37385654086538456 0.39254224759615386 0.36411569471153843 0.40748797115384616 0.3654935408653846 0.414942625 0.37171110817307695 0.43267613221153844 0.36785214182692305 0.4462673798076923 0.3752647379807692 0.4521534855769231 0.38386418509615383 0.44595412019230773 0.39034052403846153 0.43858704567307694
2 0.3419884903846154 0.40236921875 0.3270170865384615 0.3956660192307692 0.32174525 0.4334124302884615 0.31130171153846153 0.43723844230769227 0.30781527163461536 0.44768320432692305 0.33464654086538465 0.44981196634615384 0.3362473485576923 0.4357854206730769 0.3419884903846154 0.40236921875
0 0.3582074206730769 0.34281720432692303 0.3528654375 0.341233 0.3489618701923077 0.3442043125 0.35107974759615385 0.3545424423076923 0.3571891875 0.35514665144230767 0.3586023485576923 0.34498369951923075 0.3582074206730769 0.34281720432692303
0 0.4471381850961539 0.3421810336538461 0.4375133870192308 0.3568319759615385 0.4385786466346154 0.36888544951923075 0.4487959711538462 0.3761912908653846 0.45849444471153844 0.3746958076923077 0.46435839423076924 0.3625067716346154 0.4584815144230769 0.35544169471153847 0.4471381850961539 0.3421810336538461