1 0.3548217211538462 0.5974903173076923 0.2724062548076923 0.583118326923077 0.2702154879807692 0.6399022524038462 0.29317558653846154 0.687966860576923 0.33014811057692306 0.6731747740384615 0.3538998653846154 0.6242178966346154 0.35969138461538464 0.6044402259615385 0.3548217211538462 0.5974903173076923
1 0.3529997740384615 0.7580507211538462 0.3621425408653846 0.6882441129807693 0.35611239663461536 0.6745392115384615 0.2946831225961538 0.6913930865384615 0.27672288461538463 0.7205722932692308 0.28682014903846154 0.7846959711538462 0.30699291826923075 0.8058380793269231 0.3321437788461538 0.7971187644230769 0.3529997740384615 0.7580507211538462
1 0.8306492812499999 0.6660063701923077 0.8493145120192308 0.6837222572115385 0.8704091346153846 0.6781367836538461 0.8792157235576923 0.6652115649038461 0.8853434158653847 0.5885525048076923 0.8208990721153846 0.5985539302884615 0.8306492812499999 0.6660063701923077
1 0.056362629807692306 0.6520931826923076 0.07757656490384615 0.6632489975961539 0.10597024038461539 0.6413120769230769 0.11836670192307691 0.6118404903846154 0.0420898125 0.5743620649038461 0.047317411057692306 0.6315358317307692 0.056362629807692306 0.6520931826923076
1 0.4767692980769231 0.6440627692307692 0.39899575000000004 0.6567107403846154 0.40340993028846156 0.70380075 0.42555660096153847 0.7417816057692307 0.44781170192307695 0.742951125 0.4801423052884616 0.7011390745192307 0.48465403365384613 0.6578651274038462 0.4767692980769231 0.6440627692307692
1 0.6470338052884615 0.6028052211538462 0.57168965625 0.5921518365384615 0.5705400552884615 0.63894946875 0.5790104735576923 0.6829056322115385 0.6275769182692308 0.6821108269230769 0.6465783221153847 0.6429453245192308 0.6537580649038461 0.6098525913461539 0.6470338052884615 0.6028052211538462
1 0.8081446706730768 0.5778016610576923 0.7007085408653846 0.6424428942307692 0.7382776298076923 0.7113572331730769 0.7764106322115385 0.7033201346153847 0.8020169783653847 0.6544607163461538 0.8081446706730768 0.5778016610576923
1 0.923259560096154 0.6541380793269231 0.880137579326923 0.6384839807692307 0.8853651826923077 0.69565775 0.9036833581730769 0.7167023990384614 0.9381071778846154 0.7084703822115385 0.9527052884615385 0.6757674879807692 0.9619673653846154 0.6227021658653846 0.923259560096154 0.6541380793269231
1 0.16059947596153845 0.8148800336538462 0.19432918509615385 0.8133055456730769 0.2229506033653846 0.771298579326923 0.23337316346153847 0.7249882451923076 0.24658304807692308 0.7056004158653846 0.24391503125 0.6954191995192307 0.15350639663461538 0.7040561875000001 0.12951601923076922 0.7195304927884615 0.1384528028846154 0.7768991802884616 0.16059947596153845 0.8148800336538462
1 0.4553493822115385 0.7600822475961538 0.4742423581730769 0.7577280817307692 0.49950164903846156 0.7121974302884616 0.5069091346153847 0.6590346466346154 0.4809448461538462 0.6576702091346154 0.4685483870192308 0.6871417956730769 0.4553493822115385 0.7600822475961538
1 0.6717509471153846 0.74133125 0.6791584326923077 0.6881684663461538 0.6694191057692307 0.6742686490384616 0.6356893942307693 0.6758431346153846 0.5955933677884615 0.720594108173077 0.601862139423077 0.767781579326923 0.6198332572115385 0.7921549951923077 0.6483462475961539 0.7869593605769231 0.6717509471153846 0.74133125