1 0.44244581490384616 0.6699768173076923 0.4588161634615385 0.6611901105769231 0.4843132211538462 0.6367111105769231 0.5030630817307692 0.6132869711538461 0.4964762019230769 0.5513270432692308 0.4427778870192308 0.5331624831730769 0.40941257932692304 0.5452924278846154 0.3945498341346154 0.6198410192307692 0.4082889350961538 0.6552474399038462 0.44244581490384616 0.6699768173076923
1 0.6432596826923077 0.7259995769230769 0.6295135624999999 0.757665 0.6262623701923077 0.7761375961538461 0.6346728100961538 0.798106889423077 0.6501129423076922 0.8052233894230769 0.6658118918269231 0.8046714374999999 0.6822577788461538 0.7838414855769231 0.6856783798076923 0.7383641298076923 0.680088625 0.7255447451923077 0.6729711298076922 0.7110460865384615 0.6542209278846154 0.7172004831730768 0.6432596826923077 0.7259995769230769
1 0.39867021153846155 0.7192663725961539 0.41233156009615385 0.7385724975961538 0.4315549615384615 0.7446783173076923 0.44903269471153845 0.7319367451923077 0.4559446346153846 0.7241541826923077 0.4588846778846154 0.7162187139423076 0.46810059375 0.7058419639423076 0.47072260336538463 0.7005771370192307 0.46969075480769235 0.6924887596153847 0.46603689423076927 0.6896652091346154 0.4646870120192308 0.6842474735576923 0.4590472043269231 0.68134746875 0.45666547115384615 0.6678413557692308 0.45269357932692306 0.6676884495192308 0.45038960096153846 0.6702826346153846 0.43450202644230773 0.6696710024038462 0.40630298798076925 0.6551709855769231 0.4053488918269231 0.6631829086538462 0.4030449110576923 0.6657770985576923 0.40050065384615385 0.6871422259615384 0.39819667548076926 0.6897364158653846 0.3962884807692308 0.7057602620192308 0.39867021153846155 0.7192663725961539
1 0.32287216346153846 0.8531754567307692 0.3262079927884616 0.8586696490384615 0.34408151442307694 0.859357733173077 0.3589372355769231 0.8518809879807693 0.3615592475961539 0.8466161586538461 0.36283137740384613 0.8359335961538462 0.3651353557692308 0.8333394086538461 0.36577142067307694 0.827998125 0.36243559134615383 0.8225039350961538 0.3583859471153846 0.8062507259615385 0.3547320865384615 0.8034271754807693 0.3513962572115385 0.797932985576923 0.3517142908653846 0.79526234375 0.3447246009615385 0.7869446057692309 0.3387667596153846 0.7867152451923077 0.3344768341346154 0.7892329759615385 0.3272468629807692 0.7996861802884615 0.32041268028846154 0.8235690432692307 0.31850448557692307 0.839592889423077 0.32319019711538466 0.8505048173076923 0.32287216346153846 0.8531754567307692
2 0.5284775841346154 0.6679230576923078 0.5195796995192308 0.6756291658653846 0.5179895384615384 0.6889823725961539 0.5196574543269231 0.6917294663461538 0.5315731322115385 0.6921881899038461 0.534857951923077 0.6917109975961538 0.536361 0.6886889110576924 0.5407890504807692 0.6818114423076923 0.5480190192307692 0.6713582403846154 0.553976858173077 0.6715876009615385 0.5526269759615384 0.6661698653846154 0.5284775841346154 0.6679230576923078
2 0.6957376370192307 0.47200289423076924 0.6924018100961539 0.4665087043269231 0.6758781730769231 0.4712383533653846 0.6580824062499999 0.48665056971153847 0.6568102740384615 0.49733313701923076 0.6581601586538461 0.5027508701923077 0.6634819350961538 0.5083215144230769 0.6694397716346153 0.5085508774038462 0.6711076899038461 0.5112979735576924 0.6810374206730769 0.5116802427884616 0.6902533365384615 0.5013034927884615 0.6958153918269231 0.4881031971153846 0.6941474783653846 0.4853561009615385 0.6957376370192307 0.47200289423076924
0 0.5782180456730769 0.5517910168269231 0.581553875 0.5572852067307692 0.5948194375 0.5631616682692308 0.6007772764423077 0.5633910288461539 0.6083252788461538 0.5502671850961538 0.6136826826923077 0.5296381490384615 0.6071895240384616 0.5216909831730769 0.6006816947115385 0.5210541129807692 0.5933140480769231 0.5255433269230769 0.5864021129807692 0.5333258894230769 0.5782180456730769 0.5517910168269231
1 0.6744694951923077 0.8157362716346154 0.6629496009615384 0.8287072091346155 0.6546877836538462 0.8310720336538462 0.6462949326923078 0.8315216009615385 0.6384821754807692 0.8331310408653846 0.6488076947115384 0.8469429711538462 0.6544475024038461 0.8498429735576922 0.6663631826923078 0.8503016971153846 0.6752610673076924 0.8425955913461538 0.6782011105769231 0.8346601225961539 0.6797912716346153 0.8213069158653846 0.6764554447115384 0.8158127259615384 0.6744694951923077 0.8157362716346154
2 0.565793204326923 0.10327094951923077 0.5727051418269231 0.09548838701923076 0.5869248004807692 0.09335292548076923 0.5914550072115385 0.07206425 0.5827974014423076 0.06099941586538461 0.5658779783653846 0.05229940625 0.5324349182692308 0.04832904326923077 0.5115436009615385 0.03947612740384616 0.48771224278846154 0.03855867788461539 0.47087056971153846 0.04595897115384616 0.4636406009615385 0.05641217548076923 0.4653862692307692 0.07525956971153847 0.4687220985576923 0.08075376201923076 0.4889773509615385 0.09494795913461539 0.4973169206730769 0.10868343509615384 0.5066105889423077 0.11440699038461538 0.5307599831730769 0.11265379567307693 0.5449018894230769 0.09441803125 0.565793204326923 0.10327094951923077
0 0.36742477644230764 0.21099829807692305 0.3740186802884615 0.2058863798076923 0.38394841586538464 0.20626864903846157 0.3858566081730769 0.1902448028846154 0.38418869471153844 0.18749770673076924 0.3975390288461539 0.14240262259615385 0.39388517067307693 0.13957907211538462 0.3816514567307693 0.1417909903846154 0.37100790625 0.13064969951923078 0.36505006490384617 0.1304203389423077 0.3587741923076923 0.13286162019230768 0.3383564134615385 0.15353866105769232 0.335494125 0.1775744326923077 0.33819388942307693 0.18840990625 0.3355718774038462 0.19367473317307693 0.3366037259615385 0.20176311057692306 0.33993955528846154 0.20725730288461539 0.34359341586538467 0.21008085096153847 0.36742477644230764 0.21099829807692305
0 0.7153261177884616 0.5731666442307692 0.7209659254807692 0.5760666466346154 0.7308956586538462 0.5764489182692307 0.7338357019230769 0.5685134495192308 0.740747639423077 0.5607308870192308 0.7400338221153846 0.5499718677884615 0.7423378004807692 0.5473776802884616 0.7330441322115384 0.5416541298076922 0.7169162788461538 0.5598134399038461 0.7153261177884616 0.5731666442307692
0 0.4422336201923077 0.420460375 0.43159006730769234 0.4093190865384615 0.42761817548076925 0.4091661778846154 0.41045847115384615 0.4192371105769231 0.40450063461538466 0.41900774759615383 0.3867048677884615 0.4344199615384615 0.3863868341346154 0.43709060336538463 0.3794748966346154 0.4448731658653846 0.37955264903846153 0.46097346875 0.38225241346153843 0.47180894230769227 0.38590627403846156 0.47463249038461536 0.4355549423076923 0.4765438389423077 0.4461207403846154 0.47158482692307696 0.4510467283653846 0.4637258100961539 0.4422336201923077 0.420460375
2 0.4258725096153846 0.39031878125 0.42690435817307687 0.39840715625 0.4319081009615384 0.4066484423076923 0.44120176923076926 0.41237199759615384 0.44715961057692305 0.4126013605769231 0.4494635889423077 0.4100071706730769 0.45105375000000003 0.39665396634615385 0.4473221346153846 0.3777301153846154 0.4416823293269231 0.37483011057692306 0.43111653125000005 0.3797891225961539 0.4258725096153846 0.39031878125
2 0.2756333149038462 0.5964828341346153 0.2713433918269231 0.5990005673076924 0.2664174014423077 0.6068595841346154 0.26021928125 0.6254011634615384 0.25767502403846154 0.6467662932692307 0.27157664903846157 0.6473014711538462 0.27848858653846154 0.6395189086538462 0.2892946634615385 0.6157889567307693 0.2853227692307692 0.6156360480769231 0.2809550913461539 0.6020534783653846 0.28325906971153847 0.5994592932692308 0.2756333149038462 0.5964828341346153