1 0.9170649110576924 0.39594798557692307 0.91312190625 0.39900982211538466 0.8891690216346154 0.4023151153846154 0.8872270072115385 0.4053526057692308 0.8874628990384615 0.4174051947115384 0.8895818317307692 0.42340714423076925 0.8937017524038461 0.42938474759615386 0.9097686322115385 0.4322031298076923 0.9195376802884615 0.4200288173076923 0.9233037668269231 0.40792753846153845 0.9231268461538461 0.39888809615384613 0.9210668870192307 0.3958992956730769 0.9170649110576924 0.39594798557692307
1 0.7726388461538461 0.30828984134615384 0.7799026081730769 0.3288675360576923 0.7956378100961538 0.33508959134615385 0.8038531538461539 0.33178288701923075 0.8139584735576922 0.31633745192307694 0.8138480024038461 0.29852384375 0.8008246490384615 0.2858522716346154 0.7879985528846153 0.2831572067307692 0.7762633533653845 0.28793229567307693 0.7726388461538461 0.30828984134615384
1 0.36527213942307696 0.6317151826923078 0.363330125 0.6347526754807693 0.36368396153846155 0.6528315600961538 0.3657439230769231 0.6558203605769232 0.3659208413461539 0.6648598004807693 0.3721007235576923 0.6738262067307693 0.38216463701923076 0.676717625 0.38999167307692306 0.6675808028846154 0.39558182451923074 0.6464157379807692 0.3853409927884615 0.6344848774038462 0.37521810817307694 0.6285803076923078 0.36527213942307696 0.6317151826923078
1 0.3441376850961539 0.4722375024038462 0.3401946802884615 0.4752993413461538 0.3382526658653846 0.47833683173076924 0.3387834206730769 0.5054551538461538 0.3449633052884616 0.5144215576923077 0.3530852043269231 0.5203504711538461 0.35908816826923073 0.5202774375 0.36303117067307694 0.5172155961538462 0.37085820673076925 0.5080787740384616 0.37274124759615385 0.5020281346153846 0.37256432692307695 0.49298869471153844 0.3441376850961539 0.4722375024038462
1 0.34301719951923076 0.41498770913461536 0.34295822596153847 0.4119745625 0.33889727884615384 0.40901010576923075 0.33495427403846156 0.41207194230769234 0.3331302043269231 0.4211357283653846 0.3352491394230769 0.42713767788461543 0.33548503124999995 0.4391902668269231 0.34166491346153843 0.44815667067307696 0.34978681009615387 0.4540855817307692 0.3557897764423077 0.4540125480769231 0.3636168100961538 0.4448757235576923 0.3594379158653846 0.43588497596153847 0.35743692788461534 0.43590931971153846 0.34301719951923076 0.41498770913461536
1 0.30235282451923073 0.48480134375 0.3024117980769231 0.4878144927884615 0.29658575 0.49692696875000003 0.29064175961538463 0.5000131514423077 0.2848157115384615 0.5091256274038461 0.2848746850961538 0.5121387740384615 0.28099065624999997 0.5182137596153846 0.2831095913461538 0.5242157091346153 0.2953514110576923 0.5361222259615385 0.30535635096153846 0.5360005 0.31130034134615386 0.5329143149038461 0.3170674158653846 0.5207886899038462 0.3165956322115384 0.4966835144230769 0.3103567764423077 0.4847039615384615 0.30235282451923073 0.48480134375
0 0.32206375240384616 0.36702081249999996 0.3103526899038461 0.3822326177884615 0.3105885793269231 0.3942852091346154 0.31264853846153845 0.3972740096153846 0.3167094903846154 0.40023846394230767 0.3267144302884616 0.40011673798076924 0.3286564471153846 0.3970792451923077 0.33242253125 0.38497796634615383 0.33224561298076927 0.3759385240384615 0.3260657283653846 0.3669721201923077 0.32206375240384616 0.36702081249999996
0 0.32306629086538463 0.4182443100961538 0.33083435336538464 0.40609434134615385 0.33071640625 0.40006804807692303 0.31270751201923075 0.40028715625 0.3131203245192308 0.42137918269230773 0.3191232884615385 0.4213061490384616 0.32306629086538463 0.4182443100961538
0 0.7486788629807692 0.17798457692307693 0.7489147548076923 0.1900371658653846 0.7510336875000001 0.19603911538461538 0.7571545961538462 0.20199237259615385 0.7631575625 0.20191933653846156 0.7650995793269231 0.19888184375 0.7647457403846154 0.18080296153846154 0.7606258197115385 0.17482536057692308 0.7506208774038462 0.17494708653846153 0.7486788629807692 0.17798457692307693
0 0.8141848052884615 0.2525341995192308 0.8224246490384615 0.26448940625 0.8304875745192307 0.2674051730769231 0.8298978461538462 0.23727370192307692 0.8277789134615384 0.23127175240384615 0.8137719951923077 0.23144217067307693 0.8118299783653846 0.23447966346153845 0.8141848052884615 0.2525341995192308
2 0.8620316033653845 0.24291046875 0.8560286370192307 0.2429835048076923 0.8461416442307693 0.24913152403846153 0.8422576129807692 0.2552065096153846 0.844376545673077 0.2612084591346154 0.8544994326923077 0.26711302884615384 0.8644454014423076 0.26397815384615386 0.86838840625 0.26091631249999997 0.8780984807692308 0.2457288533653846 0.8779215625 0.2366894110576923 0.8679166201923076 0.2368111370192308 0.8620316033653845 0.24291046875
2 0.9100135889423077 0.24223928365384614 0.92501478125 0.2499199423076923 0.9296092836538462 0.24537639663461538 0.9264592115384616 0.23986619951923077 0.9150791177884615 0.2310836153846154 0.9090948028846154 0.2280189951923077 0.9010766947115385 0.22739322115384614 0.899905016826923 0.2411567283653846 0.9100135889423077 0.24223928365384614
2 0.8384284663461539 0.16182330048076923 0.8367223413461539 0.1769133798076923 0.840842264423077 0.18289098317307692 0.8488462163461539 0.18279360096153846 0.8507882307692308 0.17975610817307694 0.8564963317307692 0.16461733653846153 0.8563194134615385 0.15557789663461538 0.8542594543269231 0.15258909615384614 0.8462554975961538 0.15268647836538463 0.8384284663461539 0.16182330048076923
2 0.35972460096153847 0.24600802163461538 0.34371669471153843 0.24620278605769233 0.34177468028846153 0.24924027884615382 0.3419515985576923 0.25827971875 0.35225140384615383 0.2732237283653846 0.35631235336538464 0.27618818509615384 0.3703192716346154 0.2760177668269231 0.3744981658653846 0.2850085168269231 0.37814630288461537 0.26688094230769227 0.3779104134615385 0.2548283533653846 0.3758504519230769 0.2518395528846154 0.35972460096153847 0.24600802163461538
2 0.41669583653846154 0.2935367019230769 0.43270374038461534 0.29334193990384616 0.4346457572115385 0.29030444951923073 0.4344098653846154 0.2782518605769231 0.4182840144230769 0.27242032932692306 0.4143999831730769 0.27849531490384616 0.4145769014423077 0.2875347548076923 0.41669583653846154 0.2935367019230769
2 0.21195043028846156 0.36534666105769226 0.21206837740384615 0.37137295673076925 0.21807134134615386 0.37129992067307693 0.22395636057692309 0.3652005913461539 0.23996426442307695 0.3650058269230769 0.24190627884615384 0.3619683341346154 0.24178833653846155 0.3559420408653846 0.23972837259615384 0.3529532379807692 0.22372046875 0.35314800240384614 0.21195043028846156 0.36534666105769226