1 0.6168999495192308 0.42429145432692306 0.6404162572115385 0.4057076923076923 0.6427960817307692 0.38495790625000004 0.6193004014423077 0.3690147259615385 0.5859896346153847 0.36504863701923074 0.5568814134615384 0.40294808653846154 0.553648704326923 0.43604092788461535 0.6168999495192308 0.42429145432692306
1 0.7756196225961538 0.5369618653846154 0.7722493365384615 0.5172802115384616 0.7379274831730769 0.5074096274038461 0.7233733725961538 0.5263593533653845 0.7223416610576923 0.5549817980769232 0.7654675120192308 0.5469707932692308 0.7756196225961538 0.5369618653846154
1 0.7992941346153846 0.53662565625 0.7820437932692308 0.5398300600961539 0.7816861418269231 0.5723888365384615 0.8075616514423077 0.5675822331730769 0.8189036754807693 0.5471984086538462 0.7992941346153846 0.53662565625
1 0.6475489423076923 0.6379214278846154 0.6345217764423077 0.6484644254807693 0.6346799759615384 0.6667119783653846 0.6691806562499999 0.6603031754807692 0.6722345384615385 0.6434897163461539 0.6475489423076923 0.6379214278846154
1 0.6789751129807692 0.6828530216346155 0.70231259375 0.6805486514423078 0.6996163653846155 0.664803329326923 0.6874420793269231 0.663003266826923 0.6789751129807692 0.6828530216346155
1 0.8276596274038461 0.8928338004807692 0.8327356850961538 0.8878293341346153 0.8313875697115385 0.8799566730769232 0.8249633990384615 0.8770884783653846 0.8134631730769232 0.8792247451923078 0.8109251442307692 0.8817269807692308 0.8129473173076923 0.8935359711538461 0.8161594038461538 0.8949700697115385 0.8276596274038461 0.8928338004807692
1 0.8230031009615384 0.7616986586538462 0.8316282716346154 0.7600964567307693 0.8370413533653847 0.7570601586538461 0.8421174110576923 0.7520556947115384 0.8404322668269231 0.7422148677884616 0.8311330384615385 0.7398807403846154 0.8225078701923076 0.7414829399038462 0.8184428990384615 0.7523918990384615 0.8197910144230769 0.7602645600961538 0.8230031009615384 0.7616986586538462
1 0.8230649735576924 0.6581178317307692 0.8115647475961538 0.6602541009615385 0.80902671875 0.6627563341346154 0.8132498918269231 0.6700949278846154 0.81933703125 0.6709949591346154 0.8247501177884615 0.6679586586538462 0.8230649735576924 0.6581178317307692
1 0.7538158774038461 0.23639641346153845 0.7556798461538462 0.22995785096153845 0.7492556778846153 0.22708965384615384 0.7435055625 0.22815778846153847 0.7355544495192308 0.23369631971153845 0.7455277355769231 0.23996677884615383 0.7512778485576923 0.23889864423076926 0.7538158774038461 0.23639641346153845
1 0.7413664375 0.12904735817307691 0.749991608173077 0.12744515625 0.7554046899038462 0.12440885817307692 0.7604807475961538 0.11940439182692307 0.7594696610576922 0.11349989663461539 0.7530454903846154 0.11063170192307692 0.7357951490384615 0.1138361033653846 0.7335941514423077 0.11830650000000001 0.7352792932692308 0.12814732692307693 0.7413664375 0.12904735817307691
1 0.6959158413461538 0.3486904182692308 0.6945677283653846 0.3408177572115385 0.6913556418269231 0.3393836586538462 0.6827304711538461 0.3409858605769231 0.6801924423076924 0.34348809374999995 0.6808664999999999 0.34742442307692306 0.6905027572115384 0.3517267163461538 0.6959158413461538 0.3486904182692308
0 0.33954639903846157 0.46768923557692305 0.3430955120192308 0.4710914975961539 0.34918265625 0.47199152884615386 0.3664329951923077 0.468787125 0.36897102403846155 0.46628489182692306 0.3775961923076923 0.46468269230769227 0.38267225 0.4596782259615385 0.3799760192307692 0.44393290625 0.35985062259615386 0.447671375 0.3566385360576923 0.44623727644230765 0.3422632548076923 0.4489076129807692 0.3397252259615385 0.45140984375 0.33954639903846157 0.46768923557692305
0 0.2978084471153846 0.45406043509615385 0.3128489735576923 0.4471501514423077 0.3261389302884616 0.4405670817307692 0.3385465048076923 0.42436163701923074 0.317898625 0.41699339903846155 0.3019355889423077 0.42201584375 0.28213794471153847 0.42569343028846157 0.2900463846153846 0.43327957692307695 0.2838083581730769 0.4389649350961538 0.2765142043269231 0.44196481249999997 0.28164670432692307 0.4508890769230769 0.2978084471153846 0.45406043509615385
0 0.7501069759615385 0.8937047980769232 0.7528690312499999 0.8991804663461539 0.7595753774038462 0.8984647331730768 0.7618648197115385 0.8900239975961538 0.75507440625 0.8907858052884615 0.7501069759615385 0.8937047980769232
0 0.5544956586538462 0.6609458557692308 0.5461129495192307 0.6597716298076922 0.5403135552884616 0.66633809375 0.5366997403846153 0.6707521033653846 0.5434869447115385 0.6742331706730769 0.5504049375 0.6699547355769231 0.5511341947115385 0.6678209903846154 0.5519661610576923 0.6641735192307692 0.5544956586538462 0.6609458557692308
0 0.6135421682692308 0.5974089014423076 0.612156391826923 0.5871855120192307 0.5933406201923077 0.5879351033653847 0.5825164302884616 0.5949374278846153 0.5811203533653846 0.6016830432692308 0.5882640625 0.6050978870192307 0.6056681850961538 0.6046105216346154 0.6135421682692308 0.5974089014423076
0 0.5720491225961538 0.5384017043269231 0.5674580408653846 0.5304044350961539 0.5569492427884616 0.5328561081730769 0.543722375 0.5300716947115385 0.5393601826923077 0.5343769663461538 0.5429665649038461 0.5469314302884615 0.5586663149038462 0.545014204326923 0.5720491225961538 0.5384017043269231
0 0.5802961850961539 0.5458518389423077 0.5744103918269231 0.5390942163461538 0.5618241298076924 0.5421815793269231 0.5568181225961538 0.544857951923077 0.5556931009615385 0.5510556802884615 0.563751014423077 0.5555475961538462 0.5748816298076923 0.552482875 0.5802961850961539 0.5458518389423077
0 0.6148126346153846 0.5407824447115385 0.6302421274038461 0.53551996875 0.6310928076923077 0.5285690192307693 0.622600625 0.5249538341346154 0.6157189423076923 0.5256330889423076 0.6067235576923077 0.5293003100961539 0.6061212692307693 0.5326086250000001 0.6071158389423077 0.5384166802884616 0.6148126346153846 0.5407824447115385
0 0.6707514302884616 0.25069319471153845 0.6830489158653846 0.2503543076923077 0.6807319278846153 0.24432482451923077 0.6713578605769231 0.24498374038461537 0.6707514302884616 0.25069319471153845
0 0.6777463004807692 0.26690720673076923 0.6773711370192307 0.26932446875 0.6815903197115385 0.2708882908653846 0.686556076923077 0.26737053125 0.6822397836538462 0.2639056706730769 0.6777463004807692 0.26690720673076923
2 0.35469206971153844 0.5907836105769231 0.3582411826923077 0.594185875 0.3668663533653846 0.5925836730769231 0.3665293245192308 0.5906155072115384 0.3741434086538461 0.5831088100961538 0.37854540625 0.574168014423077 0.3719630336538462 0.5530522644230769 0.37450106009615386 0.5505500336538461 0.3753539447115385 0.5382069759615384 0.3696038317307692 0.5392751105769231 0.3565766634615385 0.5498181057692307 0.35469206971153844 0.5907836105769231
2 0.08905579567307692 0.4405172884615384 0.08250228846153845 0.4797872524038462 0.0971496298076923 0.5071685024038461 0.13402346394230769 0.4753281923076923 0.11271005769230769 0.4429385697115385 0.08905579567307692 0.4405172884615384