1 0.3246062716346154 0.20674493990384615 0.3809717451923077 0.21070321875 0.3733926947115384 0.16389071634615385 0.347193 0.16226410817307693 0.3303706586538461 0.1804906081730769 0.3246062716346154 0.20674493990384615
1 0.7619512139423077 0.24812125721153844 0.7430281274038462 0.28112934615384616 0.7540860793269231 0.28915718028846155 0.7656818894230769 0.27909456971153845 0.8043847211538462 0.30719198557692307 0.80858621875 0.2776288028846154 0.7984862692307693 0.24855420913461537 0.771563983173077 0.2377061153846154 0.7619512139423077 0.24812125721153844
1 0.5024244855769231 0.27169745432692305 0.5313298173076924 0.28289807932692307 0.5284394447115385 0.24601212980769233 0.5193645336538462 0.23833682932692307 0.503802641826923 0.247694375 0.5024244855769231 0.27169745432692305
1 0.6216424182692308 0.2625811682692308 0.6242303461538461 0.2872893125 0.6476066995192308 0.2944760216346154 0.6423131370192308 0.26019385817307694 0.6216424182692308 0.2625811682692308
1 0.9780357572115383 0.24410127163461537 0.9499707283653845 0.22698800721153845 0.9280395576923077 0.23824427403846155 0.9014867451923076 0.28202003846153845 0.9767246346153846 0.31055040384615384 0.9837494711538461 0.2754271177884615 0.9780357572115383 0.24410127163461537
1 0.731129875 0.2790141514423077 0.7156856875000001 0.27323757211538463 0.7040898798076923 0.28330018028846154 0.6963424519230769 0.30920197836538466 0.7256679302884615 0.3174462884615385 0.7348605456730769 0.30998746394230764 0.731129875 0.2790141514423077
1 0.5486900144230769 0.2465811394230769 0.6169537379807692 0.25265461538461537 0.6252390264423078 0.208662375 0.6175422692307693 0.1769839951923077 0.5882167908653846 0.1687396875 0.5654453245192308 0.1859085865384615 0.5461020841346154 0.2218729951923077 0.5486900144230769 0.2465811394230769
1 0.4870816490384616 0.15076051442307692 0.47404065625 0.14238014903846155 0.4512691875 0.15954905048076923 0.4438242019230769 0.19762865384615386 0.4898543149038461 0.2027805889423077 0.4950808485576923 0.19461669951923077 0.4870816490384616 0.15076051442307692
1 0.15880401442307693 0.12877349759615384 0.19564151201923077 0.1413842548076923 0.2088002139423077 0.13463049759615384 0.18661727403846154 0.07612877884615385 0.15603134615384617 0.07675342307692308 0.1359655168269231 0.10349634615384615 0.13206646153846152 0.1452373341346154 0.15880401442307693 0.12877349759615384
1 0.8866474495192308 0.3005990673076923 0.8628509447115384 0.29636867548076923 0.8576244110576923 0.30453256490384617 0.84861653125 0.3393033173076923 0.8847314374999999 0.3426925889423077 0.8924788677884615 0.3167907908653846 0.8866474495192308 0.3005990673076923
2 0.08320980528846154 0.86096325 0.08092431971153845 0.8484329110576923 0.07467275 0.8351975096153846 0.06277449759615385 0.8330823100961537 0.042431067307692305 0.8183134230769231 0.04450386057692308 0.8582887259615385 0.05022068509615385 0.8641916802884615 0.05815285336538461 0.8656018149038461 0.0597157451923077 0.8689106610576923 0.0621189375 0.8663068798076924 0.07600023317307693 0.8687746057692307 0.08320980528846154 0.86096325
2 0.14419692548076923 0.83240203125 0.14858315865384616 0.8301507788461537 0.15819592548076924 0.8197356346153846 0.15507013942307693 0.8131179326923077 0.13139134134615385 0.7937534182692307 0.12700511057692307 0.7960046682692308 0.12376161778846154 0.8045210889423077 0.09233539182692309 0.8110583725961539 0.09149509134615384 0.8169710120192307 0.09504102403846154 0.8206323942307693 0.14419692548076923 0.83240203125
2 0.2227289783653846 0.7948358004807693 0.23264418750000002 0.7965984615384615 0.2350473798076923 0.7939946778846154 0.2656333076923077 0.7933700312499999 0.2772291153846154 0.7833074206730769 0.2776492668269231 0.7803511057692307 0.2745234831730769 0.7737334014423076 0.2559535096153846 0.7613391201923078 0.23810613221153845 0.758166326923077 0.23089656009615386 0.7659776802884615 0.22891351682692307 0.7656251490384616 0.21689756009615382 0.7786440769230769 0.21563711057692309 0.7875130312499999 0.2227289783653846 0.7948358004807693
2 0.29430322836538464 0.8348389086538461 0.3042184375 0.8366015697115384 0.3066216298076923 0.8339977836538461 0.3125707572115385 0.8350553846153846 0.31737713701923076 0.8298478100961538 0.3191754423076923 0.8028884134615384 0.3132263173076923 0.8018308173076923 0.30445385096153843 0.8063333221153847 0.29057255528846154 0.8038655961538462 0.29213544951923076 0.8071744447115384 0.28961455048076923 0.8249123533653846 0.29430322836538464 0.8348389086538461
2 0.3859939807692308 0.7905189182692307 0.35426531009615386 0.7848783918269231 0.3470557355769231 0.7926897475961538 0.3442323942307692 0.7982498533653846 0.34297194471153847 0.8071188076923076 0.34651787980769233 0.8107801899038461 0.36238221634615386 0.8136004543269231 0.37115468509615385 0.8090979495192308 0.38557383173076926 0.793475235576923 0.3859939807692308 0.7905189182692307
2 0.41634449759615383 0.8201625192307692 0.4214533269230769 0.8271327548076923 0.43335157692307696 0.829247951923077 0.4421240432692307 0.8247454447115385 0.44380464182692303 0.812920170673077 0.43599018028846154 0.7963759182692307 0.42565482211538463 0.7975695697115385 0.41447916346153846 0.8046758629807692 0.40853003605769234 0.8036182644230769 0.40810988701923073 0.8065745817307692 0.4167646466346154 0.8172062019230769 0.41634449759615383 0.8201625192307692
2 0.47835665624999996 0.8130005913461538 0.4595512716346154 0.8308745576923078 0.44639256971153846 0.8376283173076923 0.4447119735576923 0.8494535889423077 0.45378688221153846 0.8571288918269231 0.46568513461538463 0.8592440865384615 0.4680883269230769 0.8566403004807692 0.47403745432692307 0.8576978990384615 0.4764406466346154 0.8550941129807692 0.4823897716346154 0.8561517091346154 0.48479296394230764 0.8535479278846154 0.5026403389423076 0.8567207211538462 0.5070265745192308 0.85446946875 0.508707173076923 0.8426441971153846 0.5055813870192307 0.8360264927884615 0.4996322620192308 0.8349688942307693 0.47835665624999996 0.8130005913461538
2 0.5452422259615385 0.8430771466346154 0.5403181394230769 0.86341884375 0.5437463653846154 0.8822143485576923 0.541343173076923 0.8848181370192307 0.5372593846153846 0.8992471971153846 0.5487374855769231 0.9043187091346153 0.5503003798076923 0.9076275600961539 0.558232548076923 0.9090376899038461 0.5698283557692307 0.8989750793269231 0.5715089543269231 0.8871498076923078 0.5795588269230769 0.8734258173076923 0.5800966826923077 0.855335375 0.5734249639423077 0.8450562884615385 0.5670556875 0.8469550072115385 0.5654927956730769 0.84364615625 0.5611065625 0.8458974110576923 0.5452422259615385 0.8430771466346154
2 0.6721569134615385 0.8656392427884616 0.6725770625 0.8626829230769231 0.6524441995192307 0.8469797908653847 0.6464950721153847 0.8459221923076924 0.6368823076923077 0.8563373365384616 0.6332186658653847 0.8678100769230769 0.6383274927884616 0.8747803100961539 0.6541918293269231 0.8776005697115384 0.6585780625000001 0.8753493197115384 0.668190829326923 0.8649341778846154 0.6721569134615385 0.8656392427884616
2 0.736757 0.8831854615384616 0.7351941057692308 0.8798766081730769 0.7316481706730769 0.8762152259615384 0.7157838365384616 0.8733949639423078 0.7113976009615384 0.8756462163461538 0.7088767043269232 0.8933841250000001 0.7064735120192308 0.8959879110576924 0.70803640625 0.8992967620192308 0.7318329086538462 0.9035271538461539 0.7342361009615386 0.9009233701923077 0.736757 0.8831854615384616
2 0.812179625 0.9390277596153845 0.8308673004807693 0.9362879182692307 0.8332704927884615 0.9336841298076923 0.8341107908653846 0.9277714951923077 0.8087513966346154 0.9202322524038462 0.8052054615384615 0.9165708653846154 0.7845347427884615 0.9189581778846154 0.779728358173077 0.9241657451923077 0.7788880600961539 0.9300783846153846 0.7815936971153847 0.9396524038461538 0.8014241153846153 0.943177733173077 0.812179625 0.9390277596153845