1 0.34600000000000003 0.5031847139423077 0.358 0.5063694278846154 0.364 0.4904458605769231 0.364 0.48089171875 0.382 0.4458598725961539 0.382 0.4203821658653846 0.376 0.3980891730769231 0.366 0.3821656057692308 0.35400000000000004 0.3726114639423077 0.33399999999999996 0.3757961778846154 0.328 0.3821656057692308 0.322 0.3821656057692308 0.314 0.38853503125 0.30799999999999994 0.3821656057692308 0.302 0.3821656057692308 0.3 0.38853503125 0.3 0.4171974519230769 0.298 0.4203821658653846 0.302 0.43312101923076923 0.34600000000000003 0.5031847139423077
1 0.33199999999999996 0.2802547764423077 0.34400000000000003 0.2802547764423077 0.34600000000000003 0.2770700625 0.358 0.2738853509615385 0.368 0.2611464975961538 0.372 0.2515923557692308 0.372 0.2133757956730769 0.368 0.20382165625 0.34199999999999997 0.17834394951923077 0.326 0.17834394951923077 0.31599999999999995 0.18471337499999999 0.312 0.2070063701923077 0.31 0.25796178365384614 0.314 0.2738853509615385 0.33 0.28343949038461536 0.33199999999999996 0.2802547764423077
1 0.494 0.315286625 0.5 0.315286625 0.502 0.3089171971153846 0.494 0.2898089182692308 0.486 0.2802547764423077 0.46599999999999997 0.2802547764423077 0.45799999999999996 0.2866242043269231 0.454 0.29299362980769234 0.454 0.2993630576923077 0.464 0.2993630576923077 0.494 0.315286625
1 0.5579999999999999 0.4458598725961539 0.566 0.4522293004807692 0.572 0.45541401201923076 0.59 0.45541401201923076 0.606 0.4394904447115385 0.6180000000000001 0.4171974519230769 0.6180000000000001 0.3949044591346154 0.598 0.3630573245192308 0.5940000000000001 0.3598726105769231 0.5780000000000001 0.3598726105769231 0.5700000000000001 0.36624203846153847 0.562 0.37898089182692307 0.5579999999999999 0.3949044591346154 0.55 0.4108280264423077 0.55 0.4299363052884615 0.5579999999999999 0.4458598725961539
1 0.704 0.13057324759615385 0.752 0.11783439423076923 0.76 0.10828025480769231 0.75 0.07324840865384616 0.7420000000000001 0.06050955528846154 0.736 0.05732484134615385 0.722 0.05732484134615385 0.7100000000000001 0.06687898076923077 0.704 0.07643312019230769 0.702 0.08598726201923078 0.702 0.09872611538461538 0.7 0.10191082692307692 0.7 0.12420382211538462 0.704 0.13057324759615385
1 0.504 0.17197452163461538 0.528 0.17197452163461538 0.53 0.16878981009615385 0.5399999999999999 0.16878981009615385 0.542 0.16560509615384617 0.542 0.16242038221153846 0.532 0.14968152884615385 0.508 0.14968152884615385 0.506 0.15286624278846153 0.498 0.15286624278846153 0.494 0.16560509615384617 0.49600000000000005 0.16878981009615385 0.502 0.16878981009615385 0.504 0.17197452163461538
0 0.752 0.45541401201923076 0.762 0.45541401201923076 0.766 0.4490445865384615 0.766 0.4363057331730769 0.768 0.43312101923076923 0.768 0.4076433125 0.7739999999999999 0.3980891730769231 0.7759999999999999 0.3917197451923077 0.7759999999999999 0.3821656057692308 0.768 0.3726114639423077 0.762 0.3694267524038462 0.754 0.3694267524038462 0.746 0.3917197451923077 0.7420000000000001 0.4076433125 0.7420000000000001 0.4394904447115385 0.748 0.4522293004807692 0.752 0.45541401201923076
0 0.72 0.4108280264423077 0.7240000000000001 0.3980891730769231 0.7240000000000001 0.3726114639423077 0.72 0.3535031850961538 0.718 0.3503184711538462 0.716 0.3503184711538462 0.7100000000000001 0.3598726105769231 0.7080000000000001 0.3694267524038462 0.7080000000000001 0.4076433125 0.712 0.4108280264423077 0.72 0.4108280264423077
0 0.606 0.5254777067307692 0.61 0.5286624206730769 0.614 0.5159235673076923 0.6159999999999999 0.4968152860576923 0.608 0.4904458605769231 0.5940000000000001 0.4904458605769231 0.59 0.4936305721153846 0.588 0.4968152860576923 0.588 0.5159235673076923 0.6 0.5254777067307692 0.606 0.5254777067307692
0 0.314 0.815286625 0.33399999999999996 0.8121019110576922 0.34199999999999997 0.8025477716346153 0.34199999999999997 0.7834394903846154 0.33399999999999996 0.7643312091346155 0.322 0.7547770697115385 0.314 0.7420382163461539 0.31 0.7452229302884615 0.306 0.7707006370192307 0.302 0.7770700625 0.3 0.786624204326923 0.302 0.8025477716346153 0.304 0.8025477716346153 0.314 0.815286625
0 0.526 0.4108280264423077 0.53 0.4108280264423077 0.542 0.38853503125 0.542 0.3757961778846154 0.536 0.3630573245192308 0.532 0.3630573245192308 0.532 0.36624203846153847 0.528 0.3694267524038462 0.524 0.37898089182692307 0.522 0.3917197451923077 0.524 0.3949044591346154 0.524 0.4076433125 0.526 0.4108280264423077
2 0.754 0.7070063701923076 0.76 0.7070063701923076 0.782 0.6942675168269231 0.786 0.6878980889423078 0.788 0.6878980889423078 0.7919999999999999 0.6783439495192307 0.7919999999999999 0.6719745216346154 0.786 0.6464968149038461 0.7899999999999999 0.6369426754807692 0.788 0.6337579615384615 0.762 0.6337579615384615 0.76 0.6369426754807692 0.746 0.6878980889423078 0.74 0.6942675168269231 0.74 0.6974522283653847 0.754 0.7070063701923076
2 0.736 0.6942675168269231 0.748 0.684713375 0.7579999999999999 0.6528662427884615 0.7579999999999999 0.6433121009615385 0.752 0.6210191081730769 0.75 0.6178343942307692 0.7420000000000001 0.6210191081730769 0.732 0.6560509543269231 0.728 0.6624203822115384 0.718 0.6687898100961539 0.716 0.675159235576923 0.716 0.684713375 0.72 0.6974522283653847 0.736 0.6942675168269231
2 0.6479999999999999 0.7101910817307692 0.654 0.7006369423076924 0.66 0.6783439495192307 0.66 0.6719745216346154 0.654 0.6592356682692307 0.646 0.6687898100961539 0.6319999999999999 0.6783439495192307 0.63 0.7101910817307692 0.64 0.713375795673077 0.642 0.7101910817307692 0.6479999999999999 0.7101910817307692
2 0.6182 0.6585191081730769 0.596418 0.6467261153846154 0.579426 0.6361464975961538 0.556772 0.6612929927884615 0.571584 0.6841847139423076 0.596418 0.6744745216346154 0.6182 0.6585191081730769
2 0.542832 0.6668439495192308 0.5589500000000001 0.6460318461538462 0.555466 0.6071815288461538 0.534554 0.6113439495192308 0.53499 0.6321560504807693 0.529762 0.6557420384615384 0.542832 0.6668439495192308
2 0.524 0.8726114639423077 0.5399999999999999 0.8726114639423077 0.544 0.8662420384615385 0.544 0.8312101899038461 0.542 0.8280254783653846 0.5399999999999999 0.7770700625 0.536 0.7738853509615384 0.526 0.7834394903846154 0.514 0.7834394903846154 0.51 0.7898089182692308 0.512 0.8566878990384615 0.52 0.8694267524038461 0.524 0.8726114639423077
2 0.41600000000000004 0.8726114639423077 0.41600000000000004 0.8853503173076922 0.41800000000000004 0.8917197451923078 0.438 0.9076433125 0.454 0.9044585985576923 0.46 0.8917197451923078 0.46 0.8757961778846154 0.462 0.8726114639423077 0.462 0.8566878990384615 0.46 0.8535031850961539 0.46 0.8280254783653846 0.432 0.8312101899038461 0.43 0.8343949038461538 0.424 0.8343949038461538 0.422 0.8407643317307693 0.42600000000000005 0.8439490456730769 0.42600000000000005 0.8503184711538462 0.42 0.859872610576923 0.41600000000000004 0.8726114639423077
2 0.10400000000000001 0.824840764423077 0.1 0.8407643317307693 0.1 0.859872610576923 0.10400000000000001 0.8662420384615385 0.164 0.8630573245192308 0.176 0.8566878990384615 0.176 0.8439490456730769 0.17200000000000001 0.8280254783653846 0.153788 0.8270923557692308 0.152 0.8025477716346153 0.15399999999999997 0.786624204326923 0.15 0.7834394903846154 0.134 0.7834394903846154 0.13 0.7802547764423077 0.12200000000000001 0.7643312091346155 0.11800000000000001 0.7643312091346155 0.10400000000000001 0.7898089182692308 0.106 0.7961783437500001 0.106 0.8121019110576922 0.10400000000000001 0.815286625 0.10400000000000001 0.824840764423077
2 0.34559 0.7176751586538461 0.366072 0.7040382163461539 0.371658 0.6820955408653847 0.37054200000000004 0.6216114639423077 0.343356 0.63332165625 0.35043199999999997 0.6737961778846154 0.349314 0.6838757956730769 0.34559 0.7176751586538461