1 0.036449377403846156 0.5319503509615384 0.03913408653846154 0.5263427307692308 0.04052311298076923 0.5144620817307692 0.030386221153846153 0.51276746875 0.03175709615384616 0.5359009975961538 0.036449377403846156 0.5319503509615384
1 0.08222388701923077 0.5396026009615384 0.0866448798076923 0.5191441706730769 0.06276252644230769 0.5151516923076923 0.05644468269230769 0.517123735576923 0.05505565625 0.5290043870192307 0.056004081730769234 0.538247579326923 0.06292309374999999 0.5484888942307692 0.07088387980769231 0.5498197211538461 0.08222388701923077 0.5396026009615384
1 0.17828724038461538 0.5162949903846153 0.16435586778846153 0.5139660432692308 0.1620184158653846 0.5166035 0.15604782692307692 0.5156053798076923 0.15137292067307692 0.5208802932692308 0.14998389423076924 0.5327609447115385 0.1545654567307692 0.5456397163461538 0.15421819951923077 0.5486098798076923 0.15785133653846153 0.5522454543269231 0.16780231490384614 0.5539089879807693 0.177152125 0.5433591634615385 0.17983683653846153 0.5377515432692308 0.18157311778846155 0.5229007283653846 0.17828724038461538 0.5162949903846153
1 0.24801132692307692 0.5794306081730769 0.2639328966346154 0.5820922620192308 0.2686078004807692 0.5768173485576923 0.2716397668269231 0.5682395673076923 0.2737233052884615 0.55041859375 0.2704374278846154 0.5438128509615384 0.24516604807692308 0.5517010264423077 0.24049114423076923 0.5569759375 0.24273524999999999 0.5724921634615385 0.24801132692307692 0.5794306081730769
1 0.2820313461538462 0.5487792548076923 0.2809895769230769 0.5576897451923076 0.28557113701923076 0.570568514423077 0.2995025120192308 0.5728974591346154 0.30616761057692304 0.5679552548076923 0.30989409134615387 0.5534371466346154 0.30859840865384613 0.5471641153846154 0.3049652716346154 0.5435285384615385 0.29232958413461535 0.547472625 0.2899921298076923 0.550110079326923 0.2820313461538462 0.5487792548076923
1 0.3234782067307692 0.5587362572115384 0.3303972211538462 0.5689775721153846 0.34034819951923073 0.5706411033653846 0.34467585096153847 0.5683363557692307 0.3496980120192308 0.5600912788461538 0.3530772355769231 0.5485433341346154 0.350138610576923 0.5389674326923077 0.33421704326923074 0.5363057812500001 0.3305839086538462 0.532670204326923 0.3255617451923077 0.5409152788461539 0.3234782067307692 0.5587362572115384
1 0.3506464375 0.5693344759615384 0.35228937740384614 0.5726373437500001 0.35055309375 0.5874881586538462 0.35349171634615384 0.5970640600961539 0.35712485336538463 0.6006996370192308 0.3690660288461538 0.602695875 0.37538387259615386 0.6007238317307693 0.383438 0.5839009759615384 0.3808466346153846 0.5713549110576923 0.36034350721153846 0.5558144855769231 0.35168820913461535 0.5604239855769231 0.3506464375 0.5693344759615384
1 0.48512468509615386 0.5645616442307693 0.47318350721153846 0.5625654038461538 0.4715405721153846 0.5592625360576923 0.4668656658653846 0.5645374495192308 0.46910977403846155 0.5800536754807692 0.47403859134615384 0.5899622836538462 0.481999375 0.5912931129807693 0.4883172211538461 0.5893210673076923 0.4953295793269231 0.5814086995192308 0.4983615456730769 0.5728309182692308 0.49776037259615385 0.5606175600961538 0.4937799807692308 0.5599521466346153 0.48512468509615386 0.5645616442307693
1 0.9814713533653846 0.6233115841346154 0.9655497860576923 0.6206499326923077 0.9639068461538461 0.6173470624999999 0.9579362596153846 0.6163489423076923 0.9562933197115384 0.6130460745192308 0.9463423389423077 0.6113825384615384 0.9436576298076923 0.6169901586538462 0.9422686033653846 0.6288708076923076 0.9435642860576923 0.6351438413461538 0.9530746658653846 0.65793121875 0.9673532956730769 0.6572900024038462 0.9716809423076923 0.6549852548076923 0.9790405576923077 0.6441027235576923 0.9820725240384616 0.6355249399038462 0.9814713533653846 0.6233115841346154
1 0.876939391826923 0.614921326923077 0.88395175 0.6070089591346154 0.8842990048076923 0.6040387980769231 0.8889739110576923 0.5987638846153847 0.8903629375000001 0.5868832307692308 0.886382545673077 0.5862178197115384 0.8797174447115383 0.5911600288461538 0.8618056778846154 0.5881656682692308 0.8568768605769231 0.5782570576923077 0.8575713749999999 0.572316733173077 0.8559284350961539 0.5690138629807693 0.8519480432692308 0.5683484495192308 0.8496105889423077 0.57098590625 0.8502117596153845 0.583199266826923 0.8518546995192308 0.5865021346153847 0.8501184158653847 0.6013529471153846 0.8570374302884616 0.6115942620192307 0.876939391826923 0.614921326923077
1 0.9266942908653846 0.6232389927884616 0.9256525216346153 0.6321494807692307 0.9295395697115385 0.650968576923077 0.9328254495192307 0.6575743149038461 0.9387960384615385 0.6585724350961539 0.9404389759615385 0.6618753076923076 0.9527274086538462 0.6609013822115385 0.9550648605769231 0.6582639254807692 0.9541164350961538 0.6490207307692307 0.9409729206730769 0.6225977764423077 0.9290317427884616 0.6206015384615384 0.9266942908653846 0.6232389927884616
0 0.08611798798076922 0.41016451682692306 0.07086880769230769 0.39940881009615387 0.06907111298076923 0.41141797836538463 0.07210237980769231 0.42247502163461537 0.08390717548076923 0.42400634134615384 0.08611798798076922 0.41016451682692306
0 0.18778910336538462 0.41018801923076925 0.19729735576923077 0.4042705985576923 0.1969769903846154 0.39368188221153844 0.1955450528846154 0.38730733894230773 0.18876851201923076 0.3811234230769231 0.18273017788461537 0.3851650408653846 0.18208871153846154 0.3947995673076923 0.18398286057692306 0.40341655528846154 0.18778910336538462 0.41018801923076925
0 0.5041672427884616 0.45255478846153846 0.49703214903846155 0.4543145048076923 0.4912066923076923 0.4618287307692308 0.4930826875 0.4669390384615385 0.49779863942307695 0.4710493701923077 0.5046978341346153 0.4755246778846154 0.5113009639423077 0.4694637836538461 0.5041672427884616 0.45255478846153846
0 0.45941069230769227 0.43326267307692307 0.46150905288461536 0.4428404326923077 0.46649714423076927 0.44884043990384614 0.4745811802884615 0.4431815528846154 0.4720526081730769 0.4309488076923077 0.4655229639423077 0.4254299807692308 0.45941069230769227 0.43326267307692307
0 0.3520878052884615 0.4584974927884616 0.3532099951923077 0.4446644567307692 0.34654256250000004 0.4424415192307692 0.3394941875 0.44347684615384614 0.33470240384615385 0.44636718509615386 0.3364513004807692 0.45256456971153847 0.34245496153846156 0.45836491346153846 0.3496927331730769 0.4599443125 0.3520878052884615 0.4584974927884616
0 0.09635489423076923 0.5124034927884615 0.10583025961538461 0.5097177307692308 0.11463131490384616 0.5103350721153845 0.11203584374999999 0.4958108990384615 0.10196343990384617 0.4962619567307692 0.09706670192307693 0.5014210504807692 0.09635489423076923 0.5124034927884615
0 0.2554557355769231 0.44720352403846153 0.25755434374999997 0.45634526201923076 0.2642456177884615 0.45038086778846154 0.26757921634615384 0.44880326201923076 0.2738452331730769 0.4417381826923077 0.27312563942307694 0.4356401899038461 0.26626626923076924 0.4306506850961539 0.26181967788461535 0.4393008557692308 0.2554557355769231 0.44720352403846153
0 0.8888801081730769 0.5399160504807692 0.8949065216346154 0.5353515865384615 0.8944414206730769 0.5232760480769231 0.8849651850961539 0.5148965673076923 0.8842105841346153 0.5167690408653847 0.8822303341346154 0.5268338557692307 0.8825474038461538 0.5332854783653846 0.8875536610576924 0.5409176995192307 0.8888801081730769 0.5399160504807692
2 0.9323984182692308 0.31184737019230774 0.94325646875 0.3206607451923077 0.9604658461538461 0.32867353846153846 0.9739216466346154 0.3099223125 0.9556707764423076 0.3054722283653846 0.93014478125 0.3016713221153846 0.9323984182692308 0.31184737019230774