1 0.6574549254807691 0.6246936490384616 0.6657749927884615 0.5767481153846153 0.6595184783653847 0.5034922596153846 0.6357019038461539 0.4916796682692308 0.5858986802884615 0.5103716177884615 0.5537620384615385 0.5465045625 0.5475520096153846 0.5723534615384616 0.5501752716346154 0.606922860576923 0.5759818052884615 0.6370798173076923 0.6222883149038462 0.6484754230769231 0.6420649350961539 0.6438197860576923 0.6574549254807691 0.6246936490384616
1 0.3388231370192308 0.2945307067307692 0.32825649759615383 0.29579886057692306 0.2896532139423077 0.32944769230769233 0.2840764855769231 0.3715216298076923 0.3081796923076923 0.4015569855769231 0.3582695480769231 0.40108780528846155 0.3634395697115385 0.3812320961538462 0.35033972836538463 0.31760010336538463 0.3388231370192308 0.2945307067307692
1 0.2654434903846154 0.2205280721153846 0.24771686778846155 0.2233075769230769 0.2217602403846154 0.24370186538461538 0.21687684855769232 0.28178034375 0.23861340625 0.30557931730769233 0.26586665625 0.3075248533653846 0.27204666826923074 0.2917861995192308 0.2678101370192308 0.22676445673076923 0.2654434903846154 0.2205280721153846
1 0.32308938221153843 0.5441948317307692 0.30605609855769234 0.542978875 0.2834460889423077 0.5838368557692308 0.2867626899038461 0.6144107932692308 0.3354358485576923 0.6320427836538461 0.3678891394230769 0.6040223581730769 0.37066249278846153 0.5880405120192308 0.35845256490384614 0.5689665745192308 0.32308938221153843 0.5441948317307692
1 0.20721949278846155 0.6653618221153846 0.20715945432692306 0.6855823197115385 0.22245938942307691 0.6967869326923076 0.2466526514423077 0.6964915408653846 0.24680274759615387 0.6459402980769231 0.22260948317307694 0.6462356850961538 0.20721949278846155 0.6653618221153846
1 0.4774289230769231 0.5491452668269231 0.46172228125000003 0.5601588846153847 0.4446289639423077 0.5791634254807693 0.44788552403846155 0.6299578581730769 0.4580754759615384 0.6407976826923077 0.5112253149038462 0.642569423076923 0.516425358173077 0.6126034639423077 0.4940855168269231 0.5624692067307693 0.4774289230769231 0.5491452668269231
1 0.3913576225961538 0.8544868173076924 0.38307190384615386 0.8842082259615385 0.4048084615384615 0.9080072019230769 0.4317450649038461 0.9018402163461539 0.44098506009615385 0.8883424855769231 0.41890183413461535 0.8665412403846153 0.3949476826923077 0.8654885288461538 0.3913576225961538 0.8544868173076924
0 0.5963859134615385 0.19156868990384618 0.6144291850961539 0.19690170432692305 0.6367225432692307 0.14793120673076923 0.6033493221153846 0.14150382932692307 0.5882459615384615 0.17885273076923078 0.5963859134615385 0.19156868990384618
0 0.5098492884615384 0.3026948269230769 0.5240491802884615 0.3401131298076923 0.5318724831730769 0.34471656730769235 0.5353691971153846 0.31462901201923077 0.5459958701923078 0.29314036057692305 0.5208226370192308 0.2792084423076923 0.5098492884615384 0.3026948269230769
2 0.8389518509615385 0.20483983653846155 0.8321685576923077 0.19424320432692307 0.8059252980769231 0.19641472836538462 0.8004686418269231 0.1980476730769231 0.8004086057692308 0.2182681682692308 0.8064385240384616 0.2530807620192308 0.8165984519230769 0.27403083173076925 0.830225079326923 0.2750036009615385 0.8422684495192307 0.23541377403846153 0.8389518509615385 0.20483983653846155
2 0.8047051754807693 0.26306941346153845 0.7924352091346154 0.2642159735576923 0.7733219110576923 0.2749863966346154 0.7855018197115384 0.3041705841346154 0.7837084350961538 0.3343797355769231 0.7952850625000001 0.3372286370192308 0.8072683990384615 0.31785931009615387 0.811141798076923 0.27566377403846154 0.8047051754807693 0.26306941346153845
0 0.4930065769230769 0.49412746875 0.5089166033653846 0.46132201201923073 0.5098001081730769 0.44641267307692306 0.4831313269230769 0.47071209374999995 0.4846413581730769 0.47855587019230766 0.4930065769230769 0.49412746875