1 0.6476114326923077 0.28073536778846153 0.5996158533653846 0.2801262091346154 0.5272407427884616 0.29821390625 0.5167211009615384 0.32399804086538464 0.5377820625 0.37091712259615384 0.5752579975961538 0.3973104182692308 0.6012208990384615 0.3993677836538462 0.6353912860576922 0.39116225721153847 0.6640133822115384 0.36042434375000004 0.6729843605769231 0.3121585865384615 0.6673666586538461 0.29308100480769234 0.6476114326923077 0.28073536778846153
1 0.33607393509615385 0.6534512259615385 0.3378655264423077 0.6638410264423077 0.37320283173076924 0.6971185552884616 0.41523366586538457 0.6959241682692308 0.44382105528846155 0.66691365625 0.44082784375000006 0.6167682043269231 0.4208643918269231 0.614786985576923 0.3583842475961539 0.6381837980769232 0.33607393509615385 0.6534512259615385
1 0.2663449951923077 0.7389584038461539 0.2699975841346154 0.7562831995192307 0.2915444014423077 0.7790186346153847 0.3295756057692308 0.7777734831730769 0.35209414182692306 0.7521416370192308 0.3526494086538462 0.7245031899038461 0.33672028846153845 0.7208453293269231 0.2724138509615385 0.7355797451923076 0.2663449951923077 0.7389584038461539
1 0.5846063509615385 0.6289600985576923 0.5842593100961538 0.6462341322115385 0.6259431033653846 0.6623137716346155 0.6561138605769231 0.6540574807692308 0.6711536947115384 0.6024130600961539 0.6417117259615384 0.5743938894230769 0.6257131971153846 0.5741908341346154 0.6074025192307693 0.5895090288461539 0.5846063509615385 0.6289600985576923
1 0.7106858293269231 0.7255916923076923 0.7307533942307691 0.7223906995192307 0.7410995120192307 0.705243579326923 0.7395855576923077 0.6810345552884616 0.6894166418269231 0.6890370288461539 0.6909305985576922 0.7132460552884615 0.7106858293269231 0.7255916923076923
1 0.5817302788461538 0.47341768028846154 0.5934515384615385 0.48738919471153846 0.6131720625 0.5014622331730769 0.6634103846153846 0.4900049543269231 0.673652391826923 0.4780400408653846 0.67272840625 0.4244651658653846 0.642731170673077 0.42408443990384614 0.5941109182692308 0.4545685360576923 0.5817302788461538 0.47341768028846154
1 0.8890600600961539 0.5104687115384615 0.9189703461538462 0.5139826394230769 0.9414888822115385 0.48835079326923075 0.9340101826923076 0.46233821634615385 0.9201502884615385 0.45525093509615383 0.8996315673076923 0.4809081634615385 0.8997957548076924 0.5050948725961538 0.8890600600961539 0.5104687115384615
0 0.22090887019230768 0.41181930288461543 0.22529024759615385 0.3928686370192308 0.1755724903846154 0.37841487259615386 0.17087877403846155 0.4129121658653846 0.20870175240384617 0.4220314326923077 0.22090887019230768 0.41181930288461543
0 0.33554472115384615 0.48066015865384615 0.3719578533653846 0.46038819230769235 0.3761310048076923 0.4518019375 0.3460990649038462 0.45314861778846155 0.3242399110576923 0.4459598076923077 0.31168574759615386 0.4734459663461538 0.33554472115384615 0.48066015865384615
2 0.22183722836538464 0.16647730769230767 0.21166462980769232 0.1749874158653846 0.2151436995192308 0.20094922115384614 0.2170394014423077 0.20615681490384616 0.23710696875 0.20295582451923078 0.2713467644230769 0.19129549038461538 0.29162255528846154 0.17773008173076923 0.29190018749999996 0.1639108581730769 0.25200798798076923 0.15822101682692308 0.22183722836538464 0.16647730769230767
2 0.28134584375 0.19142239903846156 0.28310273076923076 0.20353960096153845 0.29475458173076924 0.2209659230769231 0.3230990432692308 0.20404723317307694 0.3531656875 0.2009731514423077 0.3554084326923077 0.18890671153846156 0.33558379807692307 0.18001587980769232 0.2935182596153846 0.18293767548076925 0.28134584375 0.19142239903846156
0 0.5263507548076923 0.4666725360576923 0.4929954663461539 0.45601171875 0.47815654567307697 0.4575304903846154 0.5036143076923077 0.48035012499999996 0.5113213870192308 0.47757108413461535 0.5263507548076923 0.4666725360576923