1 0 0.5162517764423077 0.02838509375 0.5399851466346154 0.03762102884615384 0.5300303605769231 0.027521242788461537 0.5157560216346154 0.025904326923076922 0.48534962980769236 0.009946189903846155 0.44873493028846156 0 0.44562561778846155 0 0.5162517764423077
1 0.07760999038461538 0.4037605 0.07052247115384615 0.41419523798076924 0.06069964903846154 0.4450505384615384 0.06574954086538462 0.45218770432692307 0.08508525961538461 0.45650725721153845 0.086536 0.4598358677884615 0.14314781009615385 0.47849183653846156 0.1567359639423077 0.4785228798076923 0.15882898557692307 0.4699769038461538 0.15447676682692307 0.45999107451923077 0.15297063461538463 0.4476365384615385 0.15500826201923076 0.4300646322115385 0.15129832451923078 0.40820421874999996 0.14624843028846152 0.4010670528846154 0.13405562499999998 0.39533868990384613 0.1326048846153846 0.3920100817307692 0.10182942548076923 0.38813943749999996 0.09184042788461538 0.3919169567307692 0.07760999038461538 0.4037605
1 0.16560657932692308 0.5255723173076923 0.17420023317307692 0.5274921177884615 0.19417823317307692 0.5199370817307692 0.20776638701923078 0.519968125 0.2342450192307692 0.5228788677884615 0.2356957596153846 0.5262074759615385 0.24428941105769233 0.5281272764423077 0.24713549759615386 0.5257585673076923 0.24278328124999998 0.5157727403846154 0.2419748221153846 0.5005695432692308 0.2282204903846154 0.4734607211538462 0.20673635817307692 0.46866121875 0.19674735817307692 0.47243873798076924 0.18536301201923078 0.4819135745192308 0.17118796875 0.502783045673077 0.16415584134615385 0.5222437091346154 0.16560657932692308 0.5255723173076923
1 0.24267249519230769 0.49772088701923073 0.2520192139423077 0.505817954326923 0.2649096923076923 0.5086976538461538 0.26636043509615387 0.512026264423077 0.2728056730769231 0.5134661153846154 0.28505387019230766 0.5282204014423078 0.29149911057692307 0.5296602524038462 0.2964936129807692 0.5277714927884616 0.30416802163461537 0.49643624278846155 0.30341495673076924 0.49025897596153845 0.2976119951923077 0.47694453846153845 0.2918644326923077 0.47265603125 0.27467712499999997 0.4688164278846154 0.2596936225961538 0.4744827043269231 0.2589959471153846 0.4773313629807693 0.24761160096153847 0.48680619951923076 0.24267249519230769 0.49772088701923073
1 0.31878620432692306 0.5477741899038462 0.3259291153846154 0.5463653822115385 0.3287752043269231 0.5439966730769231 0.3315658990384615 0.5326020384615384 0.3285536346153846 0.5078929639423077 0.32060226201923075 0.4940985769230769 0.30556337019230767 0.4907389278846154 0.295042875 0.5244428846153846 0.2908014375 0.5325089110576923 0.2937029158653846 0.5391661298076923 0.2994504855769231 0.5434546394230769 0.31878620432692306 0.5477741899038462
1 0.36008215865384613 0.517940875 0.33876420432692306 0.5402191538461538 0.33028133413461536 0.5563512091346154 0.32045851442307693 0.5872065096153846 0.32190925240384616 0.5905351201923077 0.33479973317307693 0.5934148197115385 0.3447887331730769 0.5896373028846154 0.3605253004807692 0.5901482932692308 0.3733603870192308 0.5840020673076923 0.41557558413461543 0.5874238004807693 0.4191747379807692 0.5912323629807692 0.4227185 0.5860149927884616 0.4226631057692308 0.5769890673076923 0.41384788461538463 0.5389655576923077 0.40299503125 0.5185139495192308 0.3993958798076923 0.5147053918269231 0.38435698557692305 0.5113457403846154 0.3815108990384615 0.5137144471153846 0.3750656586538461 0.5122745985576923 0.36008215865384613 0.517940875
1 0.3979451394230769 0.51137678125 0.4036927067307692 0.5156652908653846 0.4094956634615385 0.5289797259615384 0.4130948173076923 0.5327882884615385 0.4410241899038461 0.539027639423077 0.4424749278846154 0.5423562475961539 0.44892016826923076 0.5437960985576923 0.45391467067307695 0.5419073413461539 0.4574584278846154 0.5366899711538461 0.4553100144230769 0.5362100216346154 0.4509577980769231 0.5262241947115385 0.4523531418269231 0.5205268774038462 0.4494516634615385 0.5138696586538462 0.4493962716346154 0.5048437307692308 0.4435933125 0.4915292932692308 0.4399941586538461 0.4877207355769231 0.42280685336538465 0.4838811346153846 0.4128178533653846 0.4876586514423077 0.40927409375 0.4928760168269231 0.40427959375 0.4947647764423077 0.3979451394230769 0.51137678125
1 0.4784664591346154 0.5804418413461538 0.4863070432692308 0.5761843725961538 0.4869493245192308 0.5643097884615385 0.4803933004807692 0.5448180817307692 0.4746457355769231 0.5405295745192308 0.4610575817307693 0.54049853125 0.45251932211538465 0.54760465625 0.4511239735576923 0.5533019759615384 0.4533831730769231 0.5718337812500001 0.4784664591346154 0.5804418413461538
1 0.3557853293269231 0.5169809735576923 0.35218617788461537 0.5131724158653846 0.3392956995192308 0.5102927139423077 0.3307574399038461 0.5173988413461539 0.32936209134615385 0.5230961586538462 0.3308682259615384 0.5354506971153846 0.3337697019230769 0.5421079158653846 0.3543899855769231 0.5226782908653846 0.3557853293269231 0.5169809735576923
1 0.8522679375 0.5437674495192307 0.8367529399038461 0.5793601682692308 0.8382036778846154 0.5826887764423077 0.9341846033653846 0.6071351923076923 0.9391791009615384 0.6052464326923077 0.9419697956730769 0.5938517956730769 0.9395998124999999 0.5572681370192307 0.9359452692307693 0.5444336514423077 0.9179495024038461 0.5253908557692308 0.9029106105769231 0.5220312043269231 0.9000645240384616 0.5243999110576923 0.8821795432692308 0.52340896875 0.867196045673077 0.5290752475961539 0.8522679375 0.5437674495192307
1 0.7646815264423077 0.6053228413461539 0.745567375 0.6371070000000001 0.7441720288461539 0.6428043173076923 0.7477711826923077 0.6466128774038461 0.8143719927884615 0.6614913317307691 0.8215149086538461 0.6600825240384616 0.8249478798076922 0.6368133004807692 0.8212933389423077 0.6239788149038462 0.8212379423076922 0.6149528846153847 0.8154903774038461 0.6106643774038462 0.8089897427884616 0.6001985985576923 0.7832087860576924 0.5944391971153846 0.7732197860576923 0.5982167139423077 0.7646815264423077 0.6053228413461539
1 0.7795542427884615 0.5816047091346154 0.7817026538461539 0.5820846610576923 0.8188679615384615 0.5783692259615385 0.8224671105769231 0.5821777860576923 0.8253131995192308 0.5798090745192307 0.8294992427884615 0.5627171225961539 0.8287461754807691 0.5565398533653846 0.8236962812499999 0.5494026850961539 0.8022121490384616 0.5446031826923077 0.7922231490384615 0.548380701923077 0.7915254759615385 0.5512293581730769 0.7858333028846154 0.5559667764423077 0.7766527596153847 0.5749474903846153 0.7795542427884615 0.5816047091346154
1 0.7967969375 0.5944702379807693 0.7982476778846154 0.5977988485576924 0.81113815625 0.6006785504807692 0.8176387908653846 0.611144326923077 0.8219356177884615 0.6121042259615385 0.8247263100961538 0.6007095889423076 0.8246709206730769 0.5916836634615384 0.8203186995192309 0.5816978365384615 0.7945377403846153 0.5759384350961538 0.7895432403846154 0.5778271923076923 0.7781588942307691 0.5873020288461539 0.77746121875 0.5901506875 0.7832087860576924 0.5944391971153846 0.7967969375 0.5944702379807693
0 0.027908834134615385 0.8563716274038462 0.0374944375 0.8831170192307692 0.05576129326923077 0.8513599038461539 0.05750682211538461 0.819520391826923 0.03813360817307692 0.821210514423077 0.027908834134615385 0.8563716274038462
2 0.4072154014423077 0.9731389230769231 0.41006148798076925 0.9707702139423078 0.42939720913461543 0.9750897644230769 0.4372377980769231 0.9708323004807693 0.4393308173076923 0.9622863197115384 0.43497859855769233 0.9523004927884616 0.43283018269230766 0.9518205432692307 0.42632955048076926 0.9413547668269231 0.40345006971153846 0.9422525841346154 0.39421413701923075 0.9522073677884616 0.3921211153846154 0.9607533461538461 0.3943249230769231 0.9702592235576923 0.4072154014423077 0.9731389230769231
2 0.3850335961538462 0.9711880817307693 0.39072576923076924 0.9664506634615384 0.3928187884615385 0.9579046850961539 0.3920657235576923 0.9517274182692308 0.3862073725961539 0.9293870552884615 0.38260822115384613 0.9255784951923077 0.37476763221153847 0.9298359615384615 0.3670932235576923 0.9611712139423076 0.36854396153846153 0.9644998221153845 0.37789068269230774 0.972596891826923 0.3850335961538462 0.9711880817307693