1 0.6090066466346153 0.6292751033653846 0.6019548197115385 0.6357761802884615 0.6021519278846154 0.6771072283653846 0.6272115745192307 0.6893711105769231 0.6395890841346153 0.6635654278846155 0.6367634591346154 0.6566462956730769 0.6090066466346153 0.6292751033653846
1 0.6777626754807693 0.8558199783653847 0.6852106850961538 0.8448454086538462 0.6871798918269231 0.8247389903846154 0.6588411778846154 0.8231867644230769 0.6602227163461538 0.8476109951923078 0.6777626754807693 0.8558199783653847
1 0.17426629567307692 0.6517741514423077 0.19173457932692306 0.6449536610576924 0.1887873076923077 0.6188181586538462 0.16282445673076923 0.6127056658653847 0.1616916778846154 0.6362487908653847 0.17426629567307692 0.6517741514423077
1 0.43933276201923077 0.6631361947115385 0.4643028125 0.6566132403846154 0.4669203870192308 0.6272460841346154 0.43080762499999997 0.6207272692307693 0.4266506274038461 0.6250666274038461 0.43933276201923077 0.6631361947115385
1 0.20675603125 0.6493060985576923 0.22679658173076925 0.6576142596153847 0.23920993028846155 0.639323310096154 0.2415671658653846 0.6093635432692308 0.24055385096153847 0.5971442716346154 0.22198489182692308 0.6048828076923077 0.20793353125 0.6136457740384615 0.19610692307692307 0.61656896875 0.20675603125 0.6493060985576923
1 0.3788632403846154 0.6051092764423077 0.3734777283653846 0.6029572451923078 0.3787118533653846 0.6520013822115385 0.3988429206730769 0.6567480649038462 0.4136842596153846 0.6458751418269231 0.41386843028846154 0.615817920673077 0.3788632403846154 0.6051092764423077
1 0.68794421875 0.8937903677884615 0.7103957620192307 0.8834108677884616 0.7131987259615384 0.8719477788461538 0.6899812860576924 0.8506921442307692 0.6803349399038462 0.8709486298076924 0.68794421875 0.8937903677884615
1 0.21063236778846153 0.41363943990384616 0.20075544471153844 0.4395443028846154 0.20591789182692308 0.47355897115384615 0.21849251201923078 0.4890843341346154 0.24344464423076922 0.4788040120192308 0.24234311538461537 0.44022453125000005 0.21063236778846153 0.41363943990384616
1 0.40384351201923074 0.43454478125 0.3908678221153846 0.4612621466346154 0.39099325240384614 0.4875637235576923 0.4060684615384615 0.5031882620192307 0.4310026754807692 0.4891505721153846 0.4338033197115384 0.45098882692307696 0.40384351201923074 0.43454478125
1 0.8334720432692309 0.4788166730769231 0.8709091995192307 0.46527487259615385 0.8656392355769231 0.40871599759615385 0.8281662427884615 0.41474306250000004 0.8259165192307693 0.4672470336538461 0.8334720432692309 0.4788166730769231
1 0.9716379110576923 0.5657296514423077 0.9915888653846154 0.5552509735576924 0.9938239375000001 0.5164507043269231 0.9504320096153845 0.5206614615384615 0.9565627043269231 0.5501051129807693 0.9716379110576923 0.5657296514423077
3 0.18592705288461536 0.47567375 0.2034132548076923 0.4726106298076923 0.20562713942307692 0.41259191826923075 0.16568939663461538 0.4260345408653846 0.1635651033653846 0.5048400913461538 0.18592705288461536 0.47567375
3 0.21857805528846155 0.5070220096153846 0.18298201682692308 0.5569524326923078 0.16297730528846152 0.5561590096153846 0.18146940865384617 0.5894476346153846 0.23127811057692307 0.5488489447115384 0.23365326682692308 0.5226465480769231 0.21857805528846155 0.5070220096153846
1 0.22427209134615383 0.6608913677884616 0.2324907908653846 0.6773146129807692 0.2543152235576923 0.6717413004807693 0.25287942067307695 0.6401321899038461 0.25415551442307693 0.6382518822115385 0.2515971826923077 0.6407237235576922 0.23956307932692308 0.6331651298076924 0.22509293509615386 0.6531964783653846 0.22427209134615383 0.6608913677884616
2 0.94514065625 0.12410171874999999 0.9482789879807693 0.10694556730769231 0.9712880913461538 0.11072824038461539 0.9721188028846155 0.0919966826923077 0.9560266057692307 0.09274088701923078 0.9321439447115385 0.09870590384615384 0.9280648004807692 0.11098240865384615 0.9354800841346154 0.12302733653846154 0.94514065625 0.12410171874999999
2 0.2888194326923077 0.03271244951923077 0.27381589903846154 0.03211737980769231 0.2637777067307692 0.024205932692307693 0.2562759399038462 0.023908396634615383 0.25388286298076923 0.04635342548076923 0.25640137259615386 0.05020997115384615 0.2639031394230769 0.05050750721153847 0.2739771682692308 0.06593368990384615 0.2814610168269231 0.06247385817307693 0.29641079086538463 0.05179682211538462 0.29635703365384614 0.04052472115384616 0.2888194326923077 0.03271244951923077
2 0.20890810096153847 0.05208295673076923 0.21392719951923075 0.05603868028846153 0.22643014423076924 0.05653457211538461 0.22891281249999998 0.0528763798076923 0.22884113701923076 0.037846911057692306 0.22380412259615384 0.030133817307692306 0.2112832596153846 0.02588055769230769 0.20881850721153847 0.03329611538461538 0.20890810096153847 0.05208295673076923
2 0.16711485096153847 0.20069164423076924 0.1671865264423077 0.21572111538461541 0.1872629110576923 0.23154401442307693 0.1897635 0.23164318990384616 0.1947288389423077 0.2243268125 0.19712191586538463 0.20188178125 0.19210281971153845 0.19792605769230767 0.17709928605769232 0.19733098798076923 0.1746166153846154 0.20098918028846152 0.16711485096153847 0.20069164423076924
2 0.4337639855769231 0.019677939903846156 0.39375456730769226 0.018091088942307692 0.38878922836538465 0.02540746875 0.38882506490384616 0.032922204326923075 0.40638294230769234 0.04488855769230769 0.4138847091346154 0.04518608894230769 0.42135063942307693 0.03796888701923077 0.42885240384615386 0.03826642307692308 0.43137091346153844 0.042122968749999996 0.43633625240384616 0.03480658653846154 0.43628249519230766 0.023534485576923076 0.4337639855769231 0.019677939903846156
2 0.7238224302884616 0.5533575625 0.7238582668269231 0.5608723004807692 0.7288952860576923 0.5685853894230769 0.7289132043269231 0.5723427572115385 0.7439167355769231 0.5729378269230769 0.74639940625 0.5692796370192308 0.7463456490384615 0.55800753125 0.7388438822115385 0.55771 0.736325375 0.5538534543269231 0.7238224302884616 0.5533575625
2 0.8540062596153846 0.06639880769230769 0.8514877524038462 0.06254225961538461 0.8513264807692308 0.028725949519230767 0.8388235384615383 0.028230060096153847 0.8338581995192308 0.03554643509615384 0.8339119543269231 0.046818543269230774 0.8389668894230768 0.058289 0.8390923221153846 0.08459057692307693 0.841610829326923 0.08844712259615384 0.8440935 0.0847889326923077 0.8540958557692307 0.08518564423076923 0.8540062596153846 0.06639880769230769
2 0.8213194158653846 0.02753581009615385 0.8013147067307693 0.02674238701923077 0.8041199158653847 0.09071681730769231 0.8091031754807693 0.08715780528846154 0.8191055288461538 0.08755451682692308 0.82157028125 0.08013896153846155 0.8213194158653846 0.02753581009615385