1 0.24400000000000002 0.272 0.26 0.2826666658653846 0.265404 0.29048 0.266 0.2986666658653846 0.26978 0.3015706658653846 0.27399999999999997 0.3013333341346154 0.27799999999999997 0.2986666658653846 0.28093999999999997 0.2974853341346154 0.28137599999999996 0.2913546658653846 0.27799999999999997 0.28533333413461537 0.276 0.28533333413461537 0.271312 0.2834746658653846 0.27021799999999996 0.277344 0.26978 0.2621653341346154 0.268248 0.2528266658653846 0.264 0.2453333341346154 0.257746 0.23910666586538462 0.246 0.232 0.23399999999999999 0.22666666586538461 0.226 0.22933333413461537 0.22 0.23733333413461538 0.216 0.23733333413461538 0.20800000000000002 0.256 0.206 0.2746666658653846 0.22 0.2746666658653846 0.228 0.26933333413461535 0.24400000000000002 0.272
0 0.23600000000000002 0.3786666658653846 0.24708 0.37609066586538464 0.25386200000000003 0.370544 0.264 0.3653333341346154 0.26699 0.35536533413461535 0.264 0.34133333413461536 0.262 0.33333333413461536 0.258 0.328 0.25 0.328 0.246 0.32533333413461535 0.238 0.33333333413461536 0.23600000000000002 0.33333333413461536 0.23176400000000003 0.3556586658653846 0.224 0.368 0.23 0.3706666658653846 0.23600000000000002 0.3786666658653846
0 0.252 0.40533333413461536 0.254 0.40800000000000003 0.254 0.424 0.264146 0.431552 0.272 0.424 0.282 0.41866666586538465 0.286 0.40266666586538463 0.282 0.3893333341346154 0.268 0.376 0.262 0.376 0.26 0.3733333341346154 0.254 0.376 0.25 0.3866666658653846 0.25 0.3946666658653846 0.252 0.3973333341346154 0.252 0.40533333413461536
1 0.126 0.608 0.148 0.6053333341346154 0.156 0.6 0.196 0.5973333341346154 0.2 0.5946666658653846 0.19799999999999998 0.592 0.19799999999999998 0.5813333341346154 0.19 0.5546666658653846 0.178 0.5413333341346154 0.17200000000000001 0.5386666658653846 0.15 0.5386666658653846 0.148 0.5413333341346154 0.14200000000000002 0.5413333341346154 0.126 0.5546666658653846 0.12400000000000001 0.5626666658653846 0.12000000000000001 0.5680000000000001 0.12000000000000001 0.5946666658653846 0.126 0.608
0 0.31 0.7226666658653845 0.312 0.7253333341346154 0.318 0.7253333341346154 0.32 0.728 0.327674 0.7282853341346154 0.326864 0.7326026658653846 0.338 0.7333333341346153 0.348 0.728 0.356 0.7146666658653846 0.356 0.704 0.35400000000000004 0.6986666658653846 0.34600000000000003 0.6880000000000001 0.34199999999999997 0.6853333341346153 0.336 0.6826666658653846 0.328 0.6826666658653846 0.326 0.6853333341346153 0.32 0.6853333341346153 0.31857599999999997 0.6926853341346154 0.312 0.6906666658653846 0.30799999999999994 0.696 0.30799999999999994 0.7013333341346153 0.31 0.704 0.31 0.7226666658653845
0 0.318 0.6853333341346153 0.32 0.6826666658653846 0.33515399999999995 0.6790106658653846 0.338 0.6826666658653846 0.340208 0.6838639999999999 0.34199999999999997 0.6853333341346153 0.35 0.6906666658653846 0.35400000000000004 0.6880000000000001 0.35254 0.6614773341346154 0.35400000000000004 0.6479999999999999 0.352 0.64 0.34400000000000003 0.64 0.339198 0.6369333341346154 0.336 0.6373333341346155 0.314 0.6533333341346155 0.31 0.6586666658653846 0.31 0.6799999999999999 0.312 0.6853333341346153 0.318 0.6853333341346153
2 0.192 0.9813333341346154 0.19399999999999998 0.984 0.20800000000000002 0.984 0.216 0.9893333341346153 0.23600000000000002 0.9893333341346153 0.238 0.9866666658653845 0.24800000000000003 0.9866666658653845 0.254 0.984 0.262 0.9706666658653845 0.256 0.9546666658653845 0.226 0.952 0.218 0.9466666658653846 0.192 0.9413333341346154 0.19 0.9386666658653847 0.182 0.9413333341346154 0.174 0.952 0.17200000000000001 0.9573333341346154 0.17200000000000001 0.9706666658653845 0.176 0.9786666658653846 0.192 0.9813333341346154
2 0.286 0.888 0.28400000000000003 0.88 0.28 0.8773333341346153 0.26999999999999996 0.8773333341346153 0.268 0.88 0.266 0.888 0.266 0.904 0.27799999999999997 0.9013333341346154 0.286 0.888
2 0.295052 0.8447733341346153 0.295052 0.8287733341346153 0.28705200000000003 0.82344 0.28505199999999997 0.82344 0.28105199999999997 0.8287733341346153 0.279052 0.8367733341346154 0.279052 0.8447733341346153 0.27705199999999996 0.8501066658653845 0.28705200000000003 0.8501066658653845 0.295052 0.8447733341346153
2 0.848 0.9920000000000001 0.8500000000000001 0.9893333341346153 0.856 0.9893333341346153 0.86 0.9813333341346154 0.86 0.968 0.856 0.952 0.8500000000000001 0.952 0.8320000000000001 0.9626666658653846 0.822 0.9600000000000001 0.8140000000000001 0.9466666658653846 0.8140000000000001 0.9333333341346154 0.8099999999999999 0.928 0.772 0.9386666658653847 0.766 0.9440000000000001 0.762 0.9546666658653845 0.764 0.9733333341346154 0.782 0.9866666658653845 0.848 0.9920000000000001
2 0.872 0.9546666658653845 0.91 0.9546666658653845 0.9179999999999999 0.9493333341346154 0.9319999999999999 0.9493333341346154 0.9380000000000001 0.9466666658653846 0.9420000000000001 0.9440000000000001 0.9440000000000001 0.9386666658653847 0.9440000000000001 0.928 0.9380000000000001 0.92 0.9380000000000001 0.9173333341346154 0.9319999999999999 0.912 0.924 0.912 0.924 0.9146666658653846 0.904 0.9253333341346154 0.896 0.92 0.89 0.912 0.888 0.9013333341346154 0.8840000000000001 0.904 0.872 0.9226666658653847 0.862 0.9253333341346154 0.858 0.9306666658653846 0.858 0.9359999999999999 0.862 0.9440000000000001 0.872 0.9546666658653845
0 0.614 0.528 0.62 0.536 0.652 0.5573333341346154 0.6679999999999999 0.528 0.6679999999999999 0.5253333341346154 0.6530400000000001 0.5197653341346153 0.6479999999999999 0.512 0.646 0.504 0.638 0.4906666658653846 0.6319999999999999 0.48800000000000004 0.62 0.48800000000000004 0.6159999999999999 0.4906666658653846 0.614 0.49600000000000005 0.614 0.5146666658653847 0.612 0.5173333341346154 0.614 0.52 0.614 0.528
0 0.7 0.4666666658653846 0.7 0.4693333341346154 0.7080000000000001 0.47200000000000003 0.712 0.4666666658653846 0.718 0.464 0.718 0.4613333341346154 0.716 0.4533333341346154 0.7126319999999999 0.45050399999999996 0.714 0.4213333341346154 0.712 0.41866666586538465 0.712 0.40266666586538463 0.704 0.3813333341346154 0.7 0.3813333341346154 0.6980259999999999 0.400232 0.6920000000000001 0.40533333413461536 0.6920000000000001 0.41333333413461537 0.6900000000000001 0.41600000000000004 0.6900000000000001 0.4533333341346154 0.7 0.4666666658653846
1 0.772 0.5466666658653846 0.764 0.5573333341346154 0.766 0.5626666658653846 0.786 0.56 0.792382 0.5553146658653846 0.807572 0.5483013341346153 0.844 0.5333333341346154 0.858 0.5226666658653847 0.864 0.512 0.864 0.5066666658653847 0.858 0.4986666658653846 0.8520000000000001 0.4826666658653846 0.84 0.4666666658653846 0.826 0.4613333341346154 0.8140000000000001 0.4613333341346154 0.784 0.4773333341346154 0.7759999999999999 0.49600000000000005 0.7759999999999999 0.5226666658653847 0.778 0.5253333341346154 0.7769 0.537 0.772 0.5466666658653846