1 0.8380679879807692 0.2509825865384615 0.8376491033653846 0.2574790192307692 0.8400230408653846 0.2602442644230769 0.8506115024038461 0.25421573798076924 0.8433068149038461 0.24604107932692307 0.8380679879807692 0.2509825865384615
0 0.8632691947115384 0.25696413942307694 0.8586922572115385 0.2577850576923077 0.8588778365384615 0.2674818125 0.8635878750000001 0.2684548629807692 0.8647675216346153 0.2681648125 0.8632691947115384 0.25696413942307694
0 0.8467674230769231 0.2926843125 0.8493782788461538 0.2923468076923077 0.8527377307692308 0.2872585 0.8488724519230769 0.28204378365384614 0.8460066610576923 0.2864779278846154 0.8467674230769231 0.2926843125
1 0.7093495673076924 0.26771360576923076 0.7037199951923078 0.26513995192307693 0.6974981298076923 0.27032316346153845 0.6965418990384615 0.28486740865384613 0.70099790625 0.2932097043269231 0.7057482572115384 0.2911283533653846 0.7168389302884616 0.28231240865384616 0.7093495673076924 0.26771360576923076
2 0.7429933245192307 0.4284108076923077 0.7440752403846154 0.4384960673076923 0.7545565072115384 0.44170349519230767 0.75850578125 0.43647016346153844 0.7517918245192308 0.4314230889423077 0.7501441850961539 0.4259675528846154 0.7429933245192307 0.4284108076923077
2 0.7215080889423077 0.43338910817307696 0.7211209567307691 0.4389643846153846 0.7169921875 0.4399795576923077 0.7152519975961538 0.4471053221153846 0.7315619134615384 0.44522621634615384 0.7298437788461538 0.4328617908653846 0.7215080889423077 0.43338910817307696
1 0.6132106706730769 0.2837408221153846 0.6131532451923077 0.2910617283653846 0.6158568942307692 0.2955726033653846 0.6236842836538461 0.29235410576923077 0.6208380769230769 0.28490990384615383 0.6132106706730769 0.2837408221153846
1 0.5087206370192308 0.30330711298076923 0.5038685336538461 0.3005362067307692 0.49907114423076926 0.30895863221153846 0.5066522548076923 0.31418523076923077 0.5100416682692308 0.31030126442307693 0.5087206370192308 0.30330711298076923
1 0.4827691538461538 0.38959078124999996 0.48606596634615384 0.4015883581730769 0.4953650168269231 0.4093639783653846 0.5009152836538461 0.3994594831730769 0.4939717307692308 0.38561547115384615 0.48535643028846154 0.3858279302884616 0.4827691538461538 0.38959078124999996
0 0.49618605288461537 0.45734732451923077 0.49132241586538467 0.4436008052884616 0.4902269567307692 0.4432582139423077 0.4871835408653846 0.4522418798076923 0.49035471153846155 0.4603064158653846 0.49618605288461537 0.45734732451923077
0 0.5136979254807692 0.4496865048076923 0.5137333365384615 0.44113798798076925 0.5105110192307692 0.4382708052884615 0.506596704326923 0.44045409375 0.5086174639423077 0.44788509615384614 0.5136979254807692 0.4496865048076923
1 0.6384283725961539 0.3660590288461538 0.6423605336538463 0.3650921923076923 0.64715975 0.3578231826923077 0.6480268028846154 0.3515210048076923 0.6449616947115384 0.3461856586538462 0.6433131514423077 0.3374575144230769 0.6377324495192307 0.3296962019230769 0.6332507716346154 0.32775365384615385 0.6209047692307692 0.3277447716346154 0.6141394735576923 0.33549719951923074 0.6113063389423077 0.34228279567307696 0.6095722307692307 0.3548871538461539 0.6384283725961539 0.3660590288461538
1 0.5561705 0.3771509543269231 0.5592356105769231 0.382486298076923 0.5749642596153847 0.37861896875 0.5774798533653847 0.38104493269230766 0.5853441802884615 0.3791112692307692 0.5856617211538462 0.3698997067307692 0.5820470961538462 0.3616549831730769 0.5745003125 0.35437708894230774 0.5680525528846154 0.3529179543269231 0.5601882307692307 0.3548516201923077 0.5568055793269231 0.3587278341346154 0.5573550961538462 0.3616372163461538 0.5545219615384616 0.36842281250000003 0.5561705 0.3771509543269231
0 0.6011945240384615 0.48481583413461543 0.6020615769230769 0.47851365384615385 0.5978974399038461 0.4673595456730769 0.59538184375 0.4649335793269231 0.5894835985576923 0.46638382932692307 0.5841348701923077 0.4707434591346154 0.5804346826923077 0.4838312355769231 0.5854658725961538 0.48868316346153845 0.5944292259615385 0.49256826201923076 0.6011945240384615 0.48481583413461543
2 0.7064216995192307 0.6933688750000001 0.7089372932692307 0.6957948389423076 0.7103538629807692 0.6924020432692307 0.7039061033653845 0.6909429086538462 0.69604178125 0.6928765745192307 0.6840133173076922 0.6836561298076924 0.68259675 0.6870489302884616 0.6766985072115385 0.6884991778846155 0.6738653725961539 0.6952847740384616 0.6749644014423077 0.7011035360576923 0.6774799951923077 0.7035295024038462 0.6984521850961538 0.6983728990384616 0.7064216995192307 0.6933688750000001
2 0.6472320072115385 0.6196319735576924 0.6441668990384616 0.6142966298076923 0.6396852235576923 0.6123540793269231 0.627888735576923 0.6152545793269231 0.6191573557692307 0.623490423076923 0.6182903028846154 0.6297926009615384 0.62725365625 0.6336776995192307 0.64691446875 0.6288435360576923 0.6472320072115385 0.6196319735576924
2 0.6631926322115385 0.6278855865384615 0.6587109543269231 0.6259430384615385 0.6528127139423077 0.6273932884615385 0.6494300625 0.6312695 0.6476959567307692 0.643873860576923 0.6502115528846153 0.6462998245192307 0.6620080384615386 0.6433993245192308 0.6642916610576923 0.6337043509615385 0.6631926322115385 0.6278855865384615
0 0.6307205625 0.5417765985576923 0.6449829134615384 0.5402000096153846 0.6404537980769232 0.5242705384615385 0.6306769182692308 0.5231367548076923 0.6284381947115385 0.5343003173076923 0.6307205625 0.5417765985576923
0 0.6593260649038462 0.5263829495192307 0.648895358173077 0.5183345216346154 0.6474987091346154 0.5190006442307692 0.6434482379807692 0.538969858173077 0.6451789302884615 0.550442204326923 0.6513735673076924 0.5579246971153846 0.6543449495192307 0.5414357932692307 0.6591547692307693 0.5392880600961538 0.6593260649038462 0.5263829495192307
0 0.1568163798076923 0.6277234134615385 0.16186227884615387 0.6088307524038462 0.1532053125 0.5969059254807692 0.14335916346153846 0.6032481899038461 0.14853866826923076 0.6189720745192309 0.1568163798076923 0.6277234134615385
0 0.22159990625 0.5859741995192308 0.22696266586538463 0.5781160408653846 0.22229113221153846 0.5639051923076923 0.212825875 0.5652491177884615 0.21551651923076923 0.5783182211538461 0.22159990625 0.5859741995192308
1 0.17543995673076923 0.44566241105769233 0.1651311514423077 0.4249919783653846 0.15663163221153847 0.41858463942307694 0.1426824519230769 0.42659031490384614 0.14203999759615385 0.4512595096153846 0.14659808173076924 0.45667835096153847 0.1639372908653846 0.4596061153846154 0.17302219471153846 0.45508287500000005 0.17543995673076923 0.44566241105769233