1 0.8646205552884615 1 0.8732124471153846 0.9933468774038462 0.8683471971153847 0.9566015793269231 0.8154368605769231 0.8984541971153847 0.7860654423076923 0.8893384230769231 0.7779397908653846 0.9589561923076922 0.7898631754807692 1 0.8646205552884615 1
1 0.5134774807692307 0.8357074543269231 0.47974919471153843 0.8283921081730768 0.4615440576923077 0.8409159278846154 0.4548541923076923 0.8586826899038461 0.4601879759615385 0.9202381177884615 0.47894134134615385 0.9599956201923077 0.48967894230769227 0.9705606730769231 0.5225897115384616 0.9694625384615385 0.5478735456730769 0.9365109014423076 0.5572852475961538 0.9001167475961539 0.5333574951923077 0.8537461923076923 0.5134774807692307 0.8357074543269231
1 0.20728078125 0.8159679230769231 0.21490771394230768 0.8478214230769231 0.22646283173076925 0.8667999567307691 0.25186621634615386 0.8750551009615385 0.2855148004807692 0.8548992596153846 0.2977678846153846 0.8410844975961538 0.2972993509615385 0.8162743653846154 0.2662131995192308 0.7628604399038461 0.2241201658653846 0.742749298076923 0.20728078125 0.8159679230769231
2 0.2654270576923077 0.08183316826923076 0.2229850408653846 0.07811867788461538 0.22621525721153846 0.09803701201923078 0.24885695673076924 0.11118395432692307 0.26126943990384616 0.1523115673076923 0.26201692307692304 0.27327085576923077 0.31235515865384617 0.2649710120192308 0.30227567307692305 0.2078770625 0.30289394471153847 0.14761257692307692 0.2897037932692308 0.11180707451923078 0.2654270576923077 0.08183316826923076
2 0.5316741370192308 0.13683425 0.48410725000000004 0.28025929567307695 0.5202482355769231 0.2990794927884615 0.5516737043269231 0.1960797716346154 0.5662996394230769 0.18003426682692308 0.5705369567307692 0.1370270576923077 0.5316741370192308 0.13683425
2 0.6022812235576923 0.1439120889423077 0.6023210745192308 0.1576476826923077 0.6213835745192308 0.16727293990384615 0.6273754735576923 0.18229947596153848 0.5940058389423076 0.2986044783653846 0.6122508221153846 0.29981625 0.6166475384615384 0.3117514182692308 0.634114858173077 0.31828530528846155 0.6612631586538461 0.24455719711538462 0.6796180288461537 0.14695875721153845 0.6407153605769231 0.13303035817307693 0.6022812235576923 0.1439120889423077
2 0.7336151634615384 0.1696517860576923 0.7142833798076923 0.20389436778846154 0.6891589423076923 0.29178838221153847 0.7360375288461539 0.3211736370192308 0.7651299975961539 0.23414025 0.7818498341346154 0.11971484855769231 0.759985798076923 0.10124579567307693 0.7207341466346153 0.10371404567307693 0.7156394639423076 0.12457217788461539 0.7336151634615384 0.1696517860576923
2 0.9310399230769231 0.14932737740384616 0.8846697211538461 0.15848785096153847 0.8863047548076923 0.17531481490384618 0.9037720721153846 0.1818486971153846 0.9292551562500001 0.21757502884615385 0.9314384206730769 0.2866833149038462 0.9797926418269232 0.27795315625 0.9928632427884616 0.272551875 0.9828236081730769 0.22919351923076922 0.9854258942307692 0.16935934855769233 0.9310399230769231 0.14932737740384616
2 1 0.1961115721153846 0.9874896105769231 0.1972608533653846 0.9812284254807693 0.22610215144230766 1 0.26248034615384613 1 0.1961115721153846
0 0.8764535168269231 0.6069498197115385 0.9022058846153846 0.5988083125 0.8861743485576923 0.5404234230769231 0.8694448485576923 0.5148318317307692 0.85917578125 0.5290769086538462 0.8420972980769231 0.5198819663461538 0.8378201322115385 0.5491535817307692 0.8764535168269231 0.6069498197115385
0 0.8798431322115385 0.6818105312499999 0.8722560480769231 0.663692625 0.8671215168269231 0.6708151610576922 0.8672809134615385 0.7257575384615385 0.8756855144230768 0.7522889278846154 0.8836215817307692 0.7540101850961538 0.9021756995192308 0.7250897163461538 0.9064130168269231 0.6820825072115385 0.8916276826923077 0.6431856346153846 0.8944690649038461 0.6657650264423077 0.8798431322115385 0.6818105312499999
0 0.4277360745192308 0.8061293942307692 0.44162419230769234 0.80914159375 0.46932072836538463 0.7876948100961538 0.47713724519230766 0.7482092860576923 0.45519351201923075 0.7022690456730769 0.4513051778846154 0.7288796009615385 0.43115587499999997 0.7547087019230769 0.4201489903846154 0.788011485576923 0.4277360745192308 0.8061293942307692
0 0.45973996153846153 0.62912959375 0.45176404567307693 0.6136727403846154 0.43192387740384613 0.6093695961538461 0.4260913774038461 0.6492854350961538 0.45032825961538464 0.6655237451923077 0.4618036778846154 0.6570310961538461 0.45973996153846153 0.62912959375
0 0.3597614567307692 0.6129359807692307 0.35785713942307695 0.6399768557692307 0.37022977163461535 0.667368875 0.3753643076923077 0.6602463365384617 0.3597614567307692 0.6129359807692307