1 0.4355222716346154 0.7923653509615385 0.4392392644230769 0.7881477740384616 0.42300856009615384 0.7773486610576923 0.41566318990384615 0.7648149206730769 0.4104948461538462 0.7623319711538462 0.4224601129807692 0.7320606081730769 0.41212342788461537 0.7270947091346154 0.3987954230769231 0.7296966514423077 0.3764934663461539 0.7550021129807691 0.3735021490384615 0.762569951923077 0.3771305264423077 0.7793212716346154 0.38891856490384613 0.7909876947115385 0.3992552548076923 0.7959535961538461 0.40886626442307694 0.7975692331730768 0.4355222716346154 0.7923653509615385
1 0.3929900192307692 0.7028945432692308 0.4136633918269231 0.71282634375 0.44031940384615387 0.7076224615384615 0.44403639423076924 0.7034048846153845 0.43605396394230767 0.6665519855769231 0.4093979543269231 0.6717558677884615 0.4012382932692308 0.6768407572115385 0.3945299831730769 0.6886261754807692 0.3929900192307692 0.7028945432692308
1 0.3641402259615385 0.5269462163461538 0.36704292788461534 0.5403472716346154 0.3729369471153846 0.5461804855769231 0.3832736322115385 0.5511463846153846 0.4099296442307692 0.5459425024038461 0.4033985625 0.5157901322115385 0.40638988221153843 0.5082222908653846 0.39677887019230773 0.50660665625 0.3745655264423077 0.5109432235576923 0.3641402259615385 0.5269462163461538
1 0.3602292451923077 0.4020001658653846 0.35732654326923075 0.3885991129807692 0.3521581995192308 0.3861161610576923 0.34780414663461534 0.36601458173076923 0.33746745913461534 0.36104868269230767 0.33375046875 0.3652662596153846 0.31597979567307694 0.3687355144230769 0.3122628028846154 0.37295309134615384 0.3099971634615385 0.38387119471153847 0.3128998653846154 0.39727225 0.32840489663461536 0.40472109855769234 0.34173289903846155 0.40211915625 0.35651225240384615 0.4062177451923077 0.3602292451923077 0.4020001658653846
1 0.2513228125 0.26263237980769233 0.2609338245192308 0.2642480144230769 0.29203250240384615 0.25817681971153844 0.28767844951923077 0.2380752403846154 0.2825101081730769 0.23559229086538463 0.2803330793269231 0.2255415 0.27516473557692306 0.22305855048076922 0.2715363605769231 0.20630723317307692 0.2752533533653846 0.20208965625000003 0.26935933173076926 0.1962564423076923 0.25974831971153844 0.19464080769230768 0.25158865865384616 0.19972569711538463 0.23381798557692307 0.20319495192307693 0.21967568990384614 0.22341552403846154 0.22548109615384615 0.2502176322115385 0.23137511778846154 0.25605084615384616 0.2513228125 0.26263237980769233
2 0.9478422259615384 0.6542758725961538 0.9863366466346153 0.6446168076923077 0.9742769615384616 0.6217768485576923 0.9623992620192308 0.5833587716346154 0.9473231995192308 0.5761160072115384 0.9327342283653847 0.5875403052884616 0.9388883125 0.6093891298076923 0.9283366274038461 0.6328895312499999 0.9478422259615384 0.6542758725961538
2 0.89826240625 0.5990958677884616 0.8792585793269231 0.6065561995192308 0.8783907211538462 0.6289727283653845 0.9073663461538461 0.62143734375 0.9185863774038462 0.6010225336538462 0.9040948413461538 0.5899153197115384 0.89826240625 0.5990958677884616
2 0.8618679399038461 0.5558123413461539 0.8603628725961538 0.5357377259615385 0.8467466466346154 0.531963795673077 0.843698625 0.5539993052884615 0.8360725528846153 0.5581698990384616 0.8376748389423077 0.5886768894230769 0.8723251225961538 0.5811091923076923 0.8618679399038461 0.5558123413461539
2 0.8033714975961538 0.4439460625 0.7893670456730769 0.45150591105769233 0.7887587403846154 0.47360288942307693 0.8074503052884616 0.47263216826923077 0.8188688485576924 0.4859490841346154 0.8299385408653847 0.47467407451923077 0.8033714975961538 0.4439460625
2 0.8073264663461538 0.42280551923076926 0.8158300817307692 0.39970494711538457 0.8001702259615384 0.39632998076923076 0.7739972716346154 0.40679967548076923 0.7764746730769231 0.42507818028846156 0.8073264663461538 0.42280551923076926
2 0.8077003942307692 0.3358986346153846 0.815173923076923 0.31460544951923075 0.8023076562499999 0.2946047596153846 0.7950010745192307 0.27726902644230766 0.7637184374999999 0.28712995913461536 0.7621295240384616 0.31263095432692306 0.7871341586538462 0.3098935048076923 0.8077003942307692 0.3358986346153846
2 0.8386028245192307 0.12014378365384615 0.8365591971153846 0.12054274759615385 0.8376625817307691 0.12099779086538462 0.8670308052884615 0.11352194711538462 0.871586826923077 0.13782679567307693 0.8985663653846154 0.12451783413461538 0.8960477572115385 0.10303479326923076 0.8647636947115385 0.06036337980769231 0.8488335841346154 0.06561735817307693 0.8386028245192307 0.12014378365384615
2 0.8192522980769231 0.15554789423076926 0.8380484399038461 0.14383652403846153 0.8333700096153845 0.12223737500000001 0.8223591682692307 0.12063661778846153 0.80125375 0.13748498317307692 0.8192522980769231 0.15554789423076926