1 0.8042121418269231 0.5636461201923078 0.779268435096154 0.5708084447115385 0.770544954326923 0.5972207331730769 0.7326942692307692 0.5961354423076923 0.7313836514423078 0.6263960649038461 0.7473836947115384 0.6726051201923077 0.7715829711538462 0.7045061346153846 0.7984873677884615 0.717699826923077 0.8492030913461538 0.7061257668269231 0.8658636826923077 0.6714575625 0.8682227932692308 0.6169884399038461 0.8494756899038461 0.5685797451923077 0.8042121418269231 0.5636461201923078
1 0.6243217836538462 0.7139179110576923 0.6147280528846154 0.7166726490384616 0.6387071466346155 0.77553275 0.6588068076923077 0.8145877836538461 0.6804792091346153 0.8173300697115384 0.6960913052884615 0.8068703629807692 0.7067335336538462 0.779907125 0.7025500336538462 0.7452472187500001 0.6718500889423077 0.7540623870192308 0.6243217836538462 0.7139179110576923
1 0.33576535817307696 0.8356234302884615 0.31514144951923073 0.8086726466346155 0.2915083605769231 0.7855743461538461 0.2728451394230769 0.7789795745192307 0.25941391346153847 0.7828362091346153 0.24846762259615385 0.7949446081730769 0.24711506490384616 0.8042982716346153 0.25182281009615387 0.8268539254807692 0.25299712980769234 0.8653663149038462 0.2557441875 0.8675659543269231 0.26071405528846153 0.884069485576923 0.27309678846153845 0.9044213485576923 0.28600376923076926 0.9126689615384616 0.3219357091346154 0.9143052019230768 0.33205368990384615 0.8994462139423077 0.34160548076923075 0.8757845120192307 0.34239185096153846 0.8576281370192308 0.33576535817307696 0.8356234302884615
1 0.29245201923076924 0.9825397187499999 0.29051884134615386 0.9883928509615385 0.33922671153846157 0.9858672572115386 0.3390681274038462 0.9781196826923076 0.33658319471153847 0.9698679182692308 0.3319173894230769 0.9682192259615385 0.30287406490384616 0.9825355673076923 0.30012700721153845 0.9803359278846154 0.29245201923076924 0.9825397187499999
0 0.3267168245192308 0.5632861201923076 0.32423188942307696 0.5550343557692308 0.3253223245192308 0.5517328221153847 0.32283738942307694 0.5434810552884616 0.29955030528846155 0.5561445528846154 0.29928818269230767 0.5621966802884615 0.30286355288461536 0.5671469086538461 0.3138937259615385 0.5968524350961538 0.31746909615384616 0.6018026610576923 0.3312043870192308 0.6128008653846154 0.3465543605769231 0.6083932812499999 0.34764479567307693 0.6050917451923077 0.3369186875 0.5902410600961538 0.32946388221153844 0.5654857644230769 0.3267168245192308 0.5632861201923076
0 0.23587518509615385 0.6700579350961539 0.21668771874999998 0.6755674134615385 0.21367853365384615 0.6794198966346153 0.22030502884615383 0.7014246033653847 0.22994070192307692 0.719576829326923 0.24066681250000002 0.7344275144230769 0.25026054567307693 0.7316727716346154 0.25130903846153846 0.7074642740384616 0.25348990865384613 0.7008612043269231 0.2474296057692308 0.6876592091346154 0.24245973557692307 0.6711556778846154 0.23587518509615385 0.6700579350961539
0 0.5328510288461539 0.5070852860576923 0.5624185985576923 0.4806646923076923 0.5911997980769231 0.4724004735576923 0.5793832524038461 0.4608513245192307 0.5559703461538461 0.4107939375 0.5474670480769231 0.41024713942307695 0.5346020096153846 0.4229064903846154 0.5127094254807693 0.4471232884615385 0.5053385048076924 0.46418191586538465 0.49574476923076927 0.4669366586538462 0.4817892980769231 0.4828975408653846 0.44698973317307694 0.4988667283653846 0.4448088653846154 0.5054698028846154 0.45226366826923076 0.5302250985576923 0.4470736153846154 0.5406806538461538 0.4608508485576923 0.5725858173076923 0.4781615096153846 0.58853425 0.5099099495192307 0.5555105865384615 0.5214224302884616 0.5522048966346154 0.524997798076923 0.5571551274038462 0.5335010961538461 0.557701923076923 0.5287933509615385 0.5351462692307692 0.5328510288461539 0.5070852860576923
0 0.6911633413461539 0.26439123557692307 0.6884162836538461 0.26219159375 0.6771659254807693 0.25944515865384615 0.6733284326923077 0.2605470528846154 0.6722379975961539 0.26384859134615385 0.6645630120192307 0.2660523846153846 0.6615538293269231 0.2699048653846154 0.6571920889423077 0.2831110120192308 0.6602432139423077 0.3001654903846154 0.6673939519230768 0.31006594711538465 0.6707071995192307 0.32106830048076923 0.6808671177884615 0.3271162740384615 0.6885421057692308 0.3249124831730769 0.6978737163461539 0.3282098701923077 0.6973075288461538 0.31940715625 0.6931659687499999 0.30565421153846156 0.6953048990384616 0.2781441778846154 0.6911633413461539 0.26439123557692307
0 0.5910089471153847 0.56798340625 0.5988959903846154 0.5603365649038461 0.5977252716346154 0.5434414399038462 0.5869004783653846 0.5439288149038461 0.5614129038461538 0.5182789495192307 0.5548448052884616 0.5329015985576923 0.5729596129807693 0.5670338293269231 0.5910089471153847 0.56798340625
2 0.6549797548076923 0.13731322355769232 0.6392837740384615 0.10595900480769231 0.6206624975961539 0.12027119711538461 0.6262824350961539 0.18739136538461537 0.6290714374999999 0.21049796634615386 0.6515721490384615 0.21599084375000002 0.6549797548076923 0.13731322355769232
2 0.4918338701923077 0.2947307307692308 0.5153830769230769 0.2760151057692308 0.5093227740384616 0.2628131105769231 0.44496611778846157 0.17370899278846152 0.4158808509615385 0.16711837019230769 0.41343785817307693 0.17977356971153846 0.443393375 0.21002173798076923 0.4918338701923077 0.2947307307692308
2 0.25822908413461537 0.3289351610576923 0.2666904423076923 0.3085749951923077 0.2570547668269231 0.2904227716346154 0.22849375 0.2717279014423077 0.2148004014423077 0.2816366610576923 0.22443607451923078 0.2997888870192308 0.25822908413461537 0.3289351610576923