1 0.11324236778846154 0.9297196923076924 0.15104371875 0.9675229326923076 0.1925126466346154 0.9532147403846154 0.2105338125 0.9081068653846154 0.20934817788461538 0.8373052764423077 0.1795001081730769 0.8424798605769231 0.12164070673076922 0.8935815745192308 0.11324236778846154 0.9297196923076924
1 0.517290375 0.8175060552884615 0.48332378846153845 0.8202915024038462 0.46195765625 0.8356780336538462 0.4338238701923077 0.8788883245192308 0.43953422355769234 0.9165963293269231 0.4612288509615385 0.9529935336538462 0.4935647475961539 0.9585224447115385 0.5051856057692308 0.9493888341346154 0.5275701850961538 0.9121037668269231 0.5388625528846154 0.8511864254807692 0.53400934375 0.8324962716346154 0.517290375 0.8175060552884615
1 0.6983379615384616 0.829927920673077 0.6954439278846153 0.8547071442307692 0.7061687956730769 0.8701889110576922 0.7373637980769231 0.8948995216346154 0.7632157980769231 0.8900526346153845 0.7764673461538462 0.8726046682692308 0.7871086153846154 0.841736375 0.7776859471153846 0.7661565120192309 0.7342189831730769 0.7806285576923078 0.6983379615384616 0.829927920673077
2 0.7748849326923076 0.12556998557692306 0.7583720072115384 0.15964666826923077 0.7530737427884616 0.22007246153846155 0.7375404086538461 0.27588383173076925 0.7863503774038462 0.29096928365384617 0.7989449399038461 0.1699538485576923 0.8152129663461539 0.1304434951923077 0.8388220336538462 0.1203267860576923 0.8439589951923078 0.10081738221153845 0.801755375 0.09882456009615384 0.7748849326923076 0.12556998557692306
2 0.5083728076923077 0.1746942403846154 0.5292550336538462 0.2820568846153846 0.5667278942307692 0.26807639182692306 0.5338963125 0.11806362019230769 0.4955663149038462 0.11302625961538461 0.4955274615384615 0.15665948798076926 0.5083728076923077 0.1746942403846154
2 0.4622119735576923 0.12939588942307692 0.46359776442307693 0.11564786057692308 0.42677600240384617 0.09957930528846154 0.3870602115384615 0.10828997836538462 0.3955868846153846 0.20848521153846156 0.4151221754807692 0.2859626610576923 0.4329820336538462 0.28177117548076924 0.43848634374999995 0.27041228125 0.4565911033653846 0.27165446634615387 0.4350966322115385 0.15070764182692306 0.44247652644230767 0.1364680625 0.4622119735576923 0.12939588942307692
2 0.31231465144230774 0.0517013485576923 0.2889504831730769 0.06725172836538461 0.29421577884615385 0.18407568028846155 0.3143633125 0.27513730528846153 0.36345703125 0.2520232067307692 0.3473055673076923 0.16063387740384616 0.3316050432692308 0.12374512259615383 0.35374472596153844 0.08102638221153846 0.35076709855769234 0.05945554326923076 0.31231465144230774 0.0517013485576923
2 0.08339783413461539 0.08956194711538462 0.08009760336538461 0.14982388942307692 0.06595006009615384 0.1918872283653846 0.07830561298076924 0.19905463942307694 0.12511754567307692 0.2143039423076923 0.13404453365384617 0.14539993990384617 0.16266811298076922 0.11305699278846154 0.18052797355769232 0.10886550961538462 0.1837893485576923 0.09223679086538462 0.13897545192307692 0.07682363942307692 0.08339783413461539 0.08956194711538462
2 0.02961809375 0.18668602163461537 0.057590576923076925 0.18439212259615384 0.08197318990384615 0.14694320192307692 0.07862821875 0.11722185817307693 0.01783004326923077 0.1031195048076923 0.019138127403846152 0.17663792548076923 0.02961809375 0.18668602163461537
0 0.14792598557692307 0.5423857067307692 0.19167669951923075 0.4897141081730769 0.19032976201923077 0.4598289110576923 0.17259234855769232 0.4667372355769231 0.1638655216346154 0.4510916177884615 0.14486476682692306 0.4744648052884616 0.12333732692307693 0.5307677235576923 0.14792598557692307 0.5423857067307692
0 0.12440051201923077 0.5988524783653847 0.1294150264423077 0.5766262379807693 0.11102651682692308 0.6135836081730769 0.11098766105769231 0.6572168365384615 0.12644328846153846 0.6886719206730769 0.13443542548076923 0.6880165192307692 0.14532159375 0.6625818942307693 0.15086475721153847 0.6075897716346154 0.14650134134615383 0.5997669639423078 0.1372458605769231 0.6168872307692308 0.12440051201923077 0.5988524783653847
0 0.5277256009615384 0.7375708581730769 0.5315603677884615 0.7781595504807692 0.5567612668269231 0.8033617115384615 0.5707475096153846 0.8022147620192308 0.5800029879807692 0.7850944951923077 0.5724170504807693 0.7502671754807693 0.5550858389423077 0.7216927788461539 0.5538613509615384 0.6945244158653847 0.5277256009615384 0.7375708581730769
0 0.5877443413461538 0.64538890625 0.5859076081730769 0.6046363629807693 0.5659272668269231 0.6062748629807693 0.5565493389423077 0.620678295673077 0.5517797211538462 0.6483382067307691 0.5622596899038462 0.6583863004807693 0.5877443413461538 0.64538890625
0 0.6366767596153846 0.6631911971153847 0.6410401730769231 0.6710140048076922 0.6559224086538461 0.6452516802884615 0.6566959567307692 0.61791946875 0.6366767596153846 0.6631911971153847