1 0.7080000000000001 0.33999999999999997 0.734 0.33999999999999997 0.7759999999999999 0.3228571418269231 0.78 0.2714285721153846 0.762 0.22 0.736 0.1914285721153846 0.6839999999999999 0.1942857139423077 0.662 0.21428571394230772 0.6479999999999999 0.2514285721153846 0.646 0.3 0.656 0.32857142788461535 0.6920000000000001 0.31714285817307697 0.7080000000000001 0.33999999999999997
1 0.584 0.1942857139423077 0.5780000000000001 0.16 0.56 0.13714285817307692 0.542 0.1314285721153846 0.522 0.14 0.514 0.1828571418269231 0.508 0.2457142860576923 0.518 0.2457142860576923 0.552 0.1942857139423077 0.584 0.1942857139423077
1 0.13 0.2628571418269231 0.134 0.2714285721153846 0.148 0.28 0.16199999999999998 0.28 0.178 0.26857142788461535 0.19399999999999998 0.24000000000000002 0.206 0.20857142788461538 0.206 0.1857142860576923 0.2 0.16857142788461538 0.184 0.1485714278846154 0.16999999999999998 0.13714285817307692 0.136 0.1485714278846154 0.126 0.16 0.12000000000000001 0.1828571418269231 0.12000000000000001 0.2 0.11800000000000001 0.20285714182692308 0.128 0.24000000000000002 0.13 0.2628571418269231
1 0.13 0.08 0.132 0.07714285817307692 0.164 0.08285714182692307 0.168 0.08 0.168 0.07142857211538461 0.164 0.057142858173076926 0.16 0.05142857211538462 0.16 0.04857142788461539 0.15 0.03714285817307692 0.14200000000000002 0.03142857211538462 0.128 0.03142857211538462 0.12000000000000001 0.03714285817307692 0.11800000000000001 0.04285714182692308 0.11800000000000001 0.0742857139423077 0.12200000000000001 0.08 0.13 0.08
0 0.27799999999999997 0.4914285721153846 0.27799999999999997 0.4828571418269231 0.276 0.48000000000000004 0.276 0.4714285721153846 0.27799999999999997 0.46857142788461537 0.27799999999999997 0.44285714182692304 0.28400000000000003 0.4257142860576923 0.282 0.4228571418269231 0.266 0.4228571418269231 0.256 0.4371428581730769 0.254 0.44285714182692304 0.252 0.4742857139423077 0.25 0.48000000000000004 0.252 0.4857142860576923 0.27799999999999997 0.4914285721153846
0 0.15799999999999997 0.39428571394230766 0.164 0.3914285721153846 0.164 0.3742857139423077 0.16599999999999998 0.36 0.16199999999999998 0.3542857139423077 0.15399999999999997 0.3314285721153846 0.14400000000000002 0.3314285721153846 0.138 0.3485714278846154 0.134 0.3685714278846154 0.134 0.3914285721153846 0.138 0.39428571394230766 0.15799999999999997 0.39428571394230766
0 0.41000000000000003 0.5 0.448 0.5057142860576923 0.46599999999999997 0.5171428581730769 0.476 0.5171428581730769 0.48800000000000004 0.5314285721153846 0.516 0.5485714278846154 0.532 0.557142858173077 0.5399999999999999 0.5542857139423076 0.5479999999999999 0.5 0.5559999999999999 0.4857142860576923 0.526 0.4857142860576923 0.49 0.46857142788461537 0.47800000000000004 0.44285714182692304 0.476 0.42 0.46799999999999997 0.4228571418269231 0.46599999999999997 0.42857142788461544 0.454 0.42857142788461544 0.414 0.4057142860576923 0.402 0.4257142860576923 0.398 0.46 0.40599999999999997 0.46857142788461537 0.40599999999999997 0.4942857139423077 0.41000000000000003 0.5
0 0.6819999999999999 0.66 0.6859999999999999 0.6628571418269231 0.6940000000000001 0.6628571418269231 0.696 0.6657142860576923 0.7 0.6657142860576923 0.7100000000000001 0.66 0.712 0.6571428581730768 0.712 0.642857141826923 0.702 0.6171428581730769 0.702 0.6028571418269231 0.7 0.5942857139423077 0.6920000000000001 0.6 0.6839999999999999 0.6 0.676 0.6085714278846154 0.676 0.62 0.672 0.6314285721153846 0.674 0.6485714278846154 0.6819999999999999 0.66
0 0.53121 0.4185085721153846 0.541736 0.4160028581730769 0.537978 0.3995285721153846 0.5282020000000001 0.3943828581730769 0.5111600000000001 0.4002457139423077 0.503642 0.4378514278846154 0.514168 0.4500285721153846 0.53121 0.4185085721153846
2 0.7080000000000001 0.822857141826923 0.714 0.7885714278846153 0.6880000000000001 0.7142857139423077 0.6679999999999999 0.7257142860576924 0.672 0.7485714278846154 0.6859999999999999 0.8142857139423078 0.7080000000000001 0.822857141826923
2 0.502 0.8114285721153845 0.538 0.7085714278846154 0.5399999999999999 0.6942857139423076 0.512 0.6828571418269231 0.49 0.7771428581730769 0.47000000000000003 0.8142857139423078 0.476 0.8257142860576923 0.502 0.8114285721153845
2 0.292 0.7314285721153847 0.27799999999999997 0.7142857139423077 0.254 0.7514285721153846 0.25 0.7714285721153846 0.266 0.7771428581730769 0.28800000000000003 0.7514285721153846 0.292 0.7314285721153847