1 0.3101193341346154 0.7023528052884616 0.2772637908653846 0.7161300024038462 0.2881073125 0.740271391826923 0.3248823509615385 0.7432795961538462 0.3101193341346154 0.7023528052884616
1 0.2859470096153846 0.48735173798076925 0.3027342355769231 0.4907618173076923 0.31605944471153846 0.4904939014423077 0.31945610336538466 0.49229940865384614 0.32272205048076924 0.49035994471153843 0.31207459374999996 0.47183601201923075 0.3086779350961538 0.47003050721153844 0.31455628125 0.4474267091346154 0.30123107211538463 0.44769462499999996 0.28810192548076924 0.45357999759615386 0.2847706225961538 0.4536469783653846 0.2782387259615385 0.4575259110576923 0.27183754086538464 0.4651498173076923 0.2722950264423077 0.47825722115384617 0.2757570360576923 0.4819352163461538 0.2859470096153846 0.48735173798076925
1 0.2933249278846154 0.31668754086538464 0.29378241346153844 0.3297949471153846 0.3005757283653846 0.3334059615384615 0.31403164903846154 0.33688301923076924 0.32402555769230773 0.33668208413461537 0.3272915048076923 0.33474261538461536 0.32637653846153847 0.3085278052884615 0.3097200216346154 0.3088626995192308 0.2933249278846154 0.31668754086538464
1 0.31226706730769227 0.2863258798076923 0.3290542908653846 0.28973595673076924 0.32892358173076924 0.2859909855769231 0.3255269254807692 0.2841854759615385 0.32526550480769234 0.27669553125 0.3285314519230769 0.2747560649038462 0.3280739663461538 0.2616486586538462 0.3376757475961538 0.2502128028846154 0.30769402163461534 0.25081561298076926 0.2978308221153846 0.2547615216346154 0.29142963701923075 0.2623854278846154 0.2917564110576923 0.2717478605769231 0.29528378125 0.27729834134615383 0.2987457908653846 0.28097633413461537 0.31226706730769227 0.2863258798076923
1 0.15902534615384617 0.19384311778846156 0.1521013221153846 0.18648712980769233 0.15151312740384615 0.16963475 0.1448505216346154 0.16976870673076924 0.12525483413461538 0.18140550240384617 0.1257123173076923 0.19451290865384616 0.13603300000000002 0.20367440384615382 0.14609226201923076 0.20534595192307695 0.16274877884615385 0.20501106009615383 0.17267733173076924 0.2029376346153846 0.15902534615384617 0.19384311778846156
1 0.01375153125 0.043112334134615383 0.013947596153846154 0.04872979567307693 0.010681646634615386 0.05066925961538461 0.017736382211538462 0.06177022115384615 0.03471967067307692 0.07079775721153846 0.044713579326923075 0.07059682211538462 0.04811023798076923 0.07240233173076924 0.06803269951923077 0.07012796874999999 0.051049408653846155 0.06110043028846154 0.050853343749999995 0.05548297115384615 0.04392931971153846 0.04812698317307692 0.04373325480769231 0.04250952163461538 0.0403365985576923 0.040704016826923074 0.04014053365384615 0.03508655528846154 0.043406480769230774 0.033147091346153845 0.03994446875 0.02946909615384615 0.02674996875 0.03348198557692308 0.016952125 0.03930038221153846 0.01375153125 0.043112334134615383
2 0.9579498125 0.16091577403846152 0.9614118269230769 0.16459376442307694 0.9682051418269231 0.16820478125000002 0.9846002355769231 0.1603799423076923 0.9822474591346153 0.09297042307692308 0.9655909471153846 0.09330531730769231 0.9623249975961539 0.09524478125 0.9523310889423077 0.09544571874999999 0.9457338389423077 0.09745216826923077 0.9392673004807693 0.10320358413461538 0.9461913245192307 0.11055957211538461 0.9466488076923076 0.12366698076923077 0.943382858173077 0.12560644471153848 0.9435789230769231 0.1312239014423077 0.9576230384615385 0.15155333894230769 0.9579498125 0.16091577403846152
2 0.8478225528846154 0.25307241826923077 0.8544198052884616 0.2510659735576923 0.8541583846153846 0.2435760240384615 0.8701613485576923 0.2245162644230769 0.8697692211538463 0.21328134615384617 0.8663725624999999 0.2114758389423077 0.849716048076923 0.21181073557692306 0.8267890576923077 0.2235145048076923 0.8241766610576923 0.24417883653846154 0.8275079615384615 0.24411185817307693 0.8309699735576923 0.24778985336538462 0.837632579326923 0.24765589663461537 0.8478225528846154 0.25307241826923077
2 0.8686599831730769 0.2770128677884615 0.8552040624999999 0.2735358125 0.8452101538461538 0.27373675 0.8324077812499999 0.2889845576923077 0.835869795673077 0.2926625552884615 0.8459290576923078 0.29433410096153845 0.8725794783653846 0.29379826923076924 0.8758454278846154 0.29185880528846153 0.8754532980769232 0.2806238846153846 0.8686599831730769 0.2770128677884615
2 0.8433166586538461 0.31499843269230765 0.8171890745192307 0.33051415865384615 0.8173197860576923 0.3342591346153846 0.8207164423076924 0.336064641826923 0.8177772692307692 0.3473665384615385 0.8278365336538461 0.3490380889423077 0.8409656778846154 0.34315271153846155 0.857034 0.32596543990384613 0.8566418701923078 0.3147305168269231 0.8433166586538461 0.31499843269230765
2 0.8645462163461539 0.35017380528846154 0.8512210048076922 0.3504417235576923 0.8215660552884615 0.3604069663461538 0.8286861466346154 0.3733804134615385 0.8255509062499999 0.37906485576923077 0.8455387235576922 0.3786629807692308 0.8586025168269231 0.3709051177884615 0.8649383461538461 0.3614087259615385 0.8645462163461539 0.35017380528846154
2 0.8500464134615384 0.4123007620192308 0.8735615961538462 0.4174493653846154 0.8800281394230769 0.4116979495192308 0.8795053004807692 0.3967180552884615 0.8693806826923077 0.3931740216346154 0.8560554711538462 0.3934419350961538 0.8493275120192307 0.39170340625000005 0.8500464134615384 0.4123007620192308
2 0.8572972139423077 0.4290191826923077 0.8541619735576924 0.4347036201923077 0.8545541033653846 0.44593854086538465 0.861347420673077 0.4495495552884616 0.8712759735576923 0.4474761322115385 0.8778078677884615 0.44359719711538464 0.8773503846153846 0.43048979326923076 0.8739537259615384 0.4286842860576923 0.8572972139423077 0.4290191826923077
2 0.9315044302884616 0.6448880480769231 0.9382323942307692 0.6466265769230769 0.9459406754807692 0.67645240625 0.9493373341346154 0.6782579134615384 0.9560652932692307 0.6799964423076923 0.9626625432692308 0.6779899975961539 0.9689330216346155 0.6666211201923077 0.9716107740384616 0.6478292716346155 0.9748767235576923 0.6458898076923076 0.9743538846153845 0.6309099158653846 0.9709572259615384 0.62910440625 0.9707611610576923 0.6234869495192308 0.9673645048076923 0.6216814399038462 0.9573705961538461 0.6218823774038462 0.9508386995192308 0.6257613100961539 0.9445028677884615 0.6352576995192307 0.9314390769230769 0.6430155649038463 0.9315044302884616 0.6448880480769231
2 0.8836244519230768 0.6102485096153847 0.890417764423077 0.6138595240384616 0.8875439495192308 0.6270339086538462 0.8842126442307693 0.6271008894230768 0.884278 0.6289733774038461 0.8910059591346153 0.6307119038461538 0.9076624735576923 0.6303770072115384 0.9110591298076923 0.6321825168269231 0.920922329326923 0.6282366057692308 0.9160225120192307 0.5833639086538461 0.9126258533653846 0.5815583990384615 0.9089024206730769 0.5703904567307693 0.8955772115384615 0.5706583725961538 0.8923112620192307 0.5725978389423078 0.892507326923077 0.5782153004807692 0.8892413774038462 0.5801547644230769 0.8895681514423077 0.5895171995192308 0.8830362572115384 0.5933961298076923 0.8766350721153846 0.6010200336538462 0.8836244519230768 0.6102485096153847
2 0.8844105048076922 0.7282821466346154 0.8872189687500001 0.7132352764423077 0.8904849182692308 0.711295810096154 0.8902234975961538 0.7038058605769231 0.8868268389423076 0.7020003533653847 0.8701703269230769 0.7023352475961538 0.8635730745192307 0.7043416947115385 0.860372483173077 0.7081536466346154 0.8473086899038461 0.7159115096153846 0.8480275937499999 0.736508860576923 0.8547555528846154 0.738247391826923 0.8681461201923076 0.7398519591346153 0.8844105048076922 0.7282821466346154