1 0.9324406850961539 0.2741043028846154 0.9457690961538462 0.27414766586538464 0.9530393173076923 0.25906058653846153 0.9505152331730768 0.23890473076923074 0.9371868245192307 0.2388613677884615 0.9336527163461539 0.24388678125000002 0.9299166009615385 0.2539484471153846 0.9324406850961539 0.2741043028846154
1 0.8899274375 0.5862544663461539 0.9193103509615385 0.6014607932692309 0.9238544855769231 0.5712541105769231 0.9177962932692308 0.5561236706730769 0.9046698870192308 0.5510440504807692 0.8909374639423077 0.5610731971153846 0.8872013509615384 0.5711348629807692 0.8899274375 0.5862544663461539
1 0.6754608125 0.6157781850961539 0.6823270264423077 0.6107636105769231 0.6829330432692308 0.5956548509615385 0.6735427475961538 0.5805135697115384 0.6568822331730769 0.5804593653846154 0.6498140168269231 0.5905101899038462 0.6488039903846154 0.6156914591346154 0.6519340889423078 0.6207385528846154 0.6585982956730769 0.6207602355769232 0.6621324038461539 0.6157348221153847 0.6754608125 0.6157781850961539
1 0.5751956971153847 0.5398983173076923 0.56580540625 0.5247570360576923 0.5491448894230769 0.5247028317307693 0.5454087764423077 0.5347645 0.5487408774038461 0.5347753413461539 0.5612612692307692 0.55496371875 0.5610592668269231 0.55999996875 0.5675214639423077 0.5650579038461538 0.5745896850961538 0.5550070793269231 0.5751956971153847 0.5398983173076923
1 0.47947864182692307 0.10137566586538461 0.47634854326923076 0.0963285721153846 0.46635223317307695 0.09629605048076922 0.4592840168269231 0.10634687259615384 0.45867800240384615 0.12145563701923077 0.4620101081730769 0.12146647596153846 0.46827030288461535 0.13156066586538462 0.47493450721153846 0.13158234615384615 0.4784686153846154 0.1265569326923077 0.47947864182692307 0.10137566586538461
1 0.49714722115384613 0.2424666514423077 0.4900790024038461 0.25251747836538463 0.4894729855769231 0.26762624038461535 0.4955311778846154 0.2827566802884615 0.5053254831730769 0.2878254591346154 0.5157258004807692 0.27778547115384616 0.516735826923077 0.2526042043269231 0.5104756298076923 0.2425100144230769 0.49714722115384613 0.2424666514423077
1 0.20038608173076922 0.41275613942307693 0.19079378365384617 0.4026511081730769 0.1807974735576923 0.4026185865384615 0.17372925721153848 0.41266941346153846 0.1727192307692308 0.4378506826923077 0.18271553846153846 0.43788320673076925 0.1858456394230769 0.4429302980769231 0.19604395192307691 0.4379265673076923 0.2031121682692308 0.4278757403846154 0.20038608173076922 0.41275613942307693
1 0.13515609375 0.5435036009615385 0.13869020192307693 0.5384781899038461 0.13596411298076921 0.5233585865384616 0.12950191346153847 0.5183006514423076 0.11284139663461537 0.5182464495192307 0.10223907451923077 0.5333226899038461 0.10183506249999999 0.5433951947115385 0.1241497596153846 0.5686523485576923 0.13081396394230768 0.5686740288461538 0.13434807451923075 0.5636486153846154 0.13515609375 0.5435036009615385
1 0.15555861298076923 0.03484198076923077 0.1592947235576923 0.0247803125 0.15656863701923077 0.00966071153846154 0.14324022596153846 0.009617348557692307 0.14243220432692308 0.02976236298076923 0.14556230288461539 0.03480945913461538 0.15555861298076923 0.03484198076923077
2 0.9182231442307691 0.33926589663461537 0.9247140841346154 0.34734607211538465 0.9362518413461539 0.34783189423076927 0.9356665649038463 0.3254509927884615 0.9210178197115385 0.3262545745192308 0.9182231442307691 0.33926589663461537
2 0.8981225120192308 0.3454664206730769 0.9070578245192308 0.35176140624999996 0.9139881129807693 0.3414935432692308 0.9113395745192308 0.32626842067307693 0.8988584134615384 0.32711934615384614 0.8981225120192308 0.3454664206730769
2 0.5444729447115384 0.6985920168269231 0.5298599399038462 0.7083916346153847 0.5248935096153846 0.7065873749999999 0.5227585384615385 0.7155310168269231 0.5455796201923077 0.7227627163461539 0.5593155913461538 0.7201227307692307 0.5609111875 0.709837514423077 0.5495923028846155 0.7039780192307692 0.5444729447115384 0.6985920168269231
2 0.0629563173076923 0.7629384639423077 0.0688543485576923 0.7710116730769231 0.08597475961538462 0.7652497427884615 0.08490737259615384 0.7401825985576923 0.062092461538461534 0.7401083725961539 0.0629563173076923 0.7629384639423077
0 0.12363754326923077 0.6267867067307692 0.12099831009615383 0.6187241009615385 0.11120414423076924 0.6191354855769231 0.09946882692307693 0.6235751177884615 0.09568946394230769 0.6365429423076924 0.1176599639423077 0.6428803389423077 0.12363754326923077 0.6267867067307692
0 0.12450286778846155 0.6108628076923077 0.1309032860576923 0.6064108557692308 0.14144286057692307 0.5948098822115384 0.13668822596153846 0.5800815961538461 0.1270445625 0.58446759375 0.1272787139423077 0.5934189447115384 0.12450286778846155 0.6108628076923077
0 0.06648286057692308 0.15881277163461538 0.06562047115384616 0.16552416826923075 0.0728388485576923 0.16286298076923078 0.07346708413461539 0.14720023076923078 0.06754719230769231 0.14366017067307693 0.06648286057692308 0.15881277163461538
0 0.17876999759615383 0.09831205769230769 0.17304371634615384 0.1081405889423077 0.17213606490384617 0.10858592067307692 0.17155245673076921 0.11574147355769232 0.17483853846153846 0.12246636538461539 0.1815807764423077 0.12428144230769231 0.18289265144230768 0.12115274759615385 0.18037926923076922 0.1099525576923077 0.17876999759615383 0.09831205769230769
0 0.5999188774038461 0.6181868677884614 0.6108011105769231 0.6276211466346153 0.6177673581730769 0.6164568317307692 0.6114200432692308 0.6047958798076923 0.6027399879807692 0.6070090673076923 0.5999188774038461 0.6181868677884614
0 0.23147088701923077 0.590584670673077 0.24550193028846154 0.5854070408653846 0.24407988701923078 0.5633659326923077 0.23842726923076923 0.5511682908653847 0.23077721874999998 0.5550369326923077 0.23147088701923077 0.590584670673077
0 0.6373301370192308 0.7106553076923077 0.6388062091346154 0.6977001346153846 0.6315998365384616 0.69275059375 0.620943079326923 0.6998784086538462 0.6214165192307692 0.7101753942307693 0.6373301370192308 0.7106553076923077
2 0.49911781971153846 0.7370423028846154 0.5101779663461539 0.71246290625 0.5028647764423076 0.6981292499999999 0.49035278125000004 0.7191075745192308 0.4808198509615385 0.7351896346153846 0.49096534375 0.7482027620192307 0.49911781971153846 0.7370423028846154