1 0.8679057620192308 0.7974142524038462 0.8700927572115386 0.80305165625 0.8831256081730768 0.8059897860576922 0.8906686923076923 0.7871128269230769 0.8873659230769231 0.7709351418269231 0.8743330697115385 0.7679970120192308 0.8667899855769231 0.786873971153846 0.8679057620192308 0.7974142524038462
1 0.9060685865384616 0.4819224471153846 0.9169590000000001 0.49466632451923076 0.9310630673076923 0.49270157932692304 0.9407931490384616 0.4794620264423077 0.9439622451923076 0.44931025480769227 0.9114246754807692 0.45740807932692307 0.9049528100961539 0.47138216826923074 0.9060685865384616 0.4819224471153846
1 0.687590108173077 0.37093615625 0.6832606754807693 0.3751044975961539 0.6779045865384615 0.3996188653846154 0.6822785745192307 0.4108936730769231 0.698569641826923 0.41456633653846153 0.7115579302884616 0.4020613125 0.7147715865384616 0.3873526947115385 0.7093263774038461 0.3809807572115385 0.6962935288461539 0.3780426274038462 0.6941065336538461 0.3724052211538461 0.687590108173077 0.37093615625
1 0.5651165961538461 0.4307799591346154 0.5618583846153846 0.43004542548076924 0.5629741610576923 0.44058570432692307 0.5792652235576923 0.4442583677884615 0.5922535168269231 0.43175334374999996 0.5954671730769231 0.4170447259615385 0.5910931802884616 0.40576991586538463 0.5835055360576923 0.4092037235576923 0.5824343197115385 0.41410659375 0.5651165961538461 0.4307799591346154
1 0.37301391346153845 0.8093105216346154 0.3698002596153846 0.8240191418269232 0.37417424759615386 0.8352939495192307 0.3839488846153846 0.8374975480769231 0.3882783173076923 0.8333292091346153 0.39363440625 0.8088148413461538 0.39144741105769226 0.8031774350961538 0.38493098798076925 0.8017083701923077 0.37627212740384613 0.8100450528846154 0.37301391346153845 0.8093105216346154
1 0.43670592067307695 0.6899156754807693 0.4410799110576923 0.7011904879807692 0.4541127596153846 0.7041286177884616 0.46277162259615384 0.6957919350961539 0.46812771153846156 0.6712775697115384 0.4604955120192308 0.6592682235576923 0.44964965625000003 0.6619675024038462 0.43991957451923075 0.6752070552884616 0.43670592067307695 0.6899156754807693
1 0.17332721634615386 0.4401978365384615 0.16797112740384618 0.46471220432692306 0.17234511538461536 0.4759870144230769 0.18211975480769232 0.4781906129807692 0.19403682692307692 0.4705884639423077 0.20050869471153848 0.45661437740384614 0.1961347043269231 0.44533956490384613 0.1874312860576923 0.43823309375 0.18310185576923077 0.4424014350961538 0.17332721634615386 0.4401978365384615
1 0.15882212259615386 0.3031742115384616 0.13065854567307691 0.32254685096153846 0.12851610817307693 0.33235259375 0.13507709134615384 0.3492648125 0.15136815384615385 0.35293747596153846 0.15895580048076924 0.3495036682692308 0.16542766346153848 0.33552958173076924 0.16324067067307693 0.3298921754807692 0.16752554326923075 0.31028068028846156 0.16533854807692305 0.3046432764423077 0.15882212259615386 0.3031742115384616
1 0.08562101201923077 0.8885628966346153 0.07691759134615385 0.8814564278846154 0.06825873076923077 0.8897931081730769 0.06611629567307692 0.8995988533653846 0.08240735576923078 0.903271516826923 0.08780800721153846 0.8942003028846154 0.08562101201923077 0.8885628966346153
1 0.056163423076923076 0.8356226466346153 0.05504764663461538 0.8250823677884616 0.045273009615384614 0.8228787716346153 0.04094357692307692 0.8270471105769232 0.03665870673076923 0.8466586057692307 0.049691557692307695 0.8495967355769231 0.056163423076923076 0.8356226466346153
2 0.8966277764423077 0.697735298076923 0.8852329567307693 0.6956242956730769 0.8768559639423077 0.7019667716346153 0.8763089639423077 0.7151416514423077 0.8904184495192309 0.7191918966346154 0.8966277764423077 0.697735298076923
2 0.8732794375 0.6988712355769231 0.8690948725961539 0.6874179206730768 0.8587793870192308 0.6914919879807692 0.8548769375 0.7093531538461538 0.8668567548076923 0.7129644423076923 0.8732794375 0.6988712355769231
2 0.5904018990384615 0.25909729807692305 0.6022104591346154 0.2718166658653846 0.6085687788461539 0.26776618990384615 0.6211033317307693 0.26464509375 0.6221351634615384 0.2543677620192308 0.6093800288461538 0.24875029326923076 0.5852621274038461 0.25062329567307695 0.5850951971153846 0.25972720673076927 0.5904018990384615 0.25909729807692305
2 0.17104572115384614 0.10501142788461539 0.15577035576923076 0.095626 0.14797439423076922 0.10209431971153847 0.14137975 0.12392190384615386 0.16368873076923077 0.12895124759615384 0.17104572115384614 0.10501142788461539
0 0.16835567548076924 0.25417299759615386 0.17296510576923077 0.24698630288461537 0.17117879326923077 0.23012675961538462 0.14811717548076925 0.23132733413461537 0.14854318028846153 0.24468041346153846 0.1588903485576923 0.25158642548076926 0.16835567548076924 0.25417299759615386
0 0.17493131250000002 0.26826425961538464 0.16979947355769232 0.26253913701923076 0.1681175673076923 0.2799852067307692 0.16563405288461538 0.2885668653846154 0.17395117548076922 0.29495349278846156 0.18230637740384617 0.2818103894230769 0.17493131250000002 0.26826425961538464
0 0.09059381490384616 0.7582916394230769 0.0937127235576923 0.7690520072115384 0.09821710336538461 0.7581839855769231 0.10349389903846154 0.7479428028846153 0.10300027403846154 0.7446317211538461 0.09595587740384616 0.7448750240384616 0.09105142788461539 0.7506268052884616 0.08981920913461537 0.7576591634615385 0.09059381490384616 0.7582916394230769
0 0.6531305144230769 0.36742711298076924 0.6491366274038461 0.3551010841346154 0.6361282355769231 0.36176786057692306 0.63606890625 0.37318012740384615 0.6439918846153846 0.3772555336538461 0.6531305144230769 0.36742711298076924
0 0.27466288942307693 0.33508709615384613 0.28160414903846154 0.31414532451923083 0.2691999375 0.30601420432692306 0.2595681298076923 0.3401466153846154 0.26606779807692305 0.34558849999999997 0.27466288942307693 0.33508709615384613
0 0.6858624951923077 0.29693076201923074 0.6941498942307691 0.2937678846153846 0.69597103125 0.28094198076923077 0.6803024639423078 0.2778469254807692 0.6772462091346154 0.28767301201923073 0.6858624951923077 0.29693076201923074
2 0.5721980168269231 0.25076988461538463 0.5675834831730769 0.22458905048076924 0.5624296706730769 0.21200152884615384 0.5492396033653846 0.22228499519230768 0.5545024302884616 0.23992828365384614 0.5614425 0.26296030769230766 0.5721980168269231 0.25076988461538463