1 0.49019605528846155 0.8090776322115385 0.4704220625 0.8042706802884615 0.450039266826923 0.8075272259615385 0.44159982451923074 0.8240614447115384 0.45200723798076925 0.8522123581730768 0.48240788461538464 0.8690647716346154 0.5068011057692308 0.8620976923076923 0.5228656177884615 0.8508988317307692 0.5105258125 0.8318872403846154 0.49019605528846155 0.8090776322115385
1 0.7361051826923077 0.7432327451923076 0.7419828100961539 0.7532517980769231 0.7650633605769231 0.7501584903846154 0.7516815697115384 0.7388372283653847 0.7494789134615385 0.7279078197115385 0.7556265552884616 0.7167455793269231 0.7656553557692308 0.7052519711538461 0.7757176658653846 0.7022225721153846 0.8114571754807692 0.7102243100961538 0.8046942596153847 0.7053095865384615 0.7725956850961538 0.6951047403846153 0.7450788653846154 0.6917008293269231 0.7227923461538462 0.70528915625 0.7193317956730769 0.7167691370192307 0.7236910865384616 0.7345171850961538 0.7361051826923077 0.7432327451923076
1 0.6699878725961538 0.4791601129807692 0.6595463221153846 0.4514326033653846 0.6361715096153847 0.4288538677884616 0.6117953052884615 0.43633051442307696 0.6087947620192308 0.4538446634615385 0.617571951923077 0.46986931730769227 0.6311654495192307 0.4828496466346154 0.6497374591346153 0.4819535721153846 0.6673965528846153 0.48652148557692304 0.6699878725961538 0.4791601129807692
1 0.5267927548076923 0.39736276201923076 0.52359784375 0.38185836057692313 0.5233664663461538 0.38450888461538457 0.5038723822115384 0.38753675 0.5004923004807693 0.40493326682692304 0.5160766586538462 0.4248803125 0.5432648028846153 0.43391176201923076 0.5382423461538461 0.41754066346153845 0.5267927548076923 0.39736276201923076
1 0.4716325240384615 0.39639853846153844 0.4844868557692308 0.39705096153846153 0.4715661177884615 0.3839284519230769 0.4486039350961538 0.3717267067307692 0.4442519471153846 0.3745861658653846 0.4420804927884615 0.38162834375000004 0.4454444831730769 0.388282 0.4574912764423077 0.3981527788461538 0.4716325240384615 0.39639853846153844
1 0.4518496081730769 0.3952316177884615 0.44610167548076923 0.3854346802884615 0.4446491105769231 0.37514542788461536 0.4352015168269231 0.37458446394230765 0.4287877043269231 0.38079618990384617 0.4345184639423077 0.39168152403846157 0.4518496081730769 0.3952316177884615
1 0.37414629807692307 0.41373574759615384 0.3851708942307692 0.4138736802884615 0.3738023966346154 0.3972321995192308 0.3668937836538462 0.4020149326923077 0.37414629807692307 0.41373574759615384
1 0.38735739423076926 0.4836460985576923 0.40567490865384614 0.4829473125 0.4099563413461539 0.4784440456730769 0.403809375 0.4723481490384615 0.39843535336538466 0.4681334807692308 0.3855860432692308 0.4694333293269231 0.3829558076923077 0.4762697548076923 0.38735739423076926 0.4836460985576923
0 0.6580045120192307 0.9279351514423078 0.6457294591346153 0.9423446826923076 0.6584600504807692 0.9616110961538461 0.6776569326923076 0.9499255072115385 0.6782320264423076 0.9362295625 0.6580045120192307 0.9279351514423078
2 0.8171843870192308 1 0.8171478629807692 0.9834025841346155 0.8113433798076923 0.9735092163461538 0.8003019278846154 0.9723994663461538 0.7855054879807692 1 0.8171843870192308 1
2 0.45113193269230767 0.5310046802884615 0.45154796875 0.5315347259615385 0.46629140384615386 0.5357031033653846 0.4663536201923077 0.5151872764423077 0.4563041658653846 0.5219379759615385 0.45113193269230767 0.5310046802884615
0 0.45998826682692306 0.5190534375 0.47007098317307694 0.5155350144230769 0.45021805288461536 0.507770951923077 0.4516947091346154 0.5162813413461539 0.45998826682692306 0.5190534375
2 0.9510340336538461 0.4851399783653846 0.9373939350961538 0.4793628485576923 0.93805840625 0.47988002644230765 0.9422158413461539 0.5043842475961539 0.9557731322115385 0.5070364903846154 0.9683899663461539 0.4945433269230769 0.9810947764423077 0.4765014543269231 0.9641089951923077 0.47247537259615385 0.9510340336538461 0.4851399783653846