3 0 0.4 0.05277777884615385 0.39259259375 0.04444444471153846 0.3370370360576923 0.008333334134615384 0.3 0 0.3 0 0.4
1 0.03912777884615385 0.2669296298076923 0.03333333413461538 0.25614814903846156 0.020452778846153843 0.24914444471153846 0.008333334134615384 0.2524444447115385 0 0.26355555528846153 0.008333334134615384 0.2820740745192308 0.038888889423076924 0.28577777884615385 0.03912777884615385 0.2669296298076923
1 0.2666666658653846 0.27407407451923077 0.25299722115384615 0.26870740625 0.2416666658653846 0.27407407451923077 0.2416666658653846 0.2962962956730769 0.2666666658653846 0.30740740624999996 0.26989444471153845 0.2912370360576923 0.2666666658653846 0.27407407451923077
3 0.23888888942307693 0.30370370432692306 0.2166666658653846 0.3259259254807692 0.2166666658653846 0.41111111057692307 0.26111111057692304 0.4185185192307692 0.2555555552884615 0.3259259254807692 0.23888888942307693 0.30370370432692306
1 0.5082194447115385 0.34518518509615387 0.49265555528846156 0.3481481490384616 0.48954444471153846 0.3724555552884615 0.514888889423077 0.3724555552884615 0.5157777788461538 0.3617851850961538 0.5082194447115385 0.34518518509615387
0 0.019444444711538462 0.4185185192307692 0.019444444711538462 0.40740740625 0.011111110576923076 0.39629629567307695 0.005555555288461538 0.4 0.002777778846153846 0.4037037043269231 0.005555555288461538 0.41481481490384614 0.011111110576923076 0.4185185192307692 0.019444444711538462 0.4185185192307692
0 0.06548333413461539 0.39940370432692307 0.062177778846153844 0.38969259375000004 0.052266665865384615 0.39980740625 0.059774999999999995 0.41222222115384616 0.06548333413461539 0.4098185192307692 0.06548333413461539 0.39940370432692307
2 0.03965 0.5223592596153847 0.031238889423076923 0.5203592596153845 0.02493055528846154 0.5131481490384615 0.012013889423076924 0.5307703701923077 0.020125 0.5359777788461538 0.04055 0.5347777788461539 0.03965 0.5223592596153847
2 0.27725 0.5439888894230769 0.28235833413461536 0.5351777788461539 0.27334444471153846 0.5315740745192308 0.2658361105769231 0.5307703701923077 0.2511166658653846 0.5339740745192307 0.2520194447115385 0.5307703701923077 0.2484138894230769 0.5427851850961539 0.27725 0.5439888894230769
2 0.2373 0.5307703701923077 0.21957777884615387 0.5323740745192308 0.21447222115384615 0.5427851850961539 0.24721388942307693 0.5411851850961539 0.2373 0.5307703701923077
0 0.26883888942307693 0.4398555552884615 0.26823888942307694 0.4250370360576923 0.2589277788461538 0.42704074038461537 0.2589277788461538 0.4442629639423077 0.2679388894230769 0.4450629639423077 0.26883888942307693 0.4398555552884615
0 0.5280555552884615 0.5015740745192308 0.5294444447115384 0.4912037043269231 0.5183333341346154 0.4937962956730769 0.5191666658653846 0.4986111105769231 0.5225000000000001 0.5045370360576923 0.5280555552884615 0.5015740745192308
2 0.4977777788461539 0.6034259254807692 0.4866666658653846 0.59490740625 0.486111110576923 0.6141666658653846 0.5038888894230769 0.6145370360576923 0.5091666658653846 0.6082407403846154 0.4977777788461539 0.6034259254807692