1 0.732 0.64350453125 0.732 0.6465256802884615 0.746 0.637462235576923 0.752 0.6283987908653846 0.754 0.6283987908653846 0.754 0.6193353485576923 0.746 0.6042296081730769 0.736 0.6012084591346154 0.728 0.6072507548076923 0.7240000000000001 0.6193353485576923 0.7240000000000001 0.6283987908653846 0.728 0.6404833846153846 0.732 0.64350453125
1 0.782 0.5558912379807692 0.7899999999999999 0.5709969783653845 0.7899999999999999 0.5740181274038462 0.798 0.5770392740384616 0.802 0.5740181274038462 0.802 0.5709969783653845 0.8079999999999999 0.5619335336538461 0.8079999999999999 0.5407854975961539 0.804 0.5317220552884615 0.786 0.5317220552884615 0.778 0.5438066466346154 0.778 0.5498489423076923 0.78 0.5558912379807692 0.782 0.5558912379807692
1 0.516 0.5589123870192307 0.518 0.5468277956730769 0.514 0.5347432019230769 0.506 0.5317220552884615 0.504 0.5347432019230769 0.498 0.5347432019230769 0.49600000000000005 0.5377643509615384 0.494 0.5438066466346154 0.494 0.5528700913461538 0.49600000000000005 0.5589123870192307 0.516 0.5589123870192307
1 0.27399999999999997 0.5619335336538461 0.27799999999999997 0.5528700913461538 0.27799999999999997 0.5407854975961539 0.272 0.5317220552884615 0.262 0.5317220552884615 0.256 0.5407854975961539 0.256 0.5498489423076923 0.266 0.5619335336538461 0.27399999999999997 0.5619335336538461
1 0.32963800000000004 0.43674018028846157 0.32307 0.4290664663461538 0.31841 0.4306646514423077 0.317376 0.4364501514423077 0.324978 0.4511329302884616 0.329214 0.44537462259615385 0.32963800000000004 0.43674018028846157
0 0.27645000000000003 0.6668549855769231 0.271472 0.6716888221153846 0.266 0.6714833846153846 0.26667 0.6826948629807692 0.276806 0.6843051370192307 0.277696 0.6810815721153846 0.27645000000000003 0.6668549855769231
0 0.516736 0.6724441081730769 0.52634 0.6670755288461538 0.525094 0.6592900312500001 0.5176 0.6551691850961538 0.515492 0.6614380673076923 0.511402 0.6678821754807692 0.513358 0.6721752259615384 0.516736 0.6724441081730769
0 0.691336 0.727528701923077 0.6972039999999999 0.7331661634615384 0.6996939999999999 0.7090060432692307 0.692048 0.7151782475961539 0.688492 0.7235015096153846 0.691336 0.727528701923077
0 0.774438 0.6454773413461539 0.773726 0.6503081562499999 0.773904 0.6570211490384616 0.78066 0.6597039278846153 0.7822 0.6427824783653846 0.78066 0.6427915408653846 0.776038 0.6441359519230769 0.774438 0.6454773413461539
0 0.794176 0.6575558918269231 0.79702 0.6556767379807693 0.795064 0.6481631418269231 0.7913300000000001 0.6441359519230769 0.786352 0.6371540793269231 0.7816 0.6424803629807693 0.78155 0.6425256802884616 0.786884 0.6519214495192307 0.794176 0.6575558918269231
1 0.922 0.9335347427884616 0.9159999999999999 0.9003021153846155 0.8840000000000001 0.8912386706730769 0.874 0.9093655600961538 0.876 0.9607250745192307 0.8840000000000001 0.9728096682692308 0.906 0.9728096682692308 0.922 0.9335347427884616