1 0.6067965336538461 0.8188936009615385 0.6215103004807693 0.8600732860576923 0.6366546658653847 0.8745106658653847 0.6576264350961538 0.8781318701923078 0.7039471346153847 0.8803630576923077 0.7312297259615386 0.8712330961538461 0.7414078798076923 0.8430020432692308 0.7237936153846154 0.8134322740384616 0.6525281778846155 0.7734451370192308 0.6189083509615384 0.7829226009615385 0.6067965336538461 0.8188936009615385
1 0.6096522548076924 0.5572755048076923 0.6828249471153847 0.5771190384615384 0.7076904615384615 0.5776640120192308 0.7393502091346154 0.5635228317307692 0.7568324278846154 0.5310743028846153 0.7367746706730769 0.49877580528846155 0.6816204302884615 0.4693560745192308 0.6514373413461538 0.4900959543269231 0.6096522548076924 0.5572755048076923
1 0.7924835144230769 0.7886723894230769 0.7890731923076924 0.7898136346153847 0.7881063557692307 0.7936836057692307 0.8002974038461539 0.7949235841346154 0.8144221177884615 0.7884236177884615 0.8143957091346153 0.7760199591346153 0.8046217427884615 0.7651050480769231 0.7929141105769231 0.7619300817307693 0.7895037860576923 0.763071326923077 0.7885369543269231 0.7669413004807691 0.7924835144230769 0.7886723894230769
1 0.7444484711538462 0.6682095649038462 0.7498188701923076 0.6717320336538462 0.7644534086538461 0.6757007403846154 0.7780947043269231 0.6711357596153846 0.7805117860576923 0.661460826923077 0.7678109158653845 0.6497521754807691 0.753176375 0.6457834687499999 0.7429454038461538 0.6492072043269231 0.7449054783653846 0.6538709182692308 0.74004490625 0.6608171225961539 0.7444484711538462 0.6682095649038462
1 0.7725658485576923 0.5931913317307692 0.7745523341346154 0.6102587067307692 0.7799227331730769 0.6137811754807692 0.7887034567307692 0.6161623990384615 0.7979675961538462 0.6166086370192307 0.8028281682692308 0.6096624326923077 0.8003846754807692 0.6069337043269231 0.8018349254807693 0.6011287475961539 0.7998748509615384 0.59646503125 0.7891340528846154 0.58942009375 0.7764595889423076 0.5901151033653846 0.7725658485576923 0.5931913317307692
1 0.7269134326923077 0.6758507764423077 0.7361775745192307 0.6762970120192308 0.7429982211538462 0.6740145216346154 0.7439650552884616 0.6701445504807692 0.7390780721153847 0.66468709375 0.7273704399038461 0.6615121298076924 0.720066375 0.6657296057692308 0.7190995408653845 0.6695995769230769 0.7269134326923077 0.6758507764423077
1 0.6401970360576923 0.9353877187499999 0.643607360576923 0.9342464735576923 0.6469912740384616 0.9207015697115384 0.6416208774038462 0.9171791009615385 0.6299132475961537 0.9140041346153847 0.6274961634615385 0.9236790673076923 0.6240858389423077 0.9248203125000001 0.6226355913461539 0.9306252692307692 0.6401970360576923 0.9353877187499999
1 0.6303438413461537 0.8872618293269231 0.6327873341346154 0.8899905576923076 0.6381577331730769 0.8935130264423077 0.6498653653846154 0.8966879927884615 0.6591295048076924 0.8971342283653846 0.6635066610576923 0.8921230096153846 0.6654403269230769 0.8843830649038461 0.6629968341346154 0.8816543365384616 0.6454353870192308 0.8768918918269232 0.6420250649038461 0.8780331346153846 0.6332443413461538 0.8756519110576922 0.6303438413461537 0.8872618293269231
0 0.4189117884615384 0.7328181634615384 0.39697318509615387 0.7330669326923077 0.3935628629807692 0.7342081802884616 0.3921126129807692 0.7400131370192308 0.38480854807692305 0.7442306153846154 0.38335829807692307 0.7500355721153846 0.37994797355769233 0.7511768173076923 0.37753089182692307 0.7608517499999999 0.38730486057692304 0.7717666610576923 0.3956021682692308 0.7760828701923077 0.42194433413461535 0.7832265432692308 0.4282815673076923 0.7828790408653846 0.44484976923076924 0.7791078004807692 0.4501673509615385 0.7578229495192308 0.4467306153846154 0.7465605360576923 0.4418436346153846 0.7411030817307692 0.4359898197115385 0.7395155985576923 0.4325794951923077 0.74065684375 0.4189117884615384 0.7328181634615384
0 0.41636266105769226 0.6804747980769231 0.41295233653846153 0.6816160432692308 0.4012447043269231 0.678441076923077 0.3846765 0.6822123149038462 0.38029934134615384 0.6872235336538461 0.37546517788461536 0.7065733966346154 0.3769418389423077 0.7131720985576924 0.3867158028846154 0.7240870096153846 0.3862323870192308 0.7260219951923077 0.39745660096153845 0.7311319471153847 0.4008669254807692 0.7299907019230769 0.41257455769230766 0.7331656682692308 0.4189117884615384 0.7328181634615384 0.4349701658653846 0.7185782524038462 0.4456845576923077 0.7132195288461538 0.44906846874999995 0.699674625 0.4422214134615385 0.6895534567307693 0.4368510144230769 0.6860309879807692 0.41636266105769226 0.6804747980769231
0 0.41347020432692305 0.46688386057692305 0.40664955769230765 0.46916634855769235 0.4003123245192307 0.4695138509615384 0.37397015625 0.4623701802884615 0.3579117764423077 0.47661009375 0.3603552668269231 0.4793388197115384 0.3584216033653846 0.4870787668269231 0.36526865865384617 0.49719993509615384 0.3711224735576923 0.4987874182692308 0.38087002884615384 0.4972986682692308 0.39257766346153844 0.5004736346153846 0.4028086346153846 0.4970498990384616 0.40329205048076927 0.49511491346153846 0.41741676442307696 0.48861494711538456 0.41935043028846153 0.48087500000000005 0.41639711298076926 0.46767760096153843 0.41395362019230764 0.46494887259615386 0.41347020432692305 0.46688386057692305
0 0.4174431730769231 0.5010186033653846 0.42721713942307693 0.5119335168269231 0.4301440456730769 0.5127272596153847 0.44284492067307696 0.5244359110576923 0.4423615048076923 0.5263708942307692 0.4545525528846154 0.5276108749999999 0.46867726682692307 0.5211109086538461 0.4691342740384616 0.5067722644230769 0.4520034230769231 0.4752675096153846 0.4471164375 0.46981005528846154 0.44126262259615384 0.4682225721153846 0.4222509278846154 0.4692650817307692 0.4174431730769231 0.5010186033653846
2 0.19167513221153848 0.25384563221153844 0.15853872115384615 0.26138810817307695 0.15416156490384614 0.26639932692307694 0.11323767548076923 0.28009426682692307 0.08353799999999999 0.29889915865384614 0.07674376201923078 0.31358531009615387 0.07969707932692308 0.3267827091346154 0.08751097115384615 0.33303390624999996 0.13189800240384614 0.34300504086538464 0.14255957211538461 0.312839 0.16248528125 0.28311919711538464 0.19709835096153847 0.28217541826923076 0.22295710096153845 0.2912540769230769 0.2194939591346154 0.26758800240384617 0.20923657932692308 0.2586080793269231 0.19167513221153848 0.25384563221153844
2 0.22998098557692306 0.6134017211538462 0.21875676923076923 0.6082917692307692 0.20653931250000002 0.5946481322115384 0.20261916346153847 0.5853207043269231 0.18213080769230772 0.579764514423077 0.17482674519230768 0.5839819879807693 0.17240966346153846 0.5936569230769231 0.1689993389423077 0.5947981658653846 0.16803250721153845 0.5986681394230768 0.17047599759615384 0.6013968677884616 0.16902574759615385 0.6072018269230769 0.17246248317307694 0.6184642403846153 0.18518976442307694 0.6425765528846153 0.19056016346153845 0.6460990216346154 0.21104851442307693 0.6516552115384615 0.22372298076923075 0.650960204326923 0.23543061298076923 0.6541351682692308 0.24176784375 0.6537876658653846 0.24563517548076924 0.6383077740384615 0.24319168269230768 0.6355790480769231 0.2456087668269231 0.6259041153846153 0.24413210817307693 0.6193054134615384 0.2324244783653846 0.6161304471153847 0.22998098557692306 0.6134017211538462
2 0.1336154639423077 0.7356422596153845 0.13345476923076924 0.7613792620192308 0.15705445192307693 0.7700808221153845 0.18061834375 0.7622006250000001 0.20230968269230767 0.7703846634615386 0.20128722836538462 0.7714875312499999 0.20910396153846153 0.7680826274038461 0.23914094951923076 0.7398590288461538 0.2178291442307692 0.7331580600961539 0.18368774999999998 0.7248208076923077 0.14867509134615384 0.7144043317307692 0.1336154639423077 0.7356422596153845