1 0.6123790552884615 0.3699790600961539 0.6005504711538461 0.3676218653846154 0.5899438774038461 0.370027 0.5781366971153846 0.37686048076923073 0.5775649302884616 0.38557042548076925 0.5899838245192307 0.38840908653846157 0.5997129014423077 0.3935223461538462 0.6037407764423077 0.40010057451923076 0.6092722788461539 0.3961432764423077 0.6160043701923077 0.3877576274038462 0.6180456658653846 0.3793056105769231 0.6123790552884615 0.3699790600961539
1 0.5333613149038462 0.4017115841346154 0.5267768149038461 0.3961554807692308 0.5077190024038462 0.3965488942307692 0.49431200240384615 0.401736875 0.4889636346153846 0.40960612740384617 0.48933091346153845 0.4160666923076923 0.49336798317307695 0.4224667475961539 0.49831193269230767 0.4259451610576923 0.5108183100961539 0.42873241586538463 0.5191019350961539 0.4251093461538461 0.529577375 0.42142028365384615 0.5356469471153846 0.4106191201923077 0.5333613149038462 0.4017115841346154
2 0.4162550264423077 0.5242082572115385 0.42415177403846155 0.5394677259615385 0.4288471394230769 0.5406933028846154 0.4332825697115385 0.5409058653846154 0.43656685096153847 0.5443840528846153 0.44520631490384616 0.5381172524038461 0.4391646129807692 0.5380769134615385 0.43701367307692307 0.5311329038461539 0.44037885336538457 0.5270199375 0.4375247524038462 0.524504875 0.42811349278846156 0.5251719495192307 0.42393665384615387 0.5232445072115385 0.4206074230769231 0.5225515985576923 0.4162550264423077 0.5242082572115385
2 0.5741544735576923 0.5420357596153846 0.5726598076923077 0.5372689326923077 0.56952675 0.5308727139423077 0.563764798076923 0.5321960721153846 0.5537530649038461 0.5343989278846154 0.5551714663461539 0.5441474447115385 0.5498515961538462 0.5519494038461539 0.5545742451923077 0.5566222307692308 0.5611890216346154 0.5549249110576923 0.5688099038461538 0.5476370600961539 0.5741544735576923 0.5420357596153846
3 0.576176983173077 0.47066327644230765 0.5953367620192307 0.46924051923076926 0.6075283677884615 0.46390521394230766 0.605578141826923 0.45208409134615385 0.6032997139423076 0.43685570192307693 0.6030327451923078 0.4273619254807692 0.6011411923076924 0.4269930360576923 0.5873685793269231 0.4339543846153846 0.5666943581730769 0.4368702740384615 0.5610092716346153 0.4421907692307692 0.5498894206730769 0.44430771394230767 0.5357076899038462 0.44610785817307697 0.5358545817307692 0.4604125480769231 0.54624425 0.47025223798076926 0.576176983173077 0.47066327644230765
3 0.38103903125 0.4120395985576923 0.38190347355769233 0.42597814663461536 0.38628756971153844 0.4515171322115385 0.39489468028846153 0.45758431490384616 0.40509264663461536 0.45294465625 0.4150397860576923 0.45682710096153845 0.44069320432692305 0.45006046875 0.46793838221153844 0.44527648317307694 0.48472868028846156 0.44611645432692304 0.4947409158653846 0.4439155384615385 0.5026058701923077 0.43546259374999996 0.5100376586538462 0.43061227884615383 0.5044508173076923 0.4289204639423077 0.49546938221153847 0.42773150721153846 0.4888080769230769 0.42502676923076926 0.4821463653846154 0.40963448798076924 0.48336354567307693 0.3995757980769231 0.4876094567307692 0.3907628605769231 0.4951306899038462 0.3824208629807692 0.4918031995192308 0.3755284735576923 0.4841257764423077 0.37308446875 0.4799197668269231 0.3736114423076923 0.46320723317307694 0.3940830721153846 0.44193659855769235 0.40101165625 0.41031995673076926 0.4025033413461539 0.385110375 0.4067670721153846 0.38103903125 0.4120395985576923
3 0.2168195408653846 0.4223942932692308 0.21482770432692308 0.41463173317307694 0.20474692307692305 0.41101317067307697 0.19616002163461538 0.41321652884615384 0.17176773798076922 0.41327023076923075 0.1311975673076923 0.4216119302884615 0.1278373076923077 0.42040574278846154 0.11402376201923076 0.4260186466346154 0.11551763942307693 0.4318405649038462 0.10742869471153846 0.43598456730769236 0.10419389182692308 0.44715667067307696 0.09710086538461539 0.4551819471153846 0.10095908173076923 0.4583287764423077 0.10718164423076923 0.4588005120192308 0.10730709615384616 0.4711788028846154 0.10444479567307693 0.47191325721153843 0.10257841346153847 0.47652898798076926 0.10357433173076923 0.48041026923076924 0.10743254807692308 0.4835570961538461 0.11365511057692308 0.4840288293269231 0.13941581490384616 0.4774187572115384 0.14750475961538462 0.47327475480769227 0.15596621153846155 0.4586931057692307 0.1659215360576923 0.44993337499999997 0.18309534134615385 0.44552665865384616 0.1926781610576923 0.4472045793269231 0.19840276682692307 0.4457356730769231 0.20599374759615385 0.43965103605769235 0.2168195408653846 0.4223942932692308
2 0.052676324519230766 0.5079493533653846 0.05417020432692307 0.5137712716346153 0.05989480769230769 0.5123023653846154 0.06935217067307692 0.5016019951923076 0.07793907451923077 0.49939863701923076 0.07880954086538461 0.490901625 0.06200824278846154 0.4848706875 0.053421341346153846 0.48707404567307694 0.04719877884615385 0.48660231249999997 0.04583035576923077 0.49315868509615385 0.04931606730769231 0.5067431634615385 0.052676324519230766 0.5079493533653846
0 0.23195637259615387 0.4644786826923077 0.23281238221153847 0.46342753365384615 0.2334626730769231 0.4516113653846154 0.2232816514423077 0.45339226442307695 0.21440439903846154 0.4570559615384615 0.2132697139423077 0.4653911778846154 0.21959709375 0.46931508894230767 0.23195637259615387 0.4644786826923077
0 0.5360842451923077 0.3781176201923077 0.5410493629807692 0.3724999230769231 0.5285669927884615 0.3726002211538461 0.5144797620192307 0.3795243966346154 0.5222212884615385 0.38829371153846154 0.5356088197115384 0.38547905769230767 0.5360842451923077 0.3781176201923077
0 0.5478071322115384 0.3738685336538462 0.5583231466346154 0.3732385889423077 0.5659388365384616 0.36487235576923077 0.5625283966346154 0.3587148509615385 0.5467853557692307 0.35799708894230775 0.5426793125 0.36815169951923077 0.5478071322115384 0.3738685336538462