1 0.83 0.1 0.848 0.07878787980769232 0.846 0.06363636298076923 0.872 0.045454545673076927 0.892 0.06363636298076923 0.8979999999999999 0.07575757692307693 0.8979999999999999 0.09090909134615385 0.908 0.10303030288461537 0.906 0.10606060576923076 0.908 0.11212121153846154 0.91 0.09393939423076923 0.908 0.09090909134615385 0.906 0.051515151442307686 0.896 0.03333333413461538 0.886 0.024242423076923075 0.88 0.02121212019230769 0.86 0.02121212019230769 0.854 0.027272728365384614 0.844 0.03030303125 0.8160000000000001 0.057575757211538466 0.8099999999999999 0.06666666586538461 0.8099999999999999 0.08484848557692308 0.8160000000000001 0.09696969711538461 0.83 0.1
1 0.644 0.18787878846153847 0.652 0.18787878846153847 0.654 0.18484848557692307 0.66 0.18484848557692307 0.662 0.1818181826923077 0.676 0.1818181826923077 0.678 0.1787878798076923 0.6839999999999999 0.1787878798076923 0.6859999999999999 0.17575757692307692 0.6859999999999999 0.16969696875 0.678 0.16060606009615386 0.672 0.15757575721153844 0.6499999999999999 0.15757575721153844 0.636 0.17575757692307692 0.6340000000000001 0.17575757692307692 0.63 0.18787878846153847 0.6340000000000001 0.19090909134615386 0.642 0.19090909134615386 0.644 0.18787878846153847
1 0.486 0.33030303125 0.498 0.3151515144230769 0.506 0.22121212019230768 0.526 0.1969696971153846 0.554 0.18484848557692307 0.572 0.16666666586538462 0.572 0.15757575721153844 0.566 0.1484848485576923 0.562 0.1272727283653846 0.554 0.1181818173076923 0.522 0.10909090865384616 0.498 0.10909090865384616 0.46599999999999997 0.13939393990384616 0.44999999999999996 0.16666666586538462 0.446 0.18484848557692307 0.448 0.24242424278846153 0.47200000000000003 0.3272727283653846 0.486 0.33030303125
1 0.20800000000000002 0.5575757572115385 0.222 0.5575757572115385 0.24000000000000002 0.5454545456730769 0.24400000000000002 0.5393939399038461 0.24400000000000002 0.4727272716346154 0.232 0.44242424278846154 0.224 0.4363636370192308 0.20400000000000001 0.4363636370192308 0.192 0.44242424278846154 0.182 0.4575757572115385 0.18 0.4636363629807692 0.18 0.5 0.20400000000000001 0.554545454326923 0.20800000000000002 0.5575757572115385
1 0.31599999999999995 0.4121212115384615 0.318 0.4090909086538461 0.318 0.4030303028846154 0.31 0.3939393942307692 0.3 0.3939393942307692 0.296 0.4 0.294 0.40606060576923075 0.296 0.4090909086538461 0.314 0.4090909086538461 0.31599999999999995 0.4121212115384615
3 0.276 0.6212121201923076 0.276 0.6333333341346153 0.28400000000000003 0.6333333341346153 0.28800000000000003 0.624242423076923 0.29 0.6060606057692308 0.28400000000000003 0.584848485576923 0.28800000000000003 0.5636363629807692 0.286 0.5606060600961539 0.286 0.5393939399038461 0.27799999999999997 0.5 0.27399999999999997 0.4878787884615384 0.266 0.47878787980769233 0.252 0.47878787980769233 0.24800000000000003 0.4818181826923077 0.246 0.5 0.24800000000000003 0.5030303028846154 0.25 0.5272727283653846 0.276 0.6212121201923076
3 0.20400000000000001 0.5909090913461539 0.214 0.6060606057692308 0.218 0.6090909086538462 0.218 0.6121212115384616 0.232 0.624242423076923 0.24400000000000002 0.624242423076923 0.246 0.6212121201923076 0.252 0.6212121201923076 0.252 0.6060606057692308 0.25 0.6 0.228 0.56969696875 0.23 0.5636363629807692 0.228 0.5515151514423077 0.222 0.554545454326923 0.20199999999999999 0.5454545456730769 0.20199999999999999 0.5424242427884616 0.196 0.5333333341346154 0.192 0.5424242427884616 0.19 0.5515151514423077 0.192 0.5636363629807692 0.196 0.56969696875 0.20400000000000001 0.5909090913461539
0 0.282 0.6848484855769231 0.29 0.6848484855769231 0.292 0.6878787884615385 0.31 0.6878787884615385 0.318 0.6787878798076924 0.318 0.6666666658653846 0.314 0.6545454543269231 0.314 0.6454545456730769 0.31599999999999995 0.6424242427884616 0.31599999999999995 0.6272727283653846 0.30799999999999994 0.6121212115384616 0.296 0.6121212115384616 0.28800000000000003 0.6363636370192308 0.282 0.6454545456730769 0.27799999999999997 0.6636363629807692 0.282 0.675757576923077 0.28 0.6787878798076924 0.282 0.6848484855769231
0 0.26 0.6575757572115385 0.26 0.6454545456730769 0.258 0.6393939399038462 0.254 0.6363636370192308 0.254 0.6333333341346153 0.24400000000000002 0.6333333341346153 0.242 0.6363636370192308 0.24000000000000002 0.6545454543269231 0.24400000000000002 0.6636363629807692 0.254 0.6636363629807692 0.26 0.6575757572115385
0 0.38799999999999996 0.6939393942307692 0.39 0.6909090913461539 0.4 0.6909090913461539 0.402 0.6878787884615385 0.402 0.6787878798076924 0.4 0.675757576923077 0.4 0.6545454543269231 0.39599999999999996 0.6484848485576923 0.376 0.6454545456730769 0.376 0.6484848485576923 0.372 0.6545454543269231 0.372 0.6666666658653846 0.38799999999999996 0.6939393942307692
0 0.46599999999999997 0.875757576923077 0.46799999999999997 0.8878787884615384 0.47000000000000003 0.8909090913461538 0.474 0.8909090913461538 0.47800000000000004 0.8848484855769231 0.49600000000000005 0.8848484855769231 0.502 0.875757576923077 0.494 0.8666666658653847 0.494 0.8454545456730769 0.49600000000000005 0.8424242427884615 0.49600000000000005 0.83030303125 0.492 0.824242423076923 0.484 0.824242423076923 0.476 0.83030303125 0.47200000000000003 0.8363636370192308 0.47200000000000003 0.8393939399038461 0.46599999999999997 0.8484848485576924 0.47000000000000003 0.8636363629807692 0.46599999999999997 0.875757576923077
3 0.484 0.7818181826923076 0.492 0.8060606057692308 0.492 0.8181818173076922 0.49600000000000005 0.824242423076923 0.512 0.8212121201923076 0.514 0.8181818173076922 0.514 0.7727272716346154 0.516 0.76969696875 0.516 0.7545454543269231 0.518 0.7515151514423077 0.518 0.7242424230769231 0.52 0.7212121201923077 0.52 0.7060606057692307 0.518 0.7030303028846153 0.514 0.7060606057692307 0.49600000000000005 0.7060606057692307 0.492 0.709090908653846 0.49 0.7181818173076924 0.49 0.7333333341346153 0.48800000000000004 0.7363636370192308 0.484 0.7636363629807692 0.484 0.7818181826923076
3 0.542 0.7818181826923076 0.544 0.784848485576923 0.544 0.7939393942307693 0.5479999999999999 0.8 0.55 0.8 0.5559999999999999 0.7969696971153847 0.5780000000000001 0.73030303125 0.592 0.7 0.592 0.6939393942307692 0.58 0.6909090913461539 0.562 0.7030303028846153 0.56 0.715151514423077 0.546 0.7424242427884615 0.546 0.7636363629807692 0.544 0.7666666658653847 0.544 0.7787878798076923 0.542 0.7818181826923076
3 0.608 0.8727272716346154 0.608 0.8666666658653847 0.606 0.8636363629807692 0.602 0.8636363629807692 0.602 0.8848484855769231 0.606 0.8818181826923077 0.608 0.8727272716346154
1 0.486 0.7060606057692307 0.512 0.7060606057692307 0.53 0.6969696971153846 0.546 0.6787878798076924 0.554 0.6636363629807692 0.5559999999999999 0.6454545456730769 0.56 0.6363636370192308 0.56 0.624242423076923 0.554 0.5939393942307692 0.538 0.56969696875 0.526 0.5666666658653846 0.502 0.5818181826923077 0.492 0.5969696971153846 0.486 0.6 0.47200000000000003 0.6363636370192308 0.46799999999999997 0.6515151514423076 0.46799999999999997 0.6818181826923078 0.47000000000000003 0.6878787884615385 0.486 0.7060606057692307
1 0.435674 0.4578727283653846 0.434318 0.4458303028846154 0.41803599999999996 0.4229151514423077 0.401172 0.42056666586538466 0.388574 0.4311393942307692 0.38527799999999995 0.4661 0.394002 0.4661 0.413578 0.46433636298076925 0.435674 0.4578727283653846
3 0.44051999999999997 0.6216848485576923 0.445558 0.5632242427884615 0.44304 0.51269696875 0.434124 0.49859696875 0.42734 0.5003575769230769 0.41900400000000004 0.5705696971153846 0.41144600000000003 0.6240333341346154 0.38721799999999995 0.48802121153846156 0.368998 0.5048303028846154 0.374618 0.552648485576923 0.377332 0.6322606057692308 0.42443200000000003 0.6360787884615384 0.44051999999999997 0.6216848485576923
3 0.5398660000000001 0.5580242427884615 0.598348 0.5056909086538461 0.5582199999999999 0.4123424230769231 0.55871 0.37978181730769234 0.552894 0.3829303028846154 0.5401779999999999 0.45571515144230773 0.54391 0.49013333413461535 0.5403260000000001 0.5225575769230769 0.5398660000000001 0.5580242427884615
0 0.722 0.8212121201923076 0.728 0.7878787884615384 0.756 0.7666666658653847 0.768 0.7484848485576923 0.772 0.73030303125 0.766 0.7181818173076924 0.7240000000000001 0.6878787884615385 0.722 0.6909090913461539 0.712 0.6848484855769231 0.6859999999999999 0.7060606057692307 0.6639999999999999 0.7363636370192308 0.6499999999999999 0.7666666658653847 0.646 0.7787878798076923 0.6479999999999999 0.8212121201923076 0.654 0.824242423076923 0.722 0.8212121201923076
3 0.902 0.3 0.9159999999999999 0.23939393990384616 0.926 0.21515151442307692 0.926 0.2 0.9319999999999999 0.18787878846153847 0.9339999999999999 0.17272727163461538 0.9319999999999999 0.16060606009615386 0.9179999999999999 0.16363636298076922 0.91 0.15757575721153844 0.906 0.16363636298076922 0.902 0.18484848557692307 0.8840000000000001 0.21818181730769232 0.8819999999999999 0.23636363701923077 0.874 0.25757575721153847 0.864 0.27272727163461535 0.8520000000000001 0.27575757692307695 0.8500000000000001 0.2818181826923077 0.856 0.3 0.8999999999999999 0.3484848485576923 0.902 0.3
3 0.8360000000000001 0.26969696875 0.84 0.23333333413461538 0.84 0.21212121153846153 0.838 0.20606060576923074 0.8320000000000001 0.20909090865384616 0.8320000000000001 0.21212121153846153 0.8200000000000001 0.23030303125 0.8160000000000001 0.24242424278846153 0.8160000000000001 0.24848484855769232 0.828 0.2636363629807692 0.8360000000000001 0.26969696875
3 0.64 0.5272727283653846 0.712 0.6363636370192308 0.7240000000000001 0.6484848485576923 0.734 0.6484848485576923 0.752 0.6212121201923076 0.754 0.6090909086538462 0.738 0.6181818173076923 0.7 0.5757575769230769 0.6659999999999999 0.47878787980769233 0.66 0.4393939399038462 0.6679999999999999 0.4181818173076923 0.6659999999999999 0.4 0.646 0.36363636298076923 0.642 0.3393939399038462 0.6319999999999999 0.34545454567307693 0.626 0.36060606009615387 0.628 0.3939393942307692 0.6180000000000001 0.43030303124999997 0.624 0.47575757692307696 0.64 0.5272727283653846
3 0.674 0.20606060576923074 0.714 0.1818181826923077 0.754 0.1969696971153846 0.846 0.3151515144230769 0.856 0.35151515144230766 0.854 0.39696969711538466 0.878 0.4727272716346154 0.876 0.5 0.9139999999999999 0.4636363629807692 0.924 0.41515151442307696 0.9139999999999999 0.37878787980769235 0.89 0.3393939399038462 0.754 0.18484848557692307 0.74 0.19090909134615386 0.736666 0.1818181826923077 0.6900000000000001 0.17575757692307692 0.658 0.18484848557692307 0.6499999999999999 0.17575757692307692 0.63 0.18787878846153847 0.628 0.26060606009615384 0.642 0.30909090865384614 0.646 0.2515151514423077 0.674 0.20606060576923074