1 0.9257235480769231 0.7851093990384614 0.9351356850961537 0.8029976033653846 0.9560307692307692 0.8146188461538462 0.9745301586538461 0.79614984375 0.9763613990384615 0.7689856538461538 0.9547476081730769 0.7483373389423077 0.9243632596153847 0.7429415769230769 0.9257235480769231 0.7851093990384614
1 0.8133505408653845 0.7030554543269231 0.8458910120192308 0.7355324375 0.8940560408653847 0.7134321274038461 0.890385377403846 0.6924104423076923 0.8330395913461538 0.6242815120192307 0.821317076923077 0.6275394495192308 0.8095174350961538 0.6549110649038461 0.8133505408653845 0.7030554543269231
1 0.6383004711538462 0.66148784375 0.6289736490384615 0.6948360240384616 0.6367941177884616 0.7428974399038462 0.6596057524038461 0.7785908774038461 0.6879964182692307 0.7840281298076923 0.7212474086538462 0.7501821225961538 0.7206058293269231 0.7170413701923077 0.6934901370192308 0.7025355600961538 0.6780198293269231 0.7088854927884616 0.6383004711538462 0.66148784375
1 0.5879956947115385 0.8072070600961538 0.6013098774038462 0.7737759110576923 0.5501075769230769 0.7326452211538462 0.5481992091346154 0.7839230913461539 0.5660652067307692 0.8076633990384615 0.5879956947115385 0.8072070600961538
1 0.4168476730769231 0.7143200961538461 0.43414921875 0.6808059759615385 0.38541973317307693 0.6456518509615384 0.38749872836538457 0.69684675 0.3986649783653846 0.7116844423076922 0.4168476730769231 0.7143200961538461
1 0.12202251442307693 0.7234689807692308 0.13996563942307694 0.7230956105769231 0.1504903076923077 0.7047925504807692 0.11571658894230769 0.6693480264423077 0.10718560096153847 0.6876096009615384 0.10886258413461539 0.7086727692307692 0.12202251442307693 0.7234689807692308
0 0.7814960336538461 0.3782052884615385 0.8109221033653846 0.3715649567307692 0.8107596610576924 0.3444422524038462 0.7879480264423078 0.30874881730769227 0.7649821346153847 0.32128274038461535 0.7680965336538462 0.3604000576923077 0.7814960336538461 0.3782052884615385
0 0.6382595408653846 0.2847375264423077 0.6476716778846154 0.3026257331730769 0.6773373173076924 0.2989944230769231 0.6843537620192308 0.28679238221153847 0.6680023076923077 0.2569925408653846 0.6426407259615385 0.23943622115384616 0.6301223749999999 0.2577807668269231 0.6382595408653846 0.2847375264423077
0 0.5891607908653846 0.5208519302884616 0.6028769879807693 0.5175525048076923 0.5958523557692308 0.4544044831730769 0.5844465360576924 0.436557764423077 0.5674616875 0.44896723076923073 0.5740843100961539 0.4819835264423077 0.5891607908653846 0.5208519302884616
0 0.5587846322115385 0.5908062259615384 0.5588617596153846 0.5666925456730769 0.5402770528846154 0.5339251634615384 0.5323023293269231 0.5340911081730769 0.53047109375 0.561255295673077 0.5403623701923077 0.5851615456730769 0.5587846322115385 0.5908062259615384
2 0.21314281009615385 0.43825602163461536 0.21481160576923075 0.38396912980769227 0.18195443990384616 0.3725968028846154 0.19359982692307692 0.3934525408653846 0.18722496153846152 0.43879533653846153 0.19942661298076925 0.44155544471153846 0.21314281009615385 0.43825602163461536
2 0.28323832692307693 0.415699375 0.2630619519230769 0.4131052043269231 0.23874395913461538 0.4588213677884615 0.25293929326923076 0.4615399927884616 0.26817003125 0.45218103605769233 0.28323832692307693 0.415699375
2 0.4183984086538462 0.30739656730769227 0.42254821153846156 0.3344363004807693 0.44671194951923077 0.3369474975961539 0.4465495048076923 0.30982479326923074 0.4183984086538462 0.30739656730769227
2 0.5365818293269231 0.28685328846153846 0.5499042019230769 0.32877220192307693 0.5711159807692308 0.31928878846153846 0.575822048076923 0.32823289182692306 0.5665641658653846 0.26211732692307693 0.5494940024038462 0.22329041105769232 0.5315508774038462 0.22366377884615385 0.5365818293269231 0.28685328846153846
2 0.6091583533653846 0.34562326682692307 0.5991817644230769 0.27048063221153845 0.5774908461538462 0.27394599759615385 0.5825217980769231 0.3371355048076923 0.5874674350961538 0.3490886298076923 0.6091583533653846 0.34562326682692307
0 0.9370358653846154 0.6763696706730769 0.9246717716346153 0.6464868557692308 0.9174157572115385 0.6556798701923078 0.9222842668269231 0.6917466754807692 0.9304985576923077 0.6945897596153846 0.9370358653846154 0.6763696706730769