1 0.7784962043269231 1 0.7773070192307692 0.9987654903846154 0.7819866875 0.9843608942307692 0.7680646201923077 0.9598698990384615 0.7537420985576924 0.95992321875 0.7456674110576924 0.9705320817307693 0.7424141442307692 0.9883165841346154 0.7466933581730769 0.9984563052884615 0.7477707115384615 1 0.7784962043269231 1
1 0.6384531394230769 0.8524486153846154 0.6325472908653846 0.8512011466346153 0.6311208870192307 0.8478212379807691 0.6173405769230769 0.8449104759615385 0.615914170673077 0.8415305673076923 0.6100083221153846 0.8402830985576923 0.6085819182692307 0.8369031923076923 0.6007074543269231 0.8352398966346153 0.5992810504807692 0.8318599903846154 0.5914065865384616 0.8301966971153847 0.5869271418269231 0.8323291346153846 0.5886955312500001 0.8450171153846154 0.5906641490384615 0.8454329375 0.6011911947115385 0.8661282043269231 0.6228459711538462 0.8707022620192307 0.6292940288461538 0.8689856490384616 0.6387951225961538 0.8617566923076924 0.6398795456730769 0.8558285216346154 0.6384531394230769 0.8524486153846154
1 0.5244151754807692 0.8499110937500001 0.5260418076923077 0.8410188437499999 0.5115775288461538 0.8194919278846153 0.48618575 0.8018140673076922 0.47083727403846154 0.7739431658653846 0.47977134375 0.6803932788461539 0.4706707019230769 0.6630779182692308 0.4563481826923077 0.6631312379807692 0.41754288942307693 0.741135701923077 0.4052722716346154 0.7970374663461539 0.4059562379807692 0.8156536153846154 0.41682526923076924 0.8456569543269231 0.44290101442307694 0.8819509663461538 0.46652440624999997 0.8869408461538462 0.4996488942307692 0.8847017716346154 0.5091499879807693 0.8774728125 0.5168826947115385 0.8575558725961538 0.5244151754807692 0.8499110937500001
1 0.2670279110576923 0.4014817067307692 0.2514792091346154 0.3858829615384615 0.23769889903846153 0.3829721971153846 0.2332194543269231 0.38510463461538463 0.1998362716346154 0.43346825961538465 0.19332974278846154 0.46903726442307697 0.1942139375 0.4753812548076923 0.2013459639423077 0.49228078846153844 0.2120732379807692 0.5007038942307692 0.23175939663461537 0.5048621298076923 0.24071828125 0.5005972548076923 0.2579520817307692 0.4734513605769231 0.26988072115384615 0.40824151923076923 0.2670279110576923 0.4014817067307692
1 0.29774967307692307 0.5465085240384615 0.29523884375000004 0.5490567836538461 0.2961230408653846 0.5554007740384616 0.29897585096153845 0.5621605889423077 0.3088189302884615 0.5642397067307692 0.31832002403846155 0.55701075 0.3194044471153846 0.5510825817307692 0.31797804326923074 0.5477026754807692 0.3154672139423077 0.5502509350961539 0.29774967307692307 0.5465085240384615
3 0.3175279543269231 0.39367696634615384 0.31738619951923075 0.3720967331730769 0.32708751923076923 0.35259561778846155 0.32837217067307695 0.3343952932692308 0.3260615721153846 0.32467139423076924 0.31818710576923076 0.3230081009615385 0.3160182620192308 0.3348644375 0.2736177235576923 0.42134532451923074 0.2673114206730769 0.44464217067307693 0.26480059615384616 0.4471904302884615 0.2635159471153846 0.4653907548076923 0.26691096875000003 0.4691864855769231 0.28069128125 0.47209725 0.290192375 0.4648682908653846 0.2962984519230769 0.4538436057692307 0.31122165384615386 0.41697381009615386 0.3150171298076923 0.3962252259615384 0.3175279543269231 0.39367696634615384
3 0.2595539014423077 0.37527409615384616 0.28663078125 0.3502073173076923 0.28968381971153845 0.34469497355769235 0.2923948725961539 0.32987455528846155 0.28648902403846155 0.3286270865384615 0.2850626201923077 0.32524718028846156 0.27325092307692306 0.3227522379807692 0.2573017716346154 0.33169781009615384 0.25675956009615386 0.3346618918269231 0.25228011778846154 0.33679432932692305 0.23972598317307695 0.3495356298076923 0.2280560456730769 0.36862092307692307 0.22303439423076923 0.37371744230769227 0.2188969326923077 0.38515795432692307 0.21923891826923075 0.39446602884615384 0.22154951682692306 0.40418992548076926 0.22908199759615386 0.39654514423076925 0.22962420673076922 0.3935810625 0.250937 0.38884704567307693 0.2563006346153846 0.39305859855769226 0.26043809375 0.3816180865384616 0.2595539014423077 0.37527409615384616
0 0.3593862836538462 0.3101601610576923 0.36549235817307696 0.2991354735576923 0.36766119951923076 0.2872791370192308 0.3614133701923077 0.27672359375 0.34369582692307693 0.2729811826923077 0.341185 0.27552944230769233 0.33331053605769234 0.27386614903846157 0.33025750000000004 0.27937849278846155 0.3316839038461538 0.28275839903846156 0.32557783173076926 0.2937830889423077 0.32626179807692307 0.31239923557692306 0.3305410120192308 0.32253895673076927 0.3340777908653846 0.34791492067307694 0.3458894855769231 0.3504098605769231 0.35647500240384616 0.33725273557692304 0.3591860576923077 0.3224323173076923 0.3577596514423077 0.31905241105769233 0.3593862836538462 0.3101601610576923
0 0.30195443990384613 0.28879320913461537 0.2921113605769231 0.28671409134615383 0.28654749519230766 0.29477469471153844 0.28526284855769235 0.31297501923076926 0.28668925240384613 0.3163549254807692 0.2965323317307692 0.31843404326923075 0.29707454086538465 0.3154699591346154 0.3015539855769231 0.31333752403846155 0.3046070216346154 0.3078251802884615 0.3067758653846154 0.29596884615384617 0.30195443990384613 0.28879320913461537
0 0.44070021634615386 0.29039244471153847 0.43927381009615385 0.28701253846153846 0.41864498798076927 0.3103627043269231 0.41647614423076923 0.32221903846153843 0.4193289543269231 0.32897885096153845 0.4187867451923077 0.3319429350961538 0.43901511298076923 0.3331370865384615 0.44403676682692306 0.32804056490384614 0.44783224278846157 0.3072919783653846 0.4503430697115384 0.30474371875 0.45196969951923077 0.29585146875 0.4505432956730769 0.2924715600961539 0.44070021634615386 0.29039244471153847
0 0.5745164663461538 0.1400984110576923 0.5840175600961538 0.13286945192307692 0.5797383461538461 0.12272973076923077 0.5620208028846154 0.11898731971153846 0.5591679927884615 0.11222750721153846 0.5552307596153846 0.11139586057692306 0.5527199350961538 0.1139441201923077 0.5485824759615384 0.12538462980769233 0.5503508629807692 0.13807261298076923 0.5437025769230769 0.15206138461538463 0.5479817932692308 0.16220110576923077 0.5474395841346154 0.1651651875 0.5502923942307693 0.17192500240384617 0.5570824350961538 0.1795164639423077 0.5649568990384616 0.18117975721153845 0.5699785528846154 0.17608323557692307 0.5721473966346153 0.1642269014423077 0.5707209903846153 0.1608469951923077 0.5745164663461538 0.1400984110576923
3 0.572655951923077 0.28440022115384617 0.5775358461538461 0.25772346875 0.5761094423076923 0.2543435625 0.5788204975961538 0.23952314423076923 0.5773940913461538 0.23614323798076922 0.5855272524038462 0.19168198317307691 0.5841008461538462 0.18830207451923078 0.5688941298076923 0.18201140384615386 0.5638724759615384 0.1871079254807692 0.5617036346153846 0.1989642596153846 0.5494914855769231 0.22101363461538462 0.5462382211538461 0.23879813701923075 0.5452955576923076 0.2663065360576923 0.5467219615384615 0.2696864423076923 0.5440109086538462 0.2845068629807692 0.5443528918269231 0.29381493509615386 0.5477479134615385 0.29761066586538465 0.5654654567307692 0.30135307692307695 0.5688604783653847 0.3051488076923077 0.5713713028846154 0.3026005456730769 0.574082358173077 0.2877801298076923 0.572655951923077 0.28440022115384617
3 0.6230727115384614 0.22116285817307693 0.6177090745192307 0.21695130528846154 0.6157404567307693 0.21653548076923076 0.6107188052884616 0.22163200000000002 0.6090921730769231 0.23052425240384616 0.6065813485576923 0.23307251201923077 0.6080077524038462 0.23645241826923075 0.6058389086538462 0.2483087548076923 0.6072653149038462 0.25168866105769233 0.6034698389423077 0.2724372451923077 0.6123702524038461 0.3020247644230769 0.6121700264423077 0.31429692067307696 0.6277187283653846 0.3298956658653846 0.6400726322115384 0.3294265216346154 0.6411570552884616 0.32349835576923075 0.6327988485576923 0.29094675480769233 0.6230727115384614 0.22116285817307693
3 0.6867275721153846 0.16380034375 0.6878119927884616 0.15787217548076923 0.6874700096153846 0.14856410096153846 0.6840749879807693 0.14476837019230768 0.6802795120192309 0.16551695673076922 0.6842167451923077 0.16634860336538462 0.6867275721153846 0.16380034375
1 0.5961039302884615 0.3909472740384615 0.5982727740384616 0.3790909375 0.5959621754807692 0.36936704086538463 0.5972468221153846 0.3511667163461538 0.5920834134615385 0.33468300240384613 0.5795877500000001 0.3135719134615385 0.5634968389423076 0.30093725240384617 0.5379048317307692 0.29553154807692306 0.518902641826923 0.30998946394230764 0.5158496033653847 0.3155018076923077 0.5104274975961538 0.34514264423076924 0.5116536754807692 0.36079470913461537 0.5189274591346154 0.3992744759615385 0.52429109375 0.40348602884615387 0.5314231201923078 0.42038556490384615 0.5523354591346153 0.44019586538461536 0.5646893629807692 0.4397267211538462 0.5847759783653846 0.4193406394230769 0.5961039302884615 0.3909472740384615
1 0.39582732692307687 0.5093071586538461 0.3928161201923077 0.5441890673076923 0.4033246586538462 0.5571500288461538 0.4203442427884615 0.5583590865384616 0.4404709399038461 0.5393299038461539 0.4439604086538462 0.5278325625 0.4233676754807692 0.51691615625 0.4044144278846154 0.5111209807692307 0.39582732692307687 0.5093071586538461
3 0.47253980528846157 0.4268382307692308 0.4780411923076923 0.3686076706730769 0.4647811466346154 0.3511833894230769 0.41773705528846156 0.3451254951923077 0.4008206850961538 0.42243362740384616 0.38673279086538465 0.46803840384615386 0.40165923557692307 0.48826832692307687 0.44984363701923075 0.3602656802884615 0.4477168100961538 0.41413240384615385 0.44335898076923075 0.4845433725961538 0.4497215 0.4876759807692308 0.4610204951923077 0.4757378413461538 0.47253980528846157 0.4268382307692308
3 0.5464384711538461 0.55167059375 0.5459315721153846 0.6255087235576924 0.5510929495192308 0.6297976225961539 0.5564366947115384 0.5978466682692308 0.6126378052884616 0.5148811514423077 0.5644374855769231 0.45153233413461535 0.5585442331730769 0.4863196081730769 0.5562703365384615 0.5187804567307692 0.5464384711538461 0.55167059375
0 0.8237545913461539 0.33128162259615385 0.8230706225961538 0.3126654735576923 0.8145121947115384 0.29238603365384613 0.7907470456730769 0.26581591826923073 0.790805514423077 0.23196353125000002 0.7244147860576924 0.2148614519230769 0.7179667283653846 0.21657806490384615 0.7084071634615385 0.2576594110576923 0.7101755504807692 0.27034739423076926 0.7185337548076922 0.30289899278846155 0.7347664230769231 0.33711388701923073 0.7565629543269231 0.36326817548076923 0.7674904567307692 0.359419125 0.7689168605769231 0.36279903365384614 0.8156799014423076 0.3418904879807692 0.8237545913461539 0.33128162259615385
3 0.8571112596153847 0.9201852451923076 0.8660701466346155 0.9159203701923077 0.8793082475961539 0.92179521875 0.8834457067307693 0.9103547067307692 0.8841881442307693 0.8951184639423077 0.8804511370192307 0.8820146610576922 0.8831621923076922 0.8671942427884616 0.8776567980769231 0.8414024567307692 0.8747207019230768 0.7792100192307692 0.8814274567307692 0.7313688581730768 0.8294425360576922 0.7696460817307693 0.8202834254807693 0.7861831129807691 0.8211676177884615 0.7925271033653847 0.8324371033653846 0.7979861298076922 0.8395691274038461 0.8148856634615385 0.8436481153846154 0.8372975408653847 0.84236346875 0.8554978677884615 0.8541166947115385 0.8918451971153847 0.8542584495192307 0.9134254302884616 0.8571112596153847 0.9201852451923076
3 0.7953753846153847 0.7993935600961539 0.7808526370192308 0.8117190360576922 0.7797682139423077 0.8176472043269231 0.7815366033653847 0.8303351850961539 0.7900950336538461 0.8506146274038462 0.7895528245192308 0.8535787115384615 0.7949164591346154 0.8577902644230769 0.7979695 0.852277920673077 0.8017649735576923 0.8315293341346154 0.8043342692307692 0.7951286850961539 0.7953753846153847 0.7993935600961539
3 0.6744144591346154 0.5552619254807692 0.725231673076923 0.4674802451923077 0.7702263245192308 0.43388372115384616 0.7843486201923077 0.44610256009615384 0.7845488461538461 0.43383040144230767 0.7717111995192307 0.4034112379807692 0.7618681201923077 0.4013321201923077 0.7478875817307693 0.4106935144230769 0.6574978245192308 0.5024308822115384 0.6325313149038462 0.54949371875 0.6184923076923077 0.5927075024038462 0.621828858173077 0.6303556225961539 0.6138959230769231 0.6625447211538462 0.6170907163461539 0.6786126081730769 0.625849375 0.6866198918269231 0.6341242908653846 0.6637388701923077 0.6603169783653846 0.6323281009615385 0.6655388605769231 0.6149594230769231 0.6614598725961538 0.5925475432692308 0.6744144591346154 0.5552619254807692
3 0.8699577475961539 0.7381819927884615 0.900629875 0.7046387836538461 0.916979485576923 0.6711488990384615 0.9158117740384615 0.6216444447115385 0.8849146033653846 0.578174795673077 0.8820033221153847 0.6052673725961538 0.8448246634615385 0.6743795817307692 0.8386601177884615 0.7192566610576924 0.8223105096153845 0.7527465480769231 0.7106079591346154 0.8492179326923076 0.6685245913461538 0.8557218822115384 0.6334899567307691 0.8236927475961539 0.6140624951923077 0.7734099663461538 0.6204272692307692 0.7162607307692308 0.5979715841346154 0.7607753052884616 0.5869271418269231 0.8323291346153846 0.6044444591346154 0.848343701923077 0.6139455552884615 0.8411147451923077 0.6438167788461538 0.8566601682692307 0.6908349134615384 0.8604344086538462 0.6957432283653847 0.8522353365384615 0.7084391177884615 0.861074266826923 0.8699577475961539 0.7381819927884615