1 0.046633521634615385 0.4091141850961538 0.038946971153846155 0.4135245889423077 0.03115536298076923 0.42059740865384615 0.03343272115384615 0.45134175000000004 0.04622470432692308 0.4501263341346154 0.06473324278846154 0.44392666586538465 0.06013481730769231 0.4270440456730769 0.05619750961538462 0.4165415673076923 0.049704216346153844 0.4144508870192307 0.046633521634615385 0.4091141850961538
1 0.08464517307692308 0.38255524519230766 0.08872425240384615 0.3787432884615385 0.08371676442307693 0.37123321153846156 0.07610337740384615 0.36404579807692306 0.06332961298076924 0.36559839663461535 0.04879399759615385 0.3765019038461539 0.04275025961538462 0.3978257211538461 0.048854103365384614 0.41429829567307697 0.057377716346153844 0.4119766658653846 0.07348054326923077 0.40681937740384616 0.07723972115384616 0.3899741394230769 0.08464517307692308 0.38255524519230766
1 0.15457118028846153 0.4148263870192308 0.17594323076923077 0.39935988942307693 0.19129940865384618 0.38553196634615383 0.20016616826923078 0.3765566658653846 0.19144118028846155 0.37121753125 0.17765003124999998 0.35915258413461537 0.16616112259615384 0.3476189447115384 0.14667206971153846 0.35022638701923076 0.1319593245192308 0.3654245552884615 0.1296890721153846 0.38379092067307696 0.13166391105769232 0.39598631490384617 0.13890385096153846 0.4067476201923077 0.1415332403846154 0.4183776129807692 0.15457118028846153 0.4148263870192308
1 0.23505347115384617 0.41270168749999997 0.2601988341346154 0.4073416153846154 0.27540971875 0.4029007475961538 0.28277212500000004 0.3994064759615385 0.2742724543269231 0.39338360096153846 0.26820345673076923 0.3756806129807692 0.25168088221153845 0.3554647956730769 0.2355308798076923 0.3556946802884615 0.22424656009615385 0.3623416826923077 0.21914938701923076 0.3741525120192308 0.21702538942307692 0.39230036538461543 0.21714322115384616 0.4041796802884615 0.21807288221153845 0.40988216586538456 0.23505347115384617 0.41270168749999997
1 0.29316462019230766 0.38109098076923076 0.2851604783653846 0.37612427163461537 0.27536787500000004 0.3546709423076923 0.2656931009615385 0.3450969254807692 0.2534885793269231 0.34454993990384614 0.24287918028846153 0.3483330456730769 0.23638984134615385 0.3542695793269231 0.25190740625 0.3562964519230769 0.26418727644230766 0.36932989423076923 0.2707801778846154 0.38361454567307696 0.27337581971153846 0.38856547355769233 0.2859437716346154 0.3866311875 0.29316462019230766 0.38109098076923076
1 0.39448688942307697 0.3707647451923077 0.4042091129807692 0.36067201201923077 0.4079375264423077 0.35757198557692305 0.3990555072115385 0.3570133846153846 0.3924531466346154 0.34422023317307693 0.3803478581730769 0.3341170913461538 0.3631264807692308 0.3388077860576923 0.35445190624999995 0.3542730817307692 0.35688691346153845 0.37237031249999997 0.36279078605769227 0.38565149519230774 0.36339949759615386 0.3932281153846154 0.37943166826923075 0.3811189158653846 0.39448688942307697 0.3707647451923077
1 0.14527602884615384 0.3448415168269231 0.13720583653846152 0.3381060865384615 0.1236609326923077 0.34179539663461533 0.1205460360576923 0.3456216754807692 0.11776138701923076 0.3582915528846154 0.12035686778846154 0.3754517163461539 0.1230469326923077 0.3776968581730769 0.13078687740384615 0.37558868269230766 0.14603110817307693 0.34761370192307695 0.14527602884615384 0.3448415168269231
2 0.29279833894230767 0.9627652355769231 0.28312340625 0.965400454326923 0.27807352644230765 0.9697537764423078 0.2749586298076923 0.9735800504807692 0.2757137091346154 0.9763522379807692 0.28023065625 0.9847291418269231 0.3274617908653846 0.9812305384615385 0.32861883413461535 0.97980925 0.3263536009615385 0.9714926923076923 0.32290845673076923 0.9664753629807692 0.3175283317307693 0.9619850769230769 0.29902812980769233 0.9551126826923078 0.29279833894230767 0.9627652355769231
2 0.29902812980769233 0.9551126826923078 0.31450801923076926 0.9508963317307693 0.31568792788461536 0.9475971009615385 0.32149288701923073 0.9460159663461538 0.32578768990384616 0.9388904591346154 0.3242775360576923 0.9333460865384615 0.31814232932692305 0.9260836153846154 0.3104023846153846 0.9281917932692308 0.30115228365384616 0.9247555961538462 0.29147735096153843 0.9273908149038461 0.2902974423076923 0.9306900456730769 0.2944030793269231 0.9533945865384615 0.29902812980769233 0.9551126826923078
2 0.37671133653846156 0.8892858461538461 0.36670615865384615 0.8830774639423077 0.36477117067307696 0.8836045096153846 0.36434633894230767 0.8896759254807692 0.3465066322115385 0.9004907427884615 0.3310267403846154 0.9047070961538461 0.3332919735576923 0.9130236562499999 0.33673711538461537 0.9180409855769232 0.34254207451923074 0.9164598533653846 0.3452321394230769 0.9187049951923077 0.38006189423076925 0.9092181995192308 0.3812418004807692 0.9059189663461538 0.3909167355769231 0.9032837475961538 0.3940316274038462 0.8994574735576923 0.39370138221153844 0.8906138677884615 0.3883212548076923 0.8861235817307692 0.37671133653846156 0.8892858461538461
2 0.38350863221153847 0.7921431634615386 0.36255402884615384 0.8067842524038462 0.3613741201923077 0.810083483173077 0.3636393533653846 0.8184000456730769 0.3620346129807693 0.8277706947115384 0.3627896899038462 0.8305428822115384 0.36741474038461536 0.8322609807692308 0.37902465865384616 0.8290987139423076 0.3817147235576923 0.8313438557692308 0.3971946129807692 0.8271275024038461 0.3983745216346154 0.8238282716346154 0.40998443990384614 0.8206660072115385 0.41545915384615384 0.8102412692307692 0.4139489975961539 0.8046968966346154 0.39157882451923076 0.7988785889423077 0.3842637067307692 0.7949153485576923 0.38350863221153847 0.7921431634615386
2 0.48941346634615385 0.7841421706730769 0.4867234014423077 0.7818970264423076 0.4828534278846154 0.7829511129807692 0.48049361298076926 0.7895495769230769 0.48544890865384616 0.8001112788461539 0.4881389735576923 0.8023564230769231 0.49781390625 0.7997212019230768 0.50050396875 0.80196634375 0.5237238052884615 0.7956418149038461 0.5268386995192308 0.7918155384615384 0.5284434399038461 0.7824448894230769 0.5269332836538462 0.7769005168269231 0.52424321875 0.7746553725961539 0.5084330841346154 0.7700281225961538 0.5010233846153846 0.7809799038461538 0.4944633461538462 0.7797888509615384 0.48941346634615385 0.7841421706730769
2 0.44113339182692307 0.7824032524038462 0.44415370192307696 0.793492 0.45071373798076925 0.7946830576923076 0.46038867067307687 0.7920478341346153 0.4615685793269231 0.7887486009615384 0.4770484711538462 0.7845322451923077 0.47671822355769233 0.775688641826923 0.4725180024038461 0.7678991274038461 0.4667130456730769 0.7694802620192308 0.46553313701923077 0.7727794927884616 0.4481182572115384 0.7775228894230769 0.44542819471153844 0.7752777451923076 0.4423133004807692 0.7791040240384616 0.44113339182692307 0.7824032524038462
2 0.3963465480769231 0.7171779711538462 0.39861178124999996 0.72549453125 0.4044167403846154 0.7239133990384615 0.4071068052884615 0.7261585408653846 0.42645666826923073 0.7208880985576923 0.4307514735576923 0.71376259375 0.4292413173076923 0.7082182211538461 0.42461626442307693 0.7065001225961538 0.4130063461538462 0.7096623870192308 0.40677655769230764 0.7173149375 0.39903661298076926 0.7194231129807692 0.3963465480769231 0.7171779711538462
2 0.6594566033653847 0.7140036490384615 0.6640816538461538 0.7157217475961539 0.6776265600961539 0.7120324375 0.6803166225961538 0.7142775793269232 0.7035364591346155 0.707953048076923 0.7047163677884616 0.7046538173076923 0.7032062115384616 0.6991094447115385 0.6970710072115385 0.6918469735576923 0.6820159471153846 0.6899919086538462 0.6789010504807693 0.6938181850961538 0.6571913725961539 0.7056870889423077 0.6594566033653847 0.7140036490384615
2 0.8246855240384616 0.671977076923077 0.8362954423076924 0.6688148100961538 0.8386552572115384 0.6622163485576924 0.8395049206730769 0.6500735144230769 0.8316238966346153 0.6135080408653846 0.8239785336538462 0.6007011947115385 0.8174184975961538 0.5995101418269231 0.8204388100961538 0.6105988870192308 0.8188340697115385 0.6199695384615385 0.8106692932692308 0.6281491322115385 0.8246855240384616 0.671977076923077
2 0.7766411105769231 0.6939967860576922 0.7971708822115384 0.6854271129807692 0.8002857764423077 0.6816008365384616 0.7960855576923076 0.6738113221153846 0.7972654663461539 0.6705120913461537 0.7786706802884615 0.6785547211538462 0.7694205793269231 0.6751185240384616 0.7581409086538462 0.6871243942307692 0.7604061418269231 0.695440954326923 0.7650311899038461 0.6971590528846154 0.7766411105769231 0.6939967860576922