1 0.11554777884615385 0.21037146634615383 0.11526375961538463 0.2042302956730769 0.10642307692307693 0.2044319951923077 0.0937640576923077 0.20753085576923078 0.08481268990384616 0.22440898317307692 0.08195803605769231 0.23399093990384617 0.0961370985576923 0.2399815216346154 0.11540236778846154 0.24337003125 0.11904474759615385 0.2263809423076923 0.12035492548076923 0.21529901442307692 0.11554777884615385 0.21037146634615383
1 0.16115538701923077 0.19907085817307693 0.16652015625 0.1976741298076923 0.16551133173076923 0.1887048485576923 0.1620417980769231 0.17877623317307692 0.1499930264423077 0.17404825240384614 0.13210217067307692 0.1766762860576923 0.11698151682692307 0.1924852307692308 0.11486300240384616 0.2098325048076923 0.12349104086538462 0.21186056009615387 0.14014400961538462 0.21501596874999998 0.15118777884615384 0.2020434158653846 0.16115538701923077 0.19907085817307693
1 0.20845948317307691 0.2606869158653846 0.2345062451923077 0.2573182163461538 0.2544634326923077 0.25251813942307694 0.26644023076923073 0.2488779855769231 0.26113837980769233 0.24003947836538464 0.25441681250000003 0.22289111778846155 0.24949570913461538 0.20730582451923077 0.2310036081730769 0.2003014471153846 0.2109906418269231 0.2066092139423077 0.20057255048076922 0.22162471153846156 0.19674587740384614 0.23325500000000002 0.19824880769230768 0.24613802644230767 0.1952618173076923 0.25758475240384615 0.20845948317307691 0.2606869158653846
1 0.28087040625 0.29718769951923074 0.3056426201923077 0.30447562740384615 0.3211760961538461 0.30783380769230767 0.3293099110576923 0.30828056249999997 0.32452088221153846 0.2989501778846154 0.32723326442307693 0.2805410889423077 0.32181635817307697 0.2549467235576923 0.3073758846153846 0.2474500841346154 0.2943184158653846 0.24789717548076923 0.2843903269230769 0.2558194278846154 0.27420203125 0.2707131225961538 0.2688716274038461 0.28118120192307694 0.2670878365384616 0.2866224206730769 0.28087040625 0.29718769951923074
1 0.3469143076923077 0.29718123076923075 0.3420819158653846 0.28901275240384616 0.34320494230769233 0.26554167307692306 0.33899756490384614 0.25253867548076925 0.32841467067307695 0.2462417980769231 0.31726656490384614 0.24450047115384616 0.30879033894230773 0.24661045432692308 0.3216369302884615 0.25578362499999996 0.3265739326923077 0.2730604783653846 0.3258905360576923 0.2887232091346154 0.3259293774038462 0.29429981971153846 0.33797009375000003 0.2985951610576923 0.3469143076923077 0.29718123076923075
1 0.44157585336538463 0.33642725240384613 0.45482323798076923 0.33221546875 0.45955102403846154 0.3312755745192308 0.45192260817307695 0.3265522355769231 0.45191521875 0.3121922572115385 0.4457925168269231 0.2975669543269231 0.42836015865384613 0.29346941346153843 0.41358466346153844 0.3028894903846154 0.4074662524038462 0.31991192788461537 0.4066303581730769 0.3343667091346154 0.4037042331730769 0.34129757211538464 0.42347510817307693 0.33832613221153846 0.44157585336538463 0.33642725240384613
1 0.23222810817307693 0.1949163028846154 0.22814630528846153 0.18516610096153846 0.21443546153846155 0.18194331490384613 0.20991998557692307 0.1838121875 0.20165154086538462 0.1935896682692308 0.19610430048076924 0.20986728605769228 0.1974649014423077 0.21311735336538462 0.20529967067307692 0.2149589471153846 0.23163001682692308 0.1977059735576923 0.23222810817307693 0.1949163028846154
2 0.08949387259615384 0.8030914615384616 0.08046292307692307 0.8068292091346153 0.07066945913461539 0.8045272163461538 0.06419529326923076 0.8059356947115385 0.059679817307692305 0.8078045649038461 0.05908172596153846 0.8105942331730769 0.05941055769230769 0.8282530432692308 0.060771158653846157 0.8315031129807693 0.06860592788461538 0.8333447067307692 0.06996652884615386 0.8365947740384615 0.09151214182692308 0.8416591514423076 0.09406892548076923 0.8393298798076922 0.09994500240384616 0.8407110745192308 0.10446047836538462 0.8388421995192308 0.1062547548076923 0.8304731923076923 0.10549224278846155 0.824433454326923 0.10277104326923078 0.8179333221153846 0.08949387259615384 0.8030914615384616
2 0.08949387259615384 0.8030914615384616 0.10516341105769231 0.8067746466346153 0.10772019230769231 0.804445375 0.11359626923076924 0.8058265697115385 0.12066853125 0.8016284230769231 0.12186471394230769 0.7960490865384616 0.11974160336538461 0.7867592836538461 0.11190683653846153 0.7849176899038461 0.10526825240384616 0.7774967596153846 0.09547478846153847 0.7751947692307692 0.09291800721153846 0.7775240408653846 0.08617457932692307 0.7993809951923077 0.08949387259615384 0.8030914615384616
2 0.18856508653846155 0.7824247331730769 0.18252459375000002 0.7722141346153847 0.1805659014423077 0.7717537331730769 0.1774110264423077 0.7768726754807692 0.1566279206730769 0.7778480360576924 0.14095838461538462 0.7741648485576923 0.13916410817307692 0.782533858173077 0.1399266201923077 0.7885735937499999 0.1458026923076923 0.7899547884615384 0.14716329326923078 0.7932048557692308 0.18241975240384617 0.8014920192307693 0.1849765360576923 0.7991627475961539 0.19477 0.8014647379807692 0.1992854735576923 0.7995958677884616 0.20303844230769233 0.7916872572115385 0.20031724038461537 0.7851871201923076 0.18856508653846155 0.7824247331730769
2 0.23904309615384617 0.7005216875 0.2137445144230769 0.703365920673077 0.2111877331730769 0.7056951899038462 0.20939345432692308 0.7140641995192307 0.20368179807692308 0.7215124110576923 0.20308370432692308 0.7243020817307693 0.206403 0.7280125456730769 0.21815514903846156 0.7307749326923076 0.21951574999999998 0.734025 0.23518528846153847 0.7377081850961538 0.23774207211538462 0.7353789134615384 0.24949422596153845 0.7381413028846153 0.2591232692307692 0.7316138870192308 0.2603194519230769 0.7260345504807693 0.24312489903846152 0.7102718918269232 0.23844500240384617 0.7033113581730769 0.23904309615384617 0.7005216875
2 0.3367084447115385 0.7439900721153846 0.33534784375000004 0.7407400024038462 0.3314304615384615 0.7398192067307693 0.3263168918269231 0.7444777499999999 0.32588321875 0.7560968245192308 0.3272438197115385 0.759346891826923 0.3370372788461538 0.7616488822115385 0.3383978798076923 0.7648989495192308 0.3619021875 0.7704237259615384 0.3664176634615384 0.7685548533653846 0.3721293197115385 0.7611066418269231 0.37332550480769233 0.7555273052884615 0.3719649038461539 0.7522772379807693 0.36004833413461534 0.7406854423076923 0.3484605985576923 0.7467524615384615 0.34318261298076924 0.7425815961538462 0.3367084447115385 0.7439900721153846
2 0.2946489831730769 0.7194525697115384 0.29225661778846157 0.7306112451923077 0.29753460096153844 0.734782110576923 0.3073280649038461 0.7370841009615384 0.30988484855769227 0.7347548269230769 0.3255543846153846 0.7384380120192309 0.32930735096153846 0.7305294038461538 0.32914293509615383 0.7217 0.32326685817307693 0.7203188028846154 0.3207100745192308 0.7226480745192307 0.30308184615384615 0.7185044927884616 0.3017212451923077 0.7152544254807692 0.29720576923076925 0.7171233004807692 0.2946489831730769 0.7194525697115384
2 0.2847363701923077 0.6409359975961538 0.28294209615384613 0.6493050048076923 0.2888181730769231 0.6506861995192307 0.29017877403846154 0.6539362668269231 0.3097656947115385 0.6585402451923077 0.3168379543269231 0.6543421033653847 0.3180341370192308 0.6487627644230769 0.31471484615384615 0.645052298076923 0.30296269230769235 0.6422899110576924 0.2939317403846154 0.64602765625 0.28609697115384614 0.6441860625 0.2847363701923077 0.6409359975961538
2 0.5197341634615384 0.7635689399038461 0.5230534567307692 0.76727940625 0.5367643004807692 0.7705021923076922 0.5381249014423077 0.7737522596153846 0.5616292091346154 0.7792770336538462 0.5641859903846154 0.7769477644230769 0.5653821754807692 0.7713684254807693 0.5632590673076924 0.7620786225961538 0.55074440625 0.7532764975961539 0.5462289278846154 0.7551453701923077 0.5215284399038461 0.7551999326923077 0.5197341634615384 0.7635689399038461
2 0.6856249038461539 0.8054924423076923 0.6973770576923077 0.8082548293269232 0.702490625 0.8035962884615385 0.7088003749999999 0.7933584086538462 0.7185342620192308 0.7575531057692307 0.7176073365384615 0.7426839639423076 0.7123293509615384 0.7385131009615384 0.709936985576923 0.7496717788461538 0.7042253245192308 0.7571199903846153 0.6932356802884615 0.7603973365384615 0.6856249038461539 0.8054924423076923
2 0.6329046346153846 0.8018910985576924 0.6550483389423077 0.8041658100961538 0.6595638149038462 0.8022969350961537 0.6593993990384616 0.79346753125 0.6619561826923076 0.7911382620192308 0.6417711682692308 0.7893239495192308 0.6351325841346154 0.7819030192307692 0.6196274639423076 0.7870492403846154 0.6178331899038461 0.7954182451923076 0.6211524807692308 0.7991287139423077 0.6329046346153846 0.8018910985576924