1 0.7042507860576923 0.8935377283653847 0.7164570600961538 0.8883925336538462 0.7199580528846153 0.8851623461538461 0.7222051754807691 0.8754428990384615 0.7252567427884615 0.8741565985576922 0.7253511466346154 0.8618356682692307 0.7240972764423077 0.8553464062499999 0.7133336826923077 0.8423390000000001 0.7059766778846155 0.8384223341346153 0.6695466706730768 0.8292160480769231 0.6634435360576922 0.8317886466346154 0.665146829326923 0.836334016826923 0.6637985552884615 0.8421656875000001 0.6659512716346154 0.8447671682692307 0.6646029975961538 0.8505988389423076 0.6667557187500001 0.8532003197115384 0.6636097475961538 0.8668075480769232 0.6648636153846154 0.8732968100961538 0.6695240745192308 0.8888768125000001 0.67643165625 0.8947373701923076 0.6872896538461538 0.8954238461538462 0.7042507860576923 0.8935377283653847
1 0.6685760120192307 0.7857639975961538 0.6529631514423078 0.7818184447115384 0.6499115841346155 0.7831047451923077 0.6485633100961539 0.7889364134615384 0.6455117403846155 0.7902227115384615 0.6349143605769231 0.8122342067307693 0.6439746610576923 0.8206962427884614 0.6699960937499999 0.8272721586538462 0.6787013725961538 0.8253571538461538 0.6875010552884615 0.81112121875 0.6802384543269231 0.7948836225961539 0.6776363125 0.79422603125 0.673330875 0.7890230697115383 0.6685760120192307 0.7857639975961538
1 0.73599371875 0.7205026442307693 0.7347398485576923 0.7140133822115384 0.7313332596153846 0.7049226394230769 0.7205696658653846 0.691915233173077 0.7132126634615384 0.6879985697115385 0.6715783653846154 0.6774771009615385 0.6685268004807692 0.6787633966346154 0.6667291009615385 0.6865389591346154 0.6765938461538461 0.7034341466346153 0.6791015841346154 0.7164126658653847 0.6814205168269231 0.7540330528846154 0.6844720841346154 0.7527467548076923 0.6948806562500001 0.7553771225961537 0.7075363533653847 0.7482880384615385 0.7157922115384616 0.7483169230769231 0.7249469134615385 0.7444580288461539 0.7319488966346154 0.7379976514423077 0.73599371875 0.7205026442307693
1 0.6615474110576923 0.6255630096153847 0.6637001274038461 0.6281644903846153 0.6767108461538461 0.6314524519230769 0.6915192596153846 0.6269648485576924 0.6954696778846153 0.6217907740384615 0.6925125120192307 0.6107561394230769 0.6882070745192308 0.6055531754807693 0.6834522139423077 0.6022941033653846 0.6678393533653846 0.5983485528846153 0.6695426466346154 0.6028939230769231 0.6615474110576923 0.6255630096153847
1 0.7529242115384616 0.32563303605769234 0.7520253653846154 0.3295208173076923 0.765036079326923 0.3328087764423077 0.8012054711538461 0.31931708894230765 0.8051558894230768 0.3141430096153846 0.8096501346153846 0.29470411298076926 0.8079468389423077 0.29015874038461537 0.7993359663461538 0.2797528149038462 0.7850713798076924 0.26997559375 0.7616520865384615 0.2640572692307692 0.7586005192307692 0.26534356490384614 0.7577016706730769 0.26923134615384614 0.7724156826923078 0.27706467788461536 0.775372846153846 0.28809931009615386 0.7796782860576923 0.29330227163461536 0.7765323125 0.3069095 0.7734807427884616 0.3081958004807692 0.77213246875 0.31402746875 0.7690809038461539 0.3153137668269231 0.7672832043269231 0.3230893245192308 0.75597578125 0.3243467403846154 0.7529242115384616 0.32563303605769234
1 0.7116449399038461 0.32548861057692313 0.7076945216346153 0.3306626875 0.7005037307692308 0.3617649254807693 0.7165660144230769 0.3637665865384615 0.7283228605769231 0.36056528365384616 0.7309250072115384 0.3612228774038462 0.7379269879807692 0.3547625 0.7406235360576924 0.34309915865384616 0.7346148052884616 0.33335082692307694 0.726808375 0.33137805048076924 0.72465565625 0.32877656971153846 0.7116449399038461 0.32548861057692313
2 0.21461295432692307 0.25954935336538465 0.21596122836538462 0.25371768269230766 0.2190127980769231 0.2524313846153846 0.21910720192307692 0.24011045432692307 0.21695448076923077 0.2375089735576923 0.22450029567307692 0.2167837764423077 0.2280012908653846 0.21355358894230766 0.2149905721153846 0.21026563221153843 0.1921869182692308 0.2374223173076923 0.1908386442307692 0.24325398557692307 0.18778707692307692 0.2445402860576923 0.18509052884615385 0.256203625 0.18634439903846156 0.26269288701923077 0.1963035480769231 0.26726714423076925 0.2024066826923077 0.26469454567307693 0.20500882692307693 0.2653521394230769 0.21461295432692307 0.25954935336538465
2 0.2629168100961538 0.19357263942307693 0.26651220673076925 0.17802152163461538 0.26956377644230767 0.17673522355769228 0.2565530576923077 0.17344726442307692 0.24174463942307692 0.1779348653846154 0.23824364903846154 0.18116505288461537 0.2364459519230769 0.18894061298076922 0.2381492451923077 0.19348598317307691 0.24765896875 0.2000041298076923 0.25806754326923076 0.20263449759615385 0.2637212548076923 0.20200579086538462 0.26506952884615387 0.19617412259615385 0.2629168100961538 0.19357263942307693
2 0.34299423557692305 0.3475443317307692 0.34434250961538465 0.34171266346153845 0.35699820673076926 0.3346235817307692 0.35063445192307696 0.3144982067307692 0.3428280240384615 0.3125254302884616 0.33412274278846155 0.3144404350961538 0.3317812163461538 0.3364808149038462 0.3373405240384616 0.3481730384615384 0.34299423557692305 0.3475443317307692
2 0.3068022475961538 0.4206967860576923 0.32241511057692307 0.4246423365384615 0.32601050480769234 0.40909121634615386 0.3186535 0.4051745504807692 0.3156019326923077 0.4064608509615385 0.3077955024038461 0.4044880745192308 0.3047439326923077 0.4057743725961539 0.3029462355769231 0.4135499326923077 0.3068022475961538 0.4206967860576923
2 0.3107300697115385 0.4751834711538461 0.29771935336538463 0.4718955120192308 0.29466778605769234 0.4731818125 0.2868613557692308 0.47120903605769227 0.2723135576923077 0.4983946081730769 0.28262772596153846 0.51334590625 0.28783201442307693 0.5146610913461539 0.29313070432692306 0.5036553413461539 0.30838854326923076 0.4972238509615385 0.3118895360576923 0.49399366346153845 0.3084829471153846 0.48490292067307694 0.3098312211538462 0.47907125 0.3128827884615385 0.4777849543269231 0.3107300697115385 0.4751834711538461
2 0.1654142764423077 0.5557359735576923 0.1667625480769231 0.5499043028846153 0.15985496875 0.54404375 0.16345036298076923 0.5284926298076923 0.17215564423076923 0.5265776274038462 0.1831080456730769 0.5149431706730769 0.18571018990384613 0.5156007644230769 0.1840068966346154 0.5110553918269231 0.17664988942307694 0.5071387283653845 0.16624131490384614 0.504508360576923 0.16058760336538463 0.5051370673076924 0.15403504326923076 0.5096535504807692 0.14738807932692308 0.52649096875 0.1443365096153846 0.527777266826923 0.1350874014423077 0.54395709375 0.13284028125 0.5536765432692308 0.13499299759615385 0.5562780240384615 0.1336447235576923 0.5621096947115385 0.1357974423076923 0.5647111730769231 0.14315444951923076 0.5686278413461539 0.15141030288461538 0.5686567259615385 0.1654142764423077 0.5557359735576923
2 0 0.6373817524038461 0.0005352019230769231 0.6375170048076922 0.008696649038461539 0.6498668197115385 0.013900939903846153 0.6511820024038462 0.039117925480769235 0.6493247668269231 0.06263162259615385 0.6429221634615385 0.07088747596153847 0.6429510480769232 0.07744003605769231 0.6384345625 0.07483789423076923 0.6377769711538461 0.05806556730769231 0.6150212283653846 0.062015983173076925 0.6098471514423077 0.06766969471153847 0.6092184447115385 0.06901796875 0.6033867740384615 0.06641582451923077 0.6027291826923077 0.03769784615384615 0.6078166033653847 0.025491572115384616 0.6129617980769231 0.022889427884615385 0.6123042043269231 0.001528454326923077 0.6213082908653846 0 0.6244829951923077 0 0.6373817524038461
2 0.18637503846153847 0.655676375 0.18942660576923076 0.6543900769230769 0.1907748798076923 0.64855840625 0.1886221610576923 0.6459569254807692 0.1808157307692308 0.6439841514423077 0.14689346394230768 0.6477563870192308 0.13333891826923078 0.6587332499999999 0.12938849759615384 0.663907326923077 0.12759080048076923 0.6716828870192307 0.1318962403846154 0.6768858509615385 0.14490695673076923 0.6801738100961539 0.15101009134615384 0.6776012139423078 0.1705733701923077 0.6763726875 0.17192164423076922 0.6705410168269231 0.1697689230769231 0.6679395336538462 0.18117075240384617 0.6543611899038461 0.18637503846153847 0.655676375
2 0.11597757211538462 0.769563858173077 0.0977625673076923 0.7649607163461538 0.09426157692307692 0.7681909014423076 0.05485180769230769 0.80761075 0.05350353365384616 0.8134424206730769 0.05045196634615385 0.81472871875 0.04775541826923077 0.8263920552884615 0.054663 0.8322526129807692 0.06507157451923076 0.8348829783653847 0.076379 0.8336255649038461 0.10258923798076923 0.8155596201923078 0.11739765384615385 0.8110720216346153 0.11813029086538461 0.7721653389423077 0.11597757211538462 0.769563858173077