1 0.5236443774038462 0.9018829447115385 0.5245672403846154 0.913078295673077 0.5272988341346154 0.9214498149038461 0.5387168221153846 0.9300427788461539 0.5540876899038462 0.9309294783653846 0.56944171875 0.9192108365384615 0.573148625 0.9023200673076922 0.5752172884615384 0.8902848533653847 0.5642747451923077 0.8874595552884615 0.5391662307692308 0.8922001850961538 0.5236443774038462 0.9018829447115385
1 0.39838627403846155 0.8485757067307692 0.4129578509615385 0.8644953677884615 0.43851378124999996 0.8651824254807692 0.43776693749999995 0.8437577524038461 0.4314035408653846 0.8284223918269231 0.4036727716346154 0.8322819471153846 0.39838627403846155 0.8485757067307692
1 0.3920922067307692 0.6175727596153846 0.3729052620192308 0.6260883822115384 0.36234589423076924 0.6402760096153847 0.3740993605769231 0.6529387379807693 0.389805875 0.6578972019230769 0.4036001466346154 0.6581867355769231 0.39983934375 0.6311292644230769 0.3920922067307692 0.6175727596153846
1 0.5083180673076924 0.524178610576923 0.5021341298076923 0.5357495240384615 0.5062131826923078 0.548139048076923 0.517292920673077 0.5587927716346154 0.5366981442307692 0.5591256730769231 0.5504725865384615 0.5468100216346155 0.5532764567307692 0.5313290889423077 0.5548362163461539 0.5193209134615384 0.5417522932692308 0.5152475216346154 0.5272508365384615 0.5187436875 0.5083180673076924 0.524178610576923
1 0.33409912499999994 0.5388860216346154 0.34574885336538463 0.5379256225961538 0.3536439831730769 0.5409128245192307 0.35983091346153845 0.5293417499999999 0.3516307620192308 0.5164902427884616 0.3427512860576923 0.5077624110576923 0.32540110096153846 0.5137941850961538 0.31506820673076924 0.5245651322115384 0.32349466826923073 0.5339979639423077 0.33409912499999994 0.5388860216346154
1 0.4367635552884615 0.3181071899038462 0.45275265625 0.3264572980769231 0.4630184783653846 0.32727375000000003 0.47084348798076925 0.31084512500000006 0.4757638725961538 0.2962741466346154 0.4770944975961538 0.2876868076923077 0.4587321057692308 0.28763997355769233 0.4383903918269231 0.2945116081730769 0.432259514423077 0.3067626394230769 0.4367635552884615 0.3181071899038462
1 0.27688599759615384 0.27788159134615387 0.26198741586538465 0.2827607139423077 0.2556887139423077 0.2929758653846154 0.26256643749999997 0.30214950721153844 0.27548270432692307 0.30418901442307694 0.29004020913461537 0.30137281009615385 0.2804311177884615 0.28995801682692307 0.27688599759615384 0.27788159134615387
1 0.4164195048076923 0.17030143990384616 0.39069331249999995 0.17371302644230768 0.3786382620192308 0.18832159134615384 0.3843527956730769 0.20198608653846153 0.4077896081730769 0.20789571153846154 0.41706864663461535 0.20910606009615387 0.4191735288461539 0.18514562259615383 0.4164195048076923 0.17030143990384616
0 0.521770375 0.66541265625 0.5081169230769231 0.6513664831730769 0.4996952043269231 0.6425018509615386 0.4879100408653846 0.6511565192307691 0.49582473317307696 0.6655055697115385 0.5129907163461538 0.6755125528846153 0.521770375 0.66541265625
0 0.5362183365384615 0.6132680048076924 0.522450358173077 0.6095041346153847 0.5145728798076923 0.6189133341346154 0.5257862572115385 0.6266655024038462 0.5433829591346154 0.6302259615384614 0.5522711201923077 0.6214058341346154 0.5362183365384615 0.6132680048076924
0 0.6848615240384616 0.27655409615384613 0.670298389423077 0.26897989182692306 0.6608070480769231 0.27044628846153845 0.6424849711538462 0.27559367067307694 0.6386253629807693 0.2812582139423077 0.6332218389423077 0.291500125 0.6467308870192308 0.28628706971153844 0.6629479567307693 0.2847827211538462 0.687775889423077 0.2886017596153846 0.69179359375 0.2848551057692308 0.6848615240384616 0.27655409615384613
0 0.7398068509615385 0.5006737908653845 0.7298107067307692 0.5015603990384615 0.7266106009615385 0.5077483076923077 0.7307337283653846 0.5192135240384615 0.7485286995192308 0.5164984927884615 0.7527601129807693 0.5035268413461538 0.7398068509615385 0.5006737908653845
0 0.39664066586538466 0.44059468749999997 0.38257978125 0.44104644711538465 0.3878160048076923 0.4457717836538461 0.3969953653846154 0.4555844182692308 0.4073273990384615 0.4526813677884615 0.4084053653846154 0.4443846466346154 0.39664066586538466 0.44059468749999997
2 0.8097956586538462 0.9544116370192307 0.8238018509615385 0.9580744735576924 0.8349825264423077 0.9459528653846154 0.8445321201923076 0.9386643317307691 0.8449037956730769 0.9308450288461538 0.8242413125 0.9326217115384616 0.8234073004807693 0.9323585192307693 0.8220209134615384 0.9364697259615385 0.8109863677884616 0.9380723461538462 0.806752326923077 0.9298208245192308 0.7941424278846154 0.936932483173077 0.78880109375 0.9460321875000001 0.8097956586538462 0.9544116370192307
2 0.8513802860576922 0.9047320721153846 0.8301561754807693 0.905859673076923 0.80949053125 0.907634514423077 0.8086059591346154 0.9276875889423077 0.8234073004807693 0.9323585192307693 0.8244659471153846 0.9292191899038461 0.8590512091346153 0.9300934014423077 0.8747769735576922 0.9238325769230769 0.874657798076923 0.8977305745192308 0.8681525432692307 0.8865465817307693 0.8584082524038461 0.8914732475961539 0.8513802860576922 0.9047320721153846
2 0.675706579326923 0.8183394519230769 0.6853234783653845 0.8115756177884615 0.6825659807692308 0.7978564615384616 0.6767920793269231 0.7821222019230769 0.6699486466346154 0.7830301225961538 0.6522083798076923 0.7850593076923077 0.6354610625 0.7892131105769231 0.63343190625 0.79421396875 0.6401111514423078 0.8011986899038461 0.6463139735576923 0.8122882764423077 0.659309266826923 0.8020829182692307 0.6653141201923076 0.8107344879807693 0.675706579326923 0.8183394519230769
2 0.666592298076923 0.722581591346154 0.6519131129807693 0.7271678461538461 0.6340842836538462 0.733010125 0.6255264687500001 0.7378134951923077 0.6322058798076923 0.7448002187499999 0.6328726586538462 0.7578129326923077 0.6583366129807692 0.7458584639423077 0.674072514423077 0.7442069326923076 0.6812834639423078 0.7329490384615384 0.6773997788461539 0.7203763894230769 0.666592298076923 0.722581591346154
2 0.6404119086538462 0.6164599302884616 0.6762968509615385 0.6082985120192308 0.6981242283653846 0.6026716394230769 0.6929544230769231 0.5886487860576923 0.6607022403846153 0.5867889158653846 0.6416553942307692 0.5991195432692308 0.6358808317307693 0.6047874014423077 0.6397947524038461 0.6144077475961539 0.6404119086538462 0.6164599302884616
2 0.9200879423076922 0.5798958317307693 0.933941576923077 0.5746684855769231 0.9305949663461538 0.5442466298076923 0.9221461875 0.5284154519230769 0.9136552451923077 0.5375680024038462 0.9079279326923076 0.5547147475961538 0.8918220865384616 0.5530455625 0.8590327259615385 0.5477694086538462 0.8619084326923077 0.5571596875 0.8462344687500001 0.5709059783653846 0.8694961081730769 0.5727574110576923 0.8874598149038462 0.5765755625 0.9200879423076922 0.5798958317307693
2 0.90729478125 0.49607996394230774 0.8911558846153846 0.4786908894230769 0.8723109903846153 0.47435913942307695 0.8739250985576923 0.4888701899038462 0.8592101971153846 0.4938620793269231 0.8289913629807693 0.504450204326923 0.8389351826923076 0.5078528197115385 0.8426186875 0.5219727139423077 0.8521738052884615 0.5206234471153846 0.8790227956730768 0.5099331466346154 0.9038500576923076 0.5052456249999999 0.90729478125 0.49607996394230774
2 0.8164598293269231 0.3167575600961538 0.8049764615384615 0.3201737259615385 0.7488245120192307 0.3220341514423077 0.7475327067307693 0.34203454086538465 0.7567577235576923 0.3418236322115385 0.7819320120192308 0.33627605048076925 0.8046853942307692 0.3370316538461538 0.8173494975961538 0.33776287259615384 0.8253061129807692 0.3272346730769231 0.8164598293269231 0.3167575600961538
2 0.7482589447115384 0.2692891322115385 0.7475675456730768 0.29150328365384615 0.7493792451923077 0.29309228125 0.7710639735576923 0.29109657932692307 0.7870130745192309 0.28575790865384615 0.7784676610576924 0.27386076923076924 0.7693404350961538 0.2650818245192308 0.7461940288461538 0.2646283125 0.7482589447115384 0.2692891322115385