1 0.21575019471153847 0.19038476201923077 0.17310539182692308 0.20238670673076922 0.15182786778846152 0.22537630048076923 0.15189122596153848 0.24936023557692308 0.18928660336538464 0.2695879471153846 0.23729170432692306 0.26732822596153843 0.20525134615384613 0.25484407932692305 0.19453074759615385 0.23535962740384614 0.19712378365384617 0.20725283173076925 0.21575019471153847 0.19038476201923077
1 0.240264875 0.38312503605769227 0.26424630528846155 0.3740005288461538 0.2535679471153846 0.3705053653846154 0.21625176442307692 0.38025757211538463 0.19762535336538462 0.39712564182692306 0.20836706971153846 0.4246047403846154 0.23506824759615386 0.4353413052884615 0.2644046971153846 0.43396036298076923 0.24572020913461537 0.42884316105769227 0.22967099278846154 0.41160845192307693 0.240264875 0.38312503605769227
1 0.2593506201923077 0.5401404855769231 0.26993394711538465 0.5076597451923077 0.22731026201923077 0.5276563389423077 0.22469611057692307 0.5477684903846154 0.24340171634615387 0.5608803389423077 0.27007121875 0.5596249375 0.2593506201923077 0.5401404855769231
1 0.2701028966346154 0.5716169038461538 0.2781829423076923 0.6012202019230769 0.31552024038461535 0.5994626418269231 0.2994604639423077 0.578230610576923 0.30207461778846156 0.5581184567307692 0.2701028966346154 0.5716169038461538
1 0.29953965865384613 0.6082105264423077 0.3049157980769231 0.6239487355769231 0.3315905769230769 0.6246919951923077 0.33157473798076925 0.6186960120192307 0.3208752620192307 0.6072062067307692 0.29953965865384613 0.6082105264423077
1 0.29706278125 0.6802878701923076 0.3050900288461538 0.6899045528846154 0.3264309086538461 0.6908988942307693 0.33434200480769233 0.6565450360576922 0.30235444471153844 0.6640474975961539 0.29706278125 0.6802878701923076
2 0.9757359086538462 0.11862994230769232 0.9623536418269231 0.10126969230769231 0.9223335504807693 0.0971568076923077 0.9277836057692308 0.14087627644230769 0.9411341971153846 0.14624455769230768 0.9624750745192308 0.14723889903846155 0.9757359086538462 0.11862994230769232
2 0.8826513629807693 0.22095824278846152 0.9173903509615384 0.24530881490384615 0.9360273221153845 0.23243806971153846 0.9359745264423077 0.21245145673076923 0.9118769399038461 0.1776054158653846 0.8958699615384614 0.1763599951923077 0.9039394471153847 0.20196597115384615 0.8826513629807693 0.22095824278846152
2 0.8747825048076923 0.2713013894230769 0.8374663269230769 0.2810535961538462 0.8482186009615386 0.31253001442307693 0.8828731105769231 0.3049020120192308 0.885481985576923 0.2827911971153846 0.8747825048076923 0.2713013894230769
2 0.8749989735576923 0.3532465 0.8536000192307692 0.3302668870192308 0.826941076923077 0.3355196081730769 0.8296766634615385 0.36137666346153846 0.8190247019230769 0.3678748076923077 0.8670509206730769 0.37360973076923076 0.8749989735576923 0.3532465
2 0.8324808870192307 0.41321631490384614 0.8031497163461538 0.4165959158653846 0.8058800240384615 0.4404543100961539 0.8325495216346154 0.4391989086538462 0.8324808870192307 0.41321631490384614
2 0.7953125360576923 0.47893103125 0.803403139423077 0.5125316514423077 0.8220717908653847 0.5116528725961539 0.8247017836538462 0.4975367043269231 0.8086525673076923 0.4803019927884616 0.7953125360576923 0.47893103125
2 0.7342789086538463 0.5977408028846154 0.7476928533653846 0.6270930216346154 0.7636892716346153 0.6243411177884616 0.7608744927884616 0.5685041466346153 0.7475503028846154 0.5731291682692308 0.7342789086538463 0.5977408028846154
2 0.707767798076923 0.6589560384615385 0.6944383293269231 0.6615823990384615 0.6918241754807692 0.6816945504807692 0.7185253557692307 0.6924311177884616 0.707767798076923 0.6589560384615385