1 0.7397579086538462 0.5878006682692308 0.7313590649038461 0.5525874447115384 0.7006472740384615 0.5368358509615384 0.6472497403846155 0.5330349423076923 0.62111015625 0.5424009014423077 0.6408646346153847 0.6053974807692307 0.6721977451923077 0.6336673100961538 0.721147326923077 0.6148543149038461 0.7397579086538462 0.5878006682692308
1 0.7123978461538462 0.30456419951923075 0.6524654182692308 0.30310477884615383 0.6632252668269231 0.38588730048076925 0.6775376875 0.4062407932692308 0.7400541153846153 0.3927594086538461 0.7589132211538462 0.37071305528846155 0.7498930649038461 0.3229815985576923 0.7123978461538462 0.30456419951923075
1 0.7410771225961538 0.8153893413461539 0.7462451225961538 0.7855077283653846 0.7112096442307692 0.7496458774038461 0.6678008509615385 0.7460882067307693 0.6449908461538462 0.7555352427884615 0.6314495336538462 0.81772103125 0.6524211129807692 0.8382366826923077 0.7186399086538462 0.8323473197115384 0.7410771225961538 0.8153893413461539
1 0.8096996971153847 1 0.7976067620192308 0.9492988317307692 0.7602358125 0.9333850817307692 0.7102921225961538 0.9321688990384616 0.72859465625 1 0.8096996971153847 1
1 0.6956290625 0.6367385120192307 0.7194331706730769 0.6473206514423077 0.7757874951923077 0.6436916971153847 0.7943980745192308 0.6166380480769231 0.7726809134615386 0.5811005144230769 0.7457957524038462 0.5754445889423077 0.6956290625 0.6367385120192307
1 0.7596332764423077 0.3182175384615385 0.7644540120192308 0.3483423870192308 0.8205598100961539 0.3397061394230769 0.8295544423076924 0.3199201971153846 0.8180745432692308 0.2896331899038462 0.8046319615384616 0.28680522836538463 0.7596332764423077 0.3182175384615385
1 0.7726264807692308 0.11098236057692307 0.7416661634615385 0.09022347355769231 0.6951763149038462 0.09159201682692308 0.7159248966346153 0.17461777403846154 0.7747389567307692 0.15354436538461538 0.7726264807692308 0.11098236057692307
1 0.6522168918269231 0.29809748317307694 0.7189327427884616 0.3022227091346154 0.7252191129807692 0.29487392548076924 0.7268090072115385 0.2599039423076923 0.7022593173076923 0.23429991586538462 0.6420783629807693 0.22783319951923076 0.6522168918269231 0.29809748317307694
1 0.7850561778846153 0.6964304495192307 0.7220426971153846 0.6998972451923078 0.7264906442307691 0.7225111490384616 0.761526125 0.7583730024038461 0.7847089158653847 0.7564369086538462 0.8036922860576923 0.736894204326923 0.802201125 0.7068504326923077 0.7850561778846153 0.6964304495192307
1 0.7868180168269231 0.46391556009615387 0.7895262788461538 0.4514784038461539 0.7580689086538462 0.4207049230769231 0.7076281658653846 0.4094741514423077 0.6880234759615385 0.4164986201923077 0.708647798076923 0.4970207307692308 0.7223389038461538 0.5048559903846154 0.7650021201923077 0.4933917788461538 0.7868180168269231 0.46391556009615387
1 0.8015380769230769 1 0.8066269230769231 0.9970302908653846 0.8014333966346154 0.9593945024038462 0.7771322355769231 0.9387977692307692 0.7070868052884615 0.9345914663461539 0.6844010673076923 0.9465421514423077 0.6333390072115385 0.9227931418269232 0.5706727884615385 0.8662534807692308 0.3865518221153846 0.8417649639423076 0.31046854807692303 0.8499147379807692 0.23992606730769234 0.8356938461538461 0.1827274278846154 0.8893146658653847 0.03031236057692308 0.9006069230769231 0.034413048076923074 0.9832272860576924 0.10320248076923076 1 0.8015380769230769 1