1 0.436 0.8825301201923076 0.452 0.9036144567307692 0.46 0.9096385552884616 0.47000000000000003 0.9156626514423076 0.482 0.9156626514423076 0.492 0.9006024086538461 0.5 0.8734939759615384 0.5 0.8403614447115384 0.49600000000000005 0.8313253004807692 0.49600000000000005 0.82228915625 0.486 0.8102409639423077 0.474 0.8042168677884616 0.46599999999999997 0.8042168677884616 0.464 0.8072289158653846 0.452 0.8102409639423077 0.446 0.819277108173077 0.43400000000000005 0.8283132524038461 0.432 0.8343373485576924 0.432 0.8614457836538462 0.436 0.8674698798076924 0.436 0.8825301201923076
1 0.096 0.36144578365384616 0.096 0.3644578317307693 0.1 0.3644578317307693 0.1 0.35843373557692304 0.094 0.3493975913461539 0.092 0.3373493966346154 0.082 0.3373493966346154 0.08 0.34036144471153845 0.076 0.3524096394230769 0.078 0.3554216875 0.088 0.3554216875 0.096 0.36144578365384616
1 0.226 0.27108433653846153 0.23 0.26807228846153847 0.23 0.2590361442307692 0.232 0.25602409615384614 0.228 0.25 0.218 0.25 0.214 0.25301204807692307 0.212 0.25602409615384614 0.212 0.2620481923076923 0.214 0.2650602403846154 0.226 0.27108433653846153
1 0.41000000000000003 0.3373493966346154 0.41000000000000003 0.3343373485576923 0.40599999999999997 0.3283132524038462 0.392 0.3283132524038462 0.38799999999999996 0.3343373485576923 0.384 0.34638554326923077 0.386 0.3524096394230769 0.392 0.3524096394230769 0.41000000000000003 0.3373493966346154
0 0.116 0.34036144471153845 0.126 0.34036144471153845 0.126 0.3192771081730769 0.12200000000000001 0.3162650600961538 0.106 0.3162650600961538 0.1 0.3192771081730769 0.1 0.32530120432692305 0.10400000000000001 0.3313253004807692 0.116 0.34036144471153845
0 0.13571 0.42363855528846156 0.128544 0.42496987980769235 0.131638 0.44028614423076917 0.154902 0.43634337259615386 0.151122 0.42626506009615384 0.13571 0.42363855528846156
2 0.045624 0.7084909639423077 0.04126 0.6795060240384616 0.028266 0.6707469879807693 0.008926 0.6809999999999999 0.006546 0.6962409639423076 0.015274 0.7064006033653847 0.045624 0.7084909639423077
2 0.083114 0.7628795192307692 0.06665 0.7542138557692308 0.044632 0.7641024086538462 0.048600000000000004 0.7843945793269231 0.08252 0.7814066274038461 0.091842 0.7739337355769231 0.083114 0.7628795192307692
2 0.184522 0.4214096394230769 0.17275000000000001 0.4256234927884615 0.17427600000000001 0.43487349278846155 0.204794 0.42994578365384617 0.198908 0.4230512043269231 0.184522 0.4214096394230769
2 0.41471 0.40769277163461537 0.404356 0.40305421634615385 0.389206 0.4142590360576923 0.39531 0.4205 0.42604600000000004 0.4155722884615385 0.41471 0.40769277163461537
0 0.35476599999999997 0.3604036153846154 0.36740799999999996 0.3702560240384616 0.36828 0.35350903605769235 0.368062 0.35219578365384613 0.356728 0.34595481971153846 0.35476599999999997 0.3604036153846154