1 0.2717174471153846 0.5877344302884615 0.27894087259615385 0.5529562403846154 0.2741455408653846 0.5111503749999999 0.26865212499999996 0.5051523822115385 0.2643575384615385 0.5096058509615384 0.26229370192307694 0.5195424783653846 0.25370453125 0.5284494182692308 0.2516406971153846 0.5383860432692308 0.2258731826923077 0.5651068677884615 0.22484126442307695 0.5700751850961538 0.17829890865384618 0.5832554951923077 0.16851090625 0.58171096875 0.16541515384615385 0.59661590625 0.16987665384615386 0.6075822163461538 0.18292732451923077 0.6096415817307692 0.19065149278846152 0.6211227307692307 0.20816366586538462 0.6341484038461539 0.22773967307692308 0.6372374519230769 0.24285418028846154 0.6293601947115385 0.25573793990384613 0.61599978125 0.2717174471153846 0.5877344302884615
1 0.7984335889423076 0.5015211778846154 0.7919082548076923 0.5004914951923077 0.7800564158653847 0.5088835913461538 0.777992579326923 0.51882021875 0.7824540793269231 0.5297865240384616 0.7814221634615385 0.5347548389423077 0.7858836658653847 0.5457211466346154 0.805459673076923 0.5488101971153846 0.8140488413461539 0.5399032524038462 0.8214391826923078 0.52054484375 0.8169776802884615 0.5095785360576923 0.8006643389423077 0.5070043317307692 0.7984335889423076 0.5015211778846154
1 0.6737541201923077 0.5177650697115385 0.6629341995192307 0.5211888581730769 0.667395701923077 0.5321551658653847 0.6728891201923077 0.5381531610576923 0.6859397908653846 0.5402125288461538 0.6945289615384616 0.5313055865384615 0.6986566322115385 0.5114323365384615 0.6974578004807692 0.5009808677884615 0.6866378774038462 0.5044046586538461 0.6737541201923077 0.5177650697115385
1 0.6775479615384616 0.4670522620192308 0.6677599591346154 0.4655077403846154 0.6602027067307692 0.46944636778846155 0.6419924447115384 0.4922285649038462 0.6431912788461538 0.5026800336538462 0.6464539447115385 0.5031948725961539 0.6509154471153846 0.5141611802884616 0.6672287860576923 0.5167353870192307 0.6778817908653847 0.49789181971153845 0.6809775456730769 0.4829868846153846 0.6797787139423076 0.4725354158653846 0.6775479615384616 0.4670522620192308
0 0.24607164903846154 0.2245073125 0.23748247596153846 0.23341425240384617 0.22682947115384614 0.2522578221153846 0.22373371634615385 0.2671627596153846 0.21943912980769228 0.27161623076923075 0.22613138221153847 0.2880656923076923 0.27077681490384614 0.3002417860576923 0.2889870745192308 0.27745958653846153 0.29254661057692305 0.26658394711538463 0.2982006346153846 0.24549430769230768 0.29373260096153847 0.2240953485576923 0.2536289014423077 0.22056868509615385 0.24607164903846154 0.2245073125
0 0.7995567596153846 0.3241453413461538 0.7931236418269231 0.3242128798076923 0.7897138701923077 0.33779061298076923 0.7866743701923077 0.35237603125 0.7893900745192308 0.3562219086538461 0.7959263052884615 0.3597624399038461 0.8002177067307692 0.35340994230769235 0.8045395216346154 0.3442503774038462 0.8058576754807691 0.33663850721153843 0.8055357211538462 0.32936305288461537 0.7995567596153846 0.3241453413461538
0 0.8661442451923077 0.3548848028846154 0.8719464519230768 0.3519981971153846 0.8731556153846154 0.3513680168269231 0.8764347187499999 0.3514954831730769 0.8807443942307691 0.3394092475961538 0.8753565865384616 0.32350941346153844 0.8695396778846154 0.32122663221153847 0.8653406033653847 0.3255771586538462 0.8669574086538462 0.3322154326923077 0.8668924038461537 0.34406325721153846 0.8661442451923077 0.3548848028846154
2 0.8380693677884616 0.17867925480769228 0.8278306442307692 0.18022952403846154 0.8255339014423076 0.18479813701923076 0.8264033461538461 0.1886913317307692 0.8336841346153846 0.19130773076923077 0.8347449927884616 0.2014500793269231 0.8350658533653846 0.20671908653846155 0.838039826923077 0.20894835817307691 0.8452558173076923 0.20898895673076925 0.8487571658653846 0.2040716610576923 0.8524804711538461 0.19007134134615383 0.8535750624999999 0.18347094951923076 0.8503291562499999 0.17878713221153844 0.8380693677884616 0.17867925480769228
2 0.8947689639423076 0.19172610336538462 0.8843400192307692 0.19145045913461536 0.8760612475961539 0.1907187764423077 0.874300920673077 0.19659837259615387 0.8728272812500001 0.2049912980769231 0.872447045673077 0.21168901442307692 0.8767256634615385 0.21217944951923076 0.8804757572115385 0.21359218990384615 0.8844898245192307 0.21381511057692307 0.8873899471153847 0.20561136538461539 0.8940197692307692 0.20255261778846154 0.8967905697115385 0.19604227403846153 0.8947689639423076 0.19172610336538462
2 0.71561671875 0.15852013221153843 0.7130070504807692 0.1648711826923077 0.7168491177884615 0.16816104326923076 0.7216474879807693 0.1694261995192308 0.7213574975961539 0.17804181490384613 0.7127265528846153 0.2008424423076923 0.729136298076923 0.2098150048076923 0.7343503341346154 0.18328362740384613 0.74221396875 0.1699366394230769 0.7387643629807693 0.1625832668269231 0.732645204326923 0.1597602043269231 0.7239096658653845 0.1556468557692308 0.71561671875 0.15852013221153843
2 0.6861520865384616 0.16595453125 0.6871425384615384 0.16838905048076924 0.6851699038461538 0.18213711538461538 0.7008814399038462 0.18879311298076923 0.70199459375 0.1760844591346154 0.7066153894230769 0.14820746634615384 0.6940008629807692 0.15123518509615386 0.686700076923077 0.15108371153846153 0.6816024182692307 0.15356324519230768 0.6827255600961538 0.16113445913461538 0.6861520865384616 0.16595453125
0 0.051889552884615386 0.49134405769230766 0.05158603365384616 0.5119490288461539 0.07242218509615385 0.5194188100961539 0.1091152235576923 0.5107647091346154 0.10219865624999999 0.47299072115384616 0.08577580288461539 0.46090148317307694 0.07025082932692307 0.46064780769230773 0.05657870673076923 0.4716876875 0.051889552884615386 0.49134405769230766