1 0.6 0.33999999999999997 0.58 0.29 0.5525 0.26999999999999996 0.5175 0.27666666586538463 0.5025 0.3066666658653846 0.5 0.36 0.51 0.3866666658653846 0.5725 0.37 0.6 0.33999999999999997
1 0.3575 0.26 0.335 0.24000000000000002 0.2875 0.2466666658653846 0.26999999999999996 0.2833333341346154 0.26999999999999996 0.34333333413461536 0.3525 0.33666666586538463 0.3725 0.32333333413461535 0.3575 0.26
1 0.8049999999999999 0.37 0.7975 0.3033333341346154 0.78 0.28 0.75 0.27333333413461536 0.715 0.3066666658653846 0.7124999999999999 0.35 0.7225 0.3733333341346154 0.785 0.39 0.8049999999999999 0.37
1 0.9774999999999999 0.22666666586538461 0.965 0.22 0.9125000000000001 0.23 0.8975000000000001 0.2666666658653846 0.8975000000000001 0.3166666658653846 0.9875 0.2966666658653846 0.9974999999999999 0.2833333341346154 0.9774999999999999 0.22666666586538461
1 0.6075 0.23666666586538462 0.58 0.2166666658653846 0.545 0.23666666586538462 0.5399999999999999 0.2633333341346154 0.6024999999999999 0.3166666658653846 0.6125 0.2933333341346154 0.6075 0.23666666586538462
1 0.3025 0.17666666586538463 0.2825 0.16666666586538462 0.2525 0.17666666586538463 0.25 0.19 0.2825 0.23666666586538462 0.3125 0.23333333413461538 0.3025 0.17666666586538463
1 0.075 0.2133333341346154 0.055 0.2433333341346154 0.0575 0.29 0.14 0.27333333413461536 0.11750000000000001 0.2133333341346154 0.075 0.2133333341346154
1 0.26 0.26999999999999996 0.22499999999999998 0.2666666658653846 0.2 0.29 0.195 0.35 0.265 0.34333333413461536 0.2675 0.27666666586538463 0.26 0.26999999999999996
1 0.72 0.23333333413461538 0.7 0.2133333341346154 0.67 0.2133333341346154 0.66 0.23 0.6649999999999999 0.2933333341346154 0.6875 0.29 0.7225 0.2566666658653846 0.72 0.23333333413461538
1 0.47000000000000003 0.2833333341346154 0.45749999999999996 0.24000000000000002 0.4275 0.2166666658653846 0.415 0.2133333341346154 0.385 0.2433333341346154 0.375 0.2933333341346154 0.3825 0.3133333341346154 0.4625 0.2966666658653846 0.47000000000000003 0.2833333341346154
1 0.8825000000000001 0.9966666658653847 0.965 0.9966666658653847 0.9974999999999999 0.8500000000000001 0.9974999999999999 0.3766666658653846 0.985 0.37 0.9875 0.26999999999999996 0.9600000000000001 0.22333333413461537 0.9225 0.22666666586538461 0.9025 0.25 0.8999999999999999 0.32 0.9125000000000001 0.34333333413461536 0.89 0.39333333413461535 0.8350000000000001 0.4533333341346154 0.8150000000000001 0.6366666658653847 0.825 0.7133333341346154 0.8125 0.7833333341346154 0.8674999999999999 0.8433333341346153 0.8825000000000001 0.9966666658653847