1 0.791316485576923 0.45448463461538463 0.7721329350961538 0.45049665625 0.7720686874999999 0.46483772355769226 0.7948287403846154 0.46790008413461537 0.791316485576923 0.45448463461538463
1 0.6599496081730769 0.2736164639423077 0.64828090625 0.2934604278846154 0.6690820288461539 0.3020916682692308 0.6812801274038461 0.2967448942307692 0.6755566538461538 0.27853005528846153 0.6599496081730769 0.2736164639423077
1 0.49538974759615384 0.28540780528846155 0.4842693918269231 0.2757519254807692 0.45481142307692307 0.27263245913461537 0.44780150240384614 0.2749390649038462 0.4586097163461539 0.28449667307692306 0.4803626730769231 0.3030393918269231 0.48726230048076924 0.3054167740384615 0.49752346634615385 0.3000305408653846 0.49538974759615384 0.28540780528846155
1 0.7357185504807693 0.7168206995192308 0.7228174350961538 0.7258893413461538 0.7394325192307692 0.7325564278846154 0.7453044375 0.7300967067307693 0.7488609975961539 0.7211635192307693 0.7357185504807693 0.7168206995192308
0 0.7195059615384616 0.6975603269230769 0.7204102596153846 0.7050256778846153 0.7317902884615385 0.7065568557692308 0.7297284447115384 0.6983167548076923 0.7195059615384616 0.6975603269230769
2 0.5845839735576923 0.6723161538461538 0.5891616850961539 0.6671921995192308 0.5941687884615384 0.6658963365384616 0.59152175 0.6587029615384616 0.5825933389423077 0.6581487908653846 0.5798172644230769 0.6697896346153847 0.5845839735576923 0.6723161538461538
2 0.5754285504807692 0.6825640624999999 0.5820745288461538 0.6842461033653847 0.5893575048076923 0.6807945 0.5815862427884615 0.6736291466346154 0.5806824759615384 0.6760117091346154 0.5802793197115385 0.6762951057692308 0.5754285504807692 0.6825640624999999
2 0.6421849903846154 0.4138933052884616 0.6348237115384615 0.41239638701923076 0.6331468245192308 0.42787103365384616 0.6457234807692308 0.4314202403846154 0.6493517860576923 0.4264077067307692 0.6421849903846154 0.4138933052884616
0 0.7665914975961539 0.4315184831730769 0.7667800961538462 0.43178302163461535 0.7697125096153846 0.4251152692307692 0.7611936850961538 0.4228435961538462 0.7597764663461538 0.43019354326923076 0.7665914975961539 0.4315184831730769
0 0.38878116346153846 0.26210210336538464 0.37952133894230766 0.2657519807692308 0.38506866586538463 0.27344813221153846 0.39817845192307694 0.2751135745192308 0.3983670456730769 0.2753781129807692 0.4006751802884615 0.2685138149038461 0.38878116346153846 0.26210210336538464
0 0.5119726033653846 0.26627596634615386 0.519231204326923 0.27135549999999997 0.5287883990384615 0.2676125480769231 0.5232978605769231 0.2602974110576923 0.5119726033653846 0.26627596634615386