1 0.19399999999999998 0.2853107355769231 0.20500000000000002 0.2853107355769231 0.222 0.2937853100961539 0.23399999999999999 0.3192090384615385 0.24400000000000002 0.3305084735576923 0.246 0.3361581923076923 0.24400000000000002 0.34463276923076924 0.252 0.34745762740384617 0.272 0.3163841802884615 0.28 0.26836158173076924 0.26999999999999996 0.2401129951923077 0.254 0.22033898317307693 0.23600000000000002 0.21186440625 0.20800000000000002 0.21186440625 0.19399999999999998 0.22316384134615383 0.19 0.2344632764423077 0.178 0.24576271153846155 0.176 0.2627118653846154 0.18 0.27118643990384617 0.192 0.27966101682692307 0.19399999999999998 0.2853107355769231
1 0.376 0.27683615865384614 0.382 0.2853107355769231 0.384 0.2937853100961539 0.394 0.3050847451923077 0.41000000000000003 0.3107344639423077 0.428 0.30225988701923073 0.436 0.2853107355769231 0.446 0.2542372884615384 0.446 0.2429378533653846 0.448 0.2401129951923077 0.446 0.2090395480769231 0.438 0.18644067788461538 0.42600000000000005 0.17514124278846152 0.39599999999999996 0.17514124278846152 0.382 0.1892655360576923 0.374 0.21468926442307693 0.374 0.23163841826923076 0.372 0.2344632764423077 0.374 0.2655367235576923 0.376 0.27683615865384614
1 0.5 0.1892655360576923 0.504 0.18644067788461538 0.516 0.18079096153846155 0.52 0.18361581971153845 0.52 0.17796610096153845 0.514 0.1694915264423077 0.506 0.1694915264423077 0.498 0.18079096153846155 0.498 0.19209039663461538 0.5 0.19209039663461538 0.5 0.1892655360576923
1 0.8680000000000001 0.217514125 0.8680000000000001 0.2090395480769231 0.864 0.20338982932692307 0.858 0.20338982932692307 0.8520000000000001 0.2090395480769231 0.8500000000000001 0.217514125 0.8520000000000001 0.22316384134615383 0.856 0.22598869951923076 0.8680000000000001 0.217514125
1 0.99 0.21468926442307693 0.99 0.20621468990384614 0.986 0.20056497115384617 0.986 0.19774011298076924 0.9740000000000001 0.19774011298076924 0.966 0.20621468990384614 0.964 0.21186440625 0.98 0.22316384134615383 0.986 0.22316384134615383 0.99 0.21468926442307693
0 0.9838 0.3166836153846154 0.97596 0.3108079086538461 0.9733999999999999 0.31985028365384616 0.97804 0.32662994230769227 0.9838 0.3166836153846154
0 0.9063599999999999 0.2717062139423077 0.9151600000000001 0.27035028365384617 0.9149999999999999 0.26022598798076924 0.9077999999999999 0.25995197836538464 0.90444 0.2642457620192308 0.9063599999999999 0.2717062139423077
2 0.98588 0.39331638461538465 0.9770800000000001 0.3896977403846154 0.9770800000000001 0.3908276826923077 0.9768 0.3896045192307692 0.96924 0.40235875721153846 0.9730800000000001 0.40507062259615384 0.99036 0.40009604567307694 0.98588 0.39331638461538465
2 0.8484799999999999 0.3485 0.8392 0.34666666586538464 0.8339200000000001 0.35392655288461533 0.83968 0.3582203389423077 0.84912 0.3541525432692308 0.8484799999999999 0.3485
2 0.8712 0.350985875 0.86352 0.350985875 0.85952 0.35663841826923076 0.86496 0.3600282475961538 0.8729600000000001 0.3579943509615384 0.8712 0.350985875
2 0.523296 0.44166384134615383 0.512578 0.4300988701923077 0.512968 0.4270677956730769 0.49815400000000004 0.4367062139423077 0.502052 0.4490960456730769 0.524466 0.4496468918269231 0.523296 0.44166384134615383
2 0.5455139999999999 0.42431356009615384 0.541812 0.4190819206730769 0.531872 0.42651694951923075 0.533042 0.4441412427884615 0.5642240000000001 0.44386440625 0.558378 0.4331271177884615 0.5455139999999999 0.42431356009615384
2 0.169196 0.6868135600961539 0.175924 0.6532627115384616 0.14149 0.6543813557692307 0.12486799999999999 0.6426384182692307 0.08252 0.6543813557692307 0.073812 0.639282485576923 0.07173399999999999 0.63810734375 0.056794000000000004 0.6616497163461539 0.058774 0.7002316394230769 0.12289 0.6907259879807692 0.169196 0.6868135600961539
0 0.189822 0.7689011298076923 0.208952 0.781853108173077 0.21413400000000002 0.7463757067307693 0.211344 0.7125903966346154 0.18065399999999998 0.7131525432692307 0.17985600000000002 0.7137146899038461 0.178662 0.7311723173076923 0.189822 0.7689011298076923
0 0.35827200000000003 0.4724886995192307 0.36525199999999997 0.4930367235576923 0.380668 0.5086525432692308 0.39782799999999996 0.4765988701923077 0.40859 0.44906497115384614 0.392594 0.4313954807692308 0.39288399999999996 0.43016101682692304 0.38008600000000003 0.4539971754807692 0.35827200000000003 0.4724886995192307
0 0.35638 0.4071497163461538 0.344164 0.3923559326923077 0.33049399999999995 0.3919265528846154 0.324094 0.42071186538461536 0.340964 0.4359152548076923 0.353472 0.43550564903846156 0.35638 0.4071497163461538