1 0.5087301730769231 0.7309468052884616 0.4904686442307692 0.7200398221153846 0.4321501370192308 0.71367625 0.3951367427884615 0.7200374927884615 0.3493533341346154 0.7591181346153846 0.3329845024038462 0.8043798677884616 0.34720145432692306 0.8356456201923077 0.39504777884615383 0.8547332307692308 0.4572406466346154 0.8387384951923077 0.5229471250000001 0.7622125600961538 0.5087301730769231 0.7309468052884616
1 0 0.26606732451923076 0.0023920072115384615 0.28049443028846155 0.02810244471153846 0.3110333653846154 0.10806650240384616 0.3341208221153846 0.16604457932692307 0.33648531971153844 0.1998441682692308 0.3263067115384616 0.21859603365384617 0.3090384855769231 0.2162129951923077 0.2810449783653846 0.17224103125 0.23959906009615384 0.08989393990384616 0.1885180985576923 0.05913793990384615 0.20051453846153844 0.03868390625 0.19778740384615384 0.013844865384615386 0.21141997115384617 0 0.23790296634615385 0 0.26606732451923076
1 0.3811460504807692 0.21633688221153846 0.4043032379807692 0.2168827764423077 0.43942393509615385 0.15435281730769232 0.4422566778846154 0.0858234735576923 0.4307428798076923 0.05237647596153846 0.41163026682692305 0.031471810096153845 0.33151630528846154 0.040558637019230764 0.2953539951923077 0.05691756009615385 0.26376722596153845 0.09309013942307692 0.2658301394230769 0.15125839182692308 0.2729386153846154 0.16689126682692307 0.3123350456730769 0.18852353125 0.35967071875 0.20161253125 0.3811460504807692 0.21633688221153846
1 0.6935940024038462 0.35740240144230767 0.7453146850961538 0.35413170192307697 0.8144255 0.31759649038461535 0.8495665096153846 0.2892403485576923 0.8772586081730769 0.2412522596153846 0.8642128581730769 0.18980943749999998 0.836139701923077 0.16545081730769232 0.7974241394230769 0.15181669951923077 0.7257600745192309 0.15835887259615383 0.6664405769230769 0.17417190384615383 0.6392388149038462 0.19398478365384617 0.6098445504807692 0.22197751201923077 0.588239625 0.27360126201923074 0.6097352740384616 0.3224994326923077 0.6498125673076923 0.3521298389423077 0.6935940024038462 0.35740240144230767
1 0.8075404711538462 0.6778756177884616 0.7951959038461538 0.6686047596153847 0.7367071778846154 0.6602416514423077 0.6623399591346154 0.6689650649038461 0.6300723221153847 0.6971395 0.621983170673077 0.7378570432692307 0.6761071995192308 0.7967536706730769 0.7175259158653847 0.8082065456730769 0.8060694591346155 0.76240125 0.8170319807692308 0.7215020024038462 0.8075404711538462 0.6778756177884616
1 0.7177038413461538 0.5388150673076922 0.6695170841346154 0.5157283870192308 0.6237133581730769 0.5206352091346154 0.6069837836538462 0.5277240504807692 0.59702225 0.5464466971153846 0.6000861490384616 0.5824383461538462 0.6421857331730769 0.6018893653846153 0.685286298076923 0.5991637836538461 0.7258336153846153 0.5664451634615385 0.7177038413461538 0.5388150673076922
0 0.3599425024038462 0.3744811610576923 0.3653488125 0.3701186802884615 0.37260718990384617 0.3535772740384615 0.3693933870192308 0.34975990625000003 0.35485631009615387 0.34866889903846154 0.3396383725961538 0.3395797451923077 0.33946815625 0.3375802091346154 0.33355119951923073 0.33594408413461535 0.3271235865384616 0.3283093509615385 0.31494923557692306 0.32103802884615384 0.3174821730769231 0.3168572524038461 0.3142683677884615 0.3130398846153846 0.31122478124999997 0.3112220528846154 0.2968579230769231 0.3121305817307692 0.28283150240384614 0.31703818028846154 0.2797879134615385 0.3152203485576923 0.27116780048076927 0.31576546394230764 0.26288811778846155 0.32030965384615384 0.2632285528846154 0.3243087259615385 0.2732103990384615 0.3397598990384615 0.27389126682692305 0.34775804326923077 0.2771050721153846 0.3515754110576923 0.3283354182692308 0.3764799206730769 0.3599425024038462 0.3744811610576923
0 0.4008302548076923 0.34576161057692306 0.40623656249999995 0.3413991298076923 0.41130243749999995 0.3330375745192308 0.41075968749999997 0.31739758653846156 0.40638646634615383 0.30922484615384616 0.39472276201923073 0.30795212980769227 0.38373992788461536 0.3146775600961539 0.37529003365384617 0.31722221394230765 0.36718056971153845 0.32376593750000005 0.3673507860576923 0.3257654759615385 0.33287032932692306 0.32794593990384613 0.32695337019230764 0.32630981249999996 0.33033739182692307 0.33212671875 0.3428521778846154 0.34339711057692307 0.35198293990384616 0.3488506033653846 0.3666902307692308 0.3519411490384616 0.3753103461538462 0.35139603124999996 0.38646339663461543 0.3466701394230769 0.4008302548076923 0.34576161057692306
0 0.9052350937500001 0.6716976346153847 0.8827587740384615 0.6791498846153845 0.8422114567307692 0.7118685096153846 0.8432327596153846 0.7238657235576924 0.8680921129807693 0.7444069759615384 0.9128745336538462 0.7275029375000001 0.904063891826923 0.6918746971153846 0.9172392307692309 0.6769694182692307 0.9052350937500001 0.6716976346153847
2 0.5674654735576923 0.301048875 0.5644218846153847 0.2992310456730769 0.5637410192307692 0.29123290144230773 0.5351572091346154 0.2608756730769231 0.5261966634615385 0.25742171634615385 0.5277286153846154 0.2754175408653846 0.5343264375 0.2850518125 0.5350073052884615 0.2930499543269231 0.5380508942307692 0.2948677860576923 0.5279191418269231 0.31159089663461537 0.5171065240384615 0.3203158629807692 0.5248958701923077 0.34394688461538464 0.5340266346153846 0.34940037740384616 0.5485637067307693 0.35049138701923077 0.5649528509615385 0.33940347115384617 0.5666347043269231 0.32522501442307694 0.5693378581730769 0.3230437740384616 0.5674654735576923 0.301048875
2 0.21537451923076922 0.5766121298076923 0.21469365384615385 0.5686139879807692 0.21739680528846156 0.5664327451923077 0.21603507211538464 0.5504364567307692 0.2236338846153846 0.537894125 0.2222721514423077 0.5218978341346154 0.21297117067307691 0.5144448076923077 0.20181811778846154 0.5191707019230769 0.19168636778846154 0.5358938125 0.18374712019230768 0.5444370721153846 0.1852790721153846 0.5624328966346154 0.19170668269230767 0.5700676298076923 0.19289819951923076 0.5840643822115384 0.21030864182692308 0.5849736850961539 0.21537451923076922 0.5766121298076923
2 0.21034926923076924 0.6533213245192309 0.21305242548076922 0.6511400817307693 0.22741928365384614 0.6502315552884615 0.23552874519230768 0.643687829326923 0.24583071394230768 0.6289642548076924 0.24549027884615388 0.6249651850961538 0.23584886538461539 0.6135130841346154 0.22773001201923077 0.6133631009615385 0.22148200721153846 0.6144216105769231 0.20762580048076923 0.6213287475961539 0.18480905048076923 0.6247819254807693 0.1738262139423077 0.6315073557692308 0.17095284375 0.6316890625 0.17433686538461537 0.6375059639423076 0.18617078365384615 0.6407782139423077 0.19225795913461538 0.6444138774038461 0.19564198317307693 0.6502307788461539 0.21034926923076924 0.6533213245192309