1 0.1325855360576923 0.045321956730769226 0.1194633125 0.07228861778846153 0.10746824278846154 0.07223142067307692 0.10160314903846154 0.13827491586538462 0.11705077403846155 0.1833972980769231 0.16648443028846155 0.22868174519230772 0.2081765 0.2198708028846154 0.23100393509615386 0.1839406706730769 0.22642422836538462 0.16589934615384616 0.12765381009615384 0.07833417067307692 0.1325855360576923 0.045321956730769226
1 0.26961498076923074 0.4514138846153846 0.28209450721153845 0.46648963221153844 0.3096954375 0.45460825 0.30672734134615387 0.4245616129807692 0.26961498076923074 0.4514138846153846
1 0.2867969014423077 0.3644016105769231 0.30737003365384613 0.3825192043269231 0.3448699615384615 0.3676817764423077 0.3522853245192307 0.3496976442307692 0.30426949759615385 0.28640047355769227 0.2959821105769231 0.27735121153846154 0.28247231971153847 0.29230303125 0.2762196586538461 0.3463316875 0.2867969014423077 0.3644016105769231
1 0.35567653846153846 0.4548275072115385 0.36928321875 0.4428793942307693 0.3702165865384615 0.40984811538461535 0.32014023798076924 0.40660608173076923 0.3273973653846154 0.4456829158653846 0.35567653846153846 0.4548275072115385
1 0.4720777860576923 0.40733058173076925 0.45218289663461536 0.41023896153846157 0.43983581009615386 0.4612353076923077 0.46431040625000003 0.4763682548076923 0.4777233052884616 0.45841271875 0.4811403100961539 0.4404095264423077 0.4720777860576923 0.40733058173076925
1 0.5178393125 0.5246754735576923 0.5439255216346154 0.527803108173077 0.5515346682692308 0.5158264014423077 0.55895003125 0.49784226923076924 0.5520804687499999 0.4707802764423077 0.5190278076923077 0.4375869399038462 0.49742441346153843 0.4494969182692307 0.4961034759615384 0.4705133581730769 0.5178393125 0.5246754735576923
1 0.4897539254807692 0.5215383004807692 0.503554389423077 0.5155976105769231 0.5043908653846154 0.4795626201923077 0.49210512019230773 0.47049429086538463 0.4732760408653846 0.5064434855769231 0.4897539254807692 0.5215383004807692
1 0.7894013341346154 0.4538924278846154 0.8230966899038462 0.44504335576923076 0.8403141586538462 0.42109946875 0.8410537451923077 0.3820607692307692 0.8322818966346154 0.3579929543269231 0.7844954014423077 0.3637715841346154 0.7495760024038461 0.3966408076923077 0.7646360600961538 0.42974835096153846 0.7894013341346154 0.4538924278846154
1 0.6758357403846154 0.4653638966346154 0.6893455288461539 0.4504120721153846 0.6857960817307693 0.40234317548076926 0.6365917572115385 0.4261345360576923 0.6538447788461539 0.46525903365384613 0.6758357403846154 0.4653638966346154
1 0.6492748269230769 0.6334191442307693 0.6471787548076923 0.6304059014423077 0.6432772908653847 0.6333905480769231 0.6413750048076923 0.6363847259615384 0.6417625721153846 0.6483995673076923 0.6459547115384615 0.6544260504807693 0.6559506033653846 0.6544737139423076 0.6597551754807692 0.6484853605769231 0.6573684302884615 0.6364609879807692 0.6552723605769231 0.6334477451923076 0.6492748269230769 0.6334191442307693
1 0.6754579254807692 0.6395504927884615 0.6854538197115385 0.6395981586538462 0.684969360576923 0.6245796057692308 0.6828732908653846 0.6215663653846154 0.6748765769230769 0.6215282307692308 0.6730711802884616 0.6275261177884615 0.6733618581730769 0.6365372499999999 0.6754579254807692 0.6395504927884615
1 0.7140850072115386 0.5976892067307692 0.7149570336538461 0.6247225985576923 0.7170531057692308 0.6277358413461538 0.7390440649038462 0.6278407043269231 0.7428486394230769 0.6218523509615385 0.7446540336538461 0.6158544615384615 0.7441695745192308 0.6008359086538462 0.7420735024038462 0.5978226682692308 0.7199856514423076 0.59471409375 0.7140850072115386 0.5976892067307692
1 0.8288133052884615 0.6222622620192308 0.8329085528846154 0.6252850384615385 0.8389060889423077 0.6253136370192307 0.8428075528846153 0.6223289951923078 0.84232309375 0.6073104399038461 0.8402270240384616 0.6042971971153845 0.8322303100961539 0.6042590649038462 0.8244273822115384 0.6102283557692307 0.8288133052884615 0.6222622620192308
1 0.88640190625 0.610523875 0.8967853653846153 0.6225863798076923 0.904782079326923 0.6226245120192307 0.9065874735576924 0.6166266225961539 0.8963978004807692 0.6105715384615384 0.8922056586538462 0.6045450504807692 0.8878197355769231 0.5925111442307692 0.8860143413461539 0.5985090336538461 0.88640190625 0.610523875
2 0.8685933293269231 0.43024406009615385 0.8705925096153847 0.43025359374999994 0.8762993677884615 0.42127106009615384 0.8782985456730769 0.42128059375 0.8781047644230769 0.4152731706730769 0.8734281634615384 0.39422813461538464 0.8692360240384616 0.38820164663461537 0.8669461682692308 0.37918098317307697 0.8648501009615385 0.3761677403846154 0.8608517427884615 0.3761486754807692 0.8450521009615385 0.3820798341346154 0.8453427764423077 0.3910909639423077 0.8493411322115385 0.39111002884615387 0.8577254134615384 0.40316300240384617 0.8623051201923077 0.4212043293269231 0.8685933293269231 0.43024406009615385
2 0.8929354879807693 0.37930490865384614 0.9034158365384616 0.39437112740384617 0.9095102644230769 0.3974034375 0.9115094423076923 0.39741296875 0.9108311995192307 0.37638699519230767 0.9086382379807693 0.3703700432692308 0.9065421682692307 0.3673568004807692 0.8966431682692307 0.37031284615384613 0.8929354879807693 0.37930490865384614
0 0.7213484182692308 0.1412301033653846 0.7272490600961539 0.13825499278846154 0.7310536346153846 0.13226663701923075 0.7369542764423076 0.12929152644230768 0.7521725673076923 0.10533810576923078 0.7537841802884616 0.09333279807692309 0.7493982572115385 0.08129889182692307 0.7452061177884615 0.07527240384615384 0.7253112235576923 0.07818078605769231 0.7138006129807692 0.09314214182692308 0.7118014350961539 0.09313260817307692 0.7121890024038462 0.10514744951923077 0.7142850745192307 0.1081606923076923 0.7108680673076923 0.12616388701923079 0.7088688894230769 0.1261543533653846 0.7050643149038461 0.13214271153846152 0.7052580985576923 0.1381501298076923 0.7073541706730769 0.14116337259615383 0.7213484182692308 0.1412301033653846
0 0.6124949711538462 0.23681499278846155 0.6143972572115385 0.2338208125 0.6203947932692307 0.23384941346153848 0.6181049375000001 0.22482875000000002 0.6176204783653846 0.20981019951923077 0.6153306274038461 0.2007895360576923 0.6069463461538461 0.18873656490384613 0.6066556706730769 0.17972543028846152 0.5965628870192308 0.1766740576923077 0.5848584927884615 0.18562798798076924 0.5771524543269231 0.1946009903846154 0.5778306971153846 0.21562696153846156 0.58411890625 0.2246666923076923 0.5985007235576923 0.23674826201923077 0.6124949711538462 0.23681499278846155
0 0.5697370937499999 0.2125851201923077 0.56564184375 0.20956234375000002 0.5596443100961539 0.20953374278846154 0.550035985576923 0.22150092067307695 0.5483274831730769 0.23050251923076923 0.5489088341346154 0.24852478125 0.5551970432692308 0.2575645096153846 0.561194576923077 0.2575931081730769 0.5709966850961539 0.25163335576923074 0.5748012596153846 0.24564499759615385 0.574026125 0.22161531490384614 0.5697370937499999 0.2125851201923077
0 0.6629233389423077 0.18900348317307694 0.6787229807692309 0.18307232451923075 0.6937474879807692 0.15311148557692308 0.6934568124999999 0.1441003533653846 0.6953590985576923 0.14110617788461538 0.69477775 0.12308391346153846 0.6926816802884616 0.12007067067307692 0.6923910048076922 0.11105954086538462 0.6902949326923077 0.10804629567307693 0.6822982211538461 0.10800816586538461 0.6763975793269231 0.1109832764423077 0.67069071875 0.11996581009615384 0.6686915408653846 0.11995627884615384 0.6610823942307692 0.13193298557692307 0.659277 0.13793087259615386 0.6587311971153846 0.18297699759615385 0.6629233389423077 0.18900348317307694
2 0.5732767836538462 0.07445257932692308 0.5852718533653847 0.07450977403846154 0.5894639927884615 0.08053626201923077 0.5913662788461539 0.07754208413461537 0.5892702115384615 0.07452884134615384 0.5886888581730769 0.05650657932692308 0.5865927884615385 0.05349333653846154 0.5863021129807693 0.04448220673076923 0.5821099735576923 0.03845571875 0.5760155480769231 0.035423408653846154 0.5680188317307693 0.03538527884615385 0.5641173677884616 0.03836992307692308 0.5622150817307692 0.04136410096153846 0.5628933245192308 0.062390072115384616 0.5672792475961539 0.07442397836538461 0.5693753197115384 0.07743722115384616 0.5732767836538462 0.07445257932692308
0 0.4766832884615385 0.30223885096153846 0.47249114903846157 0.29621236778846155 0.4568852884615385 0.3081509447115385 0.4571759663461539 0.3171620745192308 0.4593689278846154 0.32317902884615385 0.47355695673076925 0.3292531778846154 0.4795544927884615 0.3292817764423077 0.48335906490384617 0.3232934206730769 0.48316528125 0.31728599999999996 0.47868246875000003 0.3022483846153846 0.4766832884615385 0.30223885096153846
0 0.7680886153846154 0.4748135384615385 0.7679917235576923 0.47180982692307694 0.7639933677884615 0.4717907620192308 0.7620910793269231 0.4747849375 0.7586740745192307 0.4927881346153846 0.75896475 0.5017992668269231 0.7651560697115385 0.5078352860576923 0.769154423076923 0.5078543509615385 0.7769573557692309 0.5018850625 0.778859641826923 0.49889088461538467 0.7764728966346154 0.48686650961538464 0.7680886153846154 0.4748135384615385
2 0.5287072283653846 0.5517565288461539 0.5270956201923077 0.5637618389423077 0.5371884014423076 0.5668132091346154 0.5388000120192308 0.5548079038461539 0.5287072283653846 0.5517565288461539