1 0.35846292548076925 0.7302084254807693 0.33433917788461537 0.7331565600961538 0.3141935264423077 0.7474671586538462 0.31526871153846153 0.7641495240384616 0.3315400264423077 0.7747247163461538 0.3441538413461539 0.7788150192307692 0.3691128028846154 0.7771669326923077 0.3638191129807692 0.772289889423077 0.3571676225961538 0.7429106466346155 0.35846292548076925 0.7302084254807693
1 0.7048486298076924 0.7616115552884615 0.701728764423077 0.7615818125 0.6960266274038461 0.7698635096153846 0.6962954254807693 0.7740340985576922 0.6995496875 0.7761491370192307 0.7003560745192308 0.7886609134615384 0.7133731274038462 0.7971210673076924 0.7197472548076923 0.7992658509615385 0.735346579326923 0.7994145673076923 0.7475572427884616 0.7953629519230769 0.7691275 0.7914005600961538 0.7687243076923077 0.785144673076923 0.7717097716346154 0.783089125 0.7707689879807693 0.7684920528846154 0.7675147235576923 0.7663770144230769 0.7671115312500001 0.7601211250000001 0.7540944783653847 0.7516609711538462 0.7413462235576923 0.74737140625 0.7288667620192307 0.7472524302884616 0.7227614326923076 0.7492782403846154 0.7048486298076924 0.7616115552884615
1 0.7631565697115386 0.7955116658653847 0.750677108173077 0.7953926923076923 0.7292412475961538 0.8014403774038462 0.7232703149038462 0.8055514807692308 0.7175681754807692 0.8138331778846154 0.7183745649038461 0.8263449519230769 0.7286749471153846 0.8410312500000001 0.7351834711538461 0.8452613293269231 0.7381689375 0.8432057764423077 0.7475285336538462 0.8432950048076923 0.750782798076923 0.845410045673077 0.7726218509615385 0.8456182475961539 0.7791303774038462 0.8498483269230769 0.8002974399038462 0.8396300528846155 0.8058651802884615 0.8292630576923077 0.8049243942307692 0.8146659927884615 0.7981470697115385 0.8062653197115384 0.7851300192307692 0.7978051658653846 0.7787558918269231 0.7956603822115385 0.769396298076923 0.7955711538461538 0.7661420336538461 0.7934561153846154 0.7631565697115386 0.7955116658653847
1 0.7800711634615385 0.8644453966346154 0.7823846394230769 0.8519633677884616 0.7696363822115385 0.8476738004807692 0.7477973293269231 0.8474655961538461 0.7445430673076923 0.845350560096154 0.7351834711538461 0.8452613293269231 0.7319292091346153 0.8431462884615384 0.7330043942307692 0.8598286538461538 0.7365274543269231 0.8661142836538461 0.7399161129807692 0.8703146201923077 0.7648750336538461 0.8705525673076924 0.7800711634615385 0.8644453966346154
1 0.2924588942307692 0.119971625 0.2989674230769231 0.12420170192307692 0.29910181971153843 0.126287 0.3054759471153846 0.12843178125000002 0.31496993990384614 0.13060630528846154 0.33056926442307694 0.1307550216346154 0.33979446153846155 0.12875895673076923 0.33640580048076923 0.12455862019230769 0.3360026057692308 0.11830273557692307 0.33274834375 0.11618769951923077 0.33180755769230774 0.10159062740384615 0.32516463221153846 0.0952752548076923 0.32422384374999996 0.08067818269230768 0.31486425 0.08058895192307693 0.29953372115384613 0.08461082932692307 0.28772625240384614 0.09491833413461538 0.28554717548076924 0.10948566105769232 0.2924588942307692 0.119971625
2 0.9572601802884615 0.807782233173077 0.9568569879807692 0.8015263461538461 0.9598424519230769 0.7994707908653846 0.9561849951923077 0.7910998677884616 0.952930733173077 0.788984829326923 0.9371407355769231 0.7905702764423077 0.9217320841346154 0.7886873942307692 0.9158955504807692 0.7948837956730769 0.9168363365384615 0.8094808653846154 0.9355556033653846 0.8111118822115385 0.9512892475961539 0.8118933365384616 0.9572601802884615 0.807782233173077
2 0.89924975 0.73012065625 0.8996529423076923 0.7363765432692309 0.9099533245192308 0.7510628413461539 0.916327451923077 0.7532076274038462 0.925687048076923 0.7532968557692308 0.9377633125 0.7471599423076923 0.9406143822115385 0.74301909375 0.9398079927884615 0.7305073173076924 0.9487643942307693 0.7243406610576923 0.9453757331730769 0.720140326923077 0.9480924038461538 0.7139141850961538 0.9447037403846154 0.7097138509615385 0.9383296153846155 0.7075690673076923 0.9289700192307693 0.7074798389423077 0.920148016826923 0.7157317908653845 0.9202824158653846 0.7178170841346153 0.89924975 0.73012065625
2 0.7941438365384615 0.6957743942307691 0.8039066274038462 0.7021195120192308 0.80444421875 0.7104606947115385 0.8076984831730769 0.712575733173077 0.8139382139423077 0.7126352211538461 0.8167892812499999 0.7084943725961538 0.8132662235576924 0.7022087403846153 0.8067576971153846 0.6979786634615385 0.80387284375 0.6901298533653846 0.7929342548076923 0.677006735576923 0.7767973389423077 0.6685168341346154 0.7674377451923077 0.6684276033653845 0.7644522788461539 0.6704831586538462 0.7648554735576922 0.6767390432692307 0.7682441322115385 0.6809393798076923 0.7813955841346154 0.6914848293269231 0.7941438365384615 0.6957743942307691
2 1 0.6052331322115385 0.994148014423077 0.6033294759615384 0.9702728870192308 0.6069906322115385 0.9632115528846155 0.6098576057692308 0.9602260865384615 0.61191315625 0.9614356682692308 0.6306808173076923 0.975013875 0.6289805024038462 0.9988740480769231 0.6310377379807692 1 0.6306641370192309 1 0.6052331322115385
2 0.9374749567307692 0.5491758269230769 0.9388189350961539 0.5700287836538462 0.9329824014423077 0.5762251826923077 0.9423419951923078 0.5763144134615384 0.9455962572115385 0.578429454326923 0.9485817259615386 0.5763738990384616 0.9610611850961538 0.576492875 0.9700175865384615 0.57032621875 0.9727342548076923 0.5641000721153846 0.98169065625 0.5579334158653846 0.9844073269230769 0.5517072740384615 0.9838697331730769 0.5433660913461538 0.9803466754807691 0.5370804591346153 0.9677328173076922 0.5348761923076923 0.9555221538461538 0.5389278100961539 0.9489723750000001 0.5474098245192308 0.9374749567307692 0.5491758269230769
2 0.8829588725961539 0.5257319375 0.8889298076923077 0.5216208341346154 0.8946319447115385 0.513339139423077 0.8938255552884615 0.5008273629807692 0.8904368942307692 0.49662702884615384 0.8841971658653847 0.4965675432692308 0.8785854951923077 0.5007862716346154 0.8597758389423077 0.5046707764423076 0.8569247692307692 0.5088116274038461 0.8538049038461538 0.5087818846153846 0.8641052860576923 0.5234681802884615 0.8673595480769231 0.5255832211538461 0.8829588725961539 0.5257319375
2 0.8386191875000001 0.9504481538461539 0.8483819759615384 0.9567932716346154 0.8547561033653845 0.9589380552884615 0.8608614350961539 0.9569122451923077 0.8795806274038462 0.9570907067307692 0.882834889423077 0.9592057451923076 0.8858203557692307 0.9571501923076924 0.9014196802884615 0.9572989110576924 0.91363034375 0.9532472908653846 0.9225867451923077 0.9470806346153846 0.9220491514423077 0.9387394519230768 0.9002100961538461 0.9385312475961538 0.8969558341346153 0.9364162067307693 0.850157860576923 0.9359700600961538 0.8382159927884616 0.944192266826923 0.8386191875000001 0.9504481538461539
2 0.91734521875 0.8657541033653846 0.9089551201923077 0.8323298870192308 0.9020434014423077 0.8218439206730769 0.8895639399038462 0.8217249495192308 0.8784284615384615 0.8424589302884615 0.8818171225961537 0.8466592668269232 0.8822203173076922 0.8529151514423077 0.8888632403846154 0.8592305264423078 0.8894008317307692 0.8675717091346153 0.8926550961538461 0.8696867475961538 0.9144941490384616 0.8698949495192309 0.91734521875 0.8657541033653846