1 0.8005496826923076 0.5485003870192308 0.8124373701923078 0.6115082403846154 0.8541438245192308 0.6051609855769231 0.8775667379807692 0.5882715240384615 0.8751916490384615 0.5606284158653846 0.8384989134615384 0.5420474086538462 0.8124496129807692 0.5363005576923077 0.8005496826923076 0.5485003870192308
1 0.6477230841346154 0.7447548581730769 0.5992560649038462 0.7358702788461537 0.5834732572115384 0.7504677836538461 0.594607048076923 0.82849603125 0.6091333653846154 0.8389325120192308 0.673760139423077 0.8257093894230769 0.6974343485576924 0.8038131322115384 0.6953105600961538 0.7711632259615384 0.6477230841346154 0.7447548581730769
1 0.9070697884615384 0.1503881923076923 0.8583514735576923 0.1465104110576923 0.8464515408653847 0.1587102403846154 0.8441898581730769 0.2037714158653846 0.8584648725961539 0.2192146971153846 0.9076857860576923 0.21307888221153848 0.9390001057692309 0.1888906706730769 0.9362480697115385 0.16875775721153846 0.9070697884615384 0.1503881923076923
3 0.26547875961538464 0.789151733173077 0.23078416105769228 0.8057240288461538 0.46035202644230766 0.8046628581730769 0.45643264423076924 0.7828249735576923 0.4767630817307692 0.7775483605769231 0.47375974759615386 0.7624222451923077 0.32643211538461536 0.7741531201923078 0.26547875961538464 0.789151733173077
1 0.907774701923077 0.43619853124999997 0.9092824927884616 0.40615774759615386 0.8836101394230769 0.39290070192307697 0.8273773677884615 0.3888114783653846 0.8426453341346154 0.45943525 0.8882346658653847 0.45069031730769227 0.907774701923077 0.43619853124999997
3 0.5138205216346153 0.8638268533653846 0.5331092596153846 0.8543418677884616 0.5298546274038461 0.8442225504807692 0.49629087019230766 0.8382642596153846 0.49177975 0.8531789302884616 0.17980416346153844 0.8469074230769231 0.17804507451923077 0.8819550072115384 0.23277006009615386 0.9160850144230769 0.4067333942307692 0.898417625 0.5138205216346153 0.8638268533653846
1 0.9478722115384616 0.31198009134615384 0.9422424903846154 0.2742176706730769 0.9199504206730769 0.2685765408653846 0.8559518918269231 0.26928267067307693 0.8938888774038461 0.338037375 0.9280808774038461 0.3314786754807692 0.9478722115384616 0.31198009134615384
1 0.8702790889423077 0.7334686490384615 0.8680296490384615 0.7033221418269231 0.8277053341346154 0.6821320120192307 0.7865014711538462 0.6784656754807692 0.8048984206730769 0.7617121634615385 0.8506134038461538 0.7504638317307692 0.8702790889423077 0.7334686490384615
3 0.15865518028846154 0.7435280240384615 0.14549875721153846 0.7807618389423077 0.17480268990384615 0.7966280072115384 0.2727419206730769 0.7943699735576922 0.3399950793269231 0.8037831610576922 0.35966076442307693 0.7867879783653847 0.38182718269230764 0.7949325072115384 0.40863037740384617 0.7856589639423077 0.40224676201923076 0.7629169302884615 0.41790392307692303 0.7508228221153845 0.3808342355769231 0.7397520120192307 0.2758831466346154 0.7317850048076924 0.17406103846153845 0.7364407139423077 0.15865518028846154 0.7435280240384615
2 0.7168455360576923 0.042251317307692306 0.701816625 0.04182843028846154 0.7000575360576923 0.07687601201923076 0.7266094326923077 0.07260926682692308 0.7168455360576923 0.042251317307692306
2 0.18730317788461537 0.17275311778846153 0.15147773557692307 0.21185600240384617 0.1505981923076923 0.22937979326923078 0.1653758076923077 0.23480947836538463 0.19669012259615387 0.21062126442307694 0.18730317788461537 0.17275311778846153
2 0.16000963221153847 0.11683257451923076 0.1369636658653846 0.12621183653846152 0.13883615624999998 0.16386853846153848 0.1618821201923077 0.1544892764423077 0.16000963221153847 0.11683257451923076
2 0.29400110817307695 0.22088022596153845 0.2744610721153846 0.2353720096153846 0.27557966826923075 0.28804910576923076 0.31102816105769227 0.2564564158653846 0.29400110817307695 0.22088022596153845
2 0.1462004735576923 0.31699875 0.13066896634615383 0.3265894567307692 0.13342099759615383 0.34672236538461537 0.17838208894230767 0.3504944278846154 0.16861819471153844 0.3201364783653846 0.1462004735576923 0.31699875
2 0.1757434591346154 0.40306580048076923 0.13002847355769231 0.41431413461538463 0.13991801923076924 0.4421686826923077 0.18187577403846153 0.4308146298076923 0.1757434591346154 0.40306580048076923
2 0.18787019711538464 0.5362745408653846 0.208164125 0.5067623653846154 0.1912627235576923 0.46868277403846154 0.1720996346153846 0.4756643629807692 0.16532682692307693 0.5356402091346154 0.1987649326923077 0.5441019014423077 0.18787019711538464 0.5362745408653846
2 0.020283360576923076 0.5476507259615384 0.021100286057692305 0.56970771875 0.030556966346153847 0.5970283149038461 0.04909180769230769 0.6025637211538462 0.08103436778846153 0.5658585144230769 0.045346822115384613 0.5272503173076923 0.02681198076923077 0.5217149110576923 0.020283360576923076 0.5476507259615384