1 0.16067755528846156 0.3639975432692308 0.1716160048076923 0.35862344951923075 0.17467186057692308 0.35274493990384614 0.1752144639423077 0.3497426346153846 0.16753163461538462 0.3371028894230769 0.15373709375 0.3362201658653846 0.14619734134615386 0.34484877403846154 0.14314148557692308 0.35072728124999997 0.14097107211538462 0.3627365072115385 0.14614064903846155 0.37825245673076924 0.14811129807692308 0.3783785600961539 0.16067755528846156 0.3639975432692308
1 0.5612653173076922 0 0.5516893269230769 0.009390230769230769 0.5385804615384615 0.026773552884615383 0.57759390625 0.05356628365384616 0.5909889158653846 0.0787196658653846 0.5963582572115385 0.08210028365384615 0.6049265288461538 0.1008707403846154 0.6052693677884615 0.11000376682692307 0.6097532692307692 0.10725366586538462 0.6230618942307693 0.07773501442307693 0.6304585769230768 0.047838057692307694 0.6271165721153846 0.011179860576923077 0.6228324375000001 0.0017946298076923076 0.6209583028846153 0 0.5612653173076922 0
1 0.7336773629807692 0.24881291586538462 0.7448155769230769 0.23130349278846152 0.7520124927884615 0.21354186298076924 0.7541829062500001 0.20153263701923077 0.7566961586538461 0.19865643509615383 0.7576382932692307 0.17138346875000002 0.7553248028846155 0.16212434374999998 0.7485274158653846 0.15561531490384617 0.7164544375 0.15659996394230769 0.7139411850961538 0.15947616826923075 0.7080292403846153 0.15909785817307692 0.7010320865384615 0.16472415865384615 0.6911788437499999 0.16409363942307692 0.690093639423077 0.1700982548076923 0.6934923317307693 0.17335276682692308 0.6918645216346154 0.1823596875 0.705459295673077 0.1953777403846154 0.70940059375 0.19562994951923077 0.7151127764423078 0.2081435889423077 0.7170834230769232 0.2082696923076923 0.7174262620192308 0.21740271153846152 0.7231384423076922 0.2299163533653846 0.7243667235576924 0.24518009615384614 0.7291934639423077 0.25156301682692306 0.7336773629807692 0.24881291586538462
0 0.6731595552884616 0.3299771153846154 0.6332039807692307 0.3304573485576923 0.6236935769230769 0.3389598557692307 0.6175818653846155 0.35071687259615386 0.6121558365384615 0.38073993509615384 0.6150119254807692 0.3869967572115385 0.6144693221153846 0.38999906490384617 0.6280640961538461 0.40301711778846155 0.6325479975961539 0.40026701923076924 0.6368321322115384 0.40965225 0.63880278125 0.4097783533653846 0.6393453870192308 0.40677604567307696 0.6502838341346154 0.4014019519230769 0.6628500937499999 0.3870209375 0.6695044086538461 0.3722616105769231 0.6743878365384616 0.34524085576923075 0.6729597908653846 0.3421124447115385 0.6745876009615385 0.33310552403846155 0.6731595552884616 0.3299771153846154
0 0.6333173629807691 0.2636499879807692 0.6327747596153847 0.26665229326923073 0.6207511033653846 0.27803100240384615 0.6191232932692308 0.28703792067307693 0.6166100432692307 0.289914125 0.6242361802884615 0.33595755048076925 0.6287200817307692 0.33320744951923076 0.6405439735576923 0.33396406971153847 0.6531102331730769 0.31958305769230766 0.6550808798076923 0.3197091610576923 0.682184045673077 0.2910732355769231 0.6841546947115386 0.29119934134615383 0.6863251081730769 0.27919011298076923 0.6854396658653846 0.27305939663461537 0.6811555312500001 0.2636741658653846 0.6808126923076923 0.25454114663461536 0.6702737716346154 0.23564457932692306 0.6672179158653846 0.2415230889423077 0.6333173629807691 0.2636499879807692
0 0.6416264831730769 0.1184043485576923 0.6292599903846153 0.12065003125 0.6258612956730769 0.11739551682692308 0.6179786995192308 0.11689110336538462 0.6149228461538462 0.12276961057692308 0.6104389471153846 0.12551971153846153 0.5892477259615384 0.15453394951923077 0.5847638245192308 0.1572840456730769 0.5831360144230769 0.16629096634615384 0.5859921057692308 0.17254778365384615 0.5981588341346155 0.18243743028846152 0.5990442764423076 0.18856814663461538 0.6049562211538462 0.18894645913461539 0.618407923076923 0.1806961610576923 0.6307744158653846 0.17845047596153846 0.635800923076923 0.1726980673076923 0.6368861274038462 0.1666934567307692 0.6528510817307692 0.1555669567307692 0.6539362884615384 0.14956234134615384 0.6503945192307692 0.12503947836538462 0.6469958245192308 0.1217849639423077 0.6416264831730769 0.1184043485576923
0 0.14358721153846155 0.4453470841346154 0.1457241418269231 0.4702750889423077 0.15263175240384613 0.47982516105769235 0.16246318509615382 0.45667435096153847 0.16201490384615386 0.4389367548076923 0.14358721153846155 0.4453470841346154
2 0.13912911778846154 0.6738046875 0.14273980528846153 0.6518077307692308 0.14146569471153847 0.6306097427884616 0.1311069639423077 0.6253640024038462 0.12451969471153847 0.6678678317307691 0.11138297355769232 0.6820301201923077 0.13912911778846154 0.6738046875
2 0.16623986057692308 0.6166363701923078 0.1466216514423077 0.6242733990384616 0.14467880048076923 0.6491529278846154 0.1521992451923077 0.68019578125 0.14443342788461538 0.6969248629807693 0.15652042067307692 0.7027003076923077 0.1733103605769231 0.6804351490384615 0.1706663076923077 0.6547063221153846 0.16623986057692308 0.6166363701923078
2 0.21313534615384616 0.9565378197115385 0.29426103365384615 0.961729125 0.2984595456730769 0.900157826923077 0.26751868028846154 0.9159566562499999 0.23209426682692308 0.9041049519230769 0.21313534615384616 0.9565378197115385
2 0.37354000721153846 0.8944025432692307 0.39956831730769227 0.8371679975961539 0.4131268293269231 0.7863575504807692 0.38029571634615383 0.7581382139423076 0.3659932283653846 0.8211281298076922 0.34789875 0.8788703725961539 0.3345308822115385 0.9124669951923077 0.3619876298076923 0.9220018076923077 0.37491341346153845 0.9150511105769231 0.37354000721153846 0.8944025432692307
2 0.4049126442307692 0.8741851370192308 0.4344640552884615 0.9044146682692307 0.4579271610576923 0.9098065264423076 0.4764353269230769 0.8982080288461538 0.4859879375 0.8715923533653847 0.47547931250000003 0.86313903125 0.46128091105769226 0.8650093437499999 0.4555592115384615 0.8563096009615384 0.4659793076923077 0.820857016826923 0.48917352644230766 0.7712189399038463 0.47109910096153845 0.7783989855769231 0.4500813076923077 0.7614953413461538 0.41922110817307695 0.827310076923077 0.4049126442307692 0.8741851370192308