1 0.51175421875 0.6664796875000001 0.5137082235576923 0.6602345841346153 0.5136124110576923 0.648249610576923 0.48158183173076924 0.6522914807692307 0.48170159855769235 0.6672726995192307 0.4837514158653846 0.6730125697115384 0.4958586947115385 0.6834818413461539 0.5018644278846154 0.6827239903846153 0.51175421875 0.6664796875000001
1 0.33786972115384617 0.7595494038461539 0.3377260048076923 0.7415719423076923 0.33372218028846157 0.7420771778846155 0.31780270192307697 0.7560830889423078 0.30779314903846156 0.7573461730769231 0.30576728365384614 0.7546025456730768 0.2957337764423077 0.7528693894230769 0.29582958653846153 0.7648543605769231 0.2999292211538461 0.7763341033653847 0.3019311346153846 0.776081485576923 0.30800872596153844 0.7843123629807691 0.31203650240384617 0.7868033725961538 0.32404796875 0.7852876706730769 0.3280038846153846 0.7787899495192309 0.3300057956730769 0.7785373341346153 0.33786972115384617 0.7595494038461539
1 0.23252478125 0.6168808365384616 0.2425343389423077 0.6156177500000001 0.24243852403846156 0.6036327764423077 0.24036475480769232 0.5948966634615385 0.2363369807692308 0.5924056538461538 0.22832933653846155 0.593416125 0.22439737259615383 0.6029100865384616 0.22647114182692307 0.6116461995192307 0.23252478125 0.6168808365384616
3 0.515590701923077 0.4633081754807692 0.49559802884615384 0.4583628389423077 0.47366137500000005 0.46417523317307696 0.45489041346153847 0.4731812764423077 0.4610850673076923 0.5777728004807693 0.4652231009615385 0.5639758774038461 0.47325806009615384 0.5754059158653846 0.47910541826923075 0.5904321947115384 0.49145513701923077 0.61017159375 0.49746249519230773 0.5527154158653846 0.5040587740384616 0.6152995216346153 0.5207660240384615 0.6023249302884616 0.5169052716346154 0.5585609399038461 0.515590701923077 0.4633081754807692
3 0.32058326442307694 0.6622211009615384 0.3251938653846154 0.6884857307692307 0.3472588966346154 0.6689025 0.3396192716346154 0.6214463798076924 0.338551875 0.5979708485576923 0.3432233918269231 0.576959358173077 0.33341306971153845 0.47806081009615387 0.29502991105769233 0.4931168004807692 0.2934379615384616 0.5140696081730769 0.28474476923076925 0.5000142908653846 0.2601017235576923 0.527498983173077 0.25676721634615385 0.6057117163461538 0.2696213942307692 0.6449366778846154 0.26934156009615384 0.6924023822115385 0.26904056971153845 0.7098990889423077 0.2923545985576923 0.70893365625 0.3080458846153846 0.6074769519230769 0.32058326442307694 0.6622211009615384
0 0.1952061201923077 0.4976303365384615 0.19616701201923076 0.47444473076923077 0.18685524038461537 0.4719996514423077 0.1808468293269231 0.4849558557692308 0.18429250721153848 0.5018658052884615 0.1952061201923077 0.4976303365384615
0 0.24489509615384616 0.524891983173077 0.24331187019230768 0.5073301129807692 0.23611459615384614 0.5094410288461538 0.2277740673076923 0.5289719807692308 0.23012931250000002 0.5428373100961539 0.23218339182692307 0.5591370576923077 0.24366111778846153 0.5560301129807692 0.24489509615384616 0.524891983173077
0 0.3876611418269231 0.6409528173076923 0.39177612980769233 0.6543531466346154 0.4024929591346154 0.6513212211538462 0.40520320192307696 0.6293785120192308 0.40273573317307687 0.621528875 0.3906303461538462 0.6112963052884616 0.38235210817307697 0.6336057139423077 0.3876611418269231 0.6409528173076923
0 0.5445385576923077 0.5769955865384616 0.5498302115384616 0.5972087355769231 0.5602573966346154 0.598052420673077 0.5598653076923077 0.5690600072115385 0.555209375 0.5682078798076924 0.5445385576923077 0.5769955865384616
0 0.49628720192307696 0.6225276730769231 0.49931284375 0.6350247235576922 0.5113128149038462 0.6320708221153846 0.5186185048076923 0.6234678100961539 0.5133881947115385 0.6109280432692308 0.49628720192307696 0.6225276730769231
3 0.2451318125 0.4742884903846154 0.2433028389423077 0.50620053125 0.24547140384615387 0.5318075504807692 0.25034659375 0.5249928774038461 0.25842344471153844 0.4925323725961538 0.2581080264423077 0.47313092788461536 0.2451318125 0.4742884903846154
2 0.2245137091346154 0.37657079807692306 0.22620460817307692 0.39406509375000004 0.23685646634615384 0.3926819663461538 0.23758284375 0.3865347884615385 0.2448905528846154 0.3789362764423077 0.24018182451923076 0.3719813076923077 0.2245137091346154 0.37657079807692306
2 0.21078631971153847 0.40559034855769227 0.21830475240384617 0.40028668028846154 0.21921834855769232 0.3992596177884616 0.2151844014423077 0.3736870360576923 0.20691206971153847 0.38169519951923075 0.20758534615384613 0.3932204014423077 0.21078631971153847 0.40559034855769227
2 0.2952153894230769 0.3065090625 0.2900917091346154 0.2887581105769231 0.27349391826923075 0.28985679567307693 0.2721202620192308 0.32583237259615383 0.2897090264423077 0.3241107596153846 0.2952153894230769 0.3065090625