1 0.8614232211538462 0.25 0.8895131081730769 0.2566666658653846 0.910112360576923 0.2566666658653846 0.9138576778846154 0.25 0.9157303365384616 0.24000000000000002 0.9194756562499999 0.23333333413461538 0.9250936322115385 0.23 0.9232209735576924 0.19 0.9157303365384616 0.1633333341346154 0.8988764038461539 0.14 0.8801498124999999 0.14 0.8689138581730769 0.15 0.8558052427884615 0.17333333413461538 0.8539325841346154 0.1833333341346154 0.8483146057692307 0.2166666658653846 0.8483146057692307 0.22666666586538461 0.8520599254807693 0.23 0.8614232211538462 0.25
1 0.6029962548076923 0.32 0.6029962548076923 0.33 0.6067415721153846 0.33999999999999997 0.6123595504807692 0.33999999999999997 0.6142322091346154 0.34333333413461536 0.6310861418269231 0.34333333413461536 0.6329588004807692 0.33999999999999997 0.6404494374999999 0.33999999999999997 0.6573033701923077 0.32 0.6591760288461538 0.3133333341346154 0.6591760288461538 0.2633333341346154 0.6573033701923077 0.26 0.6573033701923077 0.2466666658653846 0.6460674158653846 0.23 0.6348314615384615 0.22 0.6235955048076923 0.22 0.6198501875000001 0.2166666658653846 0.6104868918269231 0.22333333413461537 0.6011235961538461 0.2433333341346154 0.5973782764423077 0.2633333341346154 0.5973782764423077 0.2866666658653846 0.6011235961538461 0.3166666658653846 0.6029962548076923 0.32
1 0.36516853846153846 0.3066666658653846 0.3689138581730769 0.3 0.37078651682692304 0.3 0.37827715384615385 0.26999999999999996 0.3764044951923077 0.2666666658653846 0.3764044951923077 0.2533333341346154 0.3726591754807692 0.23333333413461538 0.3689138581730769 0.22666666586538461 0.3614232211538461 0.22 0.35393258413461537 0.22 0.35205992548076925 0.2166666658653846 0.350187266826923 0.22 0.34456928846153845 0.22 0.3370786514423077 0.22666666586538461 0.3277153557692308 0.2433333341346154 0.32397003846153843 0.2566666658653846 0.32584269711538466 0.26999999999999996 0.3614232211538461 0.3 0.36516853846153846 0.3066666658653846
1 0.30524344471153847 0.26999999999999996 0.3108614230769231 0.27333333413461536 0.31835206009615385 0.27333333413461536 0.3220973774038462 0.26999999999999996 0.32397003846153843 0.2666666658653846 0.3277153557692308 0.2466666658653846 0.33895131009615387 0.22333333413461537 0.3370786514423077 0.2033333341346154 0.3295880144230769 0.19 0.3146067403846154 0.19 0.30524344471153847 0.2033333341346154 0.30149812740384613 0.2166666658653846 0.30149812740384613 0.22666666586538461 0.29962546875 0.23 0.30149812740384613 0.2633333341346154 0.30524344471153847 0.26999999999999996
1 0.06928838942307693 0.2133333341346154 0.08052434374999999 0.21 0.08052434374999999 0.19333333413461537 0.07677902644230769 0.18666666586538463 0.06741573076923077 0.18666666586538463 0.061797752403846155 0.19666666586538462 0.05992509375 0.2033333341346154 0.061797752403846155 0.21 0.06741573076923077 0.21 0.06928838942307693 0.2133333341346154
1 0.10674157211538461 0.2066666658653846 0.13857677884615385 0.2033333341346154 0.14232209855769232 0.19666666586538462 0.14232209855769232 0.18 0.1404494375 0.16999999999999998 0.13295880048076925 0.1533333341346154 0.12359550480769231 0.14666666586538463 0.1198501875 0.14666666586538463 0.11048689182692308 0.1533333341346154 0.10674157211538461 0.16 0.10112359615384615 0.18 0.10112359615384615 0.19333333413461537 0.10674157211538461 0.2 0.10674157211538461 0.2066666658653846
1 0.1741573028846154 0.26999999999999996 0.17790262259615386 0.2633333341346154 0.17977528125 0.2466666658653846 0.17790262259615386 0.23666666586538462 0.17041198557692308 0.22666666586538461 0.16292134855769233 0.22666666586538461 0.15917602884615387 0.23 0.1573033701923077 0.23333333413461538 0.1573033701923077 0.2466666658653846 0.1685393269230769 0.26999999999999996 0.1741573028846154 0.26999999999999996
1 0.2172284639423077 0.23333333413461538 0.22284644230769232 0.23333333413461538 0.2340823966346154 0.22666666586538461 0.23782771634615385 0.22 0.23782771634615385 0.21 0.23595505528846153 0.2033333341346154 0.22846442067307693 0.19333333413461537 0.22284644230769232 0.19333333413461537 0.21535580528846154 0.2033333341346154 0.21348314663461537 0.21 0.21348314663461537 0.23333333413461538 0.21535580528846154 0.23666666586538462 0.2172284639423077 0.23333333413461538
0 0.6217228461538462 0.4233333341346154 0.5936329591346154 0.42 0.589887639423077 0.4633333341346154 0.5955056177884616 0.4766666658653846 0.6235955048076923 0.4633333341346154 0.6217228461538462 0.4233333341346154
0 0.6535580528846154 0.4766666658653846 0.6610486899038462 0.4833333341346154 0.6685393269230769 0.4833333341346154 0.6741573028846154 0.4766666658653846 0.6779026225961539 0.4533333341346154 0.6779026225961539 0.4466666658653846 0.6741573028846154 0.4366666658653846 0.670411985576923 0.4366666658653846 0.6629213485576924 0.4433333341346154 0.6554307115384616 0.4433333341346154 0.6535580528846154 0.44 0.6516853942307693 0.4433333341346154 0.6441947572115385 0.4433333341346154 0.6385767788461538 0.4533333341346154 0.6423220985576923 0.46 0.6423220985576923 0.4633333341346154 0.6535580528846154 0.4766666658653846
2 0.6479400745192307 0.9533333341346153 0.6516853942307693 0.9600000000000001 0.6629213485576924 0.9600000000000001 0.6647940072115385 0.9633333341346154 0.6722846442307693 0.9633333341346154 0.6741573028846154 0.9600000000000001 0.67977528125 0.9600000000000001 0.6835205985576922 0.9533333341346153 0.6853932596153847 0.9533333341346153 0.6853932596153847 0.9366666658653846 0.6779026225961539 0.9233333341346154 0.6741573028846154 0.92 0.6666666658653846 0.92 0.6647940072115385 0.9166666658653846 0.6554307115384616 0.92 0.6554307115384616 0.9233333341346154 0.6498127331730769 0.9333333341346154 0.6479400745192307 0.9333333341346154 0.6479400745192307 0.9533333341346153
2 0.6348314615384615 0.9233333341346154 0.6385767788461538 0.9233333341346154 0.6404494374999999 0.92 0.6479400745192307 0.92 0.6479400745192307 0.9233333341346154 0.6498127331730769 0.9233333341346154 0.6573033701923077 0.91 0.6535580528846154 0.8999999999999999 0.6329588004807692 0.88 0.6310861418269231 0.88 0.6273408245192308 0.8866666658653847 0.6273408245192308 0.89 0.6217228461538462 0.8999999999999999 0.6217228461538462 0.91 0.6348314615384615 0.9233333341346154
1 0.4092715360576923 0.26023999999999997 0.4056685384615385 0.26299 0.41493445673076923 0.29919 0.4213670408653846 0.27444666586538463 0.4193089879807692 0.26023999999999997 0.4092715360576923 0.26023999999999997
2 0.42164232211538466 0.7238866658653845 0.41846442067307693 0.7170933341346154 0.3969288389423077 0.7229433341346153 0.3952603004807692 0.74709 0.4295898870192308 0.7538833341346154 0.42736516826923077 0.7386 0.42164232211538466 0.7238866658653845
0 0.41679587980769234 0.47965 0.41520599278846154 0.5165233341346154 0.43014606730769234 0.5204833341346153 0.4333239711538462 0.48596 0.41679587980769234 0.47965
0 0.34980524278846153 0.37943000000000005 0.35616292067307687 0.4094266658653846 0.37618913942307697 0.39471 0.3758707860576923 0.3805633341346154 0.3669700384615385 0.36528 0.34980524278846153 0.37943000000000005
0 0.18376404567307691 0.2903466658653846 0.17481460576923077 0.2963933341346154 0.16663670432692307 0.3077366658653846 0.17049438221153845 0.3387 0.18839138461538463 0.3315566658653846 0.19240262259615384 0.31727 0.18376404567307691 0.2903466658653846
0 0.05695318269230769 0.33412333413461537 0.049202247596153846 0.33848 0.04736704086538461 0.3461066658653846 0.05940075 0.35264333413461535 0.05695318269230769 0.33412333413461537
2 0.06735393269230769 0.4353366658653846 0.0568501875 0.43709000000000003 0.05532209855769231 0.45894333413461535 0.06755805288461539 0.4614833341346154 0.06837453125000001 0.44949999999999996 0.06735393269230769 0.4353366658653846
2 0.07428838942307693 0.4306166658653846 0.06755805288461539 0.43255 0.0669456923076923 0.45059 0.07571722836538461 0.45749 0.07428838942307693 0.4306166658653846
2 0.08336516826923077 0.67214 0.08796629326923076 0.6983566658653846 0.10575842788461538 0.6868866658653846 0.1008501875 0.6694066658653846 0.08336516826923077 0.67214
2 0.12654119951923076 0.6588066658653846 0.12447191105769231 0.6901633341346154 0.1542284639423077 0.6830633341346153 0.14502434375 0.6639466658653846 0.12654119951923076 0.6588066658653846