1 0.6024365480769232 0.6825596995192308 0.6040193918269231 0.6904158653846154 0.6179998701923076 0.7100805600961538 0.6216048028846154 0.7113980144230769 0.6239790697115384 0.7231822644230769 0.6283754230769231 0.7284278004807692 0.634793858173077 0.7271346274038462 0.6432343774038463 0.7193027403846154 0.6496528173076922 0.7180095673076923 0.6637203509615385 0.7049564230769231 0.6661381442307692 0.7003817548076923 0.6629724543269231 0.6846694206730769 0.6549711730769231 0.6781064302884615 0.637342235576923 0.6734831995192307 0.6052500552884615 0.6799490697115385 0.6024365480769232 0.6825596995192308
1 0.5959270961538462 0.5673763942307692 0.5975099399038462 0.5752325600961539 0.6114904206730769 0.5948972548076923 0.6150953485576923 0.5962147115384615 0.6247230048076923 0.5942749495192308 0.6307457307692308 0.5910177331730769 0.6387905384615385 0.5812218052884616 0.6364162692307692 0.5694375576923076 0.6324156298076923 0.5661560625000001 0.6252057692307692 0.5635211514423077 0.6155781129807691 0.5654609134615385 0.6119731850961538 0.5641434591346154 0.5959270961538462 0.5673763942307692
1 0.5924962764423077 0.5006232620192308 0.6049374375000001 0.4960728725961538 0.6133779591346153 0.4882409855769231 0.6117951129807693 0.48038481971153846 0.6009803269230769 0.4764324567307692 0.5845385240384615 0.47770135096153843 0.5789115096153846 0.4829226081730769 0.5852864182692308 0.4979883533653846 0.5924962764423077 0.5006232620192308
1 0.6005846153846154 0.47446841586538463 0.6033981225961539 0.4718577860576923 0.6014195649038462 0.462037579326923 0.5938139927884616 0.4574386274038461 0.5777679038461538 0.4606715625 0.5721408918269231 0.46589282211538463 0.5801421706730769 0.4724558125 0.5873520288461539 0.47509072115384615 0.6005846153846154 0.47446841586538463
1 0.567388391826923 0.2931300048076923 0.5726196947115384 0.2859447067307692 0.5718282716346154 0.282016625 0.5541993365384615 0.27739339423076925 0.5481766081730769 0.2806506081730769 0.55217725 0.2839321033653846 0.5549472283653846 0.2976803966346154 0.567388391826923 0.2931300048076923
0 0.45213355048076925 0.815030891826923 0.4621569134615384 0.8150551730769231 0.46817963942307694 0.8117979567307692 0.46422252644230766 0.7921575408653846 0.4606175985576923 0.7908400865384616 0.4413622884615384 0.7947196105769231 0.43854878125 0.7973302379807692 0.4409230480769231 0.8091144879807692 0.4449236899038462 0.8123959831730769 0.45213355048076925 0.815030891826923
0 0.5085652307692308 0.5966273774038462 0.5044193653846154 0.5876525865384615 0.49254525721153847 0.5900449591346154 0.49047489423076923 0.5996590528846154 0.49763212259615386 0.6070052307692307 0.5109579975961538 0.6014590865384615 0.5085652307692308 0.5966273774038462
0 0.5088196730769231 0.5763428028846154 0.4966159375 0.5820716177884615 0.5061339807692308 0.5911902908653845 0.5198951370192307 0.5878045889423077 0.5176297860576923 0.5802903100961538 0.5088196730769231 0.5763428028846154
0 0.5058775600961538 0.5368777067307693 0.5003205865384616 0.530844125 0.48691665625 0.5355884903846154 0.49139215144230775 0.5412268365384615 0.5058775600961538 0.5368777067307693
0 0.4731724182692308 0.4872613918269231 0.4796130144230769 0.4927081923076923 0.4881152668269231 0.49181268028846153 0.49142103605769233 0.4850153341346154 0.4814768125 0.48538386298076924 0.4731724182692308 0.4872613918269231
0 0.5305517307692308 0.3195567908653846 0.5258479110576924 0.32438766826923077 0.5365000649038462 0.32919030769230767 0.5428084927884615 0.32403613461538466 0.5305517307692308 0.3195567908653846
2 0.10215068990384615 0.8017502475961538 0.10452496153846155 0.8135344975961538 0.10171144951923076 0.816145125 0.10645998557692307 0.8397136225961539 0.11929686057692307 0.8371272740384617 0.13015517548076924 0.8247207211538462 0.12936375240384615 0.8207926370192309 0.13780427403846154 0.81296075 0.1498497235576923 0.8064463197115385 0.1594773798076923 0.8045065576923077 0.1622908846153846 0.8018959278846154 0.1571466394230769 0.7763633894230769 0.15354171153846152 0.7750459326923077 0.11824030769230769 0.7821583942307692 0.10900836538461538 0.7860621971153846 0.10619486057692308 0.7886728221153846 0.10215068990384615 0.8017502475961538
2 0.10984331730769231 0.7736313581730769 0.1114261610576923 0.7814875240384616 0.12184523798076922 0.7834758461538461 0.14751898317307693 0.7783031514423077 0.15354171153846152 0.7750459326923077 0.16198222836538462 0.7672140480769231 0.16079509615384616 0.7613219230769231 0.15398094951923078 0.7606510576923077 0.13793485817307694 0.7638839927884615 0.13512135096153846 0.7664946225961539 0.11265682211538461 0.7710207307692307 0.10984331730769231 0.7736313581730769
2 0.3334755673076923 0.6570424591346153 0.33228843509615386 0.6511503365384615 0.33751973798076923 0.6439650360576923 0.31870366826923074 0.6334496802884615 0.3122852331730769 0.6347428533653846 0.3094717259615385 0.6373534831730769 0.3070539254807692 0.6419281538461538 0.31021961538461534 0.6576404855769231 0.3174294783653846 0.6602753942307692 0.3334755673076923 0.6570424591346153
2 0.3335190961538462 0.6406835408653847 0.33993753365384616 0.6393903629807693 0.3423553293269231 0.6348156947115384 0.33879392548076925 0.6171393197115385 0.3315840697115385 0.6145044134615385 0.3219564134615384 0.6164441754807692 0.31914290384615385 0.6190548004807692 0.3211214615384615 0.6288750096153847 0.32991416586538463 0.6393660841346154 0.3335190961538462 0.6406835408653847
2 0.34887178846153843 0.5585598173076923 0.3615464735576923 0.5522844423076922 0.3511843581730769 0.543202985576923 0.33860511778846153 0.54284140625 0.33533536057692304 0.5517733677884615 0.33528410096153843 0.5716409495192308 0.3467674471153846 0.5716020240384615 0.3473538004807692 0.5644512788461539 0.34887178846153843 0.5585598173076923