1 0.5609974447115385 0.2268004014423077 0.5703470985576924 0.23061322355769232 0.6007082451923077 0.22068340625000002 0.6169791658653847 0.19985880288461538 0.6126484206730769 0.1843627451923077 0.5959829855769231 0.17413403125 0.5680655360576923 0.1730466778846154 0.5547796610576923 0.18479111057692307 0.5744301442307692 0.1859396610576923 0.5609974447115385 0.2268004014423077
1 0.6255946971153846 0.34925315625 0.6398317524038462 0.3310316322115385 0.6323844591346154 0.3142646346153847 0.6028429831730769 0.3073662548076923 0.5699066274038461 0.3179621418269231 0.5860307211538461 0.3262538485576923 0.5812748245192307 0.3586392980769231 0.6255946971153846 0.34925315625
1 0.6310936802884615 0.49737656971153843 0.6473645985576924 0.4765519711538462 0.6409999927884615 0.4636589855769231 0.6191841394230769 0.45476240625000003 0.5928907163461539 0.4594860745192308 0.6049470817307692 0.47298393028846153 0.6016837091346153 0.5008292980769231 0.6310936802884615 0.49737656971153843
1 0.6437922572115385 0.6020973605769231 0.6700856778846155 0.5973736947115384 0.6833715528846154 0.5856292572115385 0.6816160168269231 0.5694671298076923 0.6612926875 0.55603046875 0.6447587548076924 0.556152860576923 0.6375744759615384 0.5600880697115385 0.6481383197115385 0.5781260096153846 0.6437922572115385 0.6020973605769231
1 0.6400884134615384 0.7172916490384615 0.6761413197115385 0.7079667019230769 0.6788633509615385 0.678184326923077 0.6384797019230769 0.6720132139423077 0.6400884134615384 0.7172916490384615
2 0.1799459110576923 0.8196895504807693 0.18563766826923075 0.8202944230769231 0.19593850000000002 0.8176301490384615 0.1978408605769231 0.8046759711538461 0.19513414663461537 0.7949909350961538 0.1863258389423077 0.7931151201923077 0.17914155528846154 0.7970503317307693 0.17303996153846152 0.8048595576923077 0.17154743749999998 0.8093996394230769 0.17317146634615385 0.8152106610576924 0.1799459110576923 0.8196895504807693
2 0.1879651826923077 0.759458733173077 0.19528096634615383 0.7658746274038462 0.19989004086538462 0.7626054855769231 0.1967734903846154 0.7613345432692308 0.2001683701923077 0.74384028125 0.20626996875 0.7360310576923077 0.20518728125000002 0.7321570432692308 0.18540529326923078 0.7206573870192308 0.17984504086538464 0.7304036201923078 0.1879651826923077 0.759458733173077
2 0.17715364423076924 0.6812511730769231 0.17620246634615383 0.6877282620192309 0.17890918028846153 0.6974133004807693 0.1820257283653846 0.6986842379807693 0.18975135336538462 0.6966860384615384 0.1978868125 0.6862737355769231 0.19301472836538464 0.668840670673077 0.19504859134615385 0.6662375961538461 0.1934245625 0.6604265721153847 0.1903080144230769 0.6591556322115385 0.1821725528846154 0.6695679326923076 0.18122137259615384 0.6760450240384616 0.17715364423076924 0.6812511730769231
2 0.17649611298076923 0.6294956490384614 0.18231937740384613 0.6404516274038462 0.18909381971153844 0.6449305144230769 0.19424423557692305 0.6435983774038461 0.19614659615384616 0.6306441995192308 0.1928985360576923 0.6190221538461539 0.18924064423076922 0.6158142067307693 0.1798909951923077 0.6120013870192308 0.17474057932692308 0.6133335216346154 0.17121418990384615 0.6204766778846154 0.17337956250000003 0.6282247115384615 0.17649611298076923 0.6294956490384614
2 0.16798145192307692 0.5693872235576923 0.1654062451923077 0.5700532908653846 0.16038733653846154 0.58173653125 0.16255270673076924 0.5894845625 0.16106018509615383 0.594024641826923 0.16525942067307692 0.5991695985576923 0.1709511778846154 0.5997744711538462 0.17813545913461537 0.5958392596153846 0.1868122596153846 0.5873639663461538 0.17949647596153848 0.5809480721153846 0.17733110336538463 0.5732000432692308 0.18085748798076923 0.5660568870192308 0.17977480288461536 0.5621828725961538 0.17204918028846153 0.5641810745192308 0.16798145192307692 0.5693872235576923
2 0.14062066346153845 0.5307694639423077 0.14373721394230768 0.53204040625 0.14536124278846155 0.5378514278846154 0.1490191346153846 0.5410593774038461 0.16717709615384616 0.5467480072115385 0.17490271875 0.5447498028846154 0.174361375 0.5428127956730769 0.16704559134615385 0.5363969014423077 0.16529005528846152 0.5202347740384615 0.15336519711538463 0.5170880240384615 0.14563957451923076 0.5190862259615385 0.1410305 0.5223553701923077 0.14265452884615384 0.528166391826923 0.14062066346153845 0.5307694639423077
2 0.13144847115384614 0.41890551682692306 0.12683939903846153 0.4221746586538462 0.12534687740384615 0.4267147427884615 0.12290317548076923 0.43773191346153845 0.12452720432692307 0.44354293749999996 0.12100081730769231 0.45068609374999996 0.1231661875 0.45843412259615385 0.12113232451923077 0.4610371995192307 0.12383903846153846 0.47072223557692305 0.12695558894230768 0.47199317548076924 0.13210600240384615 0.47066104086538463 0.13617373317307693 0.4654548894230769 0.13874893990384615 0.4647888221153846 0.14891826442307693 0.45177344711538464 0.15352733653846154 0.4485043052884615 0.1550198605769231 0.4439642211538462 0.1539371754807692 0.44009020673076926 0.1409296298076923 0.43306943990384617 0.13714023076923076 0.41951038942307695 0.13144847115384614 0.41890551682692306
2 0.11681689903846154 0.40607372836538463 0.11885076442307693 0.4034706538461539 0.11750506490384614 0.37889442788461536 0.11181331009615383 0.3782895552884616 0.0963620625 0.3822859639423077 0.0908018076923077 0.3920321947115385 0.09567389182692308 0.4094652620192308 0.1013656514423077 0.41007013461538466 0.11681689903846154 0.40607372836538463
2 0.06576853365384615 0.2925787475961539 0.06427600961538461 0.2971188293269231 0.06590003846153845 0.3029298533653846 0.06386617548076923 0.3055329278846154 0.06358784615384615 0.3242981298076923 0.065211875 0.33010915144230774 0.06317800961538461 0.3327122259615385 0.06750875240384616 0.34820828605769233 0.07374185336538462 0.3507501658653846 0.08146747596153846 0.3487519639423077 0.08553520673076923 0.34354581490384617 0.08445251923076923 0.3396718004807692 0.0966557091346154 0.3240533485576923 0.09557302403846155 0.3201793341346154 0.09299781490384616 0.3208454014423077 0.07606936538461538 0.28991447596153846 0.07295281490384616 0.28864353846153845 0.06576853365384615 0.2925787475961539
2 0.03622705769230769 0.2856803701923077 0.039884949519230765 0.2888883197115385 0.050727125 0.28816105528846153 0.05276098798076923 0.2855579807692308 0.060486610576923075 0.28355977884615385 0.06252047836538462 0.2809567019230769 0.05873107932692308 0.2673976514423077 0.06374998798076924 0.2557144110576923 0.05548302163461538 0.25577560817307693 0.03488135817307692 0.2611041490384615 0.03189631490384615 0.2701843125 0.03622705769230769 0.2856803701923077