1 0.19399999999999998 0.18553459134615385 0.174 0.18553459134615385 0.16 0.20125786057692308 0.16599999999999998 0.2578616346153846 0.232 0.23584905769230768 0.214 0.20125786057692308 0.19399999999999998 0.18553459134615385
1 0.612 0.38679245192307693 0.62 0.38679245192307693 0.622 0.38993710576923074 0.638 0.38993710576923074 0.64 0.39308176201923073 0.658 0.39308176201923073 0.662 0.38993710576923074 0.662 0.3742138365384615 0.6639999999999999 0.3710691826923077 0.6639999999999999 0.364779875 0.662 0.3616352211538461 0.662 0.34905660336538463 0.66 0.3396226418269231 0.6479999999999999 0.3207547163461539 0.64 0.3207547163461539 0.638 0.3176100625 0.622 0.3207547163461539 0.6159999999999999 0.3301886802884615 0.608 0.3522012572115385 0.608 0.3616352211538461 0.606 0.364779875 0.606 0.38050314423076925 0.612 0.38679245192307693
1 0.492 0.4874213846153846 0.494 0.4874213846153846 0.498 0.47169811298076925 0.49600000000000005 0.4622641514423077 0.484 0.4622641514423077 0.48000000000000004 0.4654088052884615 0.476 0.4748427668269231 0.474 0.4842767283653846 0.474 0.5 0.48000000000000004 0.5031446538461538 0.492 0.4874213846153846
1 0.8059999999999999 0.1761006298076923 0.8119999999999999 0.1761006298076923 0.8059999999999999 0.16037735817307694 0.7939999999999999 0.1509433966346154 0.786 0.15408805048076923 0.782 0.16037735817307694 0.772 0.16666666586538462 0.77 0.16981131971153846 0.77 0.1886792451923077 0.7759999999999999 0.19182389903846156 0.8059999999999999 0.1761006298076923
0 0.746 0.30503144711538466 0.744 0.30817610096153847 0.74 0.30817610096153847 0.74 0.31446540865384615 0.76 0.31446540865384615 0.764 0.30817610096153847 0.764 0.2893081754807692 0.76 0.2861635216346154 0.7420000000000001 0.2861635216346154 0.736 0.2893081754807692 0.738 0.29245282932692307 0.7420000000000001 0.29245282932692307 0.746 0.30503144711538466
0 0.5700000000000001 0.7452830192307692 0.5780000000000001 0.751572326923077 0.59 0.751572326923077 0.5940000000000001 0.7452830192307692 0.592 0.7264150937499999 0.596 0.7138364783653847 0.596 0.6949685528846155 0.574 0.6823899375 0.5579999999999999 0.7138364783653847 0.5579999999999999 0.7232704399038461 0.562 0.7358490576923077 0.5700000000000001 0.7452830192307692
0 0.516 0.44968553365384617 0.524 0.42138364663461536 0.524 0.40880503125 0.516 0.4025157235576923 0.512 0.4025157235576923 0.508 0.4119496850961539 0.508 0.42452830288461535 0.506 0.4276729567307692 0.506 0.4433962259615385 0.504 0.4465408798076923 0.512 0.45597484374999997 0.516 0.44968553365384617
0 0.526 0.6415094350961539 0.518 0.6415094350961539 0.516 0.6509433966346154 0.52 0.657232704326923 0.526 0.657232704326923 0.526 0.6415094350961539
0 0.292482 0.26407861538461536 0.28596 0.27757232692307693 0.279094 0.2889088052884615 0.29625999999999997 0.3002421394230769 0.31342400000000004 0.2856698125 0.31342400000000004 0.27541509375 0.292482 0.26407861538461536
0 0.33814 0.30941823798076923 0.322006 0.30348113221153844 0.31445399999999996 0.3131981129807692 0.31617 0.3223742139423077 0.328184 0.3326289302884616 0.334364 0.3428836466346154 0.3402 0.3288522019230769 0.33814 0.30941823798076923
2 0.51013 0.8578113197115385 0.503318 0.8400943389423077 0.48419199999999996 0.8335031442307692 0.476594 0.8709937115384616 0.502532 0.8821163533653846 0.51144 0.8779968557692308 0.51013 0.8578113197115385
2 0.846352 0.5402075480769231 0.836426 0.53630503125 0.829534 0.5279622644230769 0.8140959999999999 0.5415062884615385 0.819334 0.5562452836538462 0.854346 0.5480094350961539 0.846352 0.5402075480769231
2 0.8802599999999999 0.5393396225961539 0.872818 0.5337044014423077 0.86565 0.5506100625 0.90452 0.5501761009615385 0.900386 0.5376069182692308 0.8802599999999999 0.5393396225961539