1 0.1706902716346154 0.9335689735576923 0.1668115048076923 0.9486726634615384 0.19264087019230772 0.9495899495192308 0.2118204278846154 0.9386255889423077 0.21387065624999999 0.9210222475961539 0.20469388701923077 0.9064968725961537 0.18825739182692305 0.9036831201923078 0.1706902716346154 0.9335689735576923
1 0.14681768028846154 0.9408435288461539 0.13504873317307692 0.9662370048076923 0.1555413798076923 0.9603950817307693 0.1617557139423077 0.9433895769230769 0.14681768028846154 0.9408435288461539
3 0.14427142548076924 0.92779146875 0.15333625240384616 0.9009274182692307 0.15122850240384617 0.8916152980769231 0.10867382692307692 0.9015214759615385 0.11746989663461539 0.9448109350961539 0.14427142548076924 0.92779146875
1 0.4879033581730769 0.747458733173077 0.48903159375 0.7533869278846154 0.4920327932692308 0.7549399783653846 0.49728304326923073 0.7540939495192307 0.49953208653846154 0.7516948701923076 0.5074074591346154 0.750425829326923 0.5190287692307692 0.7404064975961538 0.516772298076923 0.7285501057692307 0.5047674879807692 0.72233790625 0.4991411634615384 0.7212078677884615 0.4886406658653846 0.7228999254807692 0.4953952259615385 0.72995815625 0.4879033581730769 0.747458733173077
1 0.4646533173076923 0.7532419254807692 0.47552989182692307 0.7535259326923077 0.4777789375 0.7511268533653847 0.48565431009615384 0.7498578125 0.49465049278846157 0.7402614927884615 0.4920179471153846 0.7264290408653846 0.4886406658653846 0.7228999254807692 0.47738801442307693 0.7206398533653846 0.4616372692307692 0.7231779374999999 0.4593882235576923 0.7255770144230769 0.4646533173076923 0.7532419254807692
0 0.3288990216346154 0.7791907908653847 0.3393995192307692 0.7774987331730769 0.3424007211538462 0.7790517860576922 0.34727489182692306 0.7762296923076922 0.3517729831730769 0.7714315336538462 0.35026867067307693 0.7635272740384615 0.3412650625 0.7588681201923078 0.3303884879807692 0.7585841129807692 0.31801502403846155 0.7646513125 0.3198954134615385 0.7745316394230769 0.3288990216346154 0.7791907908653847
0 0.36675672596153847 0.7364303822115384 0.3798823461538462 0.7343153100961538 0.3866294831730769 0.7271180745192307 0.3858773269230769 0.7231659423076924 0.3772498004807692 0.7204828557692308 0.36674930048076926 0.7221749110576923 0.3637480985576923 0.7206218629807692 0.35887392788461536 0.723443954326923 0.3607543197115385 0.7333242788461539 0.36675672596153847 0.7364303822115384
2 0.19314472596153848 0.8051396586538462 0.19577727403846154 0.8189721129807693 0.19877847355769232 0.8205251634615384 0.20402872596153848 0.8196791346153846 0.21152801923076922 0.8164340264423077 0.2137770625 0.8140349471153846 0.21077586298076925 0.8124818966346155 0.20927154807692305 0.8045776394230769 0.2118966730769231 0.8041546225961539 0.21114451682692306 0.8002024927884615 0.1953937716346154 0.8027405793269231 0.19314472596153848 0.8051396586538462
2 0.21753042307692308 0.8195401274038462 0.21340841105769232 0.8263143509615385 0.2149127235576923 0.8342186129807693 0.22091512740384617 0.8373247139423078 0.2336646658653846 0.8332335769230769 0.2385388389423077 0.8304114831730769 0.24041180528846157 0.8260363413461539 0.24115654086538463 0.815733002403846 0.2355302139423077 0.8146029639423078 0.22765484134615385 0.8158720072115385 0.22540579567307692 0.8182710865384616 0.21753042307692308 0.8195401274038462
1 0.38947834855769237 0.6716445721153845 0.39328110336538463 0.6812619687500001 0.3948940264423077 0.6816619399038462 0.4035551850961539 0.6776267572115385 0.40306440625 0.6692903365384615 0.38947834855769237 0.6716445721153845
1 0.17594863221153847 0.5067834086538462 0.19461636538461538 0.49676914423076923 0.18646138221153846 0.4796514110576923 0.17328680048076925 0.47993118990384614 0.17594863221153847 0.5067834086538462
1 0.2585649831730769 0.3954111778846154 0.27131452403846157 0.39132004086538463 0.2799346298076923 0.3797476586538462 0.2788063942307692 0.3738194663461538 0.26680158413461535 0.3676072620192308 0.25367596634615386 0.3697223341346154 0.24917787259615384 0.3745204903846154 0.25256257692307693 0.3923050769230769 0.2585649831730769 0.3954111778846154
1 0.23603740624999997 0.34812462499999997 0.2367895625 0.3520767548076923 0.24879437019230768 0.3582889567307692 0.24954652884615386 0.36224108653846154 0.2555489326923077 0.3653471899038462 0.26304822596153843 0.36210208173076924 0.26754631971153847 0.3573039254807692 0.2656659278846154 0.34742359855769234 0.26228864423076925 0.3438944831730769 0.2562862427884615 0.34078838221153845 0.24316062259615384 0.342903451923077 0.23828644951923075 0.34572554567307695 0.23603740624999997 0.34812462499999997
1 0.2405206514423077 0.31481553124999995 0.2416488846153846 0.32074372355769226 0.25739962980769227 0.31820563942307695 0.26227380048076926 0.3153835456730769 0.2663958149038462 0.3086093221153846 0.2648915024038461 0.3007050625 0.26151421874999997 0.2971759471153846 0.2528866923076923 0.2944928605769231 0.24238619471153847 0.29618491826923077 0.2446426658653846 0.3080413052884615 0.2405206514423077 0.31481553124999995
0 0.20520746875 0.4213147956730769 0.2157732139423077 0.4073555673076923 0.20902604567307692 0.40225541586538466 0.1938948221153846 0.41403382451923076 0.20520746875 0.4213147956730769
2 0.12986180528846153 0.3302622283653846 0.12061588461538462 0.3305851129807692 0.12139836778846155 0.35100287740384617 0.12815593269230768 0.3587877163461538 0.13632373557692307 0.3544348798076923 0.13571712740384617 0.3411680240384615 0.12986180528846153 0.3302622283653846
0 0.1691084326923077 0.3467894014423077 0.1779344543269231 0.3395687788461539 0.17389005048076925 0.3369272091346154 0.1584760841346154 0.34015440865384616 0.1691084326923077 0.3467894014423077
2 0.12095583413461539 0.2934324543269231 0.11125451923076923 0.31302837740384615 0.11848789903846153 0.32058378846153845 0.1292592091346154 0.30814541105769233 0.1312520408653846 0.2977183485576923 0.12095583413461539 0.2934324543269231
1 0.33424265865384617 0.29217743749999997 0.3356879831730769 0.30204640625 0.34238203125 0.30308585576923075 0.34756913701923076 0.29622146875 0.3408759350961538 0.29176028125 0.33424265865384617 0.29217743749999997
1 0.33642967067307694 0.2887700240384615 0.34501418028846154 0.2873459759615385 0.34522384375000004 0.28160952403846157 0.33570941346153843 0.2805357548076923 0.33642967067307694 0.2887700240384615
1 0.3311004951923077 0.2820931033653846 0.3408399110576923 0.2801978245192308 0.33921703365384615 0.27508253365384616 0.3297026033653846 0.27400876201923074 0.3311004951923077 0.2820931033653846
1 0.3310563798076923 0.24275181730769232 0.3349929302884615 0.2543374783653846 0.33490326682692306 0.25500366105769234 0.34531637740384613 0.24827475240384617 0.3392493918269231 0.24143159134615383 0.3310563798076923 0.24275181730769232
3 0.29717521153846155 0.3112259110576923 0.31752015384615384 0.30550351442307694 0.32270603846153845 0.294851125 0.30671201201923076 0.2976320769230769 0.2914657019230769 0.2994371466346154 0.29717521153846155 0.3112259110576923
3 0.28806536298076924 0.28043308173076925 0.28786247836538464 0.2941521730769231 0.30368042548076923 0.2953507235576923 0.3219103341346154 0.2792970144230769 0.32188745913461536 0.2749829663461539 0.28806536298076924 0.28043308173076925
3 0.27278586778846153 0.07662165384615384 0.26742534375 0.05512285336538462 0.2242410264423077 0.06371093509615385 0.23226336778846154 0.0853918076923077 0.27278586778846153 0.07662165384615384