1 0.10966633413461538 0.34876831009615383 0.11996842067307692 0.3259153173076923 0.10040973076923078 0.24125560817307695 0.049479973557692306 0.19708446875 0.028535028846153845 0.2738119230769231 0.09506512740384615 0.3054941394230769 0.09762906009615385 0.3184315408653846 0.08105276201923076 0.34938225 0.10966633413461538 0.34876831009615383
1 0.24850459855769233 0.16766753846153845 0.2080009639423077 0.15973528365384615 0.18065777403846153 0.18546857211538462 0.16471666346153846 0.22897895913461538 0.2571260120192308 0.26262056490384617 0.26503455048076924 0.21131943509615383 0.24850459855769233 0.16766753846153845
1 0.3805656586538462 0.28679506490384615 0.3793961418269231 0.3580688870192308 0.3915029375 0.2765017451923077 0.41804055288461534 0.2537195096153846 0.4280018701923077 0.2618879807692308 0.42477957211538464 0.2736922043269231 0.44101510336538463 0.2737629591346154 0.43735117307692306 0.22019547115384613 0.4184044975961539 0.18539674278846155 0.3875445865384615 0.1793531201923077 0.36535243990384614 0.19365991346153846 0.3468473942307692 0.22423289663461538 0.3394268341346154 0.2663031298076923 0.36225417307692304 0.2645560096153846 0.3805656586538462 0.28679506490384615
1 0.4676767548076923 0.31007259615384614 0.45656909375 0.33587664663461536 0.5015654086538461 0.35712403125 0.5109147091346153 0.31543152403846153 0.4832770961538462 0.29758367548076925 0.4676767548076923 0.31007259615384614
1 0.5696057932692308 0.2865109615384615 0.5437265408653846 0.2845515745192308 0.5245863052884615 0.3025648774038462 0.5110619182692308 0.33722209375 0.5673131033653847 0.3544560048076923 0.5793967259615385 0.31019016346153844 0.5696057932692308 0.2865109615384615
1 0.6825961418269231 0.31174788701923073 0.6614031274038462 0.2702915913461538 0.6242690048076922 0.27234568028846157 0.5999777259615384 0.3017854831730769 0.582255079326923 0.3667087115384616 0.6510778653846153 0.3304458870192307 0.6748579903846154 0.3475382836538462 0.6825961418269231 0.31174788701923073
1 0.9422405961538461 0.25378811778846155 0.9139677932692307 0.22338059134615385 0.8655787980769231 0.2294481610576923 0.8269807331730769 0.2591949326923077 0.7927049615384616 0.31776756490384617 0.9126047163461538 0.3474664519230769 0.9259587163461538 0.3283199639423077 0.9422405961538461 0.25378811778846155
0 0.7333718413461539 0.8626265240384616 0.7767801778846154 0.8524747211538461 0.7801728605769231 0.8251597644230769 0.7755329735576922 0.7900540673076922 0.7048046177884615 0.7886378605769231 0.6601027259615384 0.8109716129807693 0.6534877427884616 0.8500907908653846 0.6444792091346153 0.8607618341346155 0.6947737740384615 0.8923732956730769 0.7333718413461539 0.8626265240384616
0 0.5462836249999999 0.8259870480769231 0.5211867740384615 0.8583779062500001 0.4997770264423077 0.9070349495192308 0.5203348509615384 0.9359315649038462 0.5434797812500001 0.9404642860576923 0.5674534663461539 0.9047446466346154 0.5755092139423077 0.8752340913461538 0.5462836249999999 0.8259870480769231
0 0.45067514903846156 0.7668483629807692 0.44745285336538465 0.7786525889423076 0.4511399567307692 0.7949187716346154 0.45612061538461535 0.7990030072115384 0.4599781033653846 0.7997584591346154 0.4627124230769231 0.7971851322115384 0.47042739903846154 0.7986960384615384 0.4778247836538462 0.793927108173077 0.48829725480769226 0.7555633798076923 0.4886380264423077 0.7245419158653846 0.4863916850961539 0.7178843509615385 0.47835911057692304 0.7100936081730769 0.4775535384615385 0.7130446610576923 0.4595364735576923 0.7343867475961539 0.45519100480769226 0.7428621899038461 0.44955198076923075 0.7635195817307692 0.45067514903846156 0.7668483629807692
0 0.12779242307692307 0.6694177836538462 0.13245548798076923 0.6672221802884616 0.1401704639423077 0.6687330865384615 0.14322237740384616 0.6724395961538462 0.1525485048076923 0.6680483918269231 0.1607514639423077 0.6603284038461539 0.16155703846153846 0.6573773485576923 0.17056556971153844 0.6467063028846154 0.1729822956730769 0.6378531370192307 0.1757166153846154 0.6352798076923077 0.18135563701923077 0.6146224182692308 0.18103804326923076 0.6083425769230769 0.17573978846153848 0.5979785048076923 0.1641673221153846 0.5957121442307692 0.12234695913461538 0.637263139423077 0.11912465865384615 0.6490673653846154 0.11639033894230769 0.6516406923076924 0.12281176442307692 0.665333548076923 0.12779242307692307 0.6694177836538462
0 0.033307117788461536 0.6136078798076923 0.024298584134615386 0.6242789230769231 0.017048413461538462 0.6508384254807692 0.016560432692307694 0.6600693197115385 0.019612346153846154 0.663775829326923 0.018806771634615384 0.6667268870192308 0.029891259615384615 0.6782241370192307 0.04532121634615384 0.6812459495192308 0.06011598076923076 0.6717080865384616 0.07105325721153846 0.6614147668269231 0.07298200240384616 0.6617924951923077 0.07620430288461538 0.6499882716346155 0.07427555769230769 0.6496105456730769 0.07202921875 0.6429529807692307 0.06465500961538462 0.610420608173077 0.060479925480769234 0.6033853197115385 0.0612855 0.6004342644230769 0.05903915865384615 0.5937766995192308 0.05518167307692308 0.5930212451923077 0.05051860817307692 0.5952168485576923 0.03411269230769231 0.6106568245192308 0.033307117788461536 0.6136078798076923
2 0.36540010096153847 0.893153766826923 0.37714295192307695 0.8799093942307692 0.38278197596153846 0.8592520048076923 0.3826347668269231 0.8374614350961539 0.3803884254807692 0.8308038701923077 0.37765410576923075 0.8333771971153846 0.36141857692307694 0.8333064423076924 0.35707310817307697 0.8417818822115385 0.34982293509615386 0.8683413846153846 0.3499701442307692 0.890131954326923 0.36540010096153847 0.893153766826923
2 0.3816124567307692 0.930525826923077 0.3873986899038462 0.9316590072115385 0.38852186057692306 0.9349877884615385 0.4013878798076923 0.9250721971153847 0.40331662500000004 0.9254499230769231 0.41151958173076925 0.9177299399038461 0.41684101201923074 0.8907927067307693 0.39835914182692306 0.8840643846153846 0.3975535673076923 0.8870154423076924 0.39208492788461535 0.8921621009615385 0.3901561850961538 0.8917843750000001 0.38468754567307695 0.8969310312500001 0.3795365024038461 0.9083575288461538 0.3816124567307692 0.930525826923077
0 0.6768494110576923 0.764510173076923 0.6815124711538462 0.7623145721153846 0.6823180480769231 0.759363516826923 0.6778253677884615 0.7460483846153847 0.6717215408653847 0.7386353677884615 0.6640065624999999 0.7371244591346154 0.6574147548076923 0.7389423365384615 0.6480886274038462 0.7433335432692308 0.6445487331730769 0.7488579254807692 0.6413264350961538 0.7606621514423076 0.6768494110576923 0.764510173076923