1 0.8172702331730769 0.2282247956730769 0.7972991322115385 0.22698699278846154 0.7758891177884616 0.24145786778846154 0.7547495096153847 0.2749029447115384 0.8186396466346154 0.30097984134615385 0.8298110841346154 0.24479993269230768 0.8172702331730769 0.2282247956730769
1 0.3150106802884615 0.3613927019230769 0.31385954567307695 0.3739596490384616 0.3115746514423077 0.37697760336538466 0.31099908653846153 0.3832610745192308 0.3127084110576923 0.38652659134615386 0.31126949278846155 0.40223526923076924 0.31497593028846155 0.4056245673076923 0.3329499158653846 0.4067385889423077 0.33523481009615386 0.4037206322115384 0.35121168990384616 0.40471087259615385 0.3534965841346154 0.40169291826923076 0.36148502403846156 0.4021880384615385 0.3680519182692308 0.39627590625 0.36949083653846154 0.3805672283653846 0.36778151201923076 0.3773017139423077 0.36864486057692303 0.36787650480769235 0.3626709086538461 0.3453892331730769 0.3575429302884615 0.33559268269230774 0.3418538341346154 0.3314607043269231 0.3395689423076923 0.3344786610576923 0.3315805024038462 0.3339835408653846 0.31787113942307693 0.35209127644230764 0.3150106802884615 0.3613927019230769
1 0.48264627884615385 0.5266017596153846 0.4889253918269231 0.5238313629807693 0.4903643100961539 0.5081226826923078 0.48923055048076924 0.4985736971153846 0.4860996826923077 0.48890093028846154 0.4823932451923077 0.4855116322115384 0.47041058413461534 0.4847689519230769 0.46755012740384616 0.4940703798076923 0.4701054278846154 0.5100266201923077 0.4721025360576923 0.5101504014423077 0.48264627884615385 0.5266017596153846
1 0.21556460096153846 0.19725043509615384 0.2218437139423077 0.1944800408653846 0.2235704158653846 0.175629625 0.22186109134615384 0.17236410817307693 0.2124511081730769 0.16546173557692306 0.20903245673076926 0.15893070432692308 0.20133180048076924 0.15529384855769232 0.18848578846153846 0.163976375 0.1810555432692308 0.1793137139423077 0.1870468701923077 0.17968505528846151 0.21556460096153846 0.19725043509615384
0 0.2368703653846154 0.3154751514423077 0.2351610360576923 0.31220963461538465 0.2403063918269231 0.29989024759615385 0.24430061298076922 0.3001378100961538 0.2465855048076923 0.2971198533653846 0.24088195913461538 0.2936067788461539 0.22290797115384614 0.2924927548076923 0.21862596875 0.2953869302884615 0.21689926442307692 0.3142373485576923 0.22031791826923078 0.32076837980769235 0.24028901682692305 0.3220061802884615 0.2408645841346154 0.31572270913461536 0.2368703653846154 0.3154751514423077
0 0.37061699278846155 0.7629453197115384 0.3794687860576923 0.754015233173077 0.38461413942307693 0.7416958485576923 0.3854774903846154 0.7322706418269231 0.37237844711538465 0.6998630408653846 0.34925910576923075 0.7110684038461539 0.3475324038461538 0.7299188197115385 0.35037548798076923 0.7427333221153846 0.34665167548076925 0.7614599591346154 0.35007032932692306 0.7679909927884616 0.3620529855769231 0.768733670673077 0.37061699278846155 0.7629453197115384
0 0.4515906225961538 0.4709642067307692 0.4550092764423077 0.47749523798076926 0.46386106490384615 0.4685651490384615 0.4621517403846154 0.46529963461538465 0.46359065625 0.44959095432692303 0.4618813317307692 0.44632543990384616 0.46303246634615386 0.4337584951923077 0.4599015985576923 0.42408572596153843 0.4559073774038461 0.4238381658653846 0.4473433701923077 0.42962651682692304 0.4461922355769231 0.4421934591346154 0.4515906225961538 0.4709642067307692
0 0.42261135096153846 0.6776998774038462 0.4286026826923077 0.67807121875 0.43317246875 0.6720353076923077 0.4320387115384615 0.6624863221153846 0.4240502692307692 0.6619911995192307 0.42261135096153846 0.6776998774038462
0 0.697049170673077 0.31324790625 0.6917714759615384 0.2993630697115385 0.6698222788461539 0.30939292788461537 0.6688838173076923 0.3196381298076923 0.6846894254807693 0.33525921634615385 0.7028677884615384 0.32499880288461536 0.697049170673077 0.31324790625
0 0.6627827740384615 0.3561385216346154 0.6653360456730769 0.3470771394230769 0.6586842115384616 0.33690177884615385 0.6420301923076923 0.34183484134615383 0.6381946658653846 0.36112327884615386 0.6427381418269231 0.3755028918269231 0.6498476730769231 0.3656401730769231 0.6627827740384615 0.3561385216346154
2 0.4285259567307692 0.8617956153846154 0.4201024278846154 0.8790745600961538 0.41694703846153847 0.8991602860576923 0.42546516826923075 0.9038272788461538 0.4523835769230769 0.894320264423077 0.44822751442307696 0.8563942451923077 0.4285259567307692 0.8617956153846154
2 0.12370066346153846 0.5376721298076923 0.11343186778846154 0.5409567043269231 0.10473542788461539 0.5482566033653846 0.13894312740384615 0.5586517043269231 0.14552239903846154 0.5442505673076923 0.13134619230769232 0.5297636514423076 0.12370066346153846 0.5376721298076923
2 0.059713947115384615 0.5350143197115385 0.05443564903846154 0.5473159855769231 0.09320976442307692 0.5501552115384615 0.08759925 0.532821610576923 0.07965229326923076 0.537991014423077 0.059713947115384615 0.5350143197115385