1 0.8703429423076923 0.2290898798076923 0.8618669206730769 0.23757960336538464 0.874303891826923 0.26527484615384617 0.8784212548076924 0.24730699038461537 0.8899817043269231 0.24191452884615383 0.8991490721153846 0.24702857451923077 0.886549764423077 0.22892947596153845 0.8703429423076923 0.2290898798076923
3 0.33719969471153843 0.6463583870192308 0.3506697620192308 0.6220568653846155 0.3387319014423077 0.5830212572115385 0.3007730360576923 0.5624256009615385 0.3009265528846154 0.5443330985576923 0.3319988341346154 0.5167800721153847 0.32924439423076923 0.48968140144230765 0.28516259375 0.48725843750000003 0.268781625 0.6201417163461538 0.2686281105769231 0.6382342211538461 0.28148510096153845 0.6471067451923077 0.33719969471153843 0.6463583870192308
3 0.0999570264423077 0.5078365625 0.07301590865384616 0.5956355769230769 0.07041302403846153 0.6288363509615384 0.07791268750000001 0.643810983173077 0.14296520432692308 0.5977110913461539 0.17250527884615385 0.6334951947115385 0.21857688701923078 0.6358914326923077 0.24398481490384613 0.6506255240384615 0.24123037740384617 0.6235268557692308 0.25822049519230766 0.6142534254807692 0.26878457451923077 0.5025537932692308 0.23159230288461538 0.4306915889423077 0.19990890625 0.41302671875 0.1643984278846154 0.41651876682692307 0.13363219471153845 0.44708276201923075 0.0999570264423077 0.5078365625
1 0.8042010841346153 0.2812918389423077 0.8046596658653846 0.30540627163461537 0.8254092067307692 0.28728737019230766 0.8443298942307693 0.2964583485576923 0.8392537524038463 0.2839597043269231 0.8311402355769231 0.2718847692307692 0.8172523125000001 0.27168839903846154 0.8042010841346153 0.2812918389423077
0 0.39873117788461543 0.6244263822115385 0.4080690985576923 0.5790748461538462 0.36995671634615385 0.5765716995192307 0.37163949278846153 0.6127299807692308 0.39873117788461543 0.6244263822115385
3 0.8877719951923078 0.31936527403846154 0.8465981466346153 0.32594846875 0.8348118365384616 0.34721229807692305 0.8305251923076923 0.38345076201923073 0.8568512644230769 0.4072177427884615 0.8961878413461538 0.42176474038461537 0.9623110384615384 0.4058012067307692 0.9529750817307693 0.3727607956730769 0.8877719951923078 0.31936527403846154
3 0.9641512572115385 0.2670830913461538 0.9330799567307693 0.2554401466346154 0.8903748822115385 0.2861645 0.8971089326923077 0.31320971153846155 0.9451703509615386 0.3155792259615385 0.9555789495192308 0.3003640456730769 0.9701196947115385 0.30619888461538464 0.9782324399038462 0.28799947115384616 0.9641512572115385 0.2670830913461538
0 0.9249240096153847 0.2691959206730769 0.9133344206730769 0.2768108846153846 0.9140990528846153 0.30393628125 0.9373646394230769 0.29759362740384615 0.9369060576923077 0.2734791971153846 0.9249240096153847 0.2691959206730769
0 0.9802183173076924 0.4447566370192308 0.9798490144230769 0.42500984855769236 0.9708823605769231 0.4117162259615385 0.9620453052884615 0.4064017644230769 0.9489944831730769 0.4120102235576923 0.9685855240384615 0.44792796153846154 0.9802183173076924 0.4447566370192308
0 0.5234857644230769 0.26395689182692306 0.5444554951923076 0.25463 0.5510379951923077 0.22137577403846154 0.5355791033653846 0.20650804807692308 0.5138437596153846 0.2279055168269231 0.5132306802884615 0.26107956250000003 0.5234857644230769 0.26395689182692306
1 0.1389905 0.40178467788461536 0.16372804086538462 0.378872516826923 0.19210546875 0.3714029110576923 0.21536805048076924 0.37502813461538465 0.23297099278846153 0.38544696394230765 0.24466420673076922 0.4021984326923077 0.24522498798076922 0.42818083894230774 0.25781474759615386 0.42407404567307694 0.2592970673076923 0.4092139423076923 0.23128821634615385 0.34928868028846155 0.18781949519230767 0.3136916682692308 0.15123735576923078 0.3262433341346154 0.13853191826923078 0.37767024759615386 0.1389905 0.40178467788461536
1 0.5758975072115384 0.13816954326923075 0.5763956177884615 0.11799803846153846 0.5636921442307693 0.0910330048076923 0.5471615913461538 0.0852248966346154 0.5320077668269231 0.11256410576923076 0.5379762043269231 0.15167989903846155 0.5758975072115384 0.13816954326923075
0 0.37990842548076925 0.4758822980769231 0.38630868269230767 0.44663755048076925 0.3668691610576923 0.4295589735576923 0.3560697091346154 0.43600855048076925 0.34647027163461536 0.45426411538461536 0.36171123076923073 0.4863749591346154 0.37990842548076925 0.4758822980769231
0 0.5487324375 0.2635393846153846 0.5327365432692308 0.26334419230769235 0.5289867596153847 0.25470410576923075 0.5262269038461539 0.26589193028846153 0.5261214591346154 0.2835164519230769 0.5367310480769231 0.2919789639423077 0.5491885288461538 0.28935435096153844 0.5551177451923077 0.2810767235576923 0.5567403173076924 0.2703996586538462 0.5487324375 0.2635393846153846
2 0.9162325504807692 0.6777767812500001 0.9416404783653847 0.6925108701923077 0.9678140168269231 0.6951743822115385 0.9731713413461538 0.6890722740384615 0.9644474831730769 0.6620537860576923 0.955570110576923 0.6531278076923077 0.9237331971153846 0.6535554423076924 0.9110287427884616 0.6657863822115384 0.9050593221153846 0.6658665649038462 0.9053653725961539 0.6688775264423078 0.9162325504807692 0.6777767812500001