1 0.394 0.46223564903846154 0.398 0.47129909374999995 0.414 0.47129909374999995 0.42 0.4682779447115385 0.432 0.4561933533653846 0.44200000000000006 0.4410876129807692 0.444 0.4410876129807692 0.446 0.4350453173076923 0.446 0.42598187259615383 0.438 0.40181268990384617 0.42600000000000005 0.3927492451923077 0.414 0.3927492451923077 0.40599999999999997 0.3987915408653846 0.398 0.41389728124999997 0.394 0.42598187259615383 0.394 0.4350453173076923 0.39599999999999996 0.4380664663461538 0.394 0.46223564903846154
1 0.562 0.36858006009615385 0.5680000000000001 0.3625377644230769 0.5680000000000001 0.3534743197115385 0.564 0.344410875 0.5559999999999999 0.33836857932692305 0.5479999999999999 0.3474320240384615 0.546 0.3534743197115385 0.546 0.3625377644230769 0.5479999999999999 0.36858006009615385 0.562 0.36858006009615385
1 0.6679999999999999 0.4441087620192308 0.67 0.4410876129807692 0.67 0.41993957692307693 0.672 0.41691842788461536 0.6679999999999999 0.40483383653846156 0.6639999999999999 0.3987915408653846 0.66 0.39577039182692303 0.6499999999999999 0.39577039182692303 0.642 0.40483383653846156 0.64 0.40483383653846156 0.6340000000000001 0.42296072596153844 0.6340000000000001 0.4320241682692308 0.638 0.4441087620192308 0.6679999999999999 0.4441087620192308
1 0.752 0.3987915408653846 0.754 0.40483383653846156 0.766 0.40785498557692307 0.768 0.40483383653846156 0.768 0.38066465144230766 0.766 0.37462235576923075 0.7579999999999999 0.37462235576923075 0.754 0.37764350480769227 0.75 0.3836858004807692 0.748 0.3836858004807692 0.748 0.39577039182692303 0.752 0.3987915408653846
1 0.83 0.4743202427884615 0.8320000000000001 0.4773413894230769 0.8340000000000001 0.4743202427884615 0.84 0.4743202427884615 0.846 0.47129909374999995 0.8520000000000001 0.45921450240384615 0.8520000000000001 0.4441087620192308 0.848 0.4380664663461538 0.848 0.4350453173076923 0.838 0.4290030216346154 0.828 0.4320241682692308 0.8180000000000001 0.44712990865384616 0.8160000000000001 0.45317220432692307 0.8160000000000001 0.4652567980769231 0.822 0.4743202427884615 0.83 0.4743202427884615
1 0.8099999999999999 0.45317220432692307 0.8140000000000001 0.44712990865384616 0.8140000000000001 0.42296072596153844 0.8119999999999999 0.41691842788461536 0.8059999999999999 0.4108761322115385 0.8 0.4108761322115385 0.7939999999999999 0.41389728124999997 0.7919999999999999 0.41993957692307693 0.7899999999999999 0.4290030216346154 0.7899999999999999 0.4410876129807692 0.802 0.4561933533653846 0.8099999999999999 0.45317220432692307
0 0.61 0.45921450240384615 0.62 0.44712990865384616 0.6159999999999999 0.4410876129807692 0.606 0.4410876129807692 0.602 0.4441087620192308 0.596 0.45317220432692307 0.596 0.45921450240384615 0.598 0.46223564903846154 0.61 0.45921450240384615
0 0.7046 0.5617069495192308 0.7026000000000001 0.5499244711538461 0.6906 0.5528700913461538 0.6892 0.5647280961538461 0.702 0.5680513605769231 0.7046 0.5617069495192308
0 0.5848 0.37764350480769227 0.5786 0.38194863942307694 0.5802 0.3891993966346154 0.5861999999999999 0.3822507548076923 0.5848 0.37764350480769227
0 0.7469180000000001 0.44786404807692304 0.7459220000000001 0.4399546826923077 0.741684 0.4387311177884615 0.7334560000000001 0.44786404807692304 0.7369460000000001 0.45840785576923077 0.743428 0.44937160096153844 0.7469180000000001 0.44786404807692304
0 0.7774 0.45626888221153844 0.7764 0.45022658653846154 0.7754 0.4487160120192308 0.7691999999999999 0.44811178365384613 0.7637999999999999 0.4595921442307693 0.7742 0.4620090625 0.7774 0.45626888221153844
0 0.8078000000000001 0.4873867067307692 0.8074 0.4698640480769231 0.8036 0.4635196370192308 0.803 0.4643504543269231 0.797 0.4683534735576923 0.7944 0.4768126899038462 0.797 0.48950150961538463 0.8078000000000001 0.4873867067307692