1 0.2706633629807692 0.2805540096153846 0.2674547668269231 0.2859750985576923 0.2872093581730769 0.30871503846153847 0.28729319230769235 0.31792612019230765 0.2899606730769231 0.32464254086538463 0.29208703846153844 0.3434964783653846 0.29787927884615384 0.3355807355769231 0.30287889663461537 0.3121692620192308 0.30154515625 0.30881105048076923 0.3046699158653846 0.2941788822115385 0.3020024350961539 0.28746245673076926 0.30262738942307693 0.2845360240384615 0.29604252403846154 0.2769560456730769 0.28233168028846156 0.27393359855769234 0.2706633629807692 0.2805540096153846
1 0.4736128221153846 0.24255920673076922 0.4763641394230769 0.25848671153846153 0.49140872355769233 0.2648673701923077 0.4985347019230769 0.26030983653846157 0.5023682524038462 0.2519623125 0.5061179663461538 0.2344037091346154 0.5060341298076924 0.2251926298076923 0.5033666490384616 0.21847620432692308 0.5000742163461539 0.21468621634615384 0.49223944951923077 0.21295910576923077 0.47994618028846153 0.2225059471153846 0.47673758173076924 0.22792703846153847 0.4736128221153846 0.24255920673076922
1 0.6322668870192308 0.27753322596153845 0.6379752908653846 0.2604064014423077 0.6371826658653846 0.24491067788461537 0.6345151850961539 0.2381942548076923 0.6273053701923076 0.2335407091346154 0.6182206971153845 0.23766646394230767 0.6118035048076923 0.24850864182692306 0.6073450048076923 0.2597826009615385 0.6094713677884616 0.27863653605769234 0.6270995985576923 0.28252253846153846 0.6322668870192308 0.27753322596153845
1 0.7132820528846153 0.30152076923076926 0.7223667259615384 0.2973950168269231 0.7438285024038461 0.29293349278846154 0.7489957908653846 0.2879441826923077 0.7482031682692308 0.27244845673076923 0.7442019471153846 0.26237382451923075 0.7304911009615385 0.2593513798076923 0.7259487644230769 0.2614142548076923 0.7149892355769231 0.27431931009615385 0.7111556899038463 0.2826668341346154 0.7093646682692308 0.30065721634615383 0.7132820528846153 0.30152076923076926
0 0.6592422211538461 0.4276870817307692 0.6690426081730769 0.4323969110576923 0.6757122740384616 0.43046592788461535 0.678947673076923 0.40866034134615387 0.6774364783653847 0.4090718125 0.6648810192307693 0.4119329951923077 0.6592422211538461 0.4276870817307692
0 0.6282275649038461 0.3348625817307692 0.62501896875 0.3402836730769231 0.6225191586538461 0.35198940625 0.6291040240384616 0.35956938701923075 0.6342713125 0.3545800769230769 0.6406046682692307 0.3345268173076923 0.6333948533653846 0.32987326923076926 0.6282275649038461 0.3348625817307692
0 0.61439478125 0.3900330480769231 0.616269639423077 0.3812537451923077 0.6115596322115384 0.3648944639423077 0.6017661682692308 0.3627355745192308 0.5992663605769231 0.37444131009615383 0.6006839375 0.38701060096153844 0.6039763677884615 0.39080059134615386 0.6118111394230769 0.39252770192307695 0.61439478125 0.3900330480769231
0 0.5017051995192308 0.32229273557692306 0.49582912259615386 0.3209974014423077 0.4932454783653846 0.3234920576923077 0.48753707211538466 0.34061888221153847 0.4902045528846154 0.3473353076923077 0.4941219375 0.34819886298076924 0.49928922596153846 0.34320955288461535 0.5030389399038462 0.32565094711538467 0.5017051995192308 0.32229273557692306
0 0.4465651706730769 0.3901499350961538 0.44430127403846154 0.39942567548076924 0.4518015576923077 0.4095760745192308 0.45952763461538465 0.39470803846153846 0.4573890552884615 0.37809133894230773 0.4499051971153846 0.3798397788461539 0.4465651706730769 0.3901499350961538
0 0.16849844951923076 0.3258800769230769 0.17901098557692308 0.31927453365384617 0.17650162500000002 0.30172424999999997 0.1764715889423077 0.2885446346153846 0.17429939903846153 0.28806579326923076 0.16310123076923075 0.3085419711538462 0.16849844951923076 0.3258800769230769
2 0.6354526490384615 0.6275542451923077 0.6367863870192308 0.6309124591346154 0.6426624639423076 0.6322077932692308 0.6472886370192307 0.6393559951923078 0.6590407884615386 0.6419466610576923 0.663583125 0.6398837860576924 0.6661667716346155 0.6373891298076924 0.6680416250000001 0.6286098269230769 0.6706252716346154 0.6261151706730769 0.6699164807692307 0.6198305264423076 0.6476620817307693 0.6087963221153846 0.6470371274038461 0.6117227548076923 0.6399111490384615 0.6162802908653846 0.6354526490384615 0.6275542451923077
2 0.5548490288461538 0.5056030408653845 0.5503066923076922 0.5076659182692308 0.5405132307692307 0.5055070288461538 0.5373046346153847 0.5109281177884616 0.5393471610576923 0.5205709759615385 0.5471819302884615 0.5222980889423077 0.5543079110576923 0.5177405528846154 0.5561827692307693 0.5089612524038462 0.5548490288461538 0.5056030408653845
2 0.5640175360576923 0.5106883653846154 0.561433891826923 0.5131830216346154 0.5589340841346154 0.5248887548076924 0.5616015649038462 0.5316051802884615 0.5713950240384615 0.5337640697115384 0.5738948317307693 0.5220583341346153 0.5712273509615385 0.5153419110576923 0.5640175360576923 0.5106883653846154
2 0.3854031057692308 0.5019562379807693 0.38219450961538465 0.5073773269230769 0.3816533942307692 0.5195148413461539 0.3829871346153846 0.5228730528846154 0.3888632091346154 0.5241683870192307 0.3952804014423077 0.5133262091346154 0.3912791826923077 0.5032515745192307 0.3854031057692308 0.5019562379807693
2 0.47465769711538464 0.5182947836538461 0.4679831730769231 0.5095980576923077 0.46582130528846155 0.5103961971153846 0.4599150865384616 0.5167424591346154 0.4419371418269231 0.5170294110576923 0.4446593293269231 0.5282530769230769 0.46384609134615384 0.5316307956730769 0.4757037235576923 0.5240470625 0.47465769711538464 0.5182947836538461
2 0.2563428317307692 0.5684961177884615 0.2607174951923077 0.5480110793269231 0.2633011394230769 0.545516423076923 0.26642589903846153 0.5308842548076923 0.24354654567307693 0.5227764855769231 0.24221280528846154 0.5194182716346154 0.23962916346153845 0.5219129278846154 0.23525449999999998 0.5423979663461538 0.23267085336538462 0.5448926225961539 0.21767200240384615 0.6151270336538461 0.22033948317307692 0.6218434591346154 0.23209163461538462 0.624434125 0.233425375 0.6277923365384616 0.25105360576923075 0.6316783389423077 0.26209696875 0.6279843629807692 0.2620131346153846 0.6187732812500001 0.2521358389423077 0.6074033125 0.2500933100961538 0.597760454326923 0.2544679759615385 0.5772754182692308 0.2570516201923077 0.5747807620192308 0.2563428317307692 0.5684961177884615
2 0.1804949519230769 0.5395192620192307 0.1781628173076923 0.5696471562500001 0.18020534615384615 0.5792900144230769 0.17778937259615385 0.6002068269230769 0.18054068750000002 0.6161343317307693 0.19033414903846155 0.6182932211538461 0.19550143749999999 0.6133039110576923 0.2024597451923077 0.59032421875 0.20204056730769232 0.5442688197115385 0.20133177884615383 0.537984173076923 0.1967894423076923 0.5400470504807692 0.18503728846153844 0.5374563822115385 0.18370355048076922 0.534098170673077 0.1804949519230769 0.5395192620192307