1 0.7982009951923076 0.49536199038461537 0.7727181201923077 0.5204702355769231 0.7927129639423077 0.5106103317307692 0.7982009951923076 0.49536199038461537
1 0.72487325 0.4482635504807692 0.7213286081730769 0.45908448076923075 0.7451963365384615 0.48707579567307696 0.7625635240384615 0.4777110889423077 0.7841596177884615 0.46145766826923074 0.72487325 0.4482635504807692
2 0.0989980360576923 0.6880486850961538 0.03685128846153846 0.6896077115384615 0.04300969711538461 0.7249976250000001 0.11566706490384616 0.7214578100961538 0.11384698317307693 0.6954032283653846 0.0989980360576923 0.6880486850961538
1 0.7205610024038461 0.7353885288461538 0.6964605552884616 0.7216551538461539 0.6803524879807692 0.7226602403846154 0.6917662067307693 0.7570597572115385 0.6859360408653846 0.7703419903846154 0.7062730192307692 0.7624481947115385 0.7205610024038461 0.7353885288461538
1 0.6637234254807692 0.9390053822115385 0.6433864471153845 0.9468991826923077 0.6468077860576924 0.9665602475961539 0.6802830408653846 0.9561904591346154 0.6782302379807692 0.9443938173076922 0.6637234254807692 0.9390053822115385
2 0.15870987740384615 0.4229726466346154 0.17825317067307692 0.39492258413461534 0.14616034375 0.3664507548076923 0.13666223076923079 0.4210359110576923 0.15870987740384615 0.4229726466346154
1 0.68631984375 0.6321899663461538 0.6560471009615385 0.6297727211538462 0.6543225432692308 0.6666482307692309 0.6851701394230769 0.656773641826923 0.6936279591346154 0.6429962091346154 0.68631984375 0.6321899663461538
1 0.6423895288461539 0.457716375 0.6305103701923076 0.4518327403846154 0.6088048605769231 0.4518621129807692 0.5914376730769231 0.4612268197115385 0.5965696802884616 0.49071841826923074 0.6353002451923077 0.4793582307692308 0.6423895288461539 0.457716375
1 0.6466878870192307 0.21729743990384615 0.6481797259615385 0.19467987019230767 0.6132265240384616 0.18096118509615386 0.5997322211538462 0.22817711298076923 0.6116113798076923 0.23406074519230768 0.6322904879807693 0.22813305528846153 0.6466878870192307 0.21729743990384615
1 0.6918912115384616 0.3367053653846154 0.6567052908653845 0.3372446225961539 0.6649165024038461 0.3844311778846154 0.6908509230769231 0.3775130889423077 0.7074244278846155 0.34799211778846156 0.6918912115384616 0.3367053653846154
2 0.13513042548076923 0.1938992115384615 0.13032666346153846 0.2130797644230769 0.14733782692307693 0.24845499278846153 0.1765841706730769 0.2449739206730769 0.168482375 0.21401141586538464 0.13513042548076923 0.1938992115384615
2 0.055382074519230766 0.6089532860576923 0.01734966346153846 0.577539639423077 0.03137715144230769 0.6581500048076923 0.06519453846153846 0.6497463221153846 0.05423237019230769 0.6335369591346154 0.055382074519230766 0.6089532860576923
2 0.2884758028846154 0.8411846995192308 0.28665571875 0.8151301177884616 0.24884214182692307 0.8161645697115384 0.2503200889423077 0.8402530480769231 0.2884758028846154 0.8411846995192308
1 0.7169746923076924 0.8863275889423077 0.7350261442307692 0.8808950961538462 0.7454273533653846 0.8626902548076922 0.7066967908653846 0.8740504375 0.7169746923076924 0.8863275889423077
1 0.6183168629807692 0.35057091346153846 0.6540776370192307 0.33773981971153844 0.6254061442307692 0.3289290576923077 0.6106666129807692 0.33779856490384613 0.6183168629807692 0.35057091346153846
2 0.20702018509615383 0.4666634399038462 0.17960781730769232 0.4494930528846154 0.16909719471153845 0.45147384615384617 0.16886447596153847 0.4657317884615385 0.18976241346153847 0.49225219951923077 0.20415981009615386 0.48141658413461536 0.20702018509615383 0.4666634399038462
2 0.3209107644230769 0.8716226346153846 0.32433210096153847 0.8912836995192308 0.3398653173076923 0.9025704543269231 0.34740614903846156 0.8991187524038462 0.3492401225961539 0.8784672908653846 0.3209107644230769 0.8716226346153846
1 0.6396507548076923 0.831859923076923 0.6577022115384616 0.8264274278846154 0.6621638389423077 0.8052807668269231 0.6404583269230769 0.8053101418269232 0.6396507548076923 0.831859923076923
2 0.23549892548076923 0.7394864182692308 0.22326374278846156 0.7783427211538462 0.22988759134615386 0.78521675 0.2587918028846154 0.7797695721153846 0.25731385096153847 0.7556810961538462 0.23549892548076923 0.7394864182692308