1 0.18421275480769234 0.9763319519230769 0.2029765504807692 0.9268316153846154 0.2237353221153846 0.8986368725961539 0.14067697355769232 0.8847166658653846 0.12161378365384616 0.8527405240384615 0.10027948076923078 0.8446814831730769 0.05619918509615385 0.8857446394230769 0.04682697836538462 0.9632861274038462 0.18421275480769234 0.9763319519230769
1 0.4430361370192308 0.8953284014423077 0.44531112259615385 0.8925278341346154 0.4461627884615385 0.8835589230769231 0.44473946875 0.8773905793269231 0.4390500625 0.873833733173077 0.4290945721153846 0.8728883846153846 0.4273873629807692 0.8697096778846153 0.4134496754807693 0.8683861850961538 0.41174246634615386 0.8652074807692307 0.39780477884615384 0.8638839927884615 0.39353869230769234 0.8664954879807693 0.38984813942307694 0.9053607692307692 0.39241089182692307 0.92068709375 0.39724863221153844 0.9332128509615385 0.39696474278846156 0.9362024879807692 0.4100507644230769 0.9464948894230769 0.42910620192307697 0.93623796875 0.43365617548076923 0.9306368365384615 0.44161669230769235 0.9102765889423078 0.4430361370192308 0.8953284014423077
1 0.3915592259615384 0.9296560048076923 0.3833109447115385 0.9318893629807692 0.37847707932692304 0.9404801322115385 0.3779093028846154 0.9464594062499999 0.3796165144230769 0.9496381105769232 0.37791318028846155 0.9675759350961539 0.3847420168269231 0.9802907620192307 0.3949813966346154 0.9782464759615385 0.4037974567307692 0.97003384375 0.4117579735576923 0.9496735937499999 0.39696474278846156 0.9362024879807692 0.39724863221153844 0.9332128509615385 0.3915592259615384 0.9296560048076923
1 0.6108484086538462 0.8629979423076922 0.6023123629807693 0.8471044086538462 0.6025962524038462 0.8441147740384616 0.5983301658653846 0.8467262692307693 0.5957712908653846 0.8525164759615385 0.5846841201923076 0.8846461995192307 0.5801341466346154 0.8902473341346154 0.5781430480769231 0.890058266826923 0.5755841706730769 0.8958484687499999 0.5753002836538461 0.8988381057692307 0.5787147043269231 0.9051955192307692 0.5824130096153847 0.9085632956730769 0.598341795673077 0.9100758557692308 0.6045989807692307 0.9076534278846153 0.6091489543269231 0.902052295673077 0.6142667043269231 0.8904718870192307 0.6151183725961539 0.8815029759615385 0.6108484086538462 0.8629979423076922
1 0.6463655192307692 0.6582255552884615 0.6335633870192308 0.644943516826923 0.6253151057692308 0.647176875 0.6221923293269231 0.6800628822115384 0.62560675 0.6864202956730769 0.6349944615384615 0.693344920673077 0.6449499519230769 0.6942902668269231 0.6563248870192309 0.6802874326923077 0.6574604423076923 0.6683288846153845 0.6560371225961539 0.6621605408653846 0.6523388149038462 0.658792764423077 0.6463655192307692 0.6582255552884615
1 0.7754409879807693 0.33564028125 0.772022689903846 0.30816633894230766 0.7600722259615385 0.2859153894230769 0.7469862043269231 0.27562299278846153 0.7307735312499999 0.2771000673076923 0.7199663725961538 0.2851236298076923 0.7083075504807692 0.30211610336538464 0.7014903413461538 0.35275085817307694 0.7031975504807693 0.3559295673076923 0.7020619951923077 0.3678881153846154 0.7103141538461538 0.3867712860576923 0.7231162884615384 0.4000533221153846 0.7447344783653846 0.4051227259615385 0.7509916610576923 0.4027003004807692 0.7620827067307693 0.3916871033653846 0.7691915552884615 0.38029576682692307 0.7754409879807693 0.33564028125
0 0.42529546874999996 0.32049086538461535 0.4068039302884615 0.30365198317307696 0.3991234278846154 0.2999060649038462 0.39684843990384616 0.3027066322115385 0.39087514663461537 0.3021394254807692 0.3863251706730769 0.3077405576923077 0.37352691586538456 0.3155750480769231 0.3689769423076923 0.32117618028846157 0.37040026201923076 0.32734452403846154 0.37239136057692307 0.32753359615384614 0.3826346177884616 0.34660583653846155 0.38292238461538464 0.3647327283653846 0.38690457932692307 0.3651108677884615 0.41676717548076925 0.34683038701923075 0.4241599134615385 0.33244941346153845 0.42529546874999996 0.32049086538461535
0 0.3118300096153846 0.45752957932692306 0.3109783413461538 0.4664984903846153 0.3220732644230769 0.4766018221153846 0.32804656009615385 0.47716903125 0.33032154807692304 0.4743684615384615 0.34055705048076923 0.4512076466346154 0.3462425793269231 0.4336479663461539 0.3453870360576923 0.4215003485576923 0.3368548677884616 0.42672334134615386 0.3118300096153846 0.45752957932692306
0 0.3949154927884615 0.6192654903846153 0.4048709855769231 0.6202108389423077 0.4065781923076923 0.623389545673077 0.41653368269230767 0.6243348966346154 0.4216514350961538 0.6127544879807693 0.4230708798076923 0.5978063028846153 0.4213636706730769 0.5946275961538462 0.40941708173076924 0.5934931778846153 0.39633493750000004 0.6043173052884615 0.3949154927884615 0.6192654903846153
0 0.4859343557692308 0.6128254519230769 0.4791055192307692 0.600110625 0.46915002884615387 0.5991652740384615 0.46033396875 0.60737790625 0.4583428701923077 0.6071888341346153 0.45521621634615383 0.6189583125 0.45663953605769236 0.62512665625 0.463468375 0.6378414855769231 0.47143276682692303 0.6385977644230769 0.47569885336538464 0.6359862692307693 0.48479880048076923 0.624784 0.48678989663461536 0.6249730697115384 0.48792545192307696 0.6130145240384615 0.4859343557692308 0.6128254519230769
0 0.5644600480769231 0.7297844375 0.55723728125 0.7342086923076923 0.5504618269230769 0.7364823605769231 0.55583709375 0.7502446826923077 0.5663876009615385 0.7401846802884615 0.5644600480769231 0.7297844375
0 0.5660126586538461 0.7569334038461538 0.5695558076923077 0.7579998701923076 0.5736482836538461 0.7532813894230769 0.5735778918269231 0.7463425721153847 0.57292365625 0.7353332235576923 0.5679013701923077 0.7370433509615384 0.5578594423076922 0.7455769855769231 0.5660126586538461 0.7569334038461538
0 0.7440486442307692 0.11356107451923078 0.7349797211538461 0.0861418173076923 0.7132049399038463 0.11435169230769231 0.7205692740384616 0.13735870673076922 0.7280301802884614 0.15188016346153846 0.7438502668269231 0.1268212860576923 0.7440486442307692 0.11356107451923078
0 0.660390923076923 0.1752009230769231 0.6763622692307693 0.17459383653846153 0.6724535 0.14500695432692307 0.6625383677884616 0.137691375 0.660390923076923 0.1752009230769231
0 0.5855012740384615 0.5281080480769231 0.6048510288461538 0.5422139423076924 0.6106365240384616 0.5315566682692308 0.5906572764423077 0.5110682163461538 0.5855012740384615 0.5281080480769231
2 0.3908402524038461 0.11209066586538462 0.37262872836538463 0.07114561778846154 0.34446171153846156 0.02925521634615385 0.3407634014423077 0.025887439903846156 0.3248346201923077 0.02437487980769231 0.32056853124999996 0.026986377403846153 0.31744187980769234 0.03875585576923077 0.3191490889423077 0.04193456490384616 0.33308677644230766 0.043258055288461536 0.33849229326923075 0.049804536057692306 0.3484477836538461 0.05074988701923077 0.3515783149038461 0.0600969375 0.35101053605769234 0.06607620913461539 0.35641605528846154 0.07262269471153847 0.3586949182692308 0.09093865625 0.3535771658653846 0.10251906490384616 0.34703609375 0.10793112740384615 0.3441933293269231 0.11671096875 0.3478916370192308 0.12007874759615385 0.3564238076923077 0.11485575240384614 0.3615454350961539 0.12439187259615385 0.38060475240384617 0.13525148076923077 0.38487083653846155 0.13263998557692308 0.38742971153846156 0.12684978125 0.3908402524038461 0.11209066586538462
2 0.5774163245192308 0.03025987259615385 0.5757091153846153 0.027081163461538462 0.5637625264423077 0.025946745192307694 0.5543748100961539 0.019022120192307694 0.550960391826923 0.012664706730769231 0.5333243966346154 0.007973439903846153 0.5287744254807693 0.013574574519230768 0.5529553677884615 0.03397030528846154 0.5592164278846155 0.052664408653846154 0.5612152788461539 0.09508653365384616 0.5629224903846154 0.09826524038461538 0.588806766826923 0.10072314903846154 0.6132638461538462 0.0758961875 0.61582271875 0.07010598317307692 0.6109849807692307 0.05758022596153846 0.5950523173076923 0.03495113701923077 0.5774163245192308 0.03025987259615385
2 0.4045483269230769 0.4120351923076923 0.39686782451923075 0.40828927403846155 0.3880517644230769 0.41650190625 0.3854928894230769 0.42229211298076924 0.38606454326923073 0.4374293653846154 0.39090228365384616 0.44995512259615383 0.3948844807692308 0.4503332620192308 0.39516836778846154 0.4473436274038462 0.4042683149038462 0.436141358173077 0.4125165961538461 0.43390799759615384 0.4133682644230769 0.4249390913461539 0.4045483269230769 0.4120351923076923
2 0.5257175528846154 0.40544156490384614 0.5208836899038461 0.4140323365384615 0.5294197379807692 0.4299258701923077 0.5334019350961539 0.4303040096153846 0.5427857692307693 0.41611210576923074 0.5453407692307692 0.389205375 0.5436335576923077 0.38602666586538464 0.53168696875 0.3848922475961538 0.5271369975961538 0.39049338221153845 0.5257175528846154 0.40544156490384614
2 0.5160769639423077 0.5704388052884615 0.5035625985576924 0.5752836586538461 0.5044181418269231 0.5874312788461539 0.5021431514423077 0.5902318485576923 0.5138058533653846 0.5943559014423078 0.5197791490384616 0.5949231129807692 0.5283113197115384 0.5897001177884615 0.5337129591346154 0.5751300721153846 0.5302985408653846 0.5687726586538462 0.5243252451923077 0.5682054519230769 0.5220502596153846 0.5710060168269231 0.5160769639423077 0.5704388052884615