1 0.108 0.3173333341346154 0.156 0.32 0.15799999999999997 0.3226666658653846 0.16599999999999998 0.3146666658653846 0.16599999999999998 0.296 0.15799999999999997 0.2613333341346154 0.132 0.22933333413461537 0.12000000000000001 0.224 0.10400000000000001 0.224 0.088 0.23733333413461538 0.082 0.24800000000000003 0.078 0.2586666658653846 0.078 0.3013333341346154 0.08 0.3066666658653846 0.108 0.3173333341346154
1 0.348 0.368 0.352 0.3733333341346154 0.36 0.3733333341346154 0.36200000000000004 0.376 0.374 0.376 0.376 0.3786666658653846 0.382 0.3786666658653846 0.384 0.3813333341346154 0.39599999999999996 0.3733333341346154 0.392 0.3306666658653846 0.382 0.312 0.376 0.3093333341346154 0.36200000000000004 0.3093333341346154 0.348 0.32533333413461535 0.348 0.328 0.34199999999999997 0.336 0.34199999999999997 0.34400000000000003 0.348 0.368
0 0.656 0.6293333341346153 0.6639999999999999 0.6293333341346153 0.67 0.6213333341346154 0.67 0.6 0.6679999999999999 0.5973333341346154 0.6679999999999999 0.584 0.6639999999999999 0.5786666658653846 0.662 0.5813333341346154 0.652 0.5813333341346154 0.6479999999999999 0.592 0.646 0.592 0.644 0.5973333341346154 0.646 0.6026666658653845 0.646 0.6159999999999999 0.656 0.6293333341346153
0 0.232 0.5573333341346154 0.238 0.5706666658653846 0.238 0.5786666658653846 0.24800000000000003 0.584 0.254 0.584 0.256 0.5866666658653846 0.26999999999999996 0.5866666658653846 0.28400000000000003 0.5760000000000001 0.29 0.5653333341346154 0.28800000000000003 0.5546666658653846 0.268 0.536 0.228 0.5466666658653846 0.226 0.552 0.23 0.5546666658653846 0.23 0.5573333341346154 0.232 0.5573333341346154
0 0.212 0.6106666658653845 0.226 0.6106666658653845 0.228 0.6133333341346154 0.23399999999999999 0.6133333341346154 0.23600000000000002 0.6106666658653845 0.246 0.6106666658653845 0.24800000000000003 0.608 0.246 0.5973333341346154 0.232 0.584 0.228 0.584 0.226 0.5866666658653846 0.21 0.5866666658653846 0.196 0.592 0.192 0.5946666658653846 0.196 0.6053333341346154 0.20400000000000001 0.6053333341346154 0.212 0.6106666658653845
0 0.22 0.552 0.222 0.5546666658653846 0.226 0.552 0.228 0.544 0.218 0.5333333341346154 0.212 0.5306666658653846 0.20199999999999999 0.5306666658653846 0.2 0.5333333341346154 0.2 0.5493333341346154 0.20199999999999999 0.552 0.22 0.552
0 0.3 0.5733333341346154 0.302 0.5706666658653846 0.30799999999999994 0.5706666658653846 0.314 0.5653333341346154 0.318 0.552 0.318 0.536 0.31599999999999995 0.5333333341346154 0.31 0.5306666658653846 0.298 0.5306666658653846 0.294 0.5333333341346154 0.28 0.5466666658653846 0.286 0.5680000000000001 0.28400000000000003 0.5733333341346154 0.3 0.5733333341346154
2 0.192 0.9600000000000001 0.192 0.9706666658653845 0.19399999999999998 0.9733333341346154 0.206 0.9733333341346154 0.224 0.968 0.232 0.9626666658653846 0.23399999999999999 0.9573333341346154 0.23399999999999999 0.9386666658653847 0.19799999999999998 0.9333333341346154 0.196 0.9493333341346154 0.19399999999999998 0.9493333341346154 0.19 0.9546666658653845 0.192 0.9600000000000001
2 0.33199999999999996 0.8053333341346154 0.338 0.7973333341346154 0.338 0.784 0.33999999999999997 0.7813333341346154 0.338 0.7813333341346154 0.33399999999999996 0.7759999999999999 0.328 0.7759999999999999 0.326 0.7733333341346154 0.31599999999999995 0.7733333341346154 0.314 0.7759999999999999 0.31 0.7973333341346154 0.31 0.8053333341346154 0.326 0.8079999999999999 0.33199999999999996 0.8053333341346154
2 0.384 0.7919999999999999 0.39 0.7866666658653846 0.39 0.7759999999999999 0.38799999999999996 0.768 0.372 0.768 0.366 0.7706666658653846 0.366 0.7786666658653847 0.368 0.7813333341346154 0.384 0.7919999999999999
2 0.49 0.6346666658653847 0.494 0.6293333341346153 0.494 0.6133333341346154 0.482 0.6133333341346154 0.48000000000000004 0.6186666658653847 0.48000000000000004 0.6319999999999999 0.484 0.6346666658653847 0.49 0.6346666658653847
2 0.528 0.6373333341346155 0.536 0.6346666658653847 0.538 0.6293333341346153 0.53 0.6133333341346154 0.524 0.608 0.52 0.6106666658653845 0.516 0.6159999999999999 0.516 0.624 0.524 0.6346666658653847 0.528 0.6373333341346155
2 0.646 0.8053333341346154 0.646 0.8026666658653846 0.6340000000000001 0.7946666658653846 0.62 0.7919999999999999 0.6159999999999999 0.7973333341346154 0.6159999999999999 0.8079999999999999 0.642 0.8079999999999999 0.646 0.8053333341346154