1 0.6336184711538462 0.03102060576923077 0.6223371778846154 0.029917637019230767 0.5805517451923077 0.04096058413461538 0.5757460336538461 0.04427280288461539 0.5711442283653846 0.07407946394230769 0.5785518701923077 0.12113408653846153 0.57635775 0.12375612259615384 0.5858623894230769 0.12941297836538462 0.604143516826923 0.12458168990384616 0.6364243076923077 0.10788188942307693 0.6623362980769231 0.07448560817307692 0.6650546682692308 0.0615141298076923 0.6617149230769231 0.046059317307692305 0.645317233173077 0.03405542307692308 0.6336184711538462 0.03102060576923077
1 0.6335605240384615 0.3373627716346154 0.6349197091346154 0.33087703365384613 0.6319974326923077 0.31735407211538463 0.6134056177884616 0.3079722139423077 0.61079403125 0.30866239903846154 0.6017068557692308 0.3049373966346154 0.5938720889423077 0.30700794951923077 0.5716201875 0.3190151610576923 0.5672319423076924 0.3242592331730769 0.5689018149038462 0.3319866394230769 0.5667076947115385 0.3346086754807692 0.5692125024038461 0.3461997836538462 0.5670183822115384 0.34882181971153847 0.5682707860576923 0.354617375 0.5660766634615384 0.3572394110576923 0.5764162403846154 0.36675996875 0.6173667379807692 0.35185331971153844 0.6335605240384615 0.3373627716346154
0 0.41444939903846156 0.6648365216346155 0.4088087524038461 0.6642850384615385 0.4040030432692308 0.6675972596153846 0.39094509375000003 0.6710481802884616 0.3799744855769231 0.6841583581730769 0.3816443581730769 0.6918857644230769 0.39073152884615386 0.6956107692307693 0.41162424519230767 0.690089295673077 0.41381836778846154 0.6874672596153846 0.42687631490384614 0.6840163389423076 0.4312645600961539 0.678772266826923 0.42823550000000005 0.6775305985576924 0.4261481610576923 0.6678713413461538 0.41486686778846155 0.6667683750000001 0.41444939903846156 0.6648365216346155
0 0.39039132692307693 0.2852226947115385 0.3715956105769231 0.24934639663461539 0.3659549615384616 0.24879491346153845 0.36417831009615387 0.25334880048076924 0.36156671875 0.25403898557692306 0.3619841850961538 0.25597083653846153 0.3501786418269231 0.2652173125 0.342343875 0.26728786538461535 0.33920803605769234 0.2783274903846154 0.3404604399038461 0.28412304567307695 0.3382663173076923 0.28674508173076924 0.34118859375000005 0.3002680432692308 0.35455722836538467 0.3110302692307692 0.36625599038461537 0.3140650865384615 0.3762848822115385 0.3093725 0.39039132692307693 0.2852226947115385
0 0.33200429807692305 0.2577673076923077 0.32866455528846156 0.2423124951923077 0.32051909855769234 0.2301699014423077 0.31707257451923077 0.22699638221153845 0.3074611490384615 0.23362082211538462 0.30913102163461537 0.2413482283653846 0.3055777163461538 0.25045600240384613 0.3084999927884615 0.2639789639423077 0.3063058701923077 0.266601 0.3075582716346154 0.2723965552884616 0.31058733173076924 0.2736382235576923 0.3126746730769231 0.2832974807692308 0.31570372836538463 0.28453914903846156 0.3257326177884616 0.27984656009615383 0.3358682908653846 0.2628726778846154 0.3350333533653846 0.25900897596153843 0.33200429807692305 0.2577673076923077
0 0.3647025576923077 0.2429993581730769 0.36250843749999995 0.24562139423076923 0.3659549615384616 0.24879491346153845 0.37420719711538464 0.2486562139423077 0.3825662139423077 0.23623621874999998 0.3839254014423077 0.22975047836538462 0.3818380625 0.22009122115384613 0.37880900240384613 0.21884955288461538 0.3631394663461539 0.22299065865384618 0.36094534615384616 0.22561269471153847 0.3647025576923077 0.2429993581730769
0 0.3824497764423077 0.2995745408653846 0.36280946634615385 0.3108915673076923 0.3571688149038461 0.3103400841346154 0.36050856009615384 0.32579489903846154 0.3635376201923077 0.32703656490384614 0.3647900240384615 0.3328321201923077 0.3712656057692308 0.3372473076923077 0.38515849038461536 0.3376600889423077 0.4008280264423077 0.33351898557692305 0.40302214663461544 0.33089694951923077 0.40438133413461536 0.32441120913461535 0.4018765288461538 0.31282010096153845 0.39843 0.3096465817307692 0.3824497764423077 0.2995745408653846
2 0.1432223798076923 0.3934296225961538 0.13538761298076923 0.39550017548076927 0.13611576682692308 0.4116451730769231 0.1399797596153846 0.4167505432692308 0.1490669326923077 0.4204755456730769 0.1621248798076923 0.41702462500000004 0.1651539375 0.41826629326923076 0.16473646875 0.41633443990384617 0.16912471153846154 0.4110903701923077 0.16787231009615383 0.40529481490384617 0.17006643028846155 0.4026727788461538 0.16797909134615382 0.3930135216346154 0.16495003365384614 0.3917718533653846 0.1432223798076923 0.3934296225961538
2 0.1808138173076923 0.46518221634615387 0.1882311201923077 0.46117981249999995 0.184891375 0.4457249975961538 0.1810273798076923 0.44061962740384614 0.1731926129807692 0.4426901802884616 0.1709984903846154 0.44531221634615387 0.163891875 0.4635277644230769 0.17036745913461537 0.4679429519230769 0.1808138173076923 0.46518221634615387
2 0.3593243076923077 0.5119461610576923 0.3536836586538462 0.5113946754807692 0.34062571394230773 0.5148455985576923 0.33884906009615384 0.5193994855769231 0.3401014639423077 0.5251950384615385 0.3461595769230769 0.527678375 0.36182911298076925 0.5235372692307693 0.3593243076923077 0.5119461610576923
2 0.3497032283653846 0.5696276274038461 0.35534387259615385 0.570179110576923 0.36934353846153845 0.5583106009615384 0.37331431490384615 0.5511346778846155 0.3698677908653846 0.54796115625 0.363809673076923 0.5454778221153846 0.35597490625000006 0.547548375 0.3471984206730769 0.5580365168269231 0.3454217668269231 0.56259040625 0.3497032283653846 0.5696276274038461
2 0.21315310096153844 0.6914862596153846 0.2070949855769231 0.6890029254807692 0.19664862980769232 0.6917636610576923 0.20207571153846154 0.7168777331730769 0.20552223798076924 0.7200512524038462 0.20813382692307694 0.7193610673076923 0.21346378605769228 0.7056994062499999 0.21315310096153844 0.6914862596153846