1 0.8907836850961538 0.8068873389423078 0.876604548076923 0.7798306682692308 0.8618813942307693 0.7948747355769231 0.8496704254807692 0.7918743605769231 0.8086351370192308 0.7046891682692308 0.8013965697115384 0.7137147211538462 0.8337171634615385 0.7918832451923077 0.8299488798076923 0.81894990625 0.7638956538461539 0.8159795096153846 0.8084272163461539 0.8971484038461538 0.8320850985576923 0.9181854495192308 0.8787147764423077 0.9031236177884616 0.8927258629807693 0.8550010360576923 0.8907836850961538 0.8068873389423078
1 0.6975964110576923 0.8100020769230769 0.685359454326923 0.8310591057692308 0.6771368004807693 0.8280565120192308 0.6736665168269231 0.8100153990384615 0.6609375192307693 0.8250583557692307 0.6367616057692308 0.8220646442307692 0.6255607115384615 0.8070350096153847 0.6163279855769231 0.8160616754807692 0.6548770745192307 0.8972338990384615 0.6867835985576923 0.8972161346153846 0.7035269038461538 0.8581135528846153 0.7068031442307692 0.8250328173076924 0.6975964110576923 0.8100020769230769
1 0.4351576394230769 0.7710549399038461 0.43395352403846155 0.7319623533653845 0.39035406490384617 0.7109364134615385 0.36891037499999996 0.7169626971153846 0.37060653125 0.7620693605769231 0.3917522211538461 0.8011508461538461 0.41792229326923075 0.8041434495192308 0.4351576394230769 0.7710549399038461
1 0.1734569326923077 0.7411289158653845 0.2011551057692308 0.7140489302884615 0.20292923317307693 0.6869833774038461 0.1453446826923077 0.6900226129807692 0.15403338701923078 0.7230966875 0.1734569326923077 0.7411289158653845
1 0.9479801538461538 0.7016044086538462 0.9596730889423076 0.7226481153846154 0.9791226225961539 0.7166229375 0.9754063197115385 0.6955747932692307 0.9479801538461538 0.7016044086538462
2 0.14370227403846153 0.13369638221153846 0.14121607451923077 0.12768341586538462 0.14023199278846155 0.11565526923076923 0.1307792355769231 0.09761749278846153 0.12231056009615385 0.09160785817307691 0.11034561538461539 0.09161451923076923 0.1066033221153846 0.09462377884615385 0.10832546634615385 0.1156730360576923 0.11578406490384616 0.13371192548076924 0.12026442307692307 0.13972377884615386 0.1242527403846154 0.13972155769230768 0.126000875 0.1367134110576923 0.14220015865384614 0.13971156490384615 0.14370227403846153 0.13369638221153846
2 0.4025027091346154 0.07942315384615384 0.4010265865384615 0.061380935096153846 0.3923118918269231 0.05236426442307692 0.3860833990384615 0.04936056009615385 0.3741184519230769 0.049367223557692304 0.3706221778846154 0.05538351682692307 0.3743124903846154 0.1004890673076923 0.37655267067307696 0.10349499278846154 0.4007285841346154 0.10648870673076923 0.4087052139423077 0.10648426682692308 0.4074751105769231 0.09144907932692307 0.4025027091346154 0.07942315384615384
2 0.5092031418269231 0.06733505048076924 0.5154316370192308 0.07033875721153846 0.5151856153846154 0.06733171634615384 0.5189279086538462 0.06432246153846154 0.5368013197115384 0.05529098798076923 0.5620613149038461 0.05527692307692308 0.5615692740384616 0.04926285096153846 0.5550947572115384 0.043252108173076925 0.5388954759615385 0.04025395432692307 0.5219581298076923 0.0282346875 0.4840691346153846 0.028255783653846154 0.48480719711538456 0.037276896634615385 0.4872933966346154 0.04328985817307692 0.4984942908653846 0.05831949278846154 0.5024826057692308 0.05831726923076923 0.5092031418269231 0.06733505048076924
2 0.6089370168269231 0.04322212740384616 0.6124332884615384 0.03720583413461538 0.6107560913461538 0.03166883413461538 0.5667048509615384 0.029384697115384613 0.5680697788461538 0.031216185096153846 0.5688078413461539 0.04023729807692308 0.5752823557692308 0.04624804326923077 0.5892414591346153 0.04624026923076923 0.5909895961538462 0.043232122596153846 0.6089370168269231 0.04322212740384616
2 0.9463238653846153 0.38885925721153847 0.9518142980769231 0.3828418533653846 0.9577967692307693 0.3828385240384616 0.9592988870192307 0.3768233389423077 0.9508302139423077 0.37081370913461537 0.934876951923077 0.37082259134615386 0.9331288149038461 0.3738307355769231 0.9423355504807692 0.38886147836538465 0.9463238653846153 0.38885925721153847
2 0.9024523966346153 0.38888368509615384 0.9109210697115385 0.39489331971153846 0.9169035432692307 0.39488998798076924 0.9186516802884616 0.39188183894230766 0.930616625 0.39187517788461534 0.9341128990384615 0.3858588846153846 0.9316266971153847 0.37984592067307693 0.9076968076923078 0.37985924278846156 0.9019603557692307 0.38286961298076927 0.9024523966346153 0.38888368509615384