1 0.6858856562500001 0.36890226442307694 0.7255192307692307 0.3762435985576923 0.774306608173077 0.36536909375 0.7884294759615386 0.3360999206730769 0.7725988245192308 0.3058566947115385 0.7316546802884616 0.2778230504807692 0.7053647019230769 0.28586885576923077 0.6811746682692307 0.3514816514423077 0.6858856562500001 0.36890226442307694
1 0.7258075985576924 0.59236265625 0.7318241105769231 0.5897100745192307 0.7344402043269231 0.5903291899038462 0.7367931754807693 0.5786567451923077 0.7278974447115385 0.5683986514423076 0.7200491634615385 0.5665413028846153 0.7128561658653846 0.5750301081730769 0.7108953557692307 0.5847571442307692 0.7179593149038461 0.5905053076923077 0.7258075985576924 0.59236265625
1 0.6718884759615384 0.8870344879807692 0.6871928774038462 0.8926945913461538 0.6954333221153846 0.8926065360576924 0.7022341586538462 0.8860631370192308 0.7041949663461539 0.8763360985576922 0.692683141826923 0.8654588870192307 0.6773787379807692 0.8597987836538461 0.6734571201923077 0.8792528581730769 0.6700567067307692 0.8825245576923078 0.6718884759615384 0.8870344879807692
1 0.6382164134615385 0.9588945048076922 0.6391348245192308 0.9815322211538462 0.6435826874999999 0.986661266826923 0.6510388076923077 0.9904640240384615 0.6588870913461539 0.9923213725961539 0.6701357908653847 0.9909070240384616 0.6791605576923078 0.9869281490384616 0.6822978485576924 0.9713648894230769 0.6707860288461538 0.9604876778846154 0.6629377475961539 0.958630329326923 0.6607138124999999 0.9560658028846153 0.64763334375 0.9529702235576922 0.6382164134615385 0.9588945048076922
1 0.7361227403846153 0.44601409375 0.7417470913461539 0.4453069206730769 0.742923576923077 0.4394706971153846 0.7336356826923077 0.43115800721153846 0.7231713100961539 0.4286815456730769 0.7171547980769231 0.4313341274038462 0.7182022451923077 0.43973487259615385 0.7256583677884615 0.44353762740384617 0.7361227403846153 0.44601409375
1 0.8838405889423077 0.3898459519230769 0.8746290480769231 0.38335719230769233 0.8625818293269231 0.3912617980769231 0.8507022836538461 0.3959143701923077 0.830510766826923 0.39656367788461544 0.8450665120192308 0.4057745048076923 0.8675426129807692 0.40736165384615386 0.8759852548076924 0.4039318942307692 0.8820127211538461 0.39891349759615385 0.8838405889423077 0.3898459519230769
1 0.8265312884615384 0.10198643028846154 0.8074764519230769 0.13557121875 0.7989981730769231 0.15223075 0.8276084158653846 0.15252614903846154 0.8376966009615384 0.15072301682692307 0.8457369951923077 0.1438635408653846 0.8518442884615385 0.13388060096153848 0.8499880264423076 0.12277532451923076 0.8455645144230769 0.11677764663461539 0.8372566875 0.10719269230769231 0.8265312884615384 0.10198643028846154
1 0.7998056442307693 0.18632348076923078 0.8066208701923077 0.18298552403846152 0.8019290384615385 0.1681620576923077 0.7924512644230769 0.16439449278846155 0.7801862355769231 0.1668259014423077 0.7721479639423077 0.1813026875 0.7998056442307693 0.18632348076923078
1 0.9552421346153845 0.13929104807692308 0.9690705817307692 0.1418033894230769 0.976642 0.13978579086538462 0.9898358533653846 0.13528935576923076 0.9938681129807693 0.1305284639423077 0.9987282812499999 0.11149013461538462 0.9920355913461538 0.11676281730769231 0.978598 0.12501099519230768 0.96337659375 0.12940874278846154 0.9497202788461538 0.13112770673076923 0.9552421346153845 0.13929104807692308
2 0.37307629567307693 0.9392168365384616 0.39024515625 0.9302843028846154 0.43427353125 0.9462539735576924 0.44175654567307693 0.9242796706730769 0.37704293509615383 0.9126050120192308 0.37307629567307693 0.9392168365384616
2 0.43892185576923076 0.9002162283653846 0.44252243269230773 0.9014311298076922 0.4505249254807693 0.8842493197115384 0.40748148076923074 0.8725035600961538 0.3982805552884615 0.8661661057692308 0.4006809759615385 0.8542582620192308 0.38761122836538464 0.8532441995192308 0.3886792307692308 0.86181490625 0.3841428725961539 0.88777215625 0.43892185576923076 0.9002162283653846
2 0.3938621153846154 0.8113849447115384 0.3891561778846154 0.8347298365384616 0.39478052884615383 0.8340226586538461 0.3951726899038462 0.8320772524038461 0.40419745673076923 0.8280983798076923 0.41099829086538464 0.8215549831730768 0.4133512620192308 0.8098825360576923 0.41112732932692303 0.8073180120192307 0.40327904567307693 0.8054606610576923 0.3938621153846154 0.8113849447115384
2 0.41125636778846153 0.7930810432692308 0.4142646225961538 0.7917547500000001 0.4174019158653846 0.7761914903846154 0.4204101730769231 0.7748651995192308 0.4155701466346154 0.7716815600961537 0.4077218629807692 0.7698242115384615 0.4043214471153846 0.7730959110576923 0.4007919903846154 0.7906045793269231 0.41125636778846153 0.7930810432692308
2 0.48200479807692304 0.6732637163461538 0.47271690384615384 0.6649510288461538 0.4667003966346154 0.6676036129807692 0.4655239110576923 0.6734398341346155 0.4748118004807692 0.6817525216346154 0.48043615144230767 0.6810453461538462 0.48200479807692304 0.6732637163461538
2 0.49233508653846153 0.6492116490384615 0.49691199038461537 0.6401037307692307 0.492464125 0.6349746802884616 0.49285628605769227 0.6330292764423077 0.4823919110576923 0.6305528100961539 0.47925461778846157 0.6461160697115385 0.48671073798076925 0.649918826923077 0.49233508653846153 0.6492116490384615
2 0.4944148365384615 0.5437166466346154 0.501478795673077 0.5494648100961539 0.5097192355769231 0.54937675 0.5131196538461539 0.5461050528846154 0.5108957211538462 0.5435405264423077 0.5124643677884616 0.5357588990384615 0.5080165024038462 0.5306298509615385 0.5001682235576923 0.5287725 0.49415171153846155 0.5314250841346154 0.4944148365384615 0.5437166466346154
2 0.4687548966346154 0.3582811081730769 0.4709788317307692 0.3608456346153846 0.4686258605769231 0.3725180769230769 0.4804008076923077 0.39568685096153844 0.489425576923077 0.3917079783653846 0.49321815384615386 0.38649087259615383 0.4955711225961539 0.3748184254807692 0.4879809158653846 0.3444871394230769 0.4861491466346154 0.3399772091346154 0.4756847692307692 0.33750074278846154 0.4726765120192308 0.33882703365384614 0.4687548966346154 0.3582811081730769
2 0.5050082475961538 0.5319561418269231 0.5132486923076923 0.5318680841346154 0.5200495288461539 0.5253246850961538 0.5208338509615384 0.5214338701923077 0.5145542163461538 0.5117948942307693 0.5119381201923077 0.5111757764423077 0.504745125 0.5196645817307692 0.5031764783653846 0.5274462091346154 0.5050082475961538 0.5319561418269231
0 0.5602420552884616 0.3714491105769231 0.5546770360576923 0.3727593701923077 0.5465201875 0.38035969230769234 0.5573514134615385 0.3898406778846154 0.5662063485576924 0.37910365144230773 0.5602420552884616 0.3714491105769231
0 0.6953259735576923 0.4504392548076923 0.689002875 0.4489428509615384 0.6821311610576923 0.4545461610576923 0.6953776418269231 0.4620530048076923 0.7023232091346153 0.4507805480769231 0.6953259735576923 0.4504392548076923
0 0.7063599687500001 0.1855633125 0.6959894399038462 0.19099694951923077 0.6931874254807693 0.20051879567307693 0.7011113052884616 0.21816778125 0.7073705552884615 0.20683277884615384 0.7225038918269231 0.19682132692307694 0.7063599687500001 0.1855633125
0 0.7177106586538462 0.11628422596153845 0.7278456466346154 0.11638363221153845 0.7335154543269231 0.10359448557692308 0.7352225360576923 0.095126125 0.7173673485576924 0.08916197836538461 0.71357896875 0.10610593028846155 0.7177106586538462 0.11628422596153845
0 0.6656935649038461 0.14209273076923076 0.6779185745192307 0.14498586298076924 0.6859487524038462 0.13801390624999998 0.6808899831730769 0.1302455096153846 0.6634390625000001 0.1313721875 0.664978608173077 0.13469398076923078 0.6656935649038461 0.14209273076923076