1 0.6953570384615385 0.6634450264423077 0.6555774062499999 0.6579370216346153 0.6463014326923078 0.6731941634615384 0.6513179254807693 0.7439548870192307 0.6741554254807693 0.7600274879807691 0.7208702884615386 0.7460542091346153 0.7442647043269232 0.7219932331730768 0.7388522788461539 0.6893711225961539 0.6953570384615385 0.6634450264423077
1 0.7504298774038461 0.4794309831730769 0.7617246322115385 0.47238791586538464 0.762690516826923 0.4604181033653846 0.7600278100961538 0.46018390144230764 0.7550243581730769 0.45572555769230766 0.747036235576923 0.4550229519230769 0.7387261490384615 0.4583102836538462 0.7379212451923076 0.46828512740384615 0.7424417548076924 0.478728375 0.7504298774038461 0.4794309831730769
1 0.8124721514423077 0.17581576923076922 0.8132770552884616 0.16584092548076923 0.8085955649038462 0.15739264423076924 0.8007684230769231 0.15469506971153846 0.7846311971153846 0.15528482451923079 0.7816465288461539 0.15904055769230768 0.7839872716346155 0.16326469951923078 0.7823774591346153 0.18321438701923076 0.7985146875000001 0.18262463221153846 0.8124721514423077 0.17581576923076922
1 0.7793934350961538 0.054034201923076924 0.7722972307692307 0.07551045432692308 0.7796414278846153 0.0841929375 0.7929549639423077 0.08536394951923078 0.7957786538461539 0.0836031826923077 0.8037667764423078 0.08430578846153845 0.8177242379807693 0.07749692548076922 0.8190120889423077 0.06153717548076923 0.8115069086538462 0.05484965865384615 0.8011780384615383 0.04992291346153846 0.7931899158653846 0.04922030769230769 0.7850408125 0.050512668269230766 0.7793934350961538 0.054034201923076924
1 0.7297982187500001 0.6021822475961538 0.7246337836538461 0.5997188725961539 0.713982954326923 0.5987820625 0.7058338509615385 0.600074423076923 0.7025272163461539 0.6078200985576923 0.707530670673077 0.6122784399038461 0.7181815 0.61321525 0.7293152764423076 0.6081671538461538 0.7297982187500001 0.6021822475961538
1 0.800975264423077 0.6771971033653846 0.8200349278846153 0.6842238317307692 0.8300749471153845 0.69246434375 0.8393810144230769 0.7038850432692307 0.8499408028846154 0.7005665456730769 0.8506911346153847 0.6912679951923076 0.8463274014423077 0.6845313125 0.839225954326923 0.6785563870192307 0.8173749759615384 0.6729557403846154 0.800975264423077 0.6771971033653846
1 0.7442919350961539 0.9466362548076923 0.7491124350961538 0.9365464807692307 0.7460369711538462 0.9250107908653846 0.7402613125 0.9158655432692308 0.7311450024038462 0.9109329375 0.703804516826923 0.9021451634615385 0.7073041899038461 0.9208525793269231 0.7162297115384615 0.9591882427884616 0.7278794254807692 0.9575829615384616 0.7384290480769231 0.9510007475961538 0.7442919350961539 0.9466362548076923
1 0.7195191274038462 0.8749897067307693 0.7139430240384615 0.8696190817307692 0.6862115168269232 0.8656770889423077 0.6898918076923077 0.8821461490384616 0.7009095120192307 0.8883731153846154 0.7109751418269231 0.8877556249999999 0.7195191274038462 0.8749897067307693
2 0.5745104519230769 0.02299828846153846 0.5281723461538461 0.02439341105769231 0.5142689567307692 0.010360317307692306 0.5107349975961538 0.03720686538461539 0.5756012788461539 0.04650057932692308 0.5745104519230769 0.02299828846153846
2 0.5182077355769231 0.0885946298076923 0.5287158293269231 0.0854182548076923 0.5729547211538462 0.08777236778846155 0.5700518990384615 0.06871361298076922 0.5662874663461538 0.06874013221153846 0.510675264423077 0.06333635336538462 0.5078640024038461 0.08973414423076922 0.5044910769230769 0.09763672596153847 0.5172223701923077 0.10080583653846155 0.5182077355769231 0.0885946298076923
2 0.5133837019230769 0.12707508413461538 0.5058785240384616 0.12038757211538462 0.5060395048076923 0.11839260336538461 0.5008750697115384 0.11592922836538462 0.4989432956730769 0.13986885576923075 0.5062874927884615 0.14855133653846153 0.5142756177884615 0.14925394471153847 0.5170993076923077 0.14749317788461538 0.5180651947115384 0.13552336538461537 0.5133837019230769 0.12707508413461538
2 0.512987766826923 0.1652136971153846 0.5104860408653846 0.16298452403846156 0.4998352115384615 0.16204771634615384 0.49838638221153847 0.18000243509615382 0.5007271274038462 0.18422657692307692 0.50871525 0.18492918269230768 0.5142016466346153 0.18340262019230769 0.5116999182692308 0.18117344711538463 0.512987766826923 0.1652136971153846
2 0.5338325649038461 0.3056769759615384 0.5449663413461538 0.3006288822115385 0.5456102644230769 0.2926490048076923 0.5404458293269231 0.2901856322115385 0.5293120576923077 0.29523373076923076 0.5288291105769231 0.30121863701923074 0.5338325649038461 0.3056769759615384
2 0.5348854615384615 0.3258608701923077 0.5335976129807692 0.34182062019230763 0.5442484423076923 0.3427574302884615 0.5444094230769231 0.3407624615384615 0.5500568028846154 0.3372409278846154 0.548199 0.32703188221153845 0.5430345673076923 0.32456850721153846 0.5348854615384615 0.3258608701923077
2 0.5368433125000001 0.43452599759615385 0.5396670024038461 0.4327652331730769 0.5373262572115385 0.4285410913461538 0.5294991129807692 0.42584351682692306 0.5211890288461538 0.4291308485576923 0.5175604350961538 0.4408664591346154 0.5225638870192307 0.4453248028846154 0.5305520096153846 0.44602740865384616 0.5361993870192308 0.44250587740384617 0.5368433125000001 0.43452599759615385
2 0.44417060576923073 0.6192511466346153 0.4466723341346154 0.6214803197115385 0.4573231610576923 0.6224171274038461 0.46030783413461535 0.618661391826923 0.47587510576923076 0.5919028389423077 0.4768409927884615 0.5799330240384616 0.4746612283653846 0.5737139158653846 0.46715605048076925 0.5670264038461539 0.44956999519230767 0.5855708774038462 0.4486041081730769 0.5975406899038462 0.4457804158653846 0.5993014591346154 0.44417060576923073 0.6192511466346153
2 0.5358774254807692 0.44649581490384616 0.5280502836538461 0.4437982355769231 0.5250656153846154 0.4475539711538462 0.5244216899038462 0.4555338485576923 0.5289421995192307 0.4659770961538462 0.5316049086538461 0.46621130048076925 0.5402369543269231 0.45893403125000004 0.5405589182692307 0.4549440913461539 0.5358774254807692 0.44649581490384616
0 0.5259412451923077 0.6027296610576923 0.5316242620192309 0.612624204326923 0.5365664302884615 0.6156486658653846 0.5443526730769231 0.6101795552884616 0.5388665432692308 0.5970475432692308 0.5259412451923077 0.6027296610576923
0 0.6755363461538462 0.574395 0.6805437163461538 0.5819618076923077 0.6869794807692308 0.582527875 0.693740108173077 0.5844184038461538 0.6902203293269231 0.5713769711538462 0.6755363461538462 0.574395
0 0.6163132115384615 0.8322069495192307 0.6247008197115385 0.8407200168269231 0.6431763100961538 0.8350137451923078 0.6315088365384616 0.820588641826923 0.6286601586538462 0.8077046826923078 0.6162602451923077 0.8221626754807693 0.6163132115384615 0.8322069495192307
0 0.6261604206730769 0.9140529951923076 0.6164766754807692 0.9109349519230769 0.6097429375 0.9194118798076923 0.608696 0.9369056947115385 0.6273471225961539 0.9368323942307692 0.6280478725961539 0.9281482956730769 0.6261604206730769 0.9140529951923076
0 0.5864511298076923 0.8707192932692307 0.5740082980769231 0.8696248677884615 0.5712938197115385 0.8765124903846153 0.56891409375 0.8792184206730769 0.5852313774038461 0.885835173076923 0.5921861442307692 0.8799694591346154 0.5864511298076923 0.8707192932692307