1 0.1375 0.3956834543269231 0.14 0.3956834543269231 0.145 0.4028776971153846 0.15 0.39928057451923077 0.1525 0.36690647596153847 0.1575 0.35251798557692304 0.185 0.33812949759615385 0.20500000000000002 0.35611510817307696 0.20500000000000002 0.3884892091346154 0.20249999999999999 0.39208633173076923 0.20249999999999999 0.39928057451923077 0.20500000000000002 0.39928057451923077 0.21250000000000002 0.3848920865384615 0.21250000000000002 0.36690647596153847 0.215 0.36330935336538467 0.21250000000000002 0.35251798557692304 0.195 0.3093525168269231 0.1875 0.3093525168269231 0.185 0.3057553966346154 0.1675 0.3057553966346154 0.16 0.3093525168269231 0.15 0.3165467620192307 0.145 0.3237410072115384 0.1375 0.3453237403846154 0.1375 0.35611510817307696 0.13499999999999998 0.35971223076923076 0.13499999999999998 0.3848920865384615 0.1375 0.3956834543269231
0 0.22499999999999998 0.5899280576923077 0.23 0.5899280576923077 0.2425 0.6079136682692308 0.245 0.6079136682692308 0.2525 0.6223021586538462 0.2625 0.6151079134615385 0.26999999999999996 0.5935251802884616 0.26999999999999996 0.5827338125 0.2675 0.5755395673076923 0.26 0.5683453245192308 0.26 0.564748201923077 0.255 0.5575539567307692 0.2475 0.5575539567307692 0.2375 0.5503597115384615 0.2225 0.5323741009615385 0.2075 0.5323741009615385 0.20249999999999999 0.5359712235576923 0.21250000000000002 0.5719424471153846 0.2175 0.5755395673076923 0.22499999999999998 0.5899280576923077
0 0.26999999999999996 0.5719424471153846 0.27749999999999997 0.5827338125 0.28 0.5827338125 0.29 0.5611510793269231 0.295 0.54316546875 0.295 0.5287769783653846 0.2875 0.517985610576923 0.275 0.517985610576923 0.2675 0.5287769783653846 0.26 0.5503597115384615 0.26 0.5611510793269231 0.2675 0.5719424471153846 0.26999999999999996 0.5719424471153846
3 0.29 0.6366906466346154 0.2975 0.6258992812499999 0.34249999999999997 0.6258992812499999 0.35500000000000004 0.6330935240384614 0.375 0.6294964038461538 0.39499999999999996 0.6402877692307692 0.40499999999999997 0.6546762596153847 0.40750000000000003 0.6798561153846154 0.42 0.6402877692307692 0.43 0.4964028774038462 0.41750000000000004 0.3884892091346154 0.40750000000000003 0.3884892091346154 0.40249999999999997 0.3956834543269231 0.385 0.39208633173076923 0.365 0.4100719423076923 0.3525 0.4100719423076923 0.34500000000000003 0.3956834543269231 0.31 0.4064748197115385 0.3075 0.4100719423076923 0.32499999999999996 0.4352517980769231 0.3375 0.4352517980769231 0.335 0.4496402884615385 0.34500000000000003 0.4496402884615385 0.36 0.48561150961538463 0.35500000000000004 0.5 0.34750000000000003 0.5 0.33999999999999997 0.5107913677884615 0.32 0.517985610576923 0.3075 0.5107913677884615 0.29 0.5287769783653846 0.29250000000000004 0.5575539567307692 0.28500000000000003 0.5827338125 0.2825 0.6366906466346154 0.29 0.6366906466346154
0 0.39 0.4496402884615385 0.3975 0.4496402884615385 0.41000000000000003 0.4388489206730769 0.41750000000000004 0.4388489206730769 0.4225 0.4424460432692308 0.42500000000000004 0.4388489206730769 0.435 0.39928057451923077 0.435 0.39208633173076923 0.42500000000000004 0.3848920865384615 0.41000000000000003 0.3848920865384615 0.40249999999999997 0.3956834543269231 0.39499999999999996 0.39928057451923077 0.38749999999999996 0.41366906490384614 0.385 0.42446043269230765 0.385 0.4424460432692308 0.38749999999999996 0.45323741105769233 0.39 0.4496402884615385
0 0.5075000000000001 0.2697841730769231 0.505 0.23381294951923076 0.5 0.23021582692307693 0.4925 0.24460431730769233 0.49 0.2697841730769231 0.4975 0.29136690625 0.505 0.2805755384615385 0.5075000000000001 0.2697841730769231
0 0.5549999999999999 0.5611510793269231 0.5575 0.5575539567307692 0.5675 0.5575539567307692 0.5700000000000001 0.5467625889423077 0.5700000000000001 0.5323741009615385 0.5725 0.5287769783653846 0.5725 0.5143884903846154 0.5625 0.5143884903846154 0.5549999999999999 0.4964028774038462 0.55 0.5035971225961539 0.5475 0.5143884903846154 0.5475 0.5359712235576923 0.545 0.5395683461538462 0.545 0.5539568341346154 0.5549999999999999 0.5611510793269231
0 0.6575 0.6294964038461538 0.6675 0.6294964038461538 0.6725 0.6115107908653846 0.6725 0.6007194254807693 0.675 0.5971223028846153 0.6499999999999999 0.5827338125 0.6325000000000001 0.5575539567307692 0.62 0.5539568341346154 0.6125 0.5611510793269231 0.605 0.5611510793269231 0.6024999999999999 0.564748201923077 0.6024999999999999 0.5719424471153846 0.6224999999999999 0.6043165456730769 0.6575 0.6294964038461538
0 0.8724999999999999 0.726618704326923 0.8775000000000001 0.7194244615384615 0.88 0.7086330937499999 0.88 0.6690647475961539 0.8775000000000001 0.665467625 0.86 0.6690647475961539 0.86 0.6726618701923077 0.8524999999999999 0.6834532379807693 0.8500000000000001 0.6942446033653845 0.8500000000000001 0.7050359711538461 0.8475 0.7086330937499999 0.8475 0.726618704326923 0.8724999999999999 0.726618704326923
3 0.6775 0.8812949639423077 0.6775 0.834532375 0.7 0.8237410072115385 0.7225 0.8884892091346154 0.7424999999999999 0.8848920865384616 0.76 0.8705035961538462 0.8049999999999999 0.8705035961538462 0.8049999999999999 0.7589928052884616 0.7925 0.6906474831730769 0.7875000000000001 0.6834532379807693 0.7625 0.7014388485576923 0.7474999999999999 0.6942446033653845 0.7474999999999999 0.687050360576923 0.735 0.687050360576923 0.67 0.6510791370192308 0.6625000000000001 0.6510791370192308 0.6525 0.6762589927884615 0.6575 0.812949639423077 0.6525 0.9136690649038461 0.66 0.9136690649038461 0.6775 0.8812949639423077
3 0.105 0.6618705024038462 0.15 0.6582733822115384 0.1525 0.6546762596153847 0.185 0.6582733822115384 0.21250000000000002 0.6402877692307692 0.215 0.6223021586538462 0.2225 0.6115107908653846 0.22 0.5899280576923077 0.19 0.6079136682692308 0.175 0.5935251802884616 0.165 0.5935251802884616 0.11249999999999999 0.5467625889423077 0.105 0.5323741009615385 0.10250000000000001 0.5143884903846154 0.095 0.5035971225961539 0.095 0.5359712235576923 0.0925 0.5395683461538462 0.095 0.6582733822115384 0.105 0.6618705024038462
3 0.1275 0.45683453124999995 0.13499999999999998 0.46043165384615387 0.16 0.5107913677884615 0.1675 0.5143884903846154 0.175 0.5251798557692308 0.185 0.5251798557692308 0.1875 0.5287769783653846 0.22 0.5359712235576923 0.22499999999999998 0.5287769783653846 0.22499999999999998 0.517985610576923 0.2175 0.5 0.20249999999999999 0.48561150961538463 0.185 0.48561150961538463 0.175 0.46402877644230767 0.175 0.45323741105769233 0.17250000000000001 0.4496402884615385 0.155 0.4388489206730769 0.15 0.4316546754807692 0.1375 0.4316546754807692 0.13499999999999998 0.4352517980769231 0.1225 0.4352517980769231 0.1225 0.4460431658653846 0.1275 0.45683453124999995
1 0.3300825 0.36213309375 0.33349 0.34171582692307695 0.3371825 0.33355036057692306 0.3397375 0.31191007211538463 0.35138 0.29843525240384616 0.36302249999999997 0.2939424471153846 0.37069 0.29475899278846157 0.38148000000000004 0.3017014399038462 0.385455 0.3208920865384615 0.39085000000000003 0.3400827331730769 0.3874425 0.36539928125 0.39425750000000004 0.3715215817307692 0.3982325 0.3494748197115385 0.39738 0.31680935336538457 0.38261500000000004 0.29189928125 0.37211000000000005 0.2800611514423077 0.3550725 0.2800611514423077 0.34485000000000005 0.2878165456730769 0.3332075 0.2992517980769231 0.32724499999999995 0.3090503605769231 0.31929250000000003 0.32456474759615384 0.3184425 0.3380395673076923 0.3178725 0.36458273317307693 0.3232675 0.3833633100961539 0.3371825 0.3943884903846154 0.34059 0.3919388485576923 0.3343425 0.38173021634615384 0.3300825 0.36213309375
1 0.6764349999999999 0.5650179855769231 0.68098 0.547050360576923 0.6906325 0.5307194254807692 0.7051149999999999 0.5237769783653846 0.7184625 0.5213273389423076 0.72698 0.5294928052884615 0.7357824999999999 0.5401115096153846 0.740895 0.54786690625 0.7465725 0.5613417259615384 0.7505474999999999 0.5846187043269231 0.75566 0.5801258990384615 0.7528199999999999 0.5503201442307692 0.743165 0.5282697836538461 0.7292525 0.516017985576923 0.70398 0.5123453245192308 0.6946100000000001 0.51683453125 0.68325 0.5270431658653846 0.6758675000000001 0.5368453245192307 0.6707575 0.5462338124999999 0.669085 0.5655 0.6710400000000001 0.5670611514423076 0.6733125 0.5699172668269231 0.6764349999999999 0.5650179855769231