1 0.912200125 0.3322769014423077 0.9192254975961538 0.35455325721153846 0.9315185408653845 0.3329263774038462 0.9536779783653846 0.3376526394230769 0.9477187451923077 0.37889345913461536 0.9310632331730768 0.40537302644230766 0.9547996249999999 0.376274875 0.9761389759615385 0.35561231971153845 0.9739238173076923 0.3889778149038462 0.9743260096153846 0.38940501442307696 0.9888185408653847 0.38494641105769234 0.986863298076923 0.3579246322115385 0.9899609086538461 0.31516454807692307 0.9809885504807692 0.3002922548076923 0.9566678750000001 0.28682096634615384 0.9341227427884615 0.3062081225961539 0.9228626418269231 0.3250585985576923 0.912200125 0.3322769014423077
1 0.5823983052884615 0.07142542548076923 0.5520110625 0.07390806971153846 0.5323305048076923 0.09847938221153846 0.5198654254807692 0.1468177860576923 0.508951201923077 0.16022707692307694 0.5045967740384616 0.16873932451923077 0.5263954326923077 0.18513567788461538 0.5493957427884616 0.18559450961538462 0.574015389423077 0.17786509374999998 0.6013108677884615 0.1602784014423077 0.6033343221153846 0.09465264423076923 0.5823983052884615 0.07142542548076923
1 0.28601120192307694 0.21919372355769232 0.2792852427884615 0.23724922115384617 0.3033284951923077 0.23859150480769228 0.32556837740384614 0.25029056009615386 0.32658209374999997 0.25007493028846156 0.3261359567307692 0.2511070432692308 0.33762266826923076 0.24217941586538463 0.33988784855769233 0.21101387980769232 0.32451264182692313 0.19410079567307692 0.3083346370192308 0.19354889663461539 0.28601120192307694 0.21919372355769232
1 0.15687544951923077 0.10322075240384615 0.132320125 0.07616705288461538 0.10445490144230771 0.07572463221153845 0.08759691586538462 0.09338575961538462 0.07830578846153848 0.13303502403846154 0.10702738221153846 0.13653208653846155 0.121624875 0.12293539663461539 0.14433092548076923 0.1618048966346154 0.1307353798076923 0.18140924278846154 0.1480999423076923 0.18579730769230768 0.15926800961538462 0.13909859615384615 0.15687544951923077 0.10322075240384615
0 0.20264776201923076 0.27143825721153847 0.18758215625 0.27141815384615386 0.1668068389423077 0.2756813173076923 0.17107280769230768 0.3008477740384615 0.20027545432692306 0.29452925 0.20264776201923076 0.27143825721153847
0 0.19539978365384617 0.3487446105769231 0.19655395673076922 0.3306044639423077 0.1714895360576923 0.32581529807692305 0.16430016346153845 0.3339100336538462 0.1655053629807692 0.3351883846153846 0.16576827644230768 0.36708812740384617 0.19539978365384617 0.3487446105769231
0 0.2992319254807692 0.28902384134615383 0.3021518173076923 0.31192025240384613 0.3225337644230769 0.2973417139423077 0.33887657211538463 0.2982858461538461 0.3416090745192308 0.26352772115384615 0.32894404326923077 0.2587339591346154 0.31592980769230766 0.2729317908653846 0.2992319254807692 0.28902384134615383
3 0 0.4537145120192308 0.061117425480769226 0.46791357211538465 0.07578744230769231 0.45050497115384613 0.08725903125 0.32844826442307695 0.062418326923076924 0.31738491826923076 0.03367854086538462 0.2549801466346154 0.04347598798076923 0.21781700240384616 0.05325238221153846 0.18964312500000002 0.07691646634615384 0.1888981466346154 0.08965800721153847 0.18125313942307694 0.05771869951923077 0.16703082692307694 0.04641117307692308 0.18017236298076922 0 0.41514509855769227 0 0.4537145120192308
3 0.30710753365384613 0.35313856490384615 0.2591099639423077 0.3402522331730769 0.2503599639423077 0.34901119471153846 0.20744067788461537 0.5325426778846154 0.23679151682692307 0.5278759831730769 0.26077649278846154 0.49174401201923074 0.27238237259615383 0.5431652139423077 0.30165438701923075 0.42161348798076925 0.30710753365384613 0.35313856490384615
3 0.6010219014423077 0.31314563461538464 0.57762778125 0.35517910096153843 0.5192035288461538 0.4359479543269231 0.508967389423077 0.40958597836538463 0.48233162259615386 0.42893328125 0.4678701634615384 0.5145893076923077 0.47567002403846154 0.5532858004807693 0.49184605769230766 0.5175911995192307 0.5111826658653846 0.5849577860576923 0.6085689014423077 0.5183872211538462 0.6085660625 0.3671404591346154 0.6115160841346154 0.26868319951923075 0.5898891586538462 0.22001624759615385 0.5606145769230769 0.2527234831730769 0.5231620985576924 0.33393827644230767 0.5286590504807692 0.22792202884615384 0.5199798125 0.23299045913461539 0.4880988653846154 0.3446394879807692 0.5246885192307692 0.3442106899038461 0.5635941177884616 0.2769615048076923 0.5847442836538461 0.2605072644230769 0.6010309807692308 0.27401177403846155 0.6010219014423077 0.31314563461538464
2 0.47806573798076923 0.9851766538461538 0.5221251514423076 0.9838711899038461 0.5227312019230769 0.9800785 0.5102687211538461 0.9444935841346154 0.5229928245192308 0.9301496298076923 0.47703794230769236 0.92864265625 0.46615580048076927 0.9822653629807692 0.47806573798076923 0.9851766538461538
2 0.38641994711538463 0.9297601514423076 0.4080410480769231 0.9307517932692307 0.4102247956730769 0.8990785769230769 0.4124183028846154 0.8923889759615384 0.38474924278846157 0.8734129110576923 0.36431772596153844 0.8914418197115384 0.3439812115384615 0.91781109375 0.33964788701923077 0.9294465625 0.35831003125 0.9365771634615385 0.38641994711538463 0.9297601514423076
2 0.19659925721153845 0.7696436706730769 0.16422805048076924 0.787516795673077 0.15092361538461538 0.8176373701923076 0.15542519951923076 0.8340468653846155 0.19812529807692308 0.8432518581730769 0.21739501923076923 0.8280077475961539 0.202424375 0.8018912235576923 0.19659925721153845 0.7696436706730769
2 0.05811868269230769 0.7704694302884616 0.044643509615384616 0.7705132596153846 0.03917039182692307 0.7845870384615385 0.04970568269230769 0.8016966033653846 0.09548777163461539 0.7949095264423077 0.06895986298076923 0.7576241418269232 0.05811868269230769 0.7704694302884616