1 0.6911618317307693 0.4610033653846154 0.6851778942307691 0.4610604735576923 0.6829322572115385 0.46374868509615386 0.6839229278846154 0.4744063629807692 0.6871592355769232 0.4823758269230769 0.6928921802884616 0.4849878990384615 0.7011217548076923 0.4822425769230769 0.70561303125 0.47686614903846153 0.7068680024038462 0.46352025721153844 0.7033806971153846 0.45821997115384616 0.6934074711538462 0.4583151490384615 0.6911618317307693 0.4610033653846154
1 0.6018781658653846 0.4991903966346154 0.6091037668269231 0.5071217908653846 0.6173333413461539 0.5043764711538462 0.6240702596153846 0.49631182692307696 0.6250742355769231 0.48563511538461535 0.61385934375 0.47774179567307695 0.6038861177884616 0.4778369735576923 0.6016404759615385 0.4805251850961539 0.6003855072115385 0.4938710793269231 0.6018781658653846 0.4991903966346154
1 0.5103355576923077 0.5614000408653846 0.5153155192307692 0.5720196466346154 0.5150645264423077 0.5746888245192308 0.5270323990384616 0.5745746129807693 0.5315236754807692 0.5691981826923077 0.53227665625 0.5611906466346154 0.5347732884615385 0.5558332524038462 0.5295423341346154 0.5478828269230769 0.5133341778846154 0.5507042932692308 0.5110885384615385 0.5533925072115384 0.5103355576923077 0.5614000408653846
1 0.43883253365384617 0.4740785841346154 0.44681111778846155 0.47400243990384616 0.44905675480769236 0.4713142259615385 0.45155338942307693 0.46595683173076924 0.4528083557692308 0.45261093990384615 0.4510647043269231 0.44996079567307695 0.4351075408653846 0.4501130817307692 0.43235991346153846 0.45813965624999997 0.43509423798076924 0.47144747596153846 0.43883253365384617 0.4740785841346154
1 0.22339752644230768 0.4974688365384615 0.2218915625 0.5134839062500001 0.22338421875 0.5188032259615385 0.22687152163461538 0.5241035120192308 0.23883939423076922 0.523989295673077 0.2478219519230769 0.5132364423076923 0.24882592788461538 0.5025597259615384 0.245338625 0.4972594423076923 0.23337075240384617 0.49737365625 0.23162710096153846 0.49472351201923076 0.22339752644230768 0.4974688365384615
1 0.3181498341346154 0.48589743990384615 0.3231297956730769 0.4965170480769231 0.32686809134615386 0.49914815625000003 0.33484667548076924 0.4990720096153846 0.3393379543269231 0.4936955817307692 0.3418345841346154 0.48833818990384614 0.3428385600961539 0.47766147355769234 0.3410949086538461 0.4750113341346154 0.32339409375000006 0.4725134783653846 0.31890281490384614 0.4778899038461538 0.3181498341346154 0.48589743990384615
3 0.20897293269230768 0.4389372668269231 0.21071658413461541 0.44158740865384616 0.20845763942307693 0.4656100144230769 0.22664713942307693 0.48410390625 0.2326310745192308 0.48404680048076926 0.24111164423076922 0.4786322980769231 0.24335728365384618 0.47594408413461536 0.2438592716346154 0.4706057283653846 0.23837732211538462 0.4653244783653846 0.23887931009615387 0.45998612259615385 0.23564300000000002 0.45201665625 0.24140255048076925 0.41195994471153846 0.24389918509615385 0.4066025504807692 0.24490315865384618 0.3959258389423077 0.24989642548076924 0.3852110552884615 0.2484037692307692 0.3798917307692308 0.2304519591346154 0.38006305528846157 0.22820631971153846 0.3827512692307692 0.21823309375 0.38284644711538457 0.21598745432692307 0.3855346634615385 0.20972591346153846 0.4309297307692308 0.20897293269230768 0.4389372668269231
2 0.26146874759615385 0.2197600625 0.25298817788461536 0.2251745625 0.24500959615384615 0.22525070673076925 0.24276395673076923 0.22793892067307692 0.24251296394230767 0.23060809615384617 0.24625126201923075 0.23323920432692308 0.2602137788461538 0.23310595673076923 0.2619574302884615 0.23575609615384613 0.2681923605769231 0.23302981250000002 0.27068899278846154 0.22767241826923076 0.2691963341346154 0.22235309615384613 0.2654580384615385 0.21972199038461537 0.26146874759615385 0.2197600625
2 0.24251296394230767 0.23060809615384617 0.23877466826923077 0.22797699038461536 0.22880143990384616 0.22807216826923077 0.22655580048076923 0.23076038221153847 0.22555182692307693 0.2414370985576923 0.23552505048076922 0.24134192067307694 0.24226196875 0.2332772764423077 0.24251296394230767 0.23060809615384617
2 0.33829400961538464 0.24821482692307692 0.33784425961538467 0.2553500985576923 0.34844431490384614 0.2592277764423077 0.351954625 0.2540260504807692 0.36412478846153845 0.24737362019230769 0.3601561009615385 0.24236060817307692 0.33829400961538464 0.24821482692307692
2 0.5393234302884615 0.2181830889423077 0.5202357427884615 0.2214480552884615 0.51941090625 0.2283335576923077 0.5296994110576922 0.22444054086538462 0.5379456802884616 0.22531121634615386 0.542712608173077 0.22170823317307692 0.5393234302884615 0.2181830889423077
2 0.5085302307692308 0.22345584855769232 0.5017233076923077 0.22423284134615384 0.49753069951923073 0.22925173557692308 0.4991243004807692 0.23303135817307694 0.5103437427884615 0.23282294951923077 0.5085302307692308 0.22345584855769232
2 0.4728088100961539 0.23589061298076922 0.47168475240384616 0.22523154326923076 0.4551665721153846 0.2294213581730769 0.4584210360576923 0.23626526682692306 0.4728088100961539 0.23589061298076922
2 0.44916028124999996 0.22734258653846154 0.42878432211538464 0.23299061057692308 0.4296474831730769 0.23701455048076922 0.4384243269230769 0.23788016346153845 0.4483121754807692 0.23636173798076923 0.44916028124999996 0.22734258653846154
0 0.43008242307692307 0.3787685889423077 0.4361576899038461 0.3873829879807692 0.44119667788461536 0.39411119471153844 0.4480957908653846 0.3810367860576923 0.4372871442307692 0.3646058846153846 0.4299371826923077 0.3673854783653846 0.43008242307692307 0.3787685889423077
0 0.42412384375 0.38614310817307695 0.4309527956730769 0.4008145793269231 0.44010744711538463 0.3927668653846154 0.42782620432692303 0.38123022836538467 0.42412384375 0.38614310817307695
0 0.5254298269230769 0.4288555432692308 0.521446 0.43892333173076925 0.5198650913461539 0.45357372836538457 0.5304801418269232 0.4569952427884615 0.5319512836538461 0.45643984615384614 0.5325125048076923 0.45047156250000003 0.5312486274038462 0.4445206995192308 0.5294555336538461 0.43559342067307694 0.5330341947115385 0.4255321610576923 0.5254298269230769 0.4288555432692308
0 0.49166174519230765 0.4595337980769231 0.49576521394230766 0.4611213725961539 0.49708349519230766 0.46219150721153845 0.4992439663461538 0.45214378365384617 0.4973467235576923 0.4443028798076923 0.49808925240384616 0.43426602163461536 0.4922841298076923 0.4378469110576923 0.490782375 0.44951508653846156 0.49166174519230765 0.4595337980769231