1 0.9090009831730769 0.3821775673076923 0.8871761394230769 0.3770711466346154 0.8695469254807692 0.41159713942307696 0.88769103125 0.41666038221153845 0.9150439855769231 0.43134322355769233 0.917999673076923 0.4044545216346154 0.9090009831730769 0.3821775673076923
1 0.8212498533653847 0.42363241105769234 0.8136013966346154 0.4532584807692308 0.8130639471153847 0.4658626490384616 0.8302788629807692 0.4703028173076923 0.8540958149038461 0.44545152403846155 0.8364843581730769 0.4216589158653846 0.8212498533653847 0.42363241105769234
1 0.8246794903846154 0.4120262980769231 0.8238288317307692 0.38888052644230775 0.8027204182692308 0.38339181009615386 0.79211 0.4125898028846154 0.8246794903846154 0.4120262980769231
1 0.6354692379807693 0.47982839182692305 0.6357936826923076 0.43834055048076925 0.6314508125 0.4155616298076923 0.6092730841346155 0.4102805408653846 0.5932601778846154 0.42457899278846156 0.5821017067307692 0.4458095336538461 0.6003315817307693 0.4872081875 0.6169195192307693 0.49929876201923074 0.6354692379807693 0.47982839182692305
1 0.39899228124999997 0.28698867548076923 0.3709978125 0.2981715889423077 0.3688883389423077 0.3387065528846154 0.3915634639423077 0.3399078197115385 0.4224319110576923 0.34021737259615387 0.41346225961538463 0.3008460625 0.39899228124999997 0.28698867548076923
1 0.22350392307692307 0.02234662019230769 0.21378147115384616 0.03566384855769231 0.21271894711538464 0.04434370432692308 0.21073105288461538 0.04405640384615384 0.20520140865384617 0.07270195913461538 0.20846884615384614 0.07906312980769231 0.21443252884615382 0.07992502884615385 0.2140783533653846 0.0828183173076923 0.22799361298076923 0.08482941586538462 0.22763943990384616 0.08772270192307692 0.2355910144230769 0.08887190384615384 0.23594518750000001 0.08597861778846154 0.24588466105769233 0.0874151201923077 0.25887454807692306 0.0804590625 0.2615707932692308 0.07495979086538461 0.26227914423076926 0.06917322115384615 0.26029125 0.06888592307692308 0.262062125 0.054419495192307696 0.2600742307692308 0.05413219230769231 0.26149093028846154 0.04255905288461538 0.26021138701923074 0.03648518028846154 0.2516886153846154 0.02347553846153846 0.22982178125000002 0.02031523798076923 0.22946760576923075 0.023208521634615384 0.22350392307692307 0.02234662019230769
1 0.14009223557692307 0.04268075240384615 0.15201959855769231 0.04440455528846154 0.16103370192307692 0.03687389903846154 0.1638670985576923 0.013727615384615385 0.16187920673076925 0.013440314903846154 0.16205501923076923 0.01200407451923077 0.10391338942307692 0.007697288461538461 0.1035219278846154 0.010895177884615385 0.11005680288461539 0.023617521634615387 0.11602048557692307 0.024479420673076922 0.1156663125 0.02737270673076923 0.1248974326923077 0.03459577884615385 0.14009223557692307 0.04268075240384615
0 0.06739607932692307 0.3060102956730769 0.07137186778846154 0.30658489423076923 0.08308221394230769 0.29355496634615386 0.08591561298076923 0.27040868269230767 0.0833565264423077 0.2582609423076923 0.07646747115384615 0.2484318846153846 0.07249168509615385 0.24785728365384616 0.05985597115384615 0.25192005528846156 0.05517183173076923 0.2571320240384615 0.05340095673076923 0.2715984495192308 0.05993583413461538 0.28432079326923076 0.06739607932692307 0.3060102956730769
0 0.11638508173076922 0.31897937019230765 0.12902079567307692 0.31491660096153845 0.13803489903846153 0.30738594471153846 0.1407311418269231 0.30188667548076925 0.1428561923076923 0.2845269615384615 0.14122247115384615 0.281346375 0.13760085817307693 0.27787848798076925 0.1197098125 0.2752927884615385 0.11069571153846154 0.2828234423076923 0.10715396153846155 0.31175629807692307 0.11006722596153845 0.32101075480769226 0.11404301201923077 0.32158535576923075 0.11638508173076922 0.31897937019230765
0 0.14655766826923078 0.3203955889423077 0.1545092451923077 0.32154478846153844 0.15543461538461537 0.3305119471153847 0.1587020528846154 0.3368731153846154 0.16068994471153844 0.33716041826923077 0.16104412259615383 0.3342671298076923 0.16700780528846154 0.33512903125000004 0.1720461153846154 0.3270237740384615 0.17452534134615386 0.30677077644230766 0.16940716586538462 0.28247529326923076 0.16216393750000002 0.27553952163461537 0.15620025480769228 0.27467762259615386 0.1495282235576923 0.27960229086538463 0.14846569711538463 0.28828214903846155 0.14647780528846155 0.2879948461538462 0.14492394951923077 0.31721500240384615 0.14655766826923078 0.3203955889423077
0 0.21855589423076924 0.3602458509615385 0.23026623798076923 0.34721592307692306 0.23622992067307694 0.3480778269230769 0.23857199038461538 0.3454718389423077 0.2435304423076923 0.30496584375 0.23990882932692306 0.30149795673076923 0.22002988701923076 0.2986249567307692 0.21569992548076922 0.30094363942307695 0.20662852884615385 0.35852204807692306 0.20826225 0.36170263461538465 0.2122380360576923 0.3622772355769231 0.21259221153846156 0.3593839495192308 0.21855589423076924 0.3602458509615385
0 0.37753012980769235 0.4332776177884616 0.37554223557692307 0.43299031971153845 0.37518806009615385 0.43588360336538456 0.3788096730769231 0.43935149038461535 0.39073703846153846 0.44107529086538466 0.39038286298076924 0.44396857692307695 0.3940044759615385 0.4474364639423077 0.39798026682692306 0.4480110649038461 0.4093364350961538 0.4378744206730769 0.4272274831730769 0.44046012500000004 0.42687330528846157 0.4433534086538462 0.43283698798076925 0.44421531009615384 0.4356703894230769 0.4210690288461538 0.43076923076923074 0.4115272716346154 0.41756232211538463 0.4037295985576923 0.4076228533653846 0.4022930961538461 0.40726867788461535 0.40518637980769234 0.3993171009615385 0.40403718028846153 0.3906571754807692 0.4086745504807692 0.3789468293269231 0.42170447836538466 0.37753012980769235 0.4332776177884616
0 0.3373382091346154 0.3980241586538461 0.34003445432692303 0.39252488942307695 0.3428678533653846 0.3693786081730769 0.33960041346153846 0.3630174375 0.32170936778846154 0.360431733173077 0.3170252307692308 0.3656437067307692 0.3143289855769231 0.3711429735576923 0.3122039375 0.3885026850961539 0.3163967451923077 0.4038310120192307 0.32832410576923077 0.40555481490384615 0.3373382091346154 0.3980241586538461
0 0.5192643774038461 0.5479848701923077 0.5292038461538462 0.5494213701923077 0.5319000913461539 0.5439220985576922 0.5336709663461539 0.5294556730769231 0.5307577019230769 0.5202012163461538 0.5222349326923077 0.5071915721153846 0.5142833557692308 0.5060423725961539 0.5119412860576923 0.5086483581730769 0.5105245841346154 0.5202214975961538 0.5125124807692308 0.5205088004807693 0.5107416057692308 0.5349752283653847 0.5192643774038461 0.5479848701923077
0 0.5993166129807692 0.7038335649038461 0.615219766826923 0.7061319663461538 0.6195497283653846 0.70381328125 0.6269301105769232 0.6931020408653846 0.6294093341346154 0.6728490456730769 0.6268502475961538 0.6607013028846154 0.6219490889423077 0.651159548076923 0.6100217235576924 0.6494357451923077 0.6068341514423077 0.6754753149038462 0.6028583605769231 0.6749007139423077 0.5981742259615385 0.6801126850961539 0.5960491754807692 0.6974723942307691 0.5993166129807692 0.7038335649038461
0 0.8987576995192307 0.6705539783653846 0.9047213822115385 0.6714158774038462 0.9090513437500001 0.6690971923076923 0.9160775528846153 0.661279235576923 0.9185567764423077 0.6410262379807693 0.9165688822115385 0.6407389399038461 0.9186939350961538 0.6233792259615385 0.917414389423077 0.6173053533653847 0.9054870240384615 0.6155815528846154 0.8964729230769231 0.6231122091346154 0.8947020480769231 0.6375786346153846 0.8966899423076923 0.6378659375000001 0.89421071875 0.6581189350961538 0.8987576995192307 0.6705539783653846
0 0.8085142524038461 0.631011298076923 0.8134154086538461 0.6405530552884616 0.8253427740384616 0.6422768557692307 0.8281761754807693 0.6191305721153846 0.82618828125 0.6188432716346154 0.82795915625 0.6043768461538461 0.8254000649038461 0.5922291033653846 0.8217784519230769 0.5887612163461539 0.8138268774038462 0.5876120168269231 0.8094969134615385 0.589930701923077 0.8041044254807692 0.6009292427884616 0.8033960769230769 0.6067158149038462 0.8085142524038461 0.631011298076923
0 0.7564661995192308 0.5671583533653846 0.7574759927884614 0.5774686153846154 0.7619447788461537 0.5781144663461538 0.7635254663461539 0.5665238004807692 0.7635171923076923 0.5573034615384616 0.7588610408653846 0.5568660889423077 0.7564661995192308 0.5671583533653846
3 0.8411879423076923 0.4963097403846154 0.8329620576923078 0.5304545673076922 0.8282779182692307 0.5356665360576923 0.8233194687500001 0.57617253125 0.8284376466346154 0.600468014423077 0.8259584182692308 0.6207210144230769 0.8292258581730769 0.6270821875 0.8646537764423077 0.635146875 0.8642996033653846 0.6380401610576923 0.8825448245192308 0.6377325769230769 0.8892741490384615 0.5827601538461539 0.9020470192307692 0.5610503725961539 0.9102729086538462 0.5269055480769231 0.9145230072115385 0.49218612259615385 0.9119639182692307 0.4800383798076923 0.8974774663461538 0.46616683413461535 0.8957065913461538 0.48063326201923073 0.8723103052884615 0.5499421105769231 0.8667336850961539 0.4528901754807692 0.8567942163461539 0.4514536730769231 0.8454380456730769 0.4615903173076923 0.8411879423076923 0.4963097403846154
3 0.5886462211538461 0.6257351442307691 0.5902799399038462 0.6289157283653846 0.5962436225961538 0.6297776322115385 0.5958894471153846 0.6326709158653846 0.6038410240384615 0.6338201177884616 0.6065372692307692 0.6283208461538461 0.6113585625 0.6054618605769231 0.6133464543269231 0.6057491634615384 0.6187389447115385 0.5947506201923077 0.6205098173076924 0.5802841947115385 0.6224977115384616 0.5805714927884615 0.6321403004807693 0.5348535264423077 0.6341281947115385 0.535140826923077 0.6355448942307693 0.5235676850961538 0.6375327884615385 0.5238549855769231 0.6389494879807691 0.5122818437500001 0.6280846490384615 0.5018781850961539 0.6121814975961539 0.49957978365384614 0.6094852524038461 0.5050790552884615 0.5975804591346153 0.58580375 0.5955925649038462 0.5855164471153846 0.5934675144230769 0.6028761610576923 0.5914796201923077 0.6025888605769231 0.5886462211538461 0.6257351442307691
3 0.4961405673076923 0.6211991923076923 0.49295299278846155 0.6472387596153847 0.5043890264423078 0.669502858173077 0.5166705673076923 0.668333375 0.5214918605769231 0.645474391826923 0.5511505432692307 0.5849824134615385 0.580295326923077 0.4625822403846154 0.5604163846153847 0.4597092403846154 0.5537443533653846 0.46463390865384613 0.5294781586538462 0.5141273461538461 0.5299121947115385 0.5436348004807692 0.5216064447115385 0.5453788846153846 0.5189101995192308 0.55087815625 0.503875125 0.6075946658653846 0.4961405673076923 0.6211991923076923
3 0.3469235048076923 0.40235394711538464 0.3425935408653846 0.4046726322115385 0.32891787259615385 0.4998637524038462 0.3334874278846154 0.5947472860576923 0.36635625721153847 0.590664235576923 0.3862351971153846 0.5935372355769231 0.42811812980769226 0.5819235264423077 0.4354985120192308 0.5712122860576924 0.4365610384615385 0.5625324302884616 0.4314428605769231 0.5382369471153846 0.4337050649038462 0.50323021875 0.42880390865384616 0.4936884639423077 0.43035776442307694 0.46446831009615386 0.42417706250000003 0.44885268028846154 0.3795180240384616 0.4335649182692308 0.37695893509615386 0.4214171754807693 0.3641062019230769 0.41072621875000004 0.3469235048076923 0.40235394711538464
3 0.20937081971153845 0.08088361298076922 0.19317913461538463 0.08267755048076923 0.1825116394230769 0.17542373076923076 0.17711914903846154 0.18642227403846154 0.1700356514423077 0.24428798317307693 0.17202354567307693 0.24457528125 0.17153221634615384 0.2651155817307692 0.17749589903846155 0.2659774807692308 0.2126269326923077 0.22688770192307692 0.22888426201923076 0.2262928173076923 0.23356839903846155 0.2210808485576923 0.23768134375 0.20400843509615385 0.2501000384615385 0.1851919375 0.2639354326923077 0.15480229807692308 0.26875672596153843 0.13194331730769232 0.26655181490384616 0.1169022908653846 0.24879792307692308 0.09666957451923076 0.24503915384615385 0.11084870192307691 0.24230257932692306 0.13369981009615384 0.21330935576923077 0.20237348557692308 0.20879443509615386 0.11748843990384615 0.2033367451923077 0.11566615625 0.20937081971153845 0.08088361298076922
3 0.12572717548076923 0.2639988293269231 0.14129760096153846 0.16289815865384616 0.15040362740384616 0.11460573317307692 0.15729505048076925 0.08149588942307692 0.1681322716346154 0.07996161057692307 0.14989279567307692 0.04991250961538462 0.14779925480769232 0.06048682451923077 0.1455836923076923 0.11339090384615386 0.13290185096153848 0.1125915721153846 0.1240184110576923 0.14748054086538462 0.11963108173076924 0.1949061418269231 0.12241878125 0.2330336153846154 0.12572717548076923 0.2639988293269231
3 0.09220102644230768 0.07828924038461538 0.10220529086538462 0.03426067307692308 0.07896487740384615 0.04433748076923077 0.08709023557692307 0.06204795673076923 0.08610956971153846 0.12805085576923078 0.07662171634615385 0.18817199278846156 0.07927518990384616 0.19837530048076923 0.09311609134615385 0.15490121875 0.1021571658653846 0.09264555288461539 0.09220102644230768 0.07828924038461538
2 0.8237288677884614 0.8483922403846154 0.8252575985576923 0.840076548076923 0.8108106274038461 0.8128846346153846 0.806159985576923 0.8118238317307692 0.7942087788461538 0.803138795673077 0.7903745889423077 0.8257841586538461 0.8127786514423078 0.8510644278846153 0.8237288677884614 0.8483922403846154
2 0.7904448149038461 0.8572059399038461 0.7986192932692308 0.8533611442307693 0.8008256923076923 0.8440133221153846 0.7909046971153846 0.83174971875 0.7931120793269231 0.80938746875 0.7936211225961538 0.807394016826923 0.7929587620192307 0.8084584134615385 0.7900228173076923 0.8107430096153846 0.7744182139423077 0.8015270216346154 0.7660743317307692 0.8328016009615384 0.7729669399038461 0.8481049471153846 0.7904448149038461 0.8572059399038461
2 0.5822040745192308 0.8480068918269231 0.5653686634615385 0.8564476899038461 0.5577093605769231 0.8669419519230769 0.5687315552884615 0.8940576201923077 0.5852776057692307 0.8999293028846154 0.599554326923077 0.8896170264423078 0.5865002884615385 0.8660767427884615 0.5822040745192308 0.8480068918269231
2 0.5178992548076923 0.8384688509615384 0.5233368725961538 0.8504702163461538 0.5396765504807692 0.8493513413461538 0.5420263942307693 0.8214622932692308 0.5207960913461538 0.8299922620192308 0.5178992548076923 0.8384688509615384
2 0.3862816538461538 0.8363628245192308 0.3780010865384615 0.8541137572115385 0.38359669471153846 0.8734844134615384 0.3957822259615385 0.8802717427884615 0.40774625480769233 0.8649876826923077 0.4066912139423077 0.8361737043269231 0.3862816538461538 0.8363628245192308
2 0.3620087668269231 0.8274398990384615 0.37139789903846154 0.8353718725961539 0.3840631658653846 0.8360421971153845 0.3765160673076923 0.8044025480769231 0.35988061057692305 0.8101191658653846 0.3620087668269231 0.8274398990384615
2 0.2023620985576923 0.4697276754807692 0.2012857331730769 0.4693483341346154 0.1779840841346154 0.47305034375 0.17405987259615385 0.48453197836538464 0.17948529086538462 0.49605457932692304 0.20979556490384615 0.50122134375 0.2095016706730769 0.48598833413461534 0.2023620985576923 0.4697276754807692
2 0.1496175985576923 0.4626642307692308 0.1495057451923077 0.4503401706730769 0.13012519711538462 0.4470150841346153 0.1271426201923077 0.48901387500000004 0.14272702884615385 0.5027908774038461 0.15208886778846153 0.5012612548076923 0.1610571466346154 0.4897253846153846 0.15715663942307692 0.47161260576923075 0.1496175985576923 0.4626642307692308
2 0.09036903605769231 0.4286287067307692 0.08917230288461539 0.44574274759615384 0.08798538942307693 0.4730725817307692 0.10292477884615384 0.47889756490384616 0.1125621201923077 0.4648378100961538 0.11264140384615384 0.43184761538461536 0.09036903605769231 0.4286287067307692
2 0.08618935096153847 0.4557821826923077 0.04994529807692308 0.45499605528846154 0.04663218269230769 0.4791359639423077 0.05790193509615385 0.48993381009615383 0.07736446634615385 0.48672224038461537 0.08429602644230769 0.45655678125 0.08618935096153847 0.4557821826923077
2 0.7647737355769231 0.7034131225961539 0.7701195552884615 0.7086613221153846 0.7791560192307692 0.7102028774038461 0.784673170673077 0.696863829326923 0.7834433557692309 0.684434139423077 0.7676932019230769 0.6795637692307692 0.7647737355769231 0.7034131225961539
3 0.8007829230769231 0.4401226730769231 0.7847609519230769 0.44180274759615384 0.7786451442307692 0.47574902884615383 0.773003204326923 0.5394558557692307 0.7784412451923076 0.5719301995192307 0.7880526177884615 0.5638999134615384 0.7939944591346154 0.523359375 0.7995307908653846 0.4524998822115384 0.8007829230769231 0.4401226730769231