1 0.05411255528846153 0.5584879591346155 0.05504098317307692 0.5663792764423077 0.05733768509615385 0.56873209375 0.06497710576923077 0.564991173076923 0.09875992548076923 0.5602716225961538 0.09659358894230768 0.5418585504807693 0.0939874110576923 0.5368752908653847 0.08281338461538461 0.527741639423077 0.06294113701923078 0.5305178461538461 0.05958564182692308 0.5363339639423077 0.05759841586538461 0.5366115841346154 0.05790789182692308 0.5392420216346154 0.054552396634615384 0.5450581442307693 0.05579030288461539 0.5555798990384615 0.05411255528846153 0.5584879591346155
1 0.17135880528846154 0.5421083437499999 0.17303655288461536 0.5392002860576923 0.205141625 0.537388795673077 0.2107938221153846 0.5339254951923077 0.20862748798076922 0.5155124206730769 0.20403408413461538 0.5108067860576923 0.20372460817307692 0.5081763461538462 0.19484728125 0.5013955120192308 0.17497503365384615 0.5041717139423076 0.1676450889423077 0.5105430769230769 0.1645990673076923 0.5189896346153846 0.16446870192307694 0.535049889423077 0.1670748798076923 0.5400331490384616 0.17135880528846154 0.5421083437499999
1 0.28109600240384613 0.5134093990384615 0.28277375 0.5105013365384615 0.3006587716346154 0.5080027524038462 0.30723939903846154 0.5124307692307692 0.31090437259615383 0.5092450913461538 0.3070602884615385 0.49374007451923074 0.2998607067307692 0.48405118269230774 0.29955123076923074 0.48142074278846153 0.2833439591346154 0.4810112692307692 0.2776917620192308 0.4844745697115385 0.2709807692307692 0.49610680769230775 0.2699219735576923 0.5042757475961538 0.2731471033653846 0.5145198822115384 0.28109600240384613 0.5134093990384615
1 0.3733392740384615 0.4390282716346154 0.37488665624999995 0.45218046875 0.3774928341346154 0.4571637259615385 0.3817767596153846 0.4592389230769231 0.4115851274038462 0.45507461538461536 0.41494062499999995 0.4492584951923077 0.4110965432692308 0.4337534807692308 0.40588418509615387 0.42378696634615387 0.4012907836538462 0.4190813317307692 0.3890579615384615 0.41811661298076924 0.3873802139423077 0.4210246754807692 0.37943131490384613 0.42213515625000003 0.3777535649038462 0.4250432163461539 0.3766947692307693 0.4332121538461538 0.3733392740384615 0.4390282716346154
1 0.4790203990384615 0.4616957692307692 0.47535542548076926 0.46488144951923077 0.46864443509615383 0.4765136899038461 0.4672761610576923 0.48205218509615383 0.46820459134615383 0.4899435048076923 0.47050129326923074 0.4922963221153846 0.47447574278846155 0.49174108173076925 0.4834834350961538 0.4824616610576923 0.49540678365384616 0.4807959375 0.49969070913461533 0.4828711370192308 0.5019874110576923 0.48522395432692306 0.5026063629807692 0.49048483413461536 0.5068902884615384 0.49256003125000003 0.505961860576923 0.4846687139423077 0.503638014423077 0.4794240985576923 0.5027367283653846 0.47442457932692306 0.5001305504807692 0.46944131971153846 0.4889565216346154 0.46030766586538463 0.4790203990384615 0.4616957692307692
1 0.5862284086538462 0.4579399350961539 0.5895839038461539 0.4521238173076923 0.5831336418269231 0.43163554326923076 0.5742563149038461 0.42485471153846155 0.56233296875 0.4265204326923077 0.5566807716346154 0.4299837331730769 0.5519570024038462 0.44133835096153845 0.5508982067307693 0.4495072884615385 0.5524455889423077 0.46265948557692305 0.555051766826923 0.4676427403846154 0.5600927620192307 0.4644439639423077 0.5862284086538462 0.4579399350961539
1 0.636860329326923 0.4147050841346154 0.6623273028846154 0.4093505697115385 0.6640050528846154 0.40644250961538464 0.6618387163461539 0.38802943749999996 0.6523424375 0.3759877259615385 0.6344574158653846 0.3784863100961538 0.6311019158653846 0.38430243028846156 0.6291146923076922 0.3845800480769231 0.626068673076923 0.39302660576923076 0.6250098798076924 0.4011955456730769 0.6262477836538461 0.4117173004807692 0.6308411875 0.41642293990384616 0.636860329326923 0.4147050841346154
1 0.7111674591346154 0.3918327764423077 0.7030629951923076 0.3953980336538461 0.6998630649038462 0.39875937740384615 0.6965075649038461 0.4045754951923077 0.6977454735576922 0.4150972548076923 0.701719923076923 0.4145420120192308 0.7090498677884616 0.4081706514423077 0.7189859903846153 0.4067825480769231 0.7212826923076924 0.40913536778846155 0.7295410673076923 0.41065532451923076 0.7387278701923077 0.4200665985576923 0.7393468245192308 0.4253274735576923 0.743011795673077 0.4221417956730769 0.741773889423077 0.4116200408653846 0.7313491802884615 0.3916870120192308 0.7207941057692308 0.38781423557692307 0.7128452067307692 0.3889247163461539 0.7111674591346154 0.3918327764423077
1 0.7745474302884615 0.41549029807692306 0.7754758605769231 0.4233816153846154 0.7737981129807692 0.42628967307692306 0.7760948125 0.42864249278846156 0.7851025072115385 0.4193630721153846 0.8050481370192308 0.41549377884615385 0.8158025913461538 0.4176275456730769 0.8198137524038462 0.4225348389423077 0.8191948028846153 0.4172739615384616 0.8177621658653845 0.41093430048076923 0.81367296875 0.40467700721153843 0.8044861658653846 0.39526573557692307 0.7939310889423077 0.39139295913461536 0.7859821899038462 0.3925034423076923 0.7789617211538461 0.40150524038461544 0.7769744975961538 0.40178286298076926 0.7745474302884615 0.41549029807692306
1 0.8807821225961538 0.3226847043269231 0.8780455817307692 0.33376169951923074 0.879283485576923 0.3442834567307692 0.8776057379807691 0.34719151682692306 0.8794625961538463 0.36297414903846154 0.8817592980769231 0.36532696875000004 0.8857337475961539 0.3647717283653846 0.8874114951923077 0.3618636682692308 0.8973476177884615 0.36047556490384614 0.9225625841346154 0.3516056201923077 0.9279053076923076 0.3455118822115385 0.9240612211538461 0.33000686538461543 0.9194678221153846 0.3253012283653846 0.9191583437499999 0.32267079086538464 0.9079843149038461 0.31353713701923075 0.890099295673077 0.31603572115384615 0.8844470961538462 0.31949902403846153 0.8807821225961538 0.3226847043269231
2 0.22109721153846154 0.9549265288461538 0.22215600721153847 0.94675759375 0.21954983173076922 0.9417743341346154 0.21160093269230767 0.9428848149038462 0.2099231826923077 0.945792875 0.19769036057692307 0.9448281586538462 0.1992377403846154 0.9579803557692308 0.20383114423076923 0.9626859927884616 0.21575449278846154 0.9610202692307692 0.22109721153846154 0.9549265288461538
2 0.27541412019230765 0.9286600288461538 0.27876961538461537 0.9228439086538462 0.27355726201923075 0.9128773942307693 0.2630021850961538 0.9090046201923077 0.2590277355769231 0.9095598605769231 0.2423806201923077 0.9225802019230769 0.23641894711538464 0.9234130649038461 0.23474119951923075 0.9263211225961538 0.237347375 0.9313043798076923 0.25125794711538463 0.9293610360576923 0.25355464903846153 0.9317138557692307 0.27541412019230765 0.9286600288461538
2 0.3382029134615384 0.8957877716346154 0.3369650048076923 0.8852660168269231 0.33435882692307695 0.8802827572115385 0.31977799278846153 0.8863837259615385 0.3174022355769231 0.8906726610576924 0.32062736778846157 0.9009167956730769 0.3249112908653846 0.9029919951923078 0.3328601899038462 0.9018815144230768 0.3365251634615385 0.8986958317307692 0.3382029134615384 0.8957877716346154
2 0.3627989254807692 0.8816569471153847 0.3598832716346154 0.8740432524038462 0.3559088221153846 0.8745984927884615 0.3542310745192308 0.8775065528846154 0.34230772596153847 0.8791722764423077 0.3435456322115385 0.8896940312499999 0.3481390360576923 0.8943996682692308 0.3541007067307692 0.8935668076923077 0.3577656826923077 0.8903811274038461 0.3627989254807692 0.8816569471153847
2 0.4116024086538462 0.8844294399038461 0.41495790384615383 0.8786133221153847 0.41371999759615385 0.8680915625 0.4114232980769231 0.8657387475961538 0.40148717307692305 0.8671268485576923 0.39919047355769227 0.86477403125 0.39552550000000003 0.8679597115384615 0.3941572283653846 0.8734982067307692 0.3953951346153846 0.8840199663461538 0.3976918365384616 0.8863727836538462 0.40595021153846156 0.8878927403846154 0.4116024086538462 0.8844294399038461
2 0.46996685817307693 0.8466060120192308 0.4587928293269231 0.8374723605769231 0.4548183798076923 0.8380276009615385 0.4531406322115385 0.8409356610576922 0.4432045096153846 0.8423237644230769 0.4375523125 0.8457870673076923 0.4384807427884615 0.8536783846153846 0.45530696875000004 0.8593487331730769 0.46723031490384614 0.8576830096153846 0.47089528846153844 0.8544973317307692 0.46996685817307693 0.8466060120192308
2 0.5148867932692307 0.8523888485576923 0.5258817091346154 0.8428318076923078 0.5318433846153846 0.8419989447115385 0.5335211322115385 0.8390908870192307 0.5329021778846154 0.8338300072115385 0.5269405048076923 0.8346628677884615 0.5246438052884616 0.8323100504807692 0.510733233173077 0.8342533942307693 0.5050810336538462 0.8377166971153845 0.5017255384615384 0.8435328149038461 0.50265396875 0.8514241322115385 0.5049506682692309 0.853776951923077 0.5148867932692307 0.8523888485576923
2 0.5419690913461539 0.8449691802884616 0.5439563149038462 0.8446915625 0.54854971875 0.8493971995192309 0.5564986177884615 0.8482867163461538 0.5601635889423077 0.8451010360576923 0.5589256850961538 0.83457928125 0.55433228125 0.8298736442307693 0.5483706081730769 0.8307065048076924 0.54607390625 0.8283536874999999 0.5361377836538461 0.8297417884615383 0.5373756899038461 0.8402635456730769 0.5393629158653847 0.8399859254807692 0.5419690913461539 0.8449691802884616
2 0.6125481923076923 0.8213129375 0.6045992932692308 0.8224234182692308 0.5960314399038462 0.8182730240384615 0.59236646875 0.8214587067307693 0.5896299254807692 0.8325357019230769 0.5885711298076923 0.8407046418269231 0.5911773076923077 0.8456878966346154 0.60310065625 0.8440221730769231 0.6067656274038462 0.8408364927884615 0.6134766225961539 0.8292042548076922 0.6125481923076923 0.8213129375
2 0.6453894759615384 0.8298793990384615 0.6496734014423077 0.8319545961538461 0.66159675 0.8302888701923077 0.6632744975961539 0.8273808149038462 0.6620365913461538 0.8168590576923077 0.6574431899038462 0.8121534206730769 0.6571337115384615 0.8095229831730768 0.6511720384615385 0.8103558413461538 0.6494942908653846 0.8132639014423078 0.6395581682692307 0.8146520048076924 0.630990314903846 0.8105016105769232 0.6293125673076924 0.8134096706730769 0.6299315216346154 0.818670545673077 0.6453894759615384 0.8298793990384615
2 0.6923199903846153 0.798190548076923 0.6939977379807692 0.7952824879807692 0.6933787860576923 0.7900216105769231 0.6913915625 0.7902992307692307 0.6883455408653846 0.7987457884615385 0.6735065408653846 0.7927978149038462 0.6709003605769231 0.7878145576923077 0.6712098389423077 0.7904449975961538 0.6655576418269231 0.7939082980769231 0.6571688990384617 0.8084485961538461 0.6597750769230769 0.8134318533653846 0.6716984254807692 0.8117661298076922 0.6923199903846153 0.798190548076923
2 0.7036243846153846 0.7912639447115384 0.7028750673076923 0.8020633245192308 0.7100746442307693 0.8117522163461538 0.7163457956730769 0.813549795673077 0.7233662644230769 0.8045479951923077 0.7224378365384615 0.7966566778846154 0.7178444326923077 0.7919510408653847 0.7059210865384615 0.7936167668269231 0.7036243846153846 0.7912639447115384
2 0.9402016033653846 0.8277289975961538 0.9461632764423077 0.8268961346153846 0.959145420673077 0.8170614735576923 0.9658564110576923 0.8054292331730769 0.9678436370192307 0.8051516153846153 0.9659867788461539 0.7893689807692308 0.963690076923077 0.7870161610576923 0.9603345817307692 0.7928322788461538 0.9464240096153845 0.7947756225961539 0.9441273076923077 0.7924228052884617 0.9401528581730769 0.7929780480769231 0.9404623341346153 0.7956084855769231 0.9337513413461539 0.8072407235576923 0.9336209759615385 0.8233009783653846 0.9402016033653846 0.8277289975961538