1 0.9728695841346154 0.3403772788461538 0.9756763461538461 0.33396573076923075 0.9728627211538462 0.31884274038461535 0.9627473942307693 0.3074690576923077 0.9450524375 0.30909965144230767 0.9355066995192308 0.32228510576923075 0.9383203245192308 0.3374080961538462 0.9414118798076923 0.3432761153846154 0.9439407115384615 0.3461195336538462 0.9695000961538462 0.3437642331730769 0.9728695841346154 0.3403772788461538
1 0.7770584134615385 0.2230573846153846 0.7669499495192308 0.23321824278846154 0.7627398052884615 0.24283556730769232 0.7613432884615385 0.26757588221153844 0.7641569134615385 0.28269887259615384 0.7621908076923076 0.2828800480769231 0.7633162572115384 0.28892924519230767 0.7664078125 0.2947972620192308 0.7762383461538461 0.2938913774038462 0.8225773822115384 0.2742389567307692 0.8253841466346153 0.26782740625 0.8225705192307693 0.2527044182692308 0.8206044134615385 0.25288559374999997 0.8189162379807692 0.24381180288461538 0.8102042932692307 0.22923234615384616 0.8006516899038462 0.22088325721153845 0.7947533701923077 0.2214267908653846 0.7941906466346154 0.2184021923076923 0.7823940072115385 0.2194892548076923 0.7829567307692307 0.22251385336538462 0.7770584134615385 0.2230573846153846
1 0.6596616129807693 0.25848715144230766 0.6636006875 0.2796593341346154 0.6666922427884615 0.2855273557692308 0.6692210745192307 0.28837077403846156 0.6829838221153846 0.2871025360576923 0.71134996875 0.2783356826923077 0.7127533509615385 0.27512990625 0.7065633725961539 0.24185933173076923 0.7034718173076923 0.2359913125 0.6958853221153846 0.22746105048076923 0.6899870024038461 0.22800457932692308 0.6894242764423077 0.22497998317307694 0.6736954254807692 0.22642939903846154 0.6669564495192308 0.23320330528846153 0.661342923076923 0.24602640625 0.6596616129807693 0.25848715144230766
1 0.6563401658653846 0.41261587980769227 0.6509977091346154 0.3946494711538462 0.6203669350961539 0.3482488533653846 0.5903126129807692 0.3479419110576923 0.5737499663461538 0.37715624278846155 0.5821977067307692 0.44405974759615385 0.6291063341346154 0.44896647115384614 0.6510114326923078 0.4377185504807692 0.6563401658653846 0.41261587980769227
1 0.47091538701923075 0.2758801586538462 0.4740069471153846 0.28174817548076925 0.4874917596153846 0.28973490625 0.4933900793269231 0.28919137500000003 0.4939528052884615 0.2922159735576923 0.5195121899038462 0.2898606706730769 0.5223189519230769 0.28344912259615385 0.5189426009615384 0.2653015336538461 0.5169764951923077 0.26548271153846154 0.5130374182692308 0.24431052403846154 0.509945860576923 0.23844250721153845 0.49983053365384617 0.2270688221153846 0.49533559855769227 0.2244065793269231 0.47960674519230767 0.22585599759615385 0.4720271105769231 0.23886027403846155 0.4697899375 0.26983096153846153 0.47091538701923075 0.2758801586538462
1 0.27882026682692307 0.3612637355769231 0.2813490985576923 0.3641071538461539 0.3173017427884615 0.36387056490384617 0.31870512259615386 0.3606647884615385 0.3142033197115385 0.33646800961538464 0.3111117644230769 0.3305999879807692 0.3009964375 0.3192263052884616 0.2965015 0.31656406009615384 0.2807726466346154 0.3180134783653846 0.27572184855769233 0.33386117788461533 0.27909819951923076 0.3520087644230769 0.27713209134615385 0.35218994230769235 0.27882026682692307 0.3612637355769231
1 0.18667060336538463 0.2959204735576923 0.18078601201923078 0.3395330841346154 0.23922020673076924 0.37414225 0.23049453365384617 0.3164937115384615 0.2108266081730769 0.2967709447115384 0.18667060336538463 0.2959204735576923
1 0.1327450721153846 0.3070426298076923 0.12938244711538463 0.3319641177884615 0.13107062259615385 0.34103791586538457 0.13359945432692308 0.34388133413461536 0.16561988221153845 0.3440070985576923 0.1661826105769231 0.34703169471153844 0.17404703365384616 0.3463069855769231 0.17460976201923076 0.34933158413461535 0.1805080793269231 0.3487880552884616 0.17825718028846155 0.3366896634615385 0.18022328365384616 0.33650848557692303 0.17740965865384617 0.32138549519230775 0.17937576682692308 0.3212043173076923 0.17768758894230768 0.31213052403846153 0.1650434326923077 0.2979134206730769 0.16054849519230768 0.29525117788461536 0.1526840673076923 0.2959758870192308 0.15212134375 0.29295128846153845 0.14229081009615385 0.2938571730769231 0.1428535360576923 0.2968817716346154 0.13695521634615385 0.29742530528846156 0.1327450721153846 0.3070426298076923
1 0.08386387019230769 0.2529344543269231 0.07561847115384615 0.22073007692307692 0.07806939903846154 0.21269618509615384 0.11065542788461538 0.22574015625 0.10506757211538462 0.20630427884615385 0.0881499735576923 0.17142880288461537 0.0755928125 0.15696987259615386 0.055397891826923076 0.14234720432692308 0.03734620432692308 0.14834846875000002 0.02836440144230769 0.16218954086538462 0.025210451923076922 0.19674571153846154 0.02628595432692308 0.2161667019230769 0.03912461298076923 0.2457789110576923 0.04866182451923077 0.2349231201923077 0.056216961538461535 0.2164450096153846 0.06072987740384616 0.21646292548076923 0.06631969471153845 0.2358986201923077 0.0885847764423077 0.2798244807692308 0.09856663701923077 0.29105048798076927 0.08386387019230769 0.2529344543269231
2 1 0.6509176418269231 0.9903866634615385 0.6478297115384616 0.9912322355769232 0.6640693004807693 1 0.6711054062499999 1 0.6509176418269231
2 1 0.807153576923077 0.999466625 0.8062609711538461 0.9739206298076923 0.8224252403846154 0.9798609110576924 0.8733469038461539 0.9891491129807692 0.8955059399038461 1 0.8875388581730769 1 0.807153576923077
2 0.9026131153846154 0.6996836875000001 0.8805648245192308 0.7076037740384616 0.8773580072115384 0.7137568485576923 0.8708306995192309 0.72105578125 0.8839724014423077 0.7303047115384615 0.8991748269230769 0.73308778125 0.9109361754807692 0.7261464014423077 0.9026131153846154 0.6996836875000001
2 0.8892152884615385 1 0.8861730504807692 0.9522402956730769 0.8776448124999999 0.9049411490384615 0.8504836610576922 0.909499189903846 0.8265669158653846 0.8891034975961538 0.8335384927884615 0.9441171802884616 0.8338885769230769 0.96207909375 0.8504252884615385 1 0.8892152884615385 1
2 0.852146141826923 1 0.8289570216346154 0.9457945576923077 0.8085030889423077 0.8957919326923077 0.7882259423076923 0.9051916322115384 0.7629104735576924 0.9255186322115385 0.79504759375 1 0.852146141826923 1
2 0.27077309134615385 1 0.2511292788461538 0.9708427427884616 0.22697259374999998 0.9563913341346153 0.17088989903846155 0.9542958605769231 0.16333548798076925 0.9688760336538462 0.17051046634615385 0.9940693701923077 0.18222642067307693 1 0.27077309134615385 1