1 0.31327297355769235 0.16238036538461537 0.3197899495192308 0.15942361298076924 0.3107914951923077 0.1313467716346154 0.28556696634615386 0.09655777884615385 0.28310927884615383 0.08659414903846155 0.26859639903846155 0.08344392548076923 0.24005274519230768 0.08909183413461538 0.222579375 0.11078021634615384 0.22620188221153845 0.1317429110576923 0.23269273557692308 0.1402659278846154 0.25532721153846155 0.15099878125 0.29655533173076926 0.15634140144230768 0.3040780985576923 0.15711354567307692 0.31327297355769235 0.16238036538461537
1 0.44012323076923077 0.33213501923076927 0.4432171947115385 0.33007601682692306 0.4414725552884615 0.31514103125 0.4443484375 0.31121515625 0.43728819471153846 0.3078656658653846 0.4207279903846154 0.3088263125 0.41763402884615386 0.3108853173076923 0.40769790625 0.3114617067307692 0.3986341033653846 0.3195055889423077 0.39641246153846155 0.3290320817307692 0.4041269399038461 0.33798218990384615 0.4286197043269231 0.34783851923076925 0.4319317451923077 0.34764638942307696 0.4414317091346154 0.3433362572115385 0.44012323076923077 0.33213501923076927
1 0.4013874447115385 0.4001653870192308 0.40844768509615387 0.403514875 0.42500789423076923 0.4025542283653846 0.43075965384615383 0.3947024759615385 0.43010541586538464 0.38910185817307696 0.44910534375 0.38048158894230766 0.44757878605769236 0.3674134759615385 0.42352218028846156 0.3612908894230769 0.4036499350961539 0.3624436682692308 0.3939318894230769 0.36488692788461535 0.38155604567307694 0.37312293990384615 0.3822102860576923 0.3787235600961539 0.3791163221153846 0.3807825625 0.3802067211538462 0.39011692548076926 0.3839549230769231 0.3936585456730769 0.39807540384615386 0.4003575168269231 0.4013874447115385 0.4001653870192308
1 0.41881996875 0.4066722331730769 0.4190380480769231 0.4085391057692308 0.4335946899038462 0.41897182692307694 0.45102721394230766 0.42547866826923075 0.45743321875 0.4232275360576923 0.4603090985576923 0.41930166105769234 0.4587825408653846 0.4062335504807692 0.4552524206730769 0.4045588052884615 0.41881996875 0.4066722331730769
1 0.48188513701923075 0.4612790961538461 0.47835501442307693 0.45960435336538463 0.4777007764423077 0.45400373317307696 0.4741706538461538 0.4523289903846154 0.47264409615384617 0.43926087980769235 0.4691139783653846 0.4375861346153846 0.46248989663461537 0.4379703918269231 0.4527718509615385 0.44041365384615383 0.4437080456730769 0.4484575360576923 0.4447984447115385 0.4577919014423077 0.44811048798076925 0.45759977163461535 0.4553888076923077 0.46281613221153844 0.46554300961538464 0.4641066153846154 0.47879117548076927 0.4633380985576923 0.48188513701923075 0.4612790961538461
1 0.4862875745192307 0.4704213341346154 0.482539375 0.46687971634615383 0.4764231105769231 0.4657308966346154 0.46597917067307687 0.4678403629807692 0.4595731682692307 0.4700914951923077 0.4569153653846154 0.4758842427884616 0.4641936875 0.4811006033653846 0.46908262980769233 0.4828468846153846 0.4775822139423077 0.48250418990384614 0.4840659326923077 0.4799478269230769 0.4871598942307692 0.47788882451923076 0.4862875745192307 0.4704213341346154
1 0.45406643269230773 0.5528017379807693 0.4493372740384615 0.5251914591346154 0.43608910817307694 0.5259599783653847 0.4296831057692308 0.5282111105769232 0.41730726201923074 0.5364471225961538 0.41839765865384615 0.5457814879807692 0.42214586057692305 0.5493231033653846 0.42545789903846154 0.5491309735576922 0.43604826442307687 0.5541552067307692 0.4528265480769231 0.5550614302884616 0.45406643269230773 0.5528017379807693
1 0.44050539903846153 0.6779452163461539 0.45440780048076923 0.6827773149038462 0.46434392307692307 0.6822009278846154 0.47289697596153846 0.6813739759615385 0.47504074278846153 0.6759192860576922 0.47013653365384617 0.6461539495192308 0.45688836778846154 0.64692246875 0.45070044711538465 0.6510404759615385 0.44738840625 0.6512326033653846 0.43810652163461533 0.6574096129807692 0.4347944831730769 0.6576017427884615 0.43191859855769227 0.6615276177884616 0.43300899759615386 0.6708619831730769 0.4365391177884615 0.6725367259615385 0.4371933581730769 0.6781373461538462 0.44050539903846153 0.6779452163461539
1 0.48504764182692306 0.7167108701923077 0.5051379663461538 0.7174249639423077 0.50287853125 0.6832396875 0.5036522572115385 0.6761616298076922 0.5001221346153846 0.6744868846153846 0.48024989182692307 0.6756396610576924 0.4738438894230769 0.6778907932692307 0.45815600240384613 0.6863189326923076 0.45549819951923076 0.6921116826923076 0.4568066778846154 0.7033129206730769 0.4605548774038462 0.7068545360576923 0.47467536057692306 0.7135535120192308 0.47798740144230767 0.7133613822115384 0.48504764182692306 0.7167108701923077
1 0.4927759735576923 0.8685039783653846 0.48902777403846154 0.864962358173077 0.4916855745192308 0.8591696105769231 0.4958070721153846 0.8482661057692307 0.49612886057692307 0.8401166201923077 0.4954746225961539 0.8345160024038462 0.49194450240384613 0.8328412596153847 0.4786963341346154 0.8336097764423077 0.4658843341346154 0.8381120408653846 0.4566024495192308 0.8442890480769231 0.4539446442307692 0.850081795673077 0.455253125 0.8612830360576923 0.46606156490384615 0.8681741370192307 0.4830579278846154 0.8709472403846154 0.4896820120192308 0.8705629807692308 0.4927759735576923 0.8685039783653846
1 0.4553895120192308 0.9195403605769231 0.4593557908653846 0.9249488485576923 0.47678831490384616 0.9314556947115384 0.4937846778846154 0.9342287908653847 0.5037208028846154 0.93365240625 0.5055456225961539 0.9292067259615385 0.5023471274038461 0.9273736610576923 0.4977918052884615 0.9114420576923077 0.49670140625 0.9021076923076923 0.4997953701923077 0.9000486899038461 0.49892305048076924 0.8925811971153846 0.5020170120192308 0.8905221947115384 0.5007085336538462 0.8793209543269231 0.49686220673076925 0.8804199374999999 0.4921335673076923 0.8833857211538461 0.4748664423076923 0.8864586081730769 0.4646230721153846 0.8932251802884615 0.4560845961538461 0.8969457548076923 0.4532087163461539 0.9008716298076924 0.4540810336538461 0.9083391201923077 0.45120515384615384 0.9122649999999999 0.45473527403846153 0.9139397427884616 0.4553895120192308 0.9195403605769231
1 0.5310076081730769 0.9602623677884616 0.5282135697115384 0.9435087331730769 0.5246834471153846 0.9418339903846153 0.5180593653846154 0.9422182499999999 0.5116533605769231 0.9444693822115385 0.5025895576923077 0.9525132644230769 0.503243795673077 0.9581138822115385 0.5107401995192308 0.9651971153846154 0.5178004399038462 0.9685466057692308 0.5293873125 0.9692277115384615 0.5344107475961539 0.9665305144230769 0.5310076081730769 0.9602623677884616
2 0.8164421274038461 0.4136787860576923 0.7932578389423077 0.41502369471153844 0.793912076923077 0.4206243125 0.8047205192307693 0.42751541586538466 0.8049385985576923 0.4293822908653846 0.8113445985576924 0.42713115625000003 0.8212807235576923 0.4265547668269231 0.8243746850961539 0.4244957644230769 0.8235023677884615 0.41702827163461537 0.8164421274038461 0.4136787860576923
2 0.8617611490384616 0.37345938221153846 0.8418889014423077 0.3746121586538462 0.8354828990384615 0.3768632908653846 0.8323889375 0.37892229326923077 0.857317860576923 0.39251237019230767 0.8707841057692308 0.39361072836538463 0.8738780697115385 0.3915517259615384 0.8725695889423076 0.380350485576923 0.8619792259615384 0.37532625480769227 0.8617611490384616 0.37345938221153846
2 0.8746278485576924 0.48360489182692307 0.8735374495192307 0.47427052644230766 0.8700073269230769 0.4725957836538462 0.8633832475961539 0.4729800432692307 0.8571953245192308 0.4770980480769231 0.837759235576923 0.48198456971153847 0.8381953942307692 0.4857183173076923 0.8456917980769231 0.49280155048076923 0.839503875 0.49691955528846155 0.839721951923077 0.4987864278846154 0.8463460360576923 0.4984021682692308 0.8560640793269231 0.4959589086538462 0.8746278485576924 0.48360489182692307
2 0.8655231971153847 0.519844 0.8511846346153846 0.5112781514423077 0.8344063509615385 0.5103719278846154 0.835714826923077 0.5215731658653846 0.8326208677884614 0.5236321682692308 0.8332751057692308 0.5292327884615384 0.8403353485576923 0.5325822740384616 0.8535835096153845 0.5318137548076923 0.8571136322115385 0.5334885 0.8637377139423077 0.5331042403846153 0.8699256370192308 0.5289862355769231 0.8655231971153847 0.519844
2 0.8642694134615384 0.6232905360576922 0.8673633774038462 0.6212315336538462 0.8563368533653846 0.6124735576923077 0.8497127740384616 0.6128578173076923 0.834679125 0.6268865745192307 0.8318032451923076 0.6308124519230769 0.8326755625 0.6382799423076922 0.8428297668269231 0.6395704254807693 0.8430478461538461 0.6414373004807692 0.8562960072115384 0.64066878125 0.8653598125 0.6326249014423078 0.8642694134615384 0.6232905360576922
2 0.8699803317307692 0.6436340096153846 0.8503261658653846 0.6466536610576923 0.8412623629807693 0.6546975408653846 0.8416985192307693 0.6584312884615385 0.8518527235576923 0.6597217716346153 0.8684129278846153 0.658761125 0.8743827716346153 0.6527762475961538 0.8737285336538462 0.6471756274038462 0.8699803317307692 0.6436340096153846
2 0.9646801971153847 0.6550562403846154 0.957183795673077 0.6479730096153846 0.9560933966346153 0.6386386418269231 0.9457211153846153 0.6354812836538462 0.9393151129807692 0.6377324158653846 0.9364392307692307 0.6416582932692307 0.9375296298076923 0.6509926586538461 0.9319959447115385 0.66071128125 0.9388381081730769 0.6621938966346155 0.9587103557692308 0.6610411201923078 0.965116358173077 0.658789985576923 0.9646801971153847 0.6550562403846154
2 1 0.6429734783653847 0.9967102091346154 0.6438005817307692 0.9880825625 0.655578204326923 0.9971055216346154 0.6757295504807692 1 0.6747124038461538 1 0.6429734783653847
2 1 0.802012204326923 0.988968733173077 0.8058886995192308 0.9832169711538461 0.813740451923077 0.9770290456730769 0.8178584567307693 0.9926760865384616 0.8376255408653847 0.9898002067307693 0.8415514182692309 1 0.8379671081730768 1 0.802012204326923
2 0.8684267788461538 0.801604125 0.8518665721153845 0.8025647716346154 0.8454605697115384 0.8048159038461539 0.8423666105769231 0.80687490625 0.8509534086538462 0.8232925048076923 0.8542654495192308 0.823100375 0.8668593725961539 0.8167312379807693 0.8723930576923077 0.8070126177884615 0.8719568990384615 0.8032788677884616 0.8684267788461538 0.801604125
2 1 0.92750734375 0.9998318701923077 0.927427579326923 0.9801777019230768 0.9304472283653846 0.97398978125 0.9345652331730769 0.9642717379807693 0.9370084951923077 0.9454898918269231 0.9474956394230769 0.9490200120192308 0.9491703822115384 0.9496742524038461 0.9547709999999999 0.9532043701923077 0.9564457427884616 0.9664525336538462 0.9556772283653847 0.96998265625 0.9573519711538462 0.9931669423076923 0.9560070625 0.996260903846154 0.9539480600961538 1 0.95373115625 1 0.92750734375
2 0.8258611009615385 0.9224833317307692 0.8192370168269231 0.9228675913461538 0.8099551322115384 0.9290445961538462 0.8070792524038463 0.9329704735576924 0.8081696514423077 0.9423048365384615 0.8116997716346154 0.9439795817307692 0.8251660168269231 0.9450779375 0.8245117764423077 0.9394773197115385 0.8276057379807693 0.9374183149038462 0.8258611009615385 0.9224833317307692