1 0.08480199999999999 0.4844404759615385 0.103286 0.4824285721153846 0.11005 0.47304166586538465 0.104188 0.4442083341346154 0.09021199999999999 0.415375 0.06271 0.400625 0.03701 0.4133660721153846 0.027092 0.47438095192307694 0.022581999999999998 0.4763928581730769 0.055043999999999996 0.4857797620192308 0.08480199999999999 0.4844404759615385
1 0.266338 0.5749583341346154 0.285274 0.5628898798076923 0.28843 0.5722767860576923 0.29339 0.6064732139423077 0.308268 0.6654791658653847 0.31503200000000003 0.6762053581730769 0.330812 0.6641369038461539 0.326754 0.6560922620192307 0.312778 0.6513988100961539 0.306014 0.6326220240384616 0.303308 0.6017797620192308 0.313678 0.5555148798076923 0.327204 0.5461279759615384 0.35560800000000004 0.524 0.375898 0.5132708341346154 0.383112 0.4965089278846154 0.37950399999999995 0.47974702403846153 0.36102 0.4716994038461539 0.35560800000000004 0.45225595192307694 0.33532 0.4160476201923077 0.312778 0.38922618990384616 0.286176 0.38117857211538464 0.255066 0.3818511899038462 0.237032 0.3885565480769231 0.222604 0.40733035817307695 0.21268600000000001 0.42945833413461537 0.20096399999999998 0.46432440384615387 0.19825800000000002 0.5132708341346154 0.200304 0.5656636899038461 0.21043199999999998 0.5809940480769231 0.239738 0.5836755961538461 0.266338 0.5749583341346154
1 0.41759799999999997 0.5139404759615385 0.44555 0.5105892860576924 0.454116 0.5038839278846153 0.45051 0.4938273798076923 0.451862 0.46767559615384613 0.443296 0.44018452403846153 0.427066 0.4234226201923077 0.408128 0.41738690384615384 0.385586 0.4214107139423077 0.37206 0.47035714182692306 0.38017599999999996 0.49717857211538463 0.390094 0.5045535721153847 0.41759799999999997 0.5139404759615385
1 0.48358199999999996 0.49666666586538466 0.50342 0.5006875 0.509732 0.49733631009615387 0.509732 0.4664910721153846 0.5007159999999999 0.4430238100961538 0.47186 0.4289434519230769 0.452474 0.4564345240384616 0.449318 0.48191368990384614 0.454276 0.49733631009615387 0.48358199999999996 0.49666666586538466
1 0.536664 0.49867559615384616 0.55515 0.48928868990384616 0.556952 0.4691755961538462 0.54523 0.44905952403846155 0.53486 0.4369910721153846 0.521786 0.44101190384615385 0.5118659999999999 0.4517410721153846 0.506456 0.4792321418269231 0.50871 0.48928868990384616 0.5262939999999999 0.49800595192307695 0.536664 0.49867559615384616
1 0.646484 0.5248273798076923 0.650992 0.5147708341346153 0.646484 0.4933125 0.641072 0.4799017860576923 0.627096 0.46716368990384616 0.61357 0.47051487980769235 0.6004959999999999 0.48124404807692306 0.594634 0.5140982139423077 0.6018479999999999 0.5161101201923077 0.625292 0.5181220240384615 0.646484 0.5248273798076923
1 0.694214 0.5482946418269231 0.68745 0.5234851201923078 0.679786 0.5067232139423077 0.667162 0.4993482139423077 0.654988 0.5114166658653846 0.6506040000000001 0.5437797620192307 0.659948 0.5449434519230769 0.679786 0.5415892860576923 0.694214 0.5482946418269231
1 0.730782 0.5221458341346155 0.7447579999999999 0.5187916658653846 0.737544 0.48191368990384614 0.7240179999999999 0.4731964278846154 0.7082379999999999 0.4691755961538462 0.69832 0.48124404807692306 0.691106 0.5167797620192307 0.696066 0.5275089278846153 0.715002 0.5268392860576923 0.730782 0.5221458341346155
1 0.8367100000000001 0.5772172620192307 0.8547440000000001 0.5912976201923077 0.8538439999999999 0.5778898798076922 0.85204 0.5524077379807693 0.842572 0.5403392860576923 0.830398 0.5329642860576923 0.814618 0.5349761899038461 0.7988379999999999 0.5524077379807693 0.793428 0.5839226201923077 0.8047 0.5778898798076922 0.818226 0.5738660721153847 0.8367100000000001 0.5772172620192307
1 0.965806 0.4399970240384615 0.953634 0.40580059615384617 0.938304 0.3803214278846154 0.927484 0.3689226201923077 0.893668 0.3615476201923077 0.864362 0.3729464278846154 0.84182 0.4017767860576923 0.8328019999999999 0.46413690384615386 0.8250690913461539 0.47805690144230767 0.8242360000000001 0.48425 0.8224319999999999 0.4909553581730769 0.8648140000000001 0.48223809615384616 0.9094500000000001 0.47352381009615385 0.959946 0.47888690384615384 0.965806 0.4399970240384615
1 0.94427 0.5251517860576923 0.9564419999999999 0.5278333341346154 0.969518 0.5278333341346154 0.9771820000000001 0.5164345240384616 0.996118 0.5090595240384616 0.998 0.49296726201923075 0.9970199999999999 0.39238987980769235 0.973576 0.4540773798076923 0.9659099999999999 0.48358035817307693 0.943818 0.5043660721153846 0.94427 0.5251517860576923
1 0.782734 0.5695267860576924 0.794594 0.5660982139423077 0.794594 0.5553184519230769 0.787016 0.5465 0.77351 0.5509107139423077 0.767368 0.564955358173077 0.772192 0.5695267860576924 0.7764740000000001 0.5695267860576924 0.782734 0.5695267860576924