1 0.6107232932692308 0.29899177403846156 0.5913347956730769 0.30363386057692304 0.5727945937500001 0.3566669591346154 0.5843991490384616 0.3678167908653846 0.6374697596153845 0.36037215384615384 0.6315265889423076 0.3184627620192308 0.6107232932692308 0.29899177403846156
1 0.49396852884615383 0.28144681009615385 0.4741555192307692 0.2830953701923077 0.45858763461538465 0.3146792091346154 0.4632572692307692 0.34760801442307687 0.5215640192307692 0.3488142451923077 0.5180266610576922 0.3097335288461539 0.49396852884615383 0.28144681009615385
1 0.9500900673076923 0.3737353413461539 0.9615526298076923 0.4121566346153846 0.9840547067307692 0.40119778125 0.9778282788461539 0.3714273581730769 0.956741733173077 0.36409533173076924 0.9500900673076923 0.3737353413461539
1 0.4628327572115385 0.34461448557692304 0.45872889423076924 0.3298117043269231 0.43268872836538463 0.3440937980769231 0.4253293004807693 0.3628792451923077 0.43353702403846156 0.3924848100961539 0.4500951971153846 0.38202052403846154 0.4692004399038462 0.38951740384615385 0.4628327572115385 0.34461448557692304
1 0.7247875336538462 0.41065494471153846 0.7213914326923077 0.38670672115384613 0.7027107019230769 0.38220336778846153 0.7025687091346153 0.4094748293269231 0.7247875336538462 0.41065494471153846
1 0.9008415264423076 0.3233138173076923 0.9005590024038461 0.29304882692307693 0.8896622139423077 0.2727535528846154 0.8732460336538461 0.2559463798076923 0.8538575360576923 0.26058846875 0.8418277403846154 0.28884906490384615 0.8453650985576923 0.3279297836538462 0.8549883509615385 0.33924446875 0.8767826634615384 0.3374310552884615 0.9008415264423076 0.3233138173076923
1 0.5647266706730769 0.4270018004807692 0.5616138221153846 0.3909146129807692 0.5381214639423078 0.3807539182692308 0.5340168701923077 0.4083550913461539 0.5647266706730769 0.4270018004807692
1 0.20554834615384615 0.2690988798076923 0.17865915865384616 0.27739392067307694 0.16931842548076922 0.2963442211538462 0.16478869230769233 0.3492201754807692 0.24156455048076925 0.3251646899038461 0.23484261778846155 0.30603647115384613 0.20554834615384615 0.2690988798076923
1 0.8024857019230769 0.23760326201923077 0.7798423677884615 0.2334296201923077 0.7630009447115385 0.25603287259615387 0.7618679375 0.30458874278846154 0.8252695673076923 0.2993133533653846 0.8230057451923076 0.26921321875 0.8024857019230769 0.23760326201923077
1 0.6744059831730769 0.4087892860576923 0.6894066370192308 0.44388733894230764 0.7031344831730769 0.4276008509615385 0.6981815961538461 0.40681101442307693 0.6810576514423077 0.3991492788461538 0.6744059831730769 0.4087892860576923
2 0.5437449350961538 1 0.5405170528846154 0.977237983173077 0.5415080697115384 0.9559535769230769 0.5358474182692308 0.9443091778846154 0.5389609951923077 0.9379924110576923 0.5191479855769231 0.9396409711538461 0.5127795721153846 0.9371420120192308 0.5107982692307692 0.9373068677884615 0.5096659927884615 0.9434587788461539 0.5158857740384616 1 0.5437449350961538 1
2 0.6882663317307693 0.9164827764423078 0.6840212067307692 0.8865475 0.6807663677884614 0.8777317692307692 0.6708598629807692 0.878556048076923 0.665764983173077 0.8850376706730769 0.6632171826923077 0.9094804615384615 0.6661887668269231 0.9304351586538462 0.6705758822115384 0.9330989735576923 0.6804823870192307 0.9322746923076923 0.6882663317307693 0.9164827764423078
2 0.7111921875 0.9509214038461539 0.719117391826923 0.950261983173077 0.7222309663461538 0.9439452139423078 0.7188348677884615 0.9199969927884616 0.7164290552884616 0.9171683197115384 0.7128909639423077 0.9204915600961538 0.6926534447115384 0.9191465913461538 0.6908134038461539 0.9344439423076923 0.6933604783653846 0.952405108173077 0.6997288942307692 0.9549040673076923 0.7096353990384615 0.9540797860576924 0.7111921875 0.9509214038461539
2 0.9696110625000001 0.8930732307692307 0.9776775288461538 0.9075463004807692 0.9864517572115384 0.9128739326923078 0.9939524471153847 0.9092209807692307 0.9966415144230769 0.8999106850961538 0.9915473629807692 0.8639883533653846 0.9882925264423077 0.8551726249999999 0.9858867115384615 0.8523439543269231 0.9779615096153846 0.8530033774038461 0.9748479326923077 0.8593201442307692 0.9728666322115385 0.8594849999999999 0.9660737043269231 0.853992514423077 0.9653659399038462 0.8631379519230769 0.9696110625000001 0.8930732307692307
2 1 0.683275423076923 0.9993342283653847 0.678580608173077 0.9918335360576923 0.6822335600961539 0.987446420673077 0.6795697427884615 0.9858896346153846 0.6827281274038461 0.9867386586538461 0.6887151802884616 0.9915502860576922 0.6943725240384615 1 0.6936694591346153 1 0.683275423076923
2 0.7460109591346153 0.6875432019230769 0.7321418533653846 0.6886971947115386 0.7310095769230769 0.6948491057692308 0.7362457163461538 0.7034999759615383 0.7406328293269231 0.7061637932692307 0.7505393341346154 0.7053395120192308 0.7520961225961538 0.7021811274038462 0.7460109591346153 0.6875432019230769
2 0.7216695769230769 0.6713954495192307 0.715725673076923 0.6718900192307693 0.71232884375 0.6903457548076923 0.7151591682692308 0.6961679519230769 0.7230843725961538 0.6955085264423077 0.7261979519230769 0.6891917620192308 0.726481201923077 0.6770527932692307 0.7216695769230769 0.6713954495192307