1 0.8652722716346154 0.5705176490384616 0.845775951923077 0.5566191995192308 0.8275269086538461 0.5645226610576923 0.8196728173076924 0.58106659375 0.83724034375 0.5852864567307692 0.8560551466346153 0.6113082331730769 0.8652722716346154 0.5705176490384616
1 0.4260841586538462 0.46502105769230767 0.4175717019230769 0.48447860096153844 0.44748612259615383 0.49780780769230765 0.44823709375000004 0.45805534134615383 0.4260841586538462 0.46502105769230767
1 0.3161399014423077 0.4324680264423077 0.30889787500000004 0.4645177716346154 0.34734790624999995 0.44917971875 0.33829283653846154 0.4255023125 0.3161399014423077 0.4324680264423077
1 0.29146925721153844 0.4050396298076923 0.28177897355769227 0.37506612500000003 0.25572214182692304 0.38109409134615385 0.24784490384615385 0.40684773317307693 0.25438225961538463 0.3961310288461538 0.28239103605769234 0.3905719326923077 0.29146925721153844 0.4050396298076923
1 0.19250886298076922 0.40584259615384616 0.18656041826923075 0.4412748269230769 0.22435208173076923 0.4288503894230769 0.22376316826923076 0.4041348605769231 0.20295011778846156 0.39606363701923075 0.19250886298076922 0.40584259615384616
1 0.08458600961538461 0.3461292980769231 0.0851980721153846 0.3616351129807692 0.12364810096153846 0.3462970625 0.10154146875 0.3348433509615385 0.08458600961538461 0.3461292980769231
1 0.07037976442307693 0.29971223076923076 0.048273132211538464 0.28825852163461535 0.026120194711538463 0.29522423557692307 0.011682447115384615 0.34090429807692313 0.04752216105769231 0.3280109879807692 0.07743658653846154 0.3413401899038462 0.07037976442307693 0.29971223076923076
2 0 0.9152052692307693 0.008930360576923077 0.9177337379807693 0.012222189903846156 0.903165670673077 0 0.8925240432692308 0 0.9152052692307693
2 0.12693706490384615 0.8508554182692307 0.12098862259615384 0.8862876490384616 0.14311840625 0.8885316466346154 0.14321100721153845 0.8516927956730769 0.12693706490384615 0.8508554182692307
2 0.1764404110576923 0.8412442211538462 0.17117348557692308 0.8645531274038463 0.21736185096153846 0.8787197115384615 0.2199953125 0.8670652596153846 0.19922856249999998 0.8405746081730769 0.1764404110576923 0.8412442211538462
2 0.11468277163461539 0.8049072235576923 0.10812226201923078 0.824833641826923 0.12176274038461539 0.8373254711538463 0.12900476682692308 0.8052757259615385 0.11468277163461539 0.8049072235576923
2 0.16482133173076924 0.8015921274038462 0.15826082451923076 0.8215185456730769 0.17451161778846155 0.8315656370192308 0.17714507932692308 0.8199111826923077 0.16482133173076924 0.8015921274038462
2 0.2304134158653846 0.8664960144230769 0.23175330048076923 0.8514590745192308 0.22916613701923078 0.8446941009615384 0.22135834615384614 0.8428186057692308 0.22006476682692308 0.8394361177884615 0.21811281971153845 0.8389672451923077 0.21350425721153846 0.8593625360576923 0.2160914206730769 0.8661275120192309 0.21543305288461537 0.8690411225961537 0.22258247596153843 0.873830233173077 0.2304134158653846 0.8664960144230769
2 0.26691149759615385 0.8506890889423077 0.26430118509615386 0.8531338293269232 0.2629844543269231 0.8589610528846153 0.26427803365384617 0.8623435408653847 0.28509108894230767 0.8704147644230769 0.2968027716346154 0.8732280072115385 0.30136503124999997 0.8712521418269231 0.3033401298076923 0.8625113028846154 0.30009460096153845 0.8586599423076924 0.2942387596153846 0.8572533197115385 0.2877940048076923 0.8311311730769231 0.28320859134615384 0.8423167524038462 0.26820507932692306 0.8540715769230769 0.26691149759615385 0.8506890889423077
2 0.31058215384615384 0.8304615576923078 0.3079949927884615 0.8236965841346154 0.2969416778846154 0.8179697283653845 0.29496657932692305 0.8267105673076922 0.29235626442307694 0.8291553076923077 0.29233311298076925 0.8383650192307692 0.29557864182692306 0.8422163822115384 0.3053383798076923 0.84456075 0.3079486923076923 0.8421160120192308 0.31058215384615384 0.8304615576923078
2 0.3658950408653846 0.8406764110576923 0.36525982692307696 0.8343803100961539 0.35876877163461535 0.8266775865384616 0.3412012451923077 0.8224577259615384 0.3379094158653846 0.8370257908653845 0.33920299759615385 0.8404082788461539 0.34701078365384613 0.8422837716346153 0.3483043677884616 0.8456662572115385 0.3639199423076923 0.8494172475961539 0.3658950408653846 0.8406764110576923
2 0.7785150336538462 1 0.7795689375 0.9953359230769231 0.7782753557692307 0.9919534350961539 0.7568039350961538 0.9867958221153846 0.7487491802884616 1 0.7785150336538462 1