1 0.6583327788461539 0.5987469975961539 0.6703502860576923 0.5985058725961538 0.6724266899038462 0.5954448149038462 0.6746500649038462 0.5863420216346154 0.6709381706730769 0.5743389158653847 0.6610705528846155 0.5684981129807692 0.6529853966346154 0.571679733173077 0.6467561850961538 0.5808629038461539 0.6463152716346153 0.5989881201923077 0.6482447043269232 0.6019688028846154 0.6562563774038461 0.6018080528846154 0.6583327788461539 0.5987469975961539
1 0.5288779735576923 0.5711504831730769 0.5465368052884615 0.5858931442307692 0.5506896105769231 0.5797710312500001 0.5509835552884615 0.5676875504807692 0.5530599567307692 0.5646264951923077 0.5513509807692307 0.5525832043269231 0.5416303317307692 0.5407006610576923 0.52760990625 0.5409819711538462 0.5234571009615384 0.5471040865384615 0.5214541826923077 0.5471442740384616 0.5151514879807693 0.5593483173076923 0.5129281153846154 0.5684511129807692 0.5168604639423077 0.5713916057692308 0.5288779735576923 0.5711504831730769
1 0.46849649278846156 0.5844395817307693 0.4765081658653846 0.5842788317307692 0.47858456730769233 0.5812177788461539 0.47702256249999997 0.5631327451923077 0.4693048317307692 0.5512100192307693 0.46537248076923077 0.5482695216346154 0.4532814903846154 0.551531516826923 0.4489817115384615 0.5636953701923078 0.4484673125 0.5848414567307693 0.45039674759615383 0.5878221394230769 0.4664200889423077 0.5875006418269231 0.46849649278846156 0.5844395817307693
1 0.4350347716346154 0.5609558125 0.4328848822115384 0.5670377403846154 0.4367437475961538 0.5729991057692307 0.43852621153846155 0.5820215240384615 0.44646439663461535 0.5848816442307693 0.44697879326923073 0.5637355552884615 0.4532814903846154 0.551531516826923 0.4453433028846154 0.5486713966346154 0.4350347716346154 0.5609558125
1 0.36678859375 0.5683639230769231 0.3632236706730769 0.5503190817307693 0.36129423798076926 0.5473383966346154 0.34534437980769234 0.5446390264423078 0.3350358485576923 0.5569234447115384 0.3328124735576923 0.5660262379807692 0.33244504567307687 0.5811305865384615 0.356406576923077 0.5836692091346154 0.3583360096153846 0.5866498894230769 0.36642116586538465 0.5834682716346153 0.36678859375 0.5683639230769231
1 0.32821875480769236 0.5902735721153847 0.3323715625 0.5841514591346153 0.3325920168269231 0.5750888485576924 0.32888012259615385 0.5630857475961538 0.3190859903846154 0.5542240721153846 0.31100083413461543 0.5574056923076923 0.304771625 0.5665888653846154 0.30254825 0.5756916610576923 0.3022543076923077 0.5877751394230769 0.30618665865384614 0.5907156322115384 0.3102659807692308 0.5876143870192307 0.32821875480769236 0.5902735721153847
1 0.23029623557692308 0.5831801466346154 0.22844028605769232 0.57717859375 0.21679020673076924 0.5623153725961538 0.2087785360576923 0.5624761201923077 0.19847000480769234 0.5747605360576923 0.19632011538461538 0.5808424639423077 0.1959526875 0.5959468125 0.22191713701923074 0.5984452427884616 0.22584948557692305 0.6013857403846153 0.2299288076923077 0.5982844951923076 0.23029623557692308 0.5831801466346154
1 0.04499899519230769 0.6291695625 0.046854939903846156 0.6351711177884615 0.046634485576923075 0.6442337235576924 0.07467533413461538 0.6436710985576923 0.07882813942307693 0.6375489855769231 0.08105151682692308 0.628446189903846 0.07912208413461538 0.6254655072115385 0.07934253846153846 0.6164028990384616 0.07548367548076923 0.6104415336538461 0.07555715865384616 0.6074206658653846 0.06769245913461538 0.601539673076923 0.05567495192307692 0.6017808004807692 0.04729585096153846 0.6170458966346154 0.04707539663461539 0.6261085072115384 0.04499899519230769 0.6291695625
1 0.0875011826923077 0.6102004110576923 0.08557175 0.6072197283653846 0.08579220432692308 0.5981571201923077 0.07807447596153846 0.5862343894230769 0.074142125 0.5832938966346154 0.06412753605769231 0.5834948341346153 0.05589540625 0.5927181899038462 0.05374551682692308 0.5988001201923077 0.05567495192307692 0.6017808004807692 0.08127197115384616 0.6193835817307692 0.08535129326923077 0.6162823365384615 0.0875011826923077 0.6102004110576923
2 0.6865048052884616 0.9056014663461538 0.6713531274038461 0.8937916610576924 0.6707976730769231 0.8929241634615385 0.6640683413461539 0.9063716947115386 0.6525330841346153 0.9110658100961538 0.6496589615384616 0.9162232355769231 0.6571286466346155 0.9221302668269231 0.6838931850961539 0.9260559182692307 0.6877076466346155 0.9170540504807693 0.6865048052884616 0.9056014663461538
2 0.6562960432692309 0.9129046057692308 0.6581797091346153 0.8962873100961539 0.637168298076923 0.8906519855769232 0.6340429903846154 0.8974117139423077 0.6290440673076922 0.9029288100961538 0.6187680673076923 0.8993094182692307 0.6165132908653846 0.9050945288461538 0.6237629495192307 0.9113230120192307 0.6441258629807692 0.9176114591346154 0.6562960432692309 0.9129046057692308
2 0.53913359375 0.9725242740384614 0.5432129134615384 0.969423028846154 0.5433598846153846 0.9633812908653846 0.5214012740384615 0.9608024807692307 0.5154660048076922 0.957902173076923 0.5133896033653846 0.9609632307692307 0.5073808485576923 0.9610837932692308 0.5011516394230769 0.9702669639423077 0.5010046682692308 0.976308701923077 0.5310484350961538 0.975705891826923 0.5331248389423077 0.9726448365384616 0.53913359375 0.9725242740384614
2 0.504771235576923 0.9037676442307692 0.49053035336538464 0.9131115649038463 0.49030989903846156 0.9221741730769231 0.49416876201923077 0.9281355384615384 0.5081891899038461 0.9278542283653847 0.5123419951923076 0.9217321129807693 0.5124889663461538 0.9156903725961538 0.5087770721153846 0.9036872692307691 0.504771235576923 0.9037676442307692
2 0.4619751057692308 0.9348202764423077 0.46204859134615384 0.93179940625 0.4662013990384616 0.9256772908653846 0.4666423100961538 0.9075520745192308 0.4627834447115384 0.9015907115384615 0.45477177403846153 0.9017514591346154 0.4486160480769231 0.9079137620192307 0.44416930288461537 0.9261193533653846 0.4459517644230769 0.9351417740384615 0.4478811947115385 0.9381224591346153 0.45789578365384614 0.9379215216346153 0.4619751057692308 0.9348202764423077
2 0.5140509711538461 0.9337754038461538 0.5100451346153846 0.9338557788461539 0.5038894110576924 0.9400180793269232 0.5017395216346153 0.9461000048076923 0.5015925504807692 0.9521417475961538 0.5035219855769231 0.9551224278846154 0.5155394927884616 0.9548813052884615 0.5176158942307693 0.9518202475961538 0.5179098365384616 0.9397367668269231 0.5140509711538461 0.9337754038461538
2 0.42443406490384616 0.91443775 0.4248014903846154 0.8993334014423078 0.4228720576923077 0.89635271875 0.41893970913461537 0.8934122235576923 0.40877814663461537 0.8996549014423076 0.40662825721153845 0.9057368269230769 0.4064812860576923 0.9117785673076924 0.40841071874999996 0.91475925 0.4143459879807692 0.9176595576923077 0.4223576610576923 0.9174988076923077 0.42443406490384616 0.91443775
2 0.36004675 0.9278072235576923 0.34824969951923074 0.9189857427884616 0.34224094471153843 0.9191063052884616 0.3279265793269231 0.93147109375 0.3277796081730769 0.9375128341346154 0.3297090408653846 0.9404935168269231 0.3597528076923077 0.939890704326923 0.36182921153846154 0.9368296466346154 0.3619761802884615 0.93078790625 0.36004675 0.9278072235576923
2 0.27414173798076924 0.9204726778846154 0.26998892788461537 0.9265947908653847 0.2599743413461538 0.9267957259615385 0.25804490865384616 0.9238150432692307 0.24988626442307693 0.93001753125 0.24780986298076924 0.9330785913461538 0.24758940624999998 0.9421411995192308 0.26160983173076924 0.941859889423077 0.2757772283653846 0.9355368341346153 0.28193295192307694 0.9293745336538461 0.27414173798076924 0.9204726778846154
2 0.32755915144230774 0.9465754423076922 0.3215503966346154 0.9466960048076923 0.3196209639423077 0.9437153221153847 0.30560053846153845 0.9439966346153846 0.30174167548076924 0.9380352692307692 0.29937132932692306 0.9531798052884616 0.3012272764423077 0.9591813557692308 0.30515962740384617 0.9621218533653846 0.3291946418269231 0.9616396057692308 0.3312710456730769 0.9585785456730769 0.32755915144230774 0.9465754423076922
2 0.17411208653846152 1 0.17452905048076922 0.98285925 0.1706701875 0.9768978870192307 0.1585791923076923 0.9801598822115385 0.1565027908653846 0.9832209399038461 0.15620884855769232 0.9953044182692307 0.15766093269230771 1 0.17411208653846152 1
2 0.21659032692307692 0.9820153149038462 0.21866673317307692 0.9789542596153846 0.21874021634615384 0.975933389423077 0.2088725985576923 0.9700925865384615 0.19521960096153845 0.9552695504807692 0.189063875 0.9614318533653846 0.18312860576923076 0.9585315480769231 0.18505803846153845 0.9615122283653845 0.18261420673076925 0.9796776322115384 0.1865465576923077 0.9826181274038461 0.21659032692307692 0.9820153149038462
2 0.08156767788461537 0.9364141466346154 0.08349711057692308 0.939394826923077 0.10552920673076922 0.9389527668269231 0.10760561057692307 0.9358917091346155 0.10782606490384615 0.9268291009615385 0.10189079807692308 0.9239287932692307 0.09624947115384616 0.9089450096153846 0.08623488221153847 0.9091459471153847 0.08237601682692307 0.9031845793269231 0.08029961538461539 0.9062456346153845 0.0799321875 0.921349985576923 0.08186161778846154 0.9243306682692308 0.08156767788461537 0.9364141466346154
2 0.08002089182692308 1 0.08009796875 0.9968315408653846 0.07252721153846155 0.9788670697115385 0.05420700961538461 0.9913122355769232 0.05213060576923077 0.9943732932692307 0.051993730769230764 1 0.08002089182692308 1