0 0.6940000000000001 0.5525525528846154 0.6880000000000001 0.5465465456730769 0.662 0.5705705697115385 0.662 0.5885885889423077 0.6859999999999999 0.59459459375 0.6940000000000001 0.5825825817307693 0.6940000000000001 0.5525525528846154
1 0.46799999999999997 0.4714714711538462 0.44999999999999996 0.4864864855769231 0.452 0.5195195192307692 0.482 0.5075075072115385 0.486 0.4924924927884616 0.46799999999999997 0.4714714711538462
1 0.762 0.3663663653846154 0.7420000000000001 0.3723723725961538 0.73 0.3903903894230769 0.73 0.4204204206730769 0.786 0.40840840865384614 0.78 0.37837837740384617 0.762 0.3663663653846154
1 0.678 0.4174174182692308 0.6499999999999999 0.43543543509615384 0.6479999999999999 0.46246246153846154 0.6920000000000001 0.46246246153846154 0.6900000000000001 0.43243243269230774 0.678 0.4174174182692308
0 0.456 0.6756756754807692 0.43400000000000005 0.6996996995192308 0.43400000000000005 0.7357357355769231 0.46799999999999997 0.7237237235576923 0.47200000000000003 0.7027027019230769 0.456 0.6756756754807692
1 0.77 0.1981981971153846 0.772 0.2402402403846154 0.8119999999999999 0.20720720673076926 0.8 0.1831831826923077 0.77 0.1981981971153846
1 0.536 0.516516516826923 0.526 0.4714714711538462 0.5 0.4714714711538462 0.486 0.4954954951923077 0.482 0.5195195192307692 0.49 0.5285285288461539 0.532 0.5255255264423077 0.536 0.516516516826923
0 0.5579999999999999 0.6216216225961539 0.56 0.6096096105769231 0.55 0.59459459375 0.522 0.6006006009615384 0.518 0.6126126129807692 0.528 0.6246246249999999 0.5479999999999999 0.6336336346153846 0.5579999999999999 0.6216216225961539
3 0.595 0.7307297307692308 0.6066659999999999 0.7632642644230769 0.656 0.7687687692307693 0.66 0.7417417427884616 0.6499999999999999 0.6396396394230769 0.6180000000000001 0.6546546538461538 0.58 0.6546546538461538 0.5579999999999999 0.6696696706730769 0.5399999999999999 0.7267267259615384 0.538 0.7567567572115385 0.5479999999999999 0.7717717716346153 0.583334 0.7632642644230769 0.595 0.7307297307692308
1 0.572 0.4384384375 0.5579999999999999 0.4174174182692308 0.542 0.4174174182692308 0.53 0.43243243269230774 0.53 0.46246246153846154 0.5399999999999999 0.4774774783653846 0.572 0.46246246153846154 0.572 0.4384384375
3 0.628 0.5435435432692308 0.61 0.5465465456730769 0.596 0.5705705697115385 0.5760000000000001 0.5705705697115385 0.5680000000000001 0.5555555552884616 0.554 0.5615615625 0.55 0.5825825817307693 0.564 0.6186186177884616 0.618334 0.6031021009615385 0.628 0.5435435432692308
1 0.596 0.47447447355769234 0.5760000000000001 0.47447447355769234 0.562 0.49849849759615383 0.56 0.5255255264423077 0.566 0.53153153125 0.6159999999999999 0.516516516826923 0.596 0.47447447355769234
1 0.5700000000000001 0.4384384375 0.5760000000000001 0.4594594591346154 0.6 0.4384384375 0.596 0.42942943028846153 0.5700000000000001 0.4384384375
0 0.504 0.6456456466346154 0.494 0.6546546538461538 0.486 0.6906906899038462 0.514 0.6966966971153846 0.518 0.6606606610576923 0.504 0.6456456466346154
0 0.5760000000000001 0.6216216225961539 0.56 0.6246246249999999 0.544 0.6456456466346154 0.546 0.6696696706730769 0.5680000000000001 0.6666666658653846 0.582 0.6516516514423076 0.5760000000000001 0.6216216225961539
2 0.828 0.4714714711538462 0.862 0.4654654663461538 0.864 0.4594594591346154 0.862 0.45645645673076923 0.8506659999999999 0.45645645673076923 0.826 0.45045044951923074 0.824 0.4474474471153846 0.822 0.4474474471153846 0.8200000000000001 0.4534534543269231 0.8140000000000001 0.4534534543269231 0.8119999999999999 0.46246246153846154 0.822 0.47447447355769234 0.826 0.47447447355769234 0.828 0.4714714711538462
0 0.7 0.5375375384615384 0.7060000000000001 0.5375375384615384 0.7080000000000001 0.5405405408653846 0.716 0.5345345336538462 0.716 0.5225225216346154 0.718 0.5195195192307692 0.718 0.5135135144230769 0.714 0.5015015024038462 0.7060000000000001 0.5015015024038462 0.704 0.5045045048076923 0.704 0.5075075072115385 0.6940000000000001 0.5225225216346154 0.6940000000000001 0.5255255264423077 0.7 0.5375375384615384