1 0.7001781346153847 0.46870448557692307 0.7065354711538461 0.3973982139423077 0.6876763365384615 0.38149132932692303 0.6466204495192307 0.3812462908653846 0.6250566442307692 0.4107609206730769 0.6286687475961539 0.4606929014423077 0.6579069639423077 0.514195125 0.6794267908653846 0.5048360889423077 0.7001781346153847 0.46870448557692307
1 0.6037231586538462 0.5242064230769231 0.6145490384615384 0.4892935144230769 0.605117764423077 0.4535095 0.5696101658653846 0.43100235576923074 0.5506711009615385 0.43296843749999997 0.5269767451923077 0.45302891346153845 0.5289639230769231 0.48972694711538456 0.5524269471153846 0.5372215408653847 0.5739027956730769 0.5480181009615385 0.6037231586538462 0.5242064230769231
1 0.5128905913461538 0.2767650721153846 0.4964214519230769 0.2452035673076923 0.4799083365384615 0.2337976610576923 0.4555009134615385 0.24015287980769232 0.4442688004807692 0.27175730528846154 0.45203117067307697 0.3144629639423077 0.47021318990384614 0.3189472259615385 0.5078838822115385 0.2975300168269231 0.5128905913461538 0.2767650721153846
1 0.4111546105769231 0.2892566802884616 0.41571111057692306 0.28533884615384614 0.4140861850961538 0.2721048990384615 0.41038612740384617 0.26248411057692306 0.3992419711538462 0.25377734375 0.3897227403846154 0.25830452163461537 0.39012897115384615 0.26161300961538464 0.38597870432692305 0.26883932932692306 0.3880098581730769 0.28538176682692307 0.3937850528846154 0.29138939423076926 0.4111546105769231 0.2892566802884616
1 0.256595875 0.44592711538461544 0.2561456658653846 0.4627742259615385 0.28795320673076924 0.4756605817307692 0.2966159951923077 0.48467202163461537 0.3247234783653846 0.48793758894230765 0.32887374519230766 0.48071126923076923 0.33013641826923074 0.47048113461538466 0.3227802788461539 0.4310839615384615 0.3079360649038462 0.41275640625 0.2947167764423077 0.40766279807692307 0.2847913149038461 0.40888149278846153 0.2686404495192308 0.42093966586538467 0.26241504807692306 0.43177914903846154 0.26282127884615386 0.4350876346153846 0.256595875 0.44592711538461544
1 0.10328938942307693 0.4076585625 0.11813360336538462 0.42598611778846157 0.16352268509615384 0.46743016586538466 0.17629176442307692 0.48937088221153846 0.2130180576923077 0.521803485576923 0.21798078846153846 0.5211941394230769 0.21635586298076925 0.5079601923076923 0.2105806706730769 0.5019525649038461 0.2089557451923077 0.4887186177884616 0.22059408894230767 0.4604226778846154 0.22352566346153846 0.4432708966346154 0.21657575480769228 0.4071822115384615 0.19018115624999998 0.37683939903846153 0.17366803846153844 0.36543349038461537 0.16333634615384615 0.3633436971153846 0.1261158653846154 0.3679137980769231 0.10996500240384616 0.3799719735576923 0.10166446394230769 0.3944246129807692 0.10328938942307693 0.4076585625
1 0.06308293028846154 0.2648271875 0.05022589423076924 0.28319766346153846 0.05473841346153847 0.29943542548076924 0.07662049278846153 0.31354047596153845 0.08898334134615384 0.33217270432692303 0.09146470673076923 0.33186803125 0.11497171153846154 0.35920702884615385 0.12034067307692307 0.3619061682692308 0.1327475 0.3603828004807692 0.14686720673076922 0.3317821923076923 0.14979878365384616 0.3146304086538461 0.14695516586538462 0.29147099759615386 0.14325510576923078 0.28185021153846157 0.13666744951923077 0.26922560817307695 0.13129848798076924 0.26652646875 0.12222946875 0.25420653846153846 0.10901017788461538 0.24911293269230766 0.0891592548076923 0.25155031971153846 0.08708412259615385 0.2551634783653846 0.06308293028846154 0.2648271875
2 0.08463402884615386 0.8095947163461539 0.07962731971153847 0.8303596586538462 0.07258945673076923 0.8345821682692307 0.07173301442307692 0.8481207908653846 0.09402132451923076 0.8655343269230769 0.1188349783653846 0.8624875937500001 0.12091011298076923 0.8588744302884616 0.17509392067307694 0.8488631298076924 0.1821317860576923 0.8446406225961538 0.18587582211538461 0.8341058149038462 0.17721303365384616 0.825094375 0.15199314663461538 0.8248326201923077 0.1329986658653846 0.8137313846153845 0.1297048389423077 0.8074190841346154 0.10822899038461539 0.7966225216346154 0.10615385576923077 0.8002356826923077 0.09622839423076922 0.8014543749999999 0.08463402884615386 0.8095947163461539
2 0.12370975240384616 0.9021894375 0.09153995913461539 0.865839 0.06636405288461539 0.8454216490384615 0.042362860576923074 0.8550853557692307 0.05170617788461539 0.9311805624999999 0.08437015865384614 0.9305282932692307 0.12077817788461538 0.9193412211538461 0.12452221394230768 0.9088064110576923 0.12370975240384616 0.9021894375
0 0.548243125 0.7493123125000001 0.5473866826923077 0.7628509326923076 0.5411612812500001 0.7736904134615384 0.5423799735576923 0.783615875 0.5473427043269231 0.7830065288461537 0.5746817019230769 0.7594995264423077 0.5809071057692308 0.7486600432692309 0.5821697764423077 0.7384299086538462 0.5863200456730769 0.7312035889423077 0.5851013533653846 0.7212781274038461 0.5818075240384615 0.714965826923077 0.5731447355769231 0.7059543870192309 0.5727385048076923 0.7026458990384616 0.5702571394230769 0.7029505721153846 0.5499560072115385 0.7222350673076924 0.5486933341346154 0.732465201923077 0.5503182596153846 0.7456991514423077 0.548243125 0.7493123125000001
0 0.5130538004807692 0.7704248485576923 0.5270855504807692 0.7821354302884616 0.5345296466346153 0.7812214110576924 0.5428301850961538 0.766768766826923 0.5474306634615385 0.7426953365384615 0.5449932764423078 0.7228444134615385 0.5363304855769231 0.7138329711538461 0.5268112548076923 0.7183601538461539 0.5272174879807692 0.7216686418269231 0.5189169495192307 0.73612128125 0.5193231802884616 0.7394297692307692 0.5135040096153847 0.7535777403846153 0.5151289326923076 0.7668116875 0.5130538004807692 0.7704248485576923
0 0.31675163942307694 0.7307187668269232 0.3192330048076923 0.73041409375 0.32545840625 0.7195746105769231 0.3271273100961538 0.7126529639423077 0.32220855769230766 0.6931067139423077 0.3131395360576923 0.6807867860576924 0.30321407451923077 0.6820054783653846 0.2998762692307692 0.6958487740384616 0.30190742548076926 0.7123912091346154 0.3084950817307692 0.7250158125 0.3109764471153846 0.7247111394230769 0.31675163942307694 0.7307187668269232
0 0.32360175480769227 0.6973351105769231 0.32798374999999996 0.6991143413461539 0.34165324999999996 0.6873608389423077 0.3412470192307693 0.6840523533653846 0.3520289206730769 0.6692950384615385 0.35162268990384615 0.6659865504807693 0.34584749759615385 0.6599789230769232 0.32599657451923075 0.6624163100961538 0.31688357451923077 0.6702519759615384 0.3172898052884615 0.6735604639423076 0.3131395360576923 0.6807867860576924 0.31643336538461536 0.6870990865384615 0.3209553389423077 0.6885823846153846 0.32360175480769227 0.6973351105769231
2 0.49586015625 0.6919351754807692 0.5157955576923077 0.6850778822115384 0.5186426538461538 0.6723460072115385 0.5182364230769231 0.6690375192307693 0.4876475769230769 0.666076625 0.4872413461538461 0.6627681370192308 0.47235315384615384 0.6645961778846154 0.45868365384615384 0.6763496802884615 0.45701474999999997 0.683271326923077 0.4599023461538462 0.6862751418269231 0.4728209375 0.6889607788461538 0.48593469471153844 0.6931538701923077 0.49586015625 0.6919351754807692
2 0.7757162764423077 0.7146653870192308 0.7761225072115384 0.717973875 0.7719722403846153 0.7252001947115385 0.7545587043269231 0.7474885048076924 0.7574023221153846 0.7706479158653846 0.7652526490384616 0.7730423846153845 0.7801408413461538 0.7712143437500001 0.7830284375 0.77421815625 0.7904725336538461 0.7733041370192308 0.7925476682692308 0.7696909783653846 0.8099172259615385 0.767558264423077 0.8260680913461538 0.7555000889423076 0.8302183581730769 0.748273766826923 0.8314810312500001 0.7380436322115386 0.829449875 0.7215011971153846 0.8236746826923077 0.7154935697115385 0.8232684495192307 0.7121850817307693 0.8121242956730769 0.7034783124999999 0.8100491610576923 0.7070914759615385 0.8112678557692308 0.7170169375 0.8091927211538461 0.7206300961538462 0.7943045288461538 0.7224581346153846 0.7860479687499999 0.7167551826923078 0.7757162764423077 0.7146653870192308
2 0.8647655865384615 0.7654414831730769 0.8585675072115385 0.7703903966346155 0.8479501682692308 0.7696051370192307 0.8487626322115385 0.776222110576923 0.8520564591346154 0.7825344134615384 0.8784950360576923 0.7927216274038462 0.9008273245192308 0.7899795673076924 0.90042109375 0.7866710817307693 0.9045713629807692 0.7794447572115384 0.9070527283653846 0.7791400841346154 0.9282103004807692 0.7463169663461537 0.9269916081730769 0.7363915048076923 0.9199977211538461 0.7204584158653845 0.917110125 0.7174546033653846 0.9071846634615385 0.7186732956730769 0.9042970673076923 0.7156694831730769 0.9051095288461538 0.7222864567307692 0.8839959350961538 0.7349539783653847 0.8802556009615384 0.7551604254807691 0.8647655865384615 0.7654414831730769
0 0.67524296875 0.7169268605769231 0.6731678341346155 0.7205400216346154 0.6714549519230769 0.747617264423077 0.6825991081730769 0.7563240336538463 0.6974873004807692 0.7544959927884616 0.7045251658653846 0.7502734879807692 0.7128257019230768 0.73582084375 0.7103883149038462 0.7159699206730769 0.7066882572115385 0.7063491322115384 0.7033944278846154 0.7000368317307692 0.6980254663461539 0.6973376923076924 0.6856186394230769 0.6988610576923077 0.6827310432692308 0.6958572427884615 0.6777683125 0.6964665913461539 0.6740242740384615 0.7070013990384615 0.67524296875 0.7169268605769231
0 0.6163267475961539 0.8114783822115386 0.62377084375 0.8105643629807692 0.6308087091346154 0.8063418533653847 0.6391092451923076 0.7918892115384615 0.6440719759615384 0.7912798653846154 0.6502973798076923 0.7804403822115386 0.648672454326923 0.7672064350961538 0.6524164927884615 0.7566716274038462 0.6479039711538461 0.7404338629807692 0.6421287788461538 0.7344262355769231 0.6160084735576923 0.7678587019230769 0.616414704326923 0.7711671899038461 0.6060390336538461 0.7892329903846154 0.6043701298076922 0.796154639423077 0.6109577860576922 0.8087792403846153 0.6163267475961539 0.8114783822115386