1 0.042456 0.48800000000000004 0.050657999999999995 0.497992 0.051116 0.5126000000000001 0.056592 0.5186853341346154 0.064456 0.5173333341346154 0.07045599999999999 0.5146666658653847 0.084456 0.49600000000000005 0.102456 0.45866666586538457 0.10445600000000001 0.45066666586538456 0.10445600000000001 0.41333333413461537 0.078456 0.40266666586538463 0.056456 0.40266666586538463 0.044456 0.40800000000000003 0.034456 0.41866666586538465 0.026456 0.44 0.026456 0.4613333341346154 0.032456 0.4773333341346154 0.042456 0.48800000000000004
1 0.32 0.184 0.364 0.20800000000000002 0.382 0.20533333413461538 0.392 0.19733333413461537 0.394 0.17333333413461538 0.393332 0.1420373341346154 0.39 0.11733333413461539 0.38 0.09066666586538462 0.368 0.07466666586538462 0.351852 0.06940266586538461 0.33199999999999996 0.06666666586538461 0.312 0.08266666586538461 0.30799999999999994 0.09333333413461539 0.296 0.10666666586538462 0.293782 0.119432 0.292 0.12266666586538462 0.292 0.14666666586538463 0.32 0.184
1 0.5680000000000001 0.2906666658653846 0.574 0.2906666658653846 0.5780000000000001 0.28800000000000003 0.5808340000000001 0.27906400000000003 0.58 0.26933333413461535 0.5760000000000001 0.2613333341346154 0.5680000000000001 0.2613333341346154 0.56 0.2666666658653846 0.5579999999999999 0.27733333413461536 0.562 0.28533333413461537 0.564 0.28533333413461537 0.5680000000000001 0.2906666658653846
1 0.62 0.304 0.629316 0.3147973341346154 0.636 0.32533333413461535 0.644 0.3306666658653846 0.651548 0.3306506658653846 0.65529 0.3268346658653846 0.65595 0.31949333413461534 0.654 0.312 0.65881 0.30687200000000003 0.66 0.2986666658653846 0.662112 0.2857333341346154 0.66 0.28 0.658 0.272 0.651106 0.2657706658653846 0.645604 0.26195466586538463 0.63768 0.26166133413461534 0.633498 0.26195466586538463 0.627554 0.263424 0.622 0.264 0.614 0.26933333413461535 0.612 0.2746666658653846 0.612 0.2906666658653846 0.62 0.3013333341346154 0.62 0.304
1 0.72022 0.2201333341346154 0.75022 0.2201333341346154 0.75622 0.21480000000000002 0.7568739999999999 0.20576799999999998 0.75622 0.1988 0.75422 0.1908 0.7515900000000001 0.1843386658653846 0.74622 0.18013333413461538 0.73622 0.17746666586538462 0.7297980000000001 0.18052266586538462 0.72422 0.18546666586538463 0.72022 0.1908 0.718572 0.20224533413461537 0.71422 0.2094666658653846 0.71422 0.21213333413461538 0.72022 0.2201333341346154
1 0.6923779999999999 0.2051813341346154 0.6964400000000001 0.20117333413461538 0.698542 0.1881546658653846 0.6944400000000001 0.18784 0.6884399999999999 0.18784 0.680712 0.1954933341346154 0.67644 0.20117333413461538 0.67844 0.20650666586538463 0.6864399999999999 0.20650666586538463 0.6923779999999999 0.2051813341346154
1 0.8680000000000001 0.3653333341346154 0.876 0.3706666658653846 0.888 0.3706666658653846 0.894 0.36266666586538465 0.896 0.3573333341346154 0.89676 0.350768 0.8979999999999999 0.34666666586538464 0.899094 0.3376346658653846 0.8979999999999999 0.3226666658653846 0.894 0.3173333341346154 0.8840000000000001 0.312 0.88 0.312 0.878 0.3146666658653846 0.872 0.3146666658653846 0.8680000000000001 0.3173333341346154 0.86 0.328 0.858 0.336 0.86 0.33866666586538463 0.86 0.35466666586538464 0.8680000000000001 0.3653333341346154
1 0.978 0.32533333413461535 0.982478 0.32638133413461534 0.99 0.32533333413461535 0.9920000000000001 0.3173333341346154 0.99 0.3013333341346154 0.9861500000000001 0.2982293341346154 0.982 0.2986666658653846 0.9740000000000001 0.2986666658653846 0.972 0.3013333341346154 0.97 0.3066666658653846 0.97 0.3173333341346154 0.973852 0.3222186658653846 0.978 0.32533333413461535
0 0.26 0.6293333341346153 0.264 0.6293333341346153 0.26999999999999996 0.6133333341346154 0.279678 0.5984373341346154 0.286132 0.5976186658653846 0.28800000000000003 0.6186666658653847 0.29 0.6213333341346154 0.296 0.6213333341346154 0.298 0.6186666658653847 0.298 0.6106666658653845 0.3 0.608 0.3 0.592 0.302 0.5893333341346154 0.3 0.584 0.3 0.5653333341346154 0.298 0.56 0.294 0.5573333341346154 0.292 0.56 0.28400000000000003 0.56 0.27799999999999997 0.5626666658653846 0.268 0.5680000000000001 0.258 0.5813333341346154 0.256 0.6106666658653845 0.258 0.6133333341346154 0.258 0.624 0.26 0.6293333341346153
0 0.336536 0.42552 0.343298 0.419784 0.346372 0.4308506658653846 0.346372 0.44929600000000003 0.350674 0.4501146658653846 0.354362 0.4451973341346154 0.358 0.43466666586538466 0.358 0.432 0.366 0.41866666586538465 0.366 0.41333333413461537 0.36200000000000004 0.40800000000000003 0.359894 0.3996986658653846 0.347294 0.399288 0.338 0.3973333341346154 0.33199999999999996 0.40800000000000003 0.32700999999999997 0.42634133413461534 0.32700999999999997 0.43658933413461537 0.332542 0.43863733413461536 0.336536 0.42552
0 0.6319999999999999 0.41866666586538465 0.6340939999999999 0.4242853341346154 0.636 0.4293333341346154 0.6386620000000001 0.4300986658653846 0.6397 0.41708533413461535 0.6453059999999999 0.4198533341346154 0.648214 0.4215146658653846 0.650496 0.421792 0.65195 0.4201306658653846 0.651328 0.41459199999999996 0.6479999999999999 0.41066666586538464 0.6421920000000001 0.40213066586538465 0.64 0.3973333341346154 0.636 0.3946666658653846 0.624 0.3946666658653846 0.62 0.3973333341346154 0.62 0.40533333413461536 0.6280739999999999 0.41126933413461536 0.6319999999999999 0.41866666586538465
0 0.836484 0.477096 0.838484 0.4797626658653846 0.8401940000000001 0.48135999999999995 0.846484 0.4797626658653846 0.8494240000000001 0.474024 0.8504839999999999 0.461096 0.8484839999999999 0.45576266586538466 0.844276 0.45555999999999996 0.839662 0.4560346658653846 0.836484 0.45576266586538466 0.835048 0.46124000000000004 0.836112 0.468816 0.834692 0.475208 0.836484 0.477096
0 0.8140000000000001 0.424 0.8157599999999999 0.4239173341346154 0.8197599999999999 0.417088 0.8240799999999999 0.4200746658653846 0.826 0.4239173341346154 0.83 0.424 0.83 0.42135466586538467 0.83 0.41866666586538465 0.8244 0.41111200000000003 0.8200000000000001 0.40800000000000003 0.8160000000000001 0.40800000000000003 0.8099999999999999 0.41333333413461537 0.8079999999999999 0.41866666586538465 0.8079999999999999 0.424 0.8099999999999999 0.42666666586538465 0.8140000000000001 0.424
2 0.794554 0.5840426658653846 0.798554 0.581376 0.80013 0.5800746658653846 0.8005 0.5739173341346153 0.800554 0.565376 0.794554 0.557376 0.7925540000000001 0.557376 0.786554 0.565376 0.786554 0.5760426658653846 0.788554 0.581376 0.794554 0.5840426658653846
2 0.828936 0.572688 0.8283820000000001 0.5729333341346154 0.827828 0.5778586658653846 0.828936 0.5785973341346154 0.830782 0.58032 0.832812 0.5822906658653846 0.8346600000000001 0.5832773341346154 0.836506 0.5854933341346154 0.838168 0.586232 0.84223 0.5867226658653846 0.8431540000000001 0.588448 0.843708 0.5847546658653846 0.844446 0.5830293341346153 0.8425999999999999 0.5768746658653846 0.842414 0.5724400000000001 0.8425999999999999 0.5702240000000001 0.842414 0.5687466658653846 0.8409380000000001 0.5665306658653846 0.839644 0.5652986658653846 0.838722 0.5652986658653846 0.836136 0.565792 0.8339200000000001 0.565792 0.8290740000000001 0.5635493341346154 0.830412 0.5702240000000001 0.829674 0.5707173341346153 0.828936 0.572688
2 0.546486 0.597384 0.5452359999999999 0.6000506658653847 0.543486 0.6040533341346154 0.543236 0.60872 0.5452359999999999 0.6173866658653846 0.547736 0.6203866658653846 0.5502360000000001 0.6203866658653846 0.552236 0.6190533341346154 0.555234 0.6200533341346154 0.557234 0.6170533341346154 0.560734 0.6160533341346154 0.563234 0.6160533341346154 0.565234 0.6120533341346154 0.5657340000000001 0.6070533341346154 0.567234 0.6020533341346154 0.568232 0.6000506658653847 0.568982 0.5957173341346154 0.569232 0.5927173341346154 0.5657340000000001 0.5917173341346154 0.559484 0.5920506658653847 0.555984 0.5870506658653846 0.55086 0.5812506658653847 0.5492360000000001 0.5860506658653846 0.548486 0.5937173341346154 0.5482360000000001 0.5947173341346154 0.546486 0.597384
2 0.5829799999999999 0.5897173341346154 0.58323 0.5907173341346155 0.58573 0.593384 0.58998 0.596384 0.59198 0.5980506658653846 0.596228 0.6020506658653846 0.599478 0.6030506658653846 0.600728 0.6030506658653846 0.603228 0.6017173341346154 0.6057279999999999 0.600384 0.606478 0.598384 0.607228 0.5970506658653846 0.607728 0.5957173341346154 0.607978 0.592384 0.607978 0.5897173341346154 0.605978 0.5857146658653846 0.605978 0.585048 0.604978 0.585048 0.601228 0.581048 0.598228 0.5847146658653846 0.596228 0.5863813341346154 0.5836680000000001 0.5750026658653846 0.577732 0.5757146658653846 0.578982 0.582048 0.579482 0.585048 0.5829799999999999 0.5897173341346154
2 0.7257039999999999 0.44374399999999997 0.7250460000000001 0.4475386658653846 0.7237340000000001 0.4487066658653846 0.7224200000000001 0.45337599999999995 0.720888 0.457464 0.720888 0.4615493341346154 0.720888 0.4641786658653846 0.7217640000000001 0.4691386658653846 0.723514 0.4703066658653846 0.7261399999999999 0.4708906658653846 0.7281099999999999 0.471184 0.73205 0.47147466586538467 0.7346760000000001 0.4703066658653846 0.7359899999999999 0.46884800000000004 0.7366459999999999 0.46476 0.7366459999999999 0.4621333341346154 0.736208 0.4583386658653846 0.7346760000000001 0.45396000000000003 0.735114 0.447832 0.7366459999999999 0.4469546658653846 0.73993 0.4422853341346154 0.74365 0.436448 0.74365 0.4326533341346154 0.745182 0.42798133413461537 0.7438680000000001 0.42652266586538456 0.739054 0.425064 0.737522 0.425064 0.7342380000000001 0.42477066586538464 0.731612 0.4236026658653846 0.729642 0.4202933341346154 0.727016 0.42798133413461537 0.726578 0.43236 0.726578 0.4387813341346154 0.7257039999999999 0.44374399999999997
2 0.710842 0.42714666586538463 0.708502 0.42810666586538465 0.706884 0.430984 0.704186 0.433624 0.703466 0.43698400000000004 0.703106 0.4401013341346154 0.7036460000000001 0.44130133413461536 0.7049040000000001 0.4415413341346154 0.708502 0.4422613341346154 0.7111999999999999 0.4417813341346154 0.71318 0.44130133413461536 0.7164180000000001 0.4403413341346154 0.719656 0.4389013341346154 0.719656 0.437944 0.721634 0.436504 0.723074 0.436024 0.723074 0.434344 0.724332 0.430744 0.7250519999999999 0.42498666586538464 0.725952 0.4211493341346154 0.726672 0.41754933413461537 0.725952 0.412992 0.726672 0.410352 0.725232 0.408192 0.7205560000000001 0.409152 0.7176760000000001 0.40867200000000004 0.71318 0.406752 0.71174 0.412992 0.7121000000000001 0.4201893341346154 0.7121000000000001 0.4233066658653846 0.710842 0.42714666586538463
2 0.9189999999999999 0.45474400000000004 0.9204399999999999 0.4562373341346154 0.9222 0.45880000000000004 0.92412 0.4596533341346154 0.92556 0.45922666586538463 0.9268400000000001 0.45751733413461537 0.9292400000000001 0.45538399999999996 0.9297200000000001 0.452824 0.93196 0.44919733413461543 0.93292 0.447488 0.9330799999999999 0.4445013341346154 0.93196 0.44300799999999996 0.92892 0.4445013341346154 0.92732 0.44471466586538466 0.92364 0.4445013341346154 0.92124 0.4445013341346154 0.91948 0.44236800000000004 0.9151600000000001 0.444928 0.91452 0.44983733413461535 0.91596 0.4523973341346154 0.9189999999999999 0.45474400000000004
2 0.93212 0.46775999999999995 0.93276 0.4707493341346154 0.93388 0.47181599999999996 0.9374 0.4726693341346154 0.94204 0.4726693341346154 0.9438 0.472456 0.94508 0.4690426658653846 0.94652 0.4652 0.94876 0.4630666658653846 0.94876 0.46136 0.9478000000000001 0.45901333413461537 0.9447599999999999 0.45815733413461535 0.9428399999999999 0.45645066586538463 0.9401200000000001 0.4538906658653846 0.9401200000000001 0.453464 0.9382 0.4493866658653846 0.93564 0.4585866658653846 0.9346800000000001 0.46114666586538466 0.9330799999999999 0.46456 0.93212 0.46775999999999995