1 0.4 0.5283582091346154 0.40599999999999997 0.5283582091346154 0.40599999999999997 0.5044776129807692 0.398 0.4895522379807692 0.39 0.48656716346153844 0.38 0.4925373125 0.376 0.4985074615384616 0.376 0.5044776129807692 0.384 0.5074626875 0.4 0.5283582091346154
1 0.45799999999999996 0.5223880600961539 0.47200000000000003 0.5313432836538461 0.484 0.5313432836538461 0.486 0.5283582091346154 0.486 0.5104477620192308 0.48800000000000004 0.5044776129807692 0.486 0.4955223870192308 0.482 0.4895522379807692 0.474 0.4835820889423077 0.46799999999999997 0.4835820889423077 0.456 0.4955223870192308 0.456 0.4985074615384616 0.452 0.5044776129807692 0.452 0.5134328365384616 0.45799999999999996 0.5223880600961539
1 0.588 0.5164179110576923 0.598 0.5164179110576923 0.608 0.5044776129807692 0.612 0.4925373125 0.612 0.48656716346153844 0.604 0.46567164182692306 0.6 0.4626865673076923 0.59 0.4626865673076923 0.588 0.46567164182692306 0.588 0.47462686538461535 0.584 0.4835820889423077 0.5860000000000001 0.5104477620192308 0.588 0.5164179110576923
1 0.746 0.4985074615384616 0.752 0.4985074615384616 0.766 0.48656716346153844 0.772 0.48656716346153844 0.7739999999999999 0.4835820889423077 0.7759999999999999 0.47164179086538466 0.7739999999999999 0.46567164182692306 0.766 0.45373134375 0.748 0.45373134375 0.746 0.4567164182692308 0.746 0.4597014927884615 0.7420000000000001 0.46567164182692306 0.7420000000000001 0.4895522379807692 0.746 0.4985074615384616
0 0.77 0.6925373125000001 0.7759999999999999 0.6925373125000001 0.78 0.6895522379807691 0.78 0.6656716418269231 0.77 0.6597014927884615 0.764 0.6686567163461539 0.764 0.6805970144230769 0.766 0.6895522379807691 0.77 0.6925373125000001
0 0.744 0.4477611947115384 0.744 0.4388059711538462 0.738 0.4298507451923077 0.73 0.4298507451923077 0.728 0.43283581971153845 0.7260000000000001 0.4417910456730769 0.732 0.45373134375 0.736 0.45373134375 0.744 0.4477611947115384
0 0.638 0.6656716418269231 0.644 0.6656716418269231 0.6499999999999999 0.6597014927884615 0.6499999999999999 0.6447761201923077 0.652 0.6417910456730769 0.646 0.6328358197115385 0.64 0.6328358197115385 0.636 0.6388059711538462 0.636 0.6447761201923077 0.638 0.6477611947115385 0.638 0.6656716418269231
0 0.512 0.6298507451923077 0.516 0.6238805961538462 0.512 0.6089552235576924 0.506 0.6029850745192308 0.5 0.6029850745192308 0.49600000000000005 0.6089552235576924 0.498 0.6208955216346154 0.504 0.6268656706730769 0.512 0.6298507451923077
0 0.52 0.5940298509615385 0.52 0.5492537307692308 0.514 0.5611940288461539 0.512 0.5701492548076923 0.512 0.5910447764423077 0.514 0.5940298509615385 0.52 0.5940298509615385
0 0.44200000000000006 0.54626865625 0.44 0.5343283581730769 0.436 0.5313432836538461 0.43 0.5343283581730769 0.42600000000000005 0.5402985072115385 0.42600000000000005 0.5492537307692308 0.436 0.5522388052884616 0.44200000000000006 0.54626865625
2 0.37 0.865671641826923 0.372 0.8716417908653846 0.376 0.8776119399038461 0.384 0.8776119399038461 0.386 0.8716417908653846 0.382 0.8417910456730768 0.38 0.8388059711538461 0.37 0.8388059711538461 0.368 0.8417910456730768 0.368 0.85373134375 0.37 0.8567164182692307 0.37 0.865671641826923
2 0.394 0.8776119399038461 0.39599999999999996 0.8776119399038461 0.4 0.8835820889423077 0.40399999999999997 0.8835820889423077 0.412 0.8776119399038461 0.41800000000000004 0.865671641826923 0.41800000000000004 0.8597014927884616 0.414 0.8507462692307691 0.414 0.8388059711538461 0.412 0.8328358197115384 0.394 0.8328358197115384 0.392 0.8358208966346155 0.392 0.8597014927884616 0.394 0.8626865673076923 0.394 0.8776119399038461
2 0.796 0.8507462692307691 0.802 0.8477611947115384 0.802 0.8238805961538461 0.8 0.8149253725961538 0.788 0.8149253725961538 0.786 0.811940298076923 0.782 0.8149253725961538 0.782 0.8388059711538461 0.778 0.8477611947115384 0.78 0.8507462692307691 0.796 0.8507462692307691
2 0.766 0.8238805961538461 0.77 0.8238805961538461 0.7739999999999999 0.8179104471153846 0.7759999999999999 0.8089552235576923 0.7759999999999999 0.8059701490384616 0.772 0.8029850745192307 0.764 0.8029850745192307 0.762 0.8 0.752 0.8 0.74 0.8059701490384616 0.736 0.8089552235576923 0.736 0.8179104471153846 0.7420000000000001 0.8208955216346154 0.766 0.8238805961538461
2 0.674 0.8417910456730768 0.678 0.8388059711538461 0.678 0.8298507451923077 0.672 0.8208955216346154 0.672 0.8149253725961538 0.67 0.811940298076923 0.6639999999999999 0.811940298076923 0.658 0.8238805961538461 0.656 0.8328358197115384 0.658 0.8328358197115384 0.6639999999999999 0.8417910456730768 0.674 0.8417910456730768
2 0.438 0.8507462692307691 0.44200000000000006 0.8447761201923077 0.438 0.8149253725961538 0.43400000000000005 0.811940298076923 0.42600000000000005 0.811940298076923 0.42 0.8179104471153846 0.41800000000000004 0.8268656706730769 0.41800000000000004 0.8417910456730768 0.43 0.8507462692307691 0.438 0.8507462692307691
1 0.552 0.5104477620192308 0.5559999999999999 0.5044776129807692 0.572 0.4955223870192308 0.58 0.5044776129807692 0.582 0.5044776129807692 0.582 0.4925373125 0.574 0.4835820889423077 0.56 0.4835820889423077 0.552 0.4925373125 0.55 0.5014925384615384 0.55 0.5104477620192308 0.552 0.5134328365384616 0.552 0.5104477620192308