1 0.510146358173077 0.3480839927884615 0.5043119735576923 0.3493673605769231 0.49936670913461534 0.3545644014423077 0.4957551274038462 0.3656319519230769 0.5004505649038461 0.3728176153846154 0.5168147692307692 0.37743653846153846 0.5401523052884616 0.3723030649038461 0.5388186225961539 0.3664325576923077 0.5148417932692307 0.3552696538461539 0.510146358173077 0.3480839927884615
1 0.5579347355769231 0.45057651682692307 0.5604073653846154 0.44797799759615387 0.5577400024038461 0.43623698076923073 0.5458765 0.4244641778846154 0.5357912403846155 0.42051872115384614 0.5270396658653846 0.42244377403846156 0.5220944014423077 0.42764081249999997 0.5191772067307693 0.42828249759615383 0.5101758028846154 0.4425902524038462 0.5115094879807692 0.4484607596153846 0.5191221153846154 0.45500473798076924 0.5258456177884615 0.45763504326923077 0.5350417572115385 0.45766682451923074 0.5404315817307692 0.45442662259615385 0.5579347355769231 0.45057651682692307
1 0.5711613653846154 0.5627260865384616 0.5689385625 0.55294190625 0.5626596177884615 0.5522684375 0.5359603269230769 0.5560867572115384 0.5280978701923077 0.5619254831730769 0.5193462956730769 0.5638505336538462 0.5168736634615384 0.5664490552884616 0.5190964663461538 0.5762332355769231 0.52290278125 0.5795052235576923 0.5451013677884615 0.58284078125 0.5509357524038461 0.5815574134615384 0.5617154014423077 0.5750770024038462 0.5711613653846154 0.5627260865384616
1 0.5793325408653847 0.7335171754807692 0.5878893846153846 0.7172525865384615 0.586555704326923 0.7113820793269231 0.5769150048076923 0.7093934567307693 0.55357746875 0.7145269278846154 0.5486322067307692 0.71972396875 0.5457150144230769 0.7203656514423076 0.5432423846153847 0.7229641730769232 0.5472434302884616 0.7405756995192309 0.5606904399038461 0.7458363076923077 0.5669693846153846 0.7465097764423076 0.57819359375 0.7419862067307693 0.5806662235576924 0.7393876850961539 0.5793325408653847 0.7335171754807692
0 0.7568367043269231 0.6924176129807692 0.7494188100961539 0.7002131754807692 0.7574759975961538 0.7087139903846154 0.7808135336538461 0.7035805192307693 0.7828416057692308 0.6990251610576923 0.7815079230769231 0.6931546514423077 0.777701610576923 0.6898826634615385 0.7685054735576924 0.6898508798076922 0.7568367043269231 0.6924176129807692
0 0.5266834471153846 0.7040057115384616 0.5183764302884616 0.7078875985576923 0.5159037980769231 0.7104861201923077 0.5176820384615385 0.7183134639423077 0.5277673004807693 0.722258920673077 0.5365188774038462 0.7203338677884615 0.5405750192307692 0.71122315625 0.5396858966346154 0.707309483173077 0.5266834471153846 0.7040057115384616
0 0.7084090360576922 0.5736287163461539 0.7050472836538462 0.5723135649038462 0.6992128990384615 0.5735969326923077 0.6942676346153847 0.5787939735576922 0.6956013149038461 0.5846644807692308 0.7056865769230769 0.5886099375 0.7081592067307692 0.5860114182692308 0.7227451658653846 0.5828029975961538 0.7272458701923077 0.5756491201923077 0.7259121875 0.5697786105769231 0.7084090360576922 0.5736287163461539
0 0.6389217235576923 0.4430352307692308 0.6339764615384615 0.44823227163461543 0.6353101442307693 0.45410277884615385 0.6424782115384615 0.4586899230769231 0.6579532932692308 0.45939517548076925 0.6628985552884615 0.4541981322115385 0.6582031201923078 0.4470124711538462 0.6510350552884615 0.4424253317307692 0.6389217235576923 0.4430352307692308
0 0.585912610576923 0.4793509471153846 0.6296704951923077 0.46972568750000004 0.6283368100961538 0.4638551778846154 0.6249750576923077 0.4625400264423077 0.6045547139423078 0.46703181490384615 0.5962476971153846 0.47091370192307697 0.585912610576923 0.4793509471153846
0 0.551321420673077 0.3945017331730769 0.54973790625 0.40101392788461543 0.5535442211538462 0.40428591346153847 0.5656575504807692 0.4036760168269231 0.5701582524038462 0.39652213942307696 0.5650182572115384 0.3873796418269231 0.5562666826923077 0.38930469471153845 0.551321420673077 0.3945017331730769
2 0.8617929278846154 0.26456971875 0.8530413509615384 0.2664947716346154 0.8496795985576924 0.26517961778846155 0.8380108293269231 0.2677463557692308 0.8355381971153846 0.27034487500000004 0.8377610024038462 0.28012905769230767 0.8411227572115384 0.2814442091346154 0.8711837980769231 0.2789410408653846 0.8765736201923077 0.27570083653846156 0.8747953774038462 0.2678734927884615 0.8680718725961539 0.2652431875 0.8617929278846154 0.26456971875
2 0.8868536129807693 0.2939858341346154 0.8859644903846154 0.29007215865384617 0.8792409855769231 0.28744185576923076 0.8787964254807693 0.28548501923076924 0.8642104639423077 0.2886934375 0.8608487115384615 0.28737828846153846 0.8375111754807693 0.2925117596153846 0.8350385408653846 0.2951102788461539 0.8390395865384614 0.31272180528846155 0.8453185360576924 0.3133952740384615 0.8569873028846153 0.31082853846153846 0.866628 0.31281715865384613 0.8724623846153846 0.31153379086538463 0.8827974711538461 0.3030965456730769 0.8868536129807693 0.2939858341346154
2 0.9383419134615385 0.6689295817307692 0.9349801610576923 0.6676144278846153 0.9271177043269231 0.6734531514423078 0.9037801658653847 0.678586625 0.9017520961538461 0.6831419807692308 0.9051138485576923 0.6844571346153846 0.9077812139423076 0.6961981514423077 0.9169773509615384 0.6962299350961538 0.9403148870192308 0.6910964639423077 0.9418983990384615 0.6845842716346154 0.9383419134615385 0.6689295817307692
2 0.9049191153846153 0.6701175961538461 0.9098643774038462 0.6649205552884615 0.9089752572115385 0.6610068822115385 0.9007233365384616 0.63816653125 0.8964724615384616 0.6329377067307692 0.8877208846153846 0.6348627596153846 0.8856928149038462 0.6394181153846153 0.882525795673077 0.6524425 0.8847485985576923 0.6622266802884614 0.8881103509615385 0.6635418341346154 0.88988859375 0.6713691802884616 0.89369490625 0.6746411682692308 0.8966121009615384 0.673999485576923 0.9049191153846153 0.6701175961538461
2 0.9060286177884616 0.5671423100961538 0.9038058173076924 0.5573581274038462 0.8937205552884616 0.553412670673077 0.8932759927884616 0.5514558341346154 0.8849689783653846 0.5553377235576923 0.874633891826923 0.5637749663461539 0.8759675745192308 0.5696454783653846 0.8793293269230769 0.5709606274038461 0.8851637115384615 0.5696772620192307 0.8952489687499999 0.57362271875 0.9040005504807692 0.5716976658653846 0.9060286177884616 0.5671423100961538
2 0.8491248485576922 0.31666726201923073 0.8345388870192308 0.3198756826923077 0.8262318701923077 0.3237575697115384 0.8217311682692308 0.3309114471153846 0.8235094110576924 0.33873879326923073 0.8273157259615385 0.3420107836538462 0.8573767692307693 0.3395076153846154 0.8623220336538462 0.3343105721153846 0.8605437908653847 0.3264832283653846 0.8491248485576922 0.31666726201923073
1 0.5501568245192308 0.5241992596153846 0.5551020865384616 0.5190022211538461 0.5580192764423078 0.5183605360576923 0.5546575240384615 0.5170453822115385 0.5459059495192308 0.5189704350961539 0.5375989302884615 0.5228523245192307 0.5306255961538462 0.5326047211538462 0.5337375216346154 0.5463025769230769 0.5442673413461538 0.5522048677884616 0.5559361129807692 0.5496381322115385 0.5554915504807693 0.5476812980769231 0.5449617307692308 0.5417790048076923 0.5501568245192308 0.5241992596153846