1 0.16199999999999998 0 0.148 0.018072288461538463 0.14 0.04216867548076923 0.134 0.05120481971153846 0.134 0.06325301201923077 0.128 0.08132530048076923 0.128 0.09638554326923078 0.14 0.12349397596153847 0.178 0.13554216826923077 0.20199999999999999 0.13554216826923077 0.20400000000000001 0.1325301201923077 0.228 0.13855421634615384 0.23600000000000002 0.13554216826923077 0.24000000000000002 0.12650602403846153 0.242 0.1174698798076923 0.238 0.10240963942307692 0.238 0.07831325240384615 0.232 0.04216867548076923 0.222 0.021084336538461538 0.20400000000000001 0 0.16199999999999998 0
1 0.40599999999999997 0.2891566274038462 0.40800000000000003 0.28313253125000004 0.41600000000000004 0.28313253125000004 0.424 0.27108433653846153 0.424 0.25602409615384614 0.41600000000000004 0.2228915673076923 0.41000000000000003 0.21385542067307692 0.4 0.20481927644230769 0.382 0.20481927644230769 0.374 0.21084337259615385 0.374 0.21385542067307692 0.368 0.21987951923076923 0.36200000000000004 0.2409638557692308 0.36 0.2740963846153846 0.37 0.2951807235576923 0.38799999999999996 0.2981927716346154 0.40599999999999997 0.2891566274038462
1 0.47000000000000003 0.3132530120192308 0.494 0.31024096394230766 0.508 0.2951807235576923 0.509702 0.2915 0.508 0.27710843269230767 0.506 0.26807228846153847 0.504 0.2620481923076923 0.494 0.25 0.48800000000000004 0.24698795192307693 0.47800000000000004 0.24698795192307693 0.474 0.25 0.46599999999999997 0.2650602403846154 0.464 0.2740963846153846 0.464 0.2981927716346154 0.46599999999999997 0.30722891586538464 0.47000000000000003 0.3132530120192308
1 0.5606800000000001 0.34252409615384616 0.56 0.3524096394230769 0.564 0.35843373557692304 0.5704400000000001 0.3613283125 0.5834 0.36205421634615387 0.58628 0.35819578365384613 0.59 0.35843373557692304 0.592 0.3554216875 0.592 0.34036144471153845 0.59 0.3313253004807692 0.58068 0.3222710841346154 0.573 0.3225120480769231 0.566 0.32530120432692305 0.566 0.3283132524038462 0.562 0.3343373485576923 0.5606800000000001 0.34252409615384616
1 0.602 0.38855421634615384 0.606606 0.3856355432692308 0.6159999999999999 0.3825301201923077 0.624 0.37349397596153844 0.624 0.3644578317307693 0.6159999999999999 0.3493975913461539 0.611796 0.3484849399038461 0.608 0.3493975913461539 0.602 0.3493975913461539 0.598 0.3554216875 0.596 0.36144578365384616 0.59655 0.36803915625 0.596874 0.3800150600961538 0.602 0.38855421634615384
1 0.644324 0.3832620480769231 0.6423240000000001 0.3712138557692307 0.638324 0.3651897596153846 0.633206 0.3641265072115385 0.629638 0.3641265072115385 0.6243240000000001 0.3682018076923077 0.621366 0.37879216826923073 0.622324 0.3862740961538461 0.6423240000000001 0.3862740961538461 0.644324 0.3832620480769231
1 0.6876 0.3890361442307692 0.6896 0.39506024038461535 0.6936 0.39204819230769233 0.6936 0.3739759038461538 0.6876 0.3649397596153846 0.6816 0.3649397596153846 0.6756 0.3709638557692308 0.6736 0.37698795192307694 0.6736 0.3860240961538462 0.6776 0.3890361442307692 0.6876 0.3890361442307692
1 0.70724 0.4019126514423077 0.71216 0.4010843365384615 0.72016 0.4010843365384615 0.72216 0.39506024038461535 0.72216 0.3860240961538462 0.72016 0.38 0.7161599999999999 0.3739759038461538 0.70816 0.3739759038461538 0.70416 0.38 0.70228 0.39034036057692306 0.70416 0.39807228846153847 0.70724 0.4019126514423077
1 0.75 0.40963855528846155 0.7579999999999999 0.40963855528846155 0.762 0.4066265072115384 0.762 0.3975903605769231 0.7579999999999999 0.38855421634615384 0.7525999999999999 0.3867259038461538 0.748 0.38855421634615384 0.744 0.39156626442307696 0.7420000000000001 0.3945783125 0.7420000000000001 0.40361445673076923 0.744 0.4066265072115384 0.75 0.40963855528846155
1 0.79864 0.4086746995192308 0.80072 0.40312048076923074 0.79864 0.39060240865384616 0.79664 0.3875903605769231 0.7916000000000001 0.38696686778846157 0.78664 0.3875903605769231 0.78464 0.39060240865384616 0.78264 0.3966265072115384 0.78296 0.40336144471153845 0.78464 0.4086746995192308 0.79864 0.4086746995192308
2 0.33399999999999996 0.9969879519230769 0.336 0.9909638557692309 0.33999999999999997 0.9849397596153846 0.34199999999999997 0.9849397596153846 0.348 0.963855420673077 0.348 0.9578313245192308 0.33999999999999997 0.96686746875 0.326 0.9698795192307692 0.314 0.96686746875 0.312 0.9728915673076923 0.318 0.9939759038461538 0.32 0.9969879519230769 0.33399999999999996 0.9969879519230769
2 0.402 0.8734939759615384 0.398 0.8765060240384616 0.39 0.8765060240384616 0.392 0.8825301201923076 0.398 0.8825301201923076 0.402 0.8795180721153847 0.41800000000000004 0.8644578317307693 0.428 0.8493975913461539 0.432 0.8343373485576924 0.432 0.819277108173077 0.43 0.8132530120192307 0.42600000000000005 0.8102409639423077 0.422 0.8132530120192307 0.422 0.8313253004807692 0.41800000000000004 0.8403614447115384 0.41800000000000004 0.8463855432692308 0.402 0.8734939759615384
2 0.538 0.6987951802884615 0.544 0.6987951802884615 0.5479999999999999 0.6927710841346154 0.5479999999999999 0.6746987956730769 0.542 0.6566265072115385 0.538 0.6506024086538461 0.534 0.6506024086538461 0.532 0.6536144567307692 0.53 0.6626506033653846 0.534 0.6746987956730769 0.534 0.6867469879807693 0.538 0.6987951802884615
2 0.598 0.6566265072115385 0.604 0.6445783125000001 0.6 0.641566264423077 0.592 0.6265060240384616 0.584 0.6265060240384616 0.582 0.6295180721153847 0.584 0.647590360576923 0.592 0.6566265072115385 0.598 0.6566265072115385
2 0.648752 0.6101204807692308 0.652752 0.5980722884615385 0.650752 0.5830120480769231 0.642752 0.5830120480769231 0.6407520000000001 0.5860240961538461 0.638648 0.5964246995192307 0.638752 0.6071084326923077 0.6407520000000001 0.6101204807692308 0.648752 0.6101204807692308
2 0.7 0.5958795192307692 0.704 0.5838313245192308 0.7 0.5717831322115384 0.696 0.5687710841346154 0.6920000000000001 0.5717831322115384 0.6920000000000001 0.59286746875 0.6940000000000001 0.5958795192307692 0.7 0.5958795192307692
2 0.6819999999999999 0.601277108173077 0.6839999999999999 0.5952530120192308 0.683748 0.5885963846153847 0.6833340000000001 0.5804548197115385 0.676682 0.5788885552884616 0.672 0.5801927716346154 0.67 0.5832048197115385 0.67 0.5982650600961539 0.672 0.601277108173077 0.6819999999999999 0.601277108173077
2 0.7438 0.5807650600961538 0.74748 0.5788373485576923 0.74844 0.5732921682692308 0.74752 0.5667469879807693 0.7435200000000001 0.5607228918269231 0.73752 0.5607228918269231 0.73352 0.5637349399038462 0.73352 0.5697590360576923 0.73952 0.5787951802884616 0.7438 0.5807650600961538
2 0.459094 0.7858795192307693 0.465094 0.7919036153846153 0.475094 0.7949156634615384 0.47909399999999996 0.7919036153846153 0.47909399999999996 0.7587710841346154 0.477094 0.7527469879807692 0.467094 0.7527469879807692 0.465094 0.7617831322115385 0.461094 0.7678072283653846 0.459094 0.7678072283653846 0.459094 0.7858795192307693
0 0.662494 0.5141385552884615 0.6690079999999999 0.5071295192307692 0.66845 0.4894668677884615 0.660214 0.48916265144230764 0.658214 0.4973162644230769 0.657096 0.5096536153846154 0.662494 0.5141385552884615
0 0.763 0.5078644567307692 0.7639600000000001 0.49388253125 0.7598 0.49412349278846157 0.75644 0.5037650600961538 0.75884 0.5107560240384615 0.763 0.5078644567307692
3 0.77108 0.44882228846153843 0.77428 0.47244578365384615 0.7800400000000001 0.4796746995192308 0.7986 0.4801566274038462 0.7989200000000001 0.4669006033653846 0.7946000000000001 0.4519578317307692 0.7960400000000001 0.4367710841346154 0.7987599999999999 0.4247198798076923 0.7786000000000001 0.4199397596153846 0.7760400000000001 0.42496084375000004 0.7715599999999999 0.4343614447115384 0.77108 0.44882228846153843
0 0.5924 0.5409277115384615 0.59768 0.5361084326923077 0.5986400000000001 0.5170662644230769 0.59192 0.5153795192307692 0.59224 0.5185120480769231 0.5874400000000001 0.5276716875 0.5924 0.5409277115384615