1 0.21008633173076924 0.6722395024038461 0.22965226201923078 0.5990940865384615 0.2202758966346154 0.5886664567307692 0.1944585889423077 0.5932995721153846 0.17782242307692306 0.6235332091346154 0.18573390865384615 0.6554167283653847 0.21008633173076924 0.6722395024038461
1 0.16033935336538463 0.5963949591346154 0.1784404014423077 0.5447054302884615 0.17629153365384614 0.5269256298076923 0.14380009855769232 0.5267013221153847 0.13077768028846154 0.5532588749999999 0.13292654807692308 0.5710386802884615 0.16033935336538463 0.5963949591346154
1 0.35253983653846155 0.537682516826923 0.35039096634615385 0.5199027163461538 0.33704270913461537 0.510187875 0.32324979567307693 0.5133806538461538 0.3106720360576923 0.5270305865384615 0.3108226081730769 0.5526864591346153 0.3234346201923077 0.5822641153846153 0.3286463846153846 0.5842050144230769 0.33369876442307694 0.5792534903846154 0.35253983653846155 0.537682516826923
1 0.43303816105769233 0.5229004086538461 0.42765558413461535 0.5094732764423078 0.4130157740384615 0.5083281466346153 0.40213825240384615 0.5096716610576923 0.3906169927884615 0.5244580697115384 0.39058468990384615 0.5577671634615384 0.40210992067307694 0.5859745913461538 0.4183556370192308 0.5860867475961539 0.4349927980769231 0.5496161298076923 0.43303816105769233 0.5229004086538461
1 0.3758376346153846 0.5089963774038462 0.37516447596153846 0.49358876442307686 0.3713878076923077 0.47912865384615383 0.35692684375000006 0.47969834134615386 0.34990053846153846 0.48601228365384613 0.35006345913461534 0.5041484807692307 0.360242125 0.5202238725961539 0.37015756490384616 0.5181053846153846 0.3741164471153846 0.5190812884615384 0.3758376346153846 0.5089963774038462
1 0.49121014423076925 0.4128871730769231 0.49947977403846155 0.44773399038461537 0.51714475 0.4334163509615384 0.526045670673077 0.41571838461538463 0.5250967019230769 0.40570090144230775 0.5112648365384616 0.39415034134615384 0.5012375072115385 0.39717296394230767 0.49121014423076925 0.4128871730769231
1 0.7189100240384616 0.3326662283653846 0.7248678653846153 0.33159704807692303 0.732095360576923 0.3242448701923077 0.7247049447115385 0.3134608485576923 0.7174774471153846 0.32081302644230775 0.7162077908653846 0.32709601923076925 0.7189100240384616 0.3326662283653846
1 0.8184025817307692 0.29967365865384615 0.8299601177884616 0.2945719927884615 0.8268997355769231 0.2860384855769231 0.8225696995192308 0.28378797115384613 0.8169700024038461 0.2878204567307692 0.8157003461538461 0.2941034495192308 0.8184025817307692 0.29967365865384615
0 0.2445314110576923 0.7054165072115384 0.2512055384615385 0.7102739254807692 0.26347936538461536 0.7110988653846154 0.2696324278846154 0.6948567884615385 0.2681998509615385 0.6830035865384616 0.26009314182692306 0.6662929663461538 0.2557631057692308 0.6640424495192309 0.24781931730769233 0.6654680240384615 0.24293591346153848 0.6754271081730769 0.24039659855769233 0.6879930961538462 0.24182917548076924 0.699846298076923 0.2445314110576923 0.7054165072115384
0 0.2323882019230769 0.7560368557692307 0.2367182403846154 0.7582873677884615 0.2403319879807692 0.75461128125 0.2482757764423077 0.7531857091346155 0.25677293269230766 0.7395505384615385 0.25534035336538463 0.7276973365384615 0.24524769951923078 0.7113431057692308 0.23730391346153848 0.7127686802884615 0.23043456009615385 0.7230841562499999 0.22789524278846154 0.7356501442307692 0.2300441105769231 0.7534299471153846 0.2323882019230769 0.7560368557692307
0 0.3825378509615385 0.604960875 0.39246758413461535 0.60317890625 0.39735098798076923 0.593219826923077 0.39699284375 0.5902565240384615 0.39031871394230766 0.5853991057692307 0.3899605697115385 0.5824358052884615 0.3733567091346154 0.5793603509615385 0.36974296153846153 0.5830364375 0.37117553846153845 0.5948896394230769 0.37820781009615384 0.6027103629807692 0.3825378509615385 0.604960875
0 0.3968299254807693 0.5721203293269231 0.39412768750000005 0.5665501225961539 0.39214174278846153 0.5669065144230769 0.38725833653846153 0.5768655985576923 0.387974625 0.5827921995192308 0.39266280769230766 0.5880060120192308 0.39663469951923075 0.5872932259615384 0.39826250240384614 0.5839735336538461 0.3968299254807693 0.5721203293269231
0 0.504493795673077 0.4892201971153846 0.51696284375 0.4748722403846154 0.5182325 0.4685892475961539 0.5171580673076923 0.45969934375 0.5151721225961539 0.4600557379807692 0.5104839399038462 0.45484192307692306 0.5068701899038461 0.45851801201923076 0.5003589807692308 0.47179678846153844 0.4963870889423077 0.4725095745192308 0.49511743028846156 0.47879256971153844 0.4994474711538462 0.4810430841346154 0.504493795673077 0.4892201971153846
0 0.5955215 0.43655370673076926 0.5948052115384616 0.4306271033653846 0.5924611201923077 0.4280201971153846 0.5825313870192308 0.42980216346153843 0.5852336225961539 0.4353723701923077 0.586666201923077 0.4472255721153846 0.5926240408653846 0.4461563894230769 0.5942518413461538 0.44283669711538465 0.5955215 0.43655370673076926
0 0.7259680288461539 0.3805885793269231 0.7284453701923077 0.37422509615384614 0.7255943173076923 0.3685483846153846 0.7199552091346154 0.3741350264423077 0.7259680288461539 0.3805885793269231
2 0.36896346634615385 0.8284096802884615 0.3620941129807692 0.8387251538461539 0.34819248557692306 0.84121990625 0.34584839663461536 0.8386130024038461 0.3359186634615385 0.84039496875 0.3333793461538462 0.8529609567307692 0.3380675288461538 0.8581747716346153 0.34239756730769233 0.8604252836538462 0.35431324519230767 0.8582869230769231 0.35594104807692306 0.8549672307692308 0.36388483413461536 0.85354165625 0.36749858173076927 0.8498655673076924 0.36876824278846154 0.8435825745192307 0.3707541899038462 0.8432261802884615 0.3772653966346154 0.8299474038461538 0.3765491081730769 0.8240208028846154 0.3698749783653846 0.8191633822115385 0.36951683413461534 0.8162000841346154 0.36896346634615385 0.8284096802884615
2 0.4182216826923077 0.8498456322115384 0.4267188389423077 0.8362104615384616 0.43016966826923075 0.8143981778846154 0.42945337980769227 0.8084715793269232 0.4234955384615385 0.8095407596153846 0.4242118269230769 0.8154673581730769 0.4209562235576923 0.8221067475961538 0.42131436778846154 0.825070048076923 0.40125967788461536 0.8438068774038462 0.3999900192307692 0.8500898725961539 0.40900823798076924 0.857554201923077 0.4182216826923077 0.8498456322115384
2 0.42281155288461536 0.7703050649038462 0.4316668533653846 0.7596331971153846 0.4329365120192307 0.7533502019230769 0.4318620793269231 0.7444603004807693 0.4203045408653846 0.7495619639423077 0.41740708173076924 0.7591646514423077 0.4094632956730769 0.7605902259615385 0.4105377307692307 0.769480125 0.41486776682692306 0.7717306394230768 0.42281155288461536 0.7703050649038462
2 0.4991567355769231 0.7808249110576924 0.5040401418269231 0.770865829326923 0.5096398389423077 0.7668333485576924 0.5089235504807692 0.7609067451923077 0.4885107139423077 0.7766802740384615 0.4818365841346154 0.7718228581730769 0.47822283413461536 0.7754989423076922 0.47766946875 0.7877085384615385 0.4800135576923077 0.7903154447115385 0.4899432908653846 0.7885334759615384 0.4991567355769231 0.7808249110576924
2 0.5533952716346154 0.6923745072115385 0.5510511802884616 0.6897675985576923 0.5306383461538462 0.7055411298076923 0.5300849759615385 0.7177507259615384 0.5347731586538461 0.7229645384615384 0.5407309975961538 0.7218953557692308 0.5443447475961538 0.7182192716346154 0.5524837572115385 0.7016208004807692 0.5533952716346154 0.6923745072115385
2 0.5597758629807692 0.6276504423076923 0.5541761682692308 0.6316829230769231 0.5548924567307693 0.6376095240384616 0.5572365456730769 0.6402164302884615 0.5608502980769231 0.63654034375 0.5687940841346154 0.6351147716346154 0.581979420673077 0.6266934134615384 0.5836072235576923 0.6233737211538461 0.5828909350961539 0.6174471201923077 0.57820275 0.6122333052884615 0.5742308581730768 0.6129460913461539 0.5689893052884616 0.6199418725961539 0.56303146875 0.6210110528846153 0.5597758629807692 0.6276504423076923
2 0.6148290024038462 0.6298810192307692 0.6124849086538462 0.6272741153846154 0.608513016826923 0.6279869014423076 0.6032714663461538 0.6349826802884616 0.5933417307692308 0.6367646466346154 0.5877420360576923 0.6407971298076922 0.58881646875 0.6496870288461539 0.6027180961538462 0.6471922764423077 0.60994559375 0.6398401033653845 0.6148290024038462 0.6298810192307692