1 0.7650209134615384 0.5751005552884615 0.7330077307692308 0.5635807932692308 0.7461807067307693 0.603182079326923 0.761942733173077 0.6150389831730769 0.785384766826923 0.6071684831730769 0.7947908124999999 0.5689448269230769 0.7929214038461538 0.5542152499999999 0.7650209134615384 0.5751005552884615
1 0.699268514423077 0.5705572836538462 0.6962774639423077 0.5469899615384615 0.6625382475961538 0.5539664519230769 0.6785588990384616 0.5839092331730769 0.699268514423077 0.5705572836538462
3 0.6482436274038462 0.5055274158653846 0.6620209927884615 0.5177947043269231 0.6694423749999999 0.47998142788461534 0.6833349927884615 0.47710875240384615 0.6911583798076923 0.49060718509615386 0.6523590913461538 0.3293293533653846 0.6415727740384616 0.3406293918269231 0.6367685600961538 0.39906407692307694 0.6431245432692307 0.44914464182692304 0.65330646875 0.46517860576923076 0.6482436274038462 0.5055274158653846
2 0.6334654110576923 0.05207615625 0.6534272620192307 0.032832375 0.6640983245192308 0.03667229807692308 0.6603595096153847 0.007213141826923077 0.651673108173077 0.0029628389423076926 0.5972242788461538 0.02329128125 0.6334654110576923 0.05207615625
2 0.5298020889423077 0.13397585576923077 0.5481531610576923 0.11808837259615385 0.5307522379807692 0.06122197355769231 0.5140119423076923 0.07375315625 0.5298020889423077 0.13397585576923077
2 0.5177507548076923 0.10321231249999999 0.47247746153846154 0.11559701201923077 0.49842141105769233 0.14348788221153846 0.5186418894230769 0.14232997596153846 0.5244806177884616 0.15623879086538464 0.5177507548076923 0.10321231249999999
2 0.46617772115384615 0.1622480360576923 0.45240035576923077 0.14998075240384615 0.4349122980769231 0.15662010336538462 0.44820052884615386 0.1810814326923077 0.46804712740384613 0.17697761298076922 0.46617772115384615 0.1622480360576923
2 0.3804915889423077 0.22531433653846153 0.38146985817307694 0.20092625 0.3652186995192308 0.20126338942307692 0.36547732692307694 0.21934926442307695 0.3804915889423077 0.22531433653846153
2 0.35118270673076923 0.1709102307692308 0.33766397115384617 0.1767288173076923 0.3409136466346154 0.21838201682692307 0.3528216057692308 0.21591972596153844 0.3561584158653846 0.19406717307692306 0.35118270673076923 0.1709102307692308
2 0.33470104086538466 0.20152728846153847 0.32313884134615384 0.15856970192307693 0.31036786778846154 0.17028012259615383 0.3152283245192308 0.2085770216346154 0.32316696153846153 0.2069354951923077 0.33470104086538466 0.20152728846153847
2 0.6439622067307693 0.18292758413461538 0.6350171778846154 0.16059140625 0.6130706658653846 0.1802455673076923 0.6159464615384616 0.21895285096153844 0.6350452980769231 0.20895719951923078 0.6439622067307693 0.18292758413461538
1 0.42935478125000004 0.6263692307692307 0.4314828173076923 0.6591846802884616 0.4381845600961538 0.6638453653846154 0.44215387740384615 0.6630246033653846 0.44376465625 0.6596683052884615 0.44971863461538464 0.6584371586538461 0.45455097355769236 0.6483682668269231 0.45702476682692306 0.6357638413461538 0.4524229375 0.6155528149038462 0.4500643966346154 0.6130172788461539 0.43220245913461536 0.6167107187499999 0.42935478125000004 0.6263692307692307