1 0.30529093990384615 0.12355793028846153 0.31154766586538457 0.12068083413461538 0.3095306225961538 0.10741077644230769 0.30159303125 0.09922948798076922 0.29957598798076923 0.08595943269230769 0.29594336298076923 0.0840804639423077 0.2699079326923077 0.0889538173076923 0.2616994471153846 0.10101032451923077 0.26270796874999996 0.10764535336538462 0.27461436057692307 0.11991728365384616 0.28187961057692307 0.12367521875000001 0.30165831490384615 0.12167896394230769 0.30529093990384615 0.12355793028846153
1 0.31214498317307693 0.2126904014423077 0.32304285336538463 0.21832730288461538 0.34282155769230765 0.2163310480769231 0.3612555673076923 0.20548808653846157 0.36058322355769235 0.2010647355769231 0.35331797115384617 0.19730680288461538 0.33945982451923074 0.1942142860576923 0.32721725721153844 0.1797306778846154 0.3120144110576923 0.16779145432692305 0.3001733028846154 0.17796899759615387 0.29230099278846156 0.1922371826923077 0.29398186057692305 0.20329556490384615 0.30191945673076925 0.21147685096153845 0.31214498317307693 0.2126904014423077
1 0.40980488461538467 0.45883274038461536 0.4223183389423077 0.45307855048076917 0.40173671875 0.4057525072115385 0.3941352956730769 0.39978289903846154 0.3878785673076923 0.40265999038461536 0.3779892139423077 0.4036581201923077 0.3592190336538461 0.41228940384615387 0.3532984807692308 0.4173781754807692 0.34805026923076926 0.4268902980769231 0.34973113942307693 0.43794868028846157 0.36560632932692305 0.4543112548076923 0.36890278125000003 0.45397854567307694 0.3830971033653846 0.45928273798076924 0.40980488461538467 0.45883274038461536
1 0.40009189423076924 0.7472506586538461 0.4083656610576923 0.757643625 0.4189273605769231 0.7610688509615385 0.42915288701923077 0.7622823990384616 0.4423386899038461 0.7609515625000001 0.4515556947115385 0.7555300817307693 0.45021100240384615 0.7466833725961538 0.44657837499999997 0.7448044086538462 0.4438889879807692 0.7271109975961539 0.44025636298076926 0.7252320288461539 0.4389116706730769 0.7163853245192308 0.4352790432692308 0.714506358173077 0.4253896923076923 0.715504485576923 0.4128762355769231 0.7212586754807693 0.4010351298076923 0.7314362163461539 0.39874719951923077 0.7384039567307692 0.40009189423076924 0.7472506586538461
1 0.36452277644230774 0.5352624423076923 0.35301784375 0.5476516586538461 0.3553710576923077 0.563133391826923 0.36330865384615385 0.5713146802884616 0.3666051057692308 0.5709819711538462 0.38443205288461535 0.5781651322115384 0.39432140384615383 0.5771670024038461 0.3979540288461539 0.57904596875 0.4042107572115385 0.5761688774038461 0.41739656009615383 0.5748380384615385 0.42432563461538464 0.5763842956730769 0.4302461875 0.5712955240384615 0.42230859134615384 0.5631142379807692 0.4213000721153846 0.5564792091346153 0.4176674471153846 0.5546002427884615 0.4120177836538461 0.53945121875 0.3968149375 0.5275119951923076 0.3862532379807692 0.5240867692307692 0.3740759543269231 0.5320526370192308 0.36452277644230774 0.5352624423076923
1 0.3993640072115384 0.6103421466346154 0.40299663461538465 0.6122211153846154 0.4194788870192308 0.6105575697115385 0.41611714903846153 0.5884408052884615 0.4029313461538461 0.5897716418269231 0.39667462019230765 0.5926487379807692 0.39142641105769227 0.6021608629807692 0.3993640072115384 0.6103421466346154
1 0.4664876514423077 0.7877070985576923 0.44771746634615384 0.7963383822115385 0.43291608413461535 0.8090603100961539 0.434933125 0.8223303701923077 0.44683951923076926 0.8346023004807692 0.46069766826923075 0.8376948149038461 0.4936621754807692 0.8343677259615384 0.5044947620192308 0.8175551514423076 0.4806819759615385 0.7930112908653846 0.4664876514423077 0.7877070985576923
1 0.5010579927884615 0.8830246033653846 0.5099388245192308 0.8753914447115385 0.5072494350961538 0.8576980336538462 0.5036168100961539 0.8558190697115384 0.49830331971153846 0.8428817187500001 0.49467069471153846 0.8410027524038461 0.46829909134615383 0.8436644254807693 0.44623245432692304 0.8526284182692307 0.4436083509615385 0.8573844807692308 0.4459615649038462 0.8728662139423077 0.4499303653846154 0.8769568605769231 0.4680934855769231 0.8863516947115385 0.5010579927884615 0.8830246033653846
1 0.43526929807692305 0.8245420432692309 0.4313005 0.8204514014423077 0.42403525240384615 0.81669346875 0.4075529975961538 0.8183570144230768 0.4012962692307692 0.821234108173077 0.38979133173076924 0.833623326923077 0.3911360288461539 0.84247003125 0.40566652644230766 0.8499859014423077 0.4320381322115385 0.8473242283653846 0.43762251442307687 0.8400237788461538 0.43526929807692305 0.8245420432692309
1 0.4391075264423077 0.7837337427884615 0.43251462259615386 0.7843991610576923 0.4200011706730769 0.7901533509615385 0.42033734134615386 0.7923650264423077 0.4144167860576923 0.7974538004807693 0.4150891346153846 0.8018771514423076 0.4226905576923077 0.8078467620192308 0.4296196322115385 0.8093930192307692 0.4444210144230769 0.7966710913461538 0.4463727740384615 0.7874916778846154 0.4391075264423077 0.7837337427884615
2 0.910705576923077 0.6934690576923077 0.9117140961538461 0.7001040865384615 0.9087538221153846 0.7026484711538461 0.9357977740384615 0.7044101538461539 0.9450147788461538 0.6989886706730769 0.9436700841346154 0.6901419639423078 0.9324360360576923 0.6822933870192307 0.9152814374999999 0.679533579326923 0.910705576923077 0.6934690576923077
2 0.8807666346153845 0.7167012355769231 0.8771340096153846 0.7148222716346153 0.8808319182692308 0.7391507091346153 0.8844645432692307 0.7410296778846154 0.9075396971153846 0.7387007139423076 0.9101638004807693 0.7339446514423076 0.9078105865384616 0.7184629158653847 0.9005453365384616 0.7147049807692307 0.8807666346153845 0.7167012355769231
2 0.8814487259615384 0.6110889014423078 0.8748558245192307 0.6117543197115385 0.8702799639423078 0.6256897956730769 0.8613991322115384 0.6333229543269231 0.8620714807692308 0.6377463076923077 0.8696729038461538 0.6437159158653846 0.8677211466346153 0.6528953317307693 0.8749863942307693 0.656653266826923 0.8944289278846154 0.6524453365384615 0.8850813533653846 0.6129678701923077 0.8814487259615384 0.6110889014423078
2 0.8588958533653847 0.7930136490384616 0.8592320288461538 0.7952253245192308 0.8701299014423077 0.8008622259615384 0.8869483269230769 0.8014103557692308 0.8842589375000001 0.7837169447115385 0.87995396875 0.7774146274038463 0.8733610649038461 0.7780800432692309 0.8615199591346154 0.7882575865384616 0.8588958533653847 0.7930136490384616
2 0.8971280649038461 0.5601030552884615 0.8957833701923076 0.5512563533653846 0.8918145697115385 0.5471657115384615 0.8848854975961539 0.5456194519230769 0.8749961442307692 0.5466175769230769 0.8720358653846154 0.5491619663461539 0.8694117620192308 0.5539180264423077 0.8710926298076923 0.5649764086538461 0.8747252548076924 0.566855375 0.881654329326923 0.5684016322115385 0.8945039591346154 0.5648591177884615 0.8971280649038461 0.5601030552884615
2 0.9490683557692308 0.5054574134615385 0.9523648052884616 0.5051247043269231 0.9579491899038461 0.49782425480769227 0.9505533677884616 0.449167375 0.9465845697115385 0.4450767331730769 0.9432881177884614 0.4454094423076923 0.9459775072115384 0.46310285336538465 0.9381051971153845 0.4773710384615385 0.9321846442307693 0.48245981009615385 0.9331931658653846 0.48909483653846153 0.9368257884615385 0.4909738028846154 0.9378343100961538 0.49760883413461543 0.9418031057692308 0.5016994783653846 0.9490683557692308 0.5054574134615385
2 0.8653123942307693 0.5049284375 0.8745293990384616 0.4995069567307692 0.8771535048076923 0.49475089423076923 0.8758088100961537 0.48590418990384615 0.8560301057692308 0.4879004447115385 0.8587194927884615 0.5055938557692308 0.8653123942307693 0.5049284375
2 0.8193969302884615 0.13679203365384615 0.8185189807692308 0.17505595192307694 0.8310977211538462 0.19175123557692306 0.83836296875 0.19550916826923076 0.8482523221153847 0.19451104086538462 0.8512125985576924 0.19196665625 0.8431444326923077 0.1388864230769231 0.8391756346153846 0.13479578125 0.8193969302884615 0.13679203365384615
2 0.7086720480769231 0.04691516586538461 0.7350436538461539 0.04425349278846154 0.7380039326923077 0.04170910576923077 0.7353145408653846 0.024015697115384614 0.7290941826923076 0.01620209375 0.7064667259615385 0.015699259615384615 0.7039656177884616 0.015951697115384616 0.7010053389423077 0.01849608173076923 0.7036947283653846 0.03618949519230769 0.7007344495192308 0.03873387740384615 0.7050394230769231 0.04503619951923077 0.7086720480769231 0.04691516586538461
2 0.6991841538461538 0.0725744423076923 0.6998565024038462 0.07699779567307694 0.7117628942307692 0.08926972596153847 0.7153955216346154 0.09114869471153846 0.7219884206730769 0.09048327403846154 0.7156011225961538 0.048461423076923076 0.6991188701923078 0.050124968750000005 0.7021444302884615 0.07003005528846154 0.6991841538461538 0.0725744423076923