1 0.19677576201923078 0.013118384615384615 0.17771780048076924 0.10066166105769231 0.2783838774038462 0.12562429807692307 0.29168121153846155 0.11098097596153847 0.2958880985576923 0.0693479014423077 0.2882026153846154 0.01921350721153846 0.19677576201923078 0.013118384615384615
1 0.2951883870192308 0.01967922596153846 0.2956061225961539 0.11207346394230769 0.3719219615384616 0.12414343269230768 0.3924882764423077 0.1145808389423077 0.39749593028846153 0.07928551923076924 0.39171699278846156 0.026114466346153848 0.2951883870192308 0.01967922596153846
1 0.47621407932692306 0.1103687548076923 0.479840125 0.07163143749999999 0.4674056081730769 0.04065344230769231 0.4418936875 0.03355228365384615 0.4209664591346154 0.055244144230769225 0.40949059134615384 0.09179649038461538 0.42032356730769227 0.1100989735576923 0.46233590384615386 0.12790782932692307 0.47621407932692306 0.1103687548076923
1 0.39429285096153843 0.053934497596153846 0.4045449855769231 0.07513273557692307 0.4135564927884615 0.07152619471153845 0.43227104807692307 0.028818069711538462 0.3947067668269231 0.026313783653846155 0.39429285096153843 0.053934497596153846
1 0.5473643846153846 0.09654145673076922 0.5340670504807693 0.11118477884615384 0.5282586225961539 0.14014234134615383 0.5349467620192307 0.14811882451923078 0.5731751730769231 0.14347242067307692 0.5813069711538461 0.10293183173076924 0.5473643846153846 0.09654145673076922
1 0.6527561418269231 0.12893433653846154 0.6497729879807692 0.11281682692307693 0.6387200865384616 0.08528083413461539 0.6230204399038463 0.08091088942307692 0.5967866875 0.09806826442307694 0.5808050697115384 0.1364238798076923 0.582987451923077 0.14620363221153848 0.6404795024038462 0.1591489278846154 0.6527561418269231 0.12893433653846154
1 0.7127125528846154 0.10893382692307692 0.685238173076923 0.10128642067307693 0.6674350865384615 0.11773301442307692 0.6547975360576923 0.160076875 0.7167953437500001 0.17121889423076922 0.7237654567307692 0.13646981971153846 0.7127125528846154 0.10893382692307692
1 0.8160008677884616 0.16214324278846154 0.8066904903846154 0.12591998076923078 0.7809586418269231 0.10958531009615384 0.7533432764423077 0.12330068509615384 0.7307524591346154 0.18427610817307694 0.7585877524038461 0.17979424278846154 0.8096115961538461 0.1939965625 0.8160008677884616 0.16214324278846154
1 0.9045312932692308 0.19595769471153845 0.8756753004807692 0.18486829086538462 0.8245894110576923 0.22262504326923077 0.81565684375 0.256827875 0.9061497259615384 0.2911885673076923 0.9185673485576923 0.23961119951923077 0.9045312932692308 0.19595769471153845
1 1 0.19054609134615383 0.9740969471153846 0.25201024759615387 0.961837201923077 0.3647801971153846 0.9521038653846153 0.3926452740384615 0.9994227259615385 0.4149886201923077 1 0.41497948076923075 1 0.19054609134615383
0 0.5929631274038462 0.592307951923077 0.591000673076923 0.5917617115384616 0.58787653125 0.5970069807692308 0.5777822788461539 0.6370013221153846 0.5825868990384616 0.6750278557692307 0.5853501249999999 0.6819118557692309 0.5918183317307693 0.680654829326923 0.5931999471153846 0.6840968269230768 0.5982865432692308 0.6793978004807693 0.6094014951923077 0.6549747259615385 0.6111440216346155 0.646287454326923 0.61034325 0.6399497019230769 0.6056175697115385 0.6325194567307691 0.6011118173076923 0.6343227307692308 0.5952244495192308 0.6326840024038461 0.5938428365384616 0.6292420000000001 0.5936229086538461 0.6200084903846155 0.5967470504807693 0.6147632211538462 0.5929631274038462 0.592307951923077
2 0.4656741201923077 0.8137017524038461 0.4690181875 0.8176899975961539 0.4768680096153846 0.81987496875 0.48900365625000003 0.8110231586538461 0.4921277980769231 0.8057778894230769 0.4966335528846154 0.8039746201923077 0.5018611370192307 0.7779128149038462 0.5010603653846154 0.7715750576923077 0.49575384375 0.7670405721153847 0.48201665384615383 0.7632168725961539 0.47693005769230773 0.7679158966346153 0.47148254567307696 0.7847441923076922 0.4689392475961538 0.7870937067307692 0.4654541923076923 0.8044682427884615 0.4656741201923077 0.8137017524038461
2 0.4772120336538462 0.7251903365384614 0.48229862980769234 0.7204913125 0.48149785817307694 0.7141535552884615 0.48556375961538467 0.6938832620192308 0.4847629879807692 0.6875455096153846 0.47829477884615385 0.6888025336538461 0.47771393749999996 0.6916982908653846 0.4675407427884615 0.7010963413461538 0.46405568750000004 0.7184708822115385 0.4654373004807692 0.7219128798076924 0.4772120336538462 0.7251903365384614