1 0.25049884375000003 0.1873838846153846 0.25950486778846155 0.18044412740384616 0.2673033653846154 0.15556529567307692 0.2766402259615385 0.12079348798076922 0.27261556490384614 0.12083665865384616 0.24782625961538463 0.11969335576923078 0.23002966105769232 0.1217905 0.21705865144230768 0.13321531490384617 0.21071851923076926 0.1492973076923077 0.2163826153846154 0.1670821658653846 0.22380966105769232 0.1772307043269231 0.23899990384615383 0.18761275961538462 0.25049884375000003 0.1873838846153846
1 0.2754680528846154 0.38511555769230765 0.2855332043269231 0.3920269591346154 0.2937642644230769 0.3912334230769231 0.29633979326923077 0.40072728365384613 0.3030963557692308 0.40411054326923074 0.31208391586538464 0.3956904038461539 0.31114032451923074 0.38998789182692306 0.30041168269230767 0.39034986778846154 0.2955231514423077 0.3765756201923077 0.29624884375 0.3393936682692308 0.3055974519230769 0.3225399975961538 0.3187671153846154 0.3220448293269231 0.31102392307692306 0.31313523798076925 0.30051375721153845 0.3188908149038462 0.2920278605769231 0.32536752884615383 0.27849258173076924 0.3272767163461538 0.2663621346153846 0.33700028125 0.2594698942307692 0.3513240048076923 0.25915490625 0.3767573245192307 0.2754680528846154 0.38511555769230765
1 0.2781023076923077 0.5677233365384615 0.27807237740384616 0.5553435865384615 0.2733154182692308 0.5441792211538462 0.26597000961538464 0.5329368942307693 0.25223443749999996 0.5239140865384615 0.23366045432692306 0.5251383076923077 0.21417117307692307 0.5330374206730769 0.20109316346153847 0.5401957884615385 0.19306006490384617 0.5550609783653846 0.18991297836538462 0.5665224663461539 0.20525125 0.5872725072115385 0.2173167908653846 0.5934196009615385 0.23973775961538463 0.5998808870192307 0.2565617115384615 0.5968770841346154 0.2717169927884615 0.583981139423077 0.2781023076923077 0.5677233365384615
1 0.19337238461538464 0.6886006778846153 0.17254885096153846 0.6899891153846155 0.1385606923076923 0.7027709735576924 0.13243263942307693 0.7203647427884616 0.12984456009615386 0.7374643557692308 0.14589890625 0.7546430865384616 0.1581114807692308 0.7663571153846154 0.15798221634615384 0.7654125673076924 0.16429763701923078 0.7681666875000001 0.2160354543269231 0.7191122932692308 0.21860768028846153 0.7044114086538461 0.21525709855769232 0.6909049663461538 0.20657617548076923 0.6903271947115385 0.19337238461538464 0.6886006778846153
0 0.457457875 0.20995501682692305 0.46473521153846153 0.21915135096153845 0.4746234807692308 0.22015849278846153 0.48599385096153846 0.20157660817307693 0.48639137259615384 0.18226643990384617 0.4771695360576923 0.17273617788461537 0.45872319951923074 0.17048134615384616 0.4404856322115384 0.1782821730769231 0.43618382932692307 0.19600473317307693 0.4351001923076923 0.2051572235576923 0.4439956634615384 0.20015625961538464 0.45313779807692306 0.19123054807692308 0.457457875 0.20995501682692305
0 0.40976708653846156 0.24449940384615385 0.39546369471153847 0.24389503125 0.3782072475961539 0.24885214663461538 0.36808840625 0.26157853125 0.38047383653846156 0.2765615240384615 0.39353305769230773 0.2790511706730769 0.40486524038461535 0.27937528125 0.41194865384615387 0.2705601033653846 0.4205855721153846 0.25570847115384615 0.4165068413461538 0.2498665408653846 0.40976708653846156 0.24449940384615385
0 0.3694685360576923 0.26607940384615386 0.35411951682692305 0.2774357980769231 0.3511575504807692 0.29093256009615387 0.35279164903846155 0.3035317283653846 0.3599319639423077 0.3031892884615385 0.3597609879807692 0.29101830048076927 0.3687299158653846 0.29560289663461536 0.3792657884615384 0.3039614158653846 0.3943196875 0.2888177235576923 0.38296311298076924 0.2737814375 0.3694685360576923 0.26607940384615386
0 0.4720494350961539 0.4812241177884615 0.4647383004807692 0.4947100456730769 0.44747869951923075 0.5118617019230769 0.44776125480769235 0.5121312788461538 0.4573183774038462 0.5223363461538462 0.4857855673076923 0.5275502427884615 0.4946009158653846 0.5231750048076923 0.4971479038461538 0.5082758245192308 0.4859810552884615 0.48687665865384616 0.4720494350961539 0.4812241177884615
0 0.42862659615384613 0.5024829615384616 0.4228574951923077 0.4949955480769231 0.40188169471153845 0.47809702644230767 0.3971415817307692 0.4840635673076923 0.3956426923076923 0.5135980480769231 0.4236351658653846 0.5231532403846153 0.42862659615384613 0.5024829615384616
0 0.29157679326923075 0.4880736490384615 0.29889868028846156 0.49343409134615385 0.3151329014423077 0.4798539423076923 0.31917355048076923 0.4751529519230769 0.3147320048076923 0.4648889639423077 0.3185087716346154 0.4517619975961538 0.31615741826923077 0.4459565288461539 0.31606604326923077 0.44631210096153845 0.31601984615384615 0.4464918629807692 0.3068580096153846 0.44434967548076926 0.29367075480769234 0.4547323870192308 0.2847011274038462 0.4628647235576923 0.2881584927884615 0.4785455745192308 0.29157679326923075 0.4880736490384615
2 0.5988870384615385 0.90008215625 0.6176168173076924 0.8920951370192308 0.617681733173077 0.8813781418269231 0.6147376009615384 0.8760829927884616 0.5965395096153846 0.8701326875 0.5821997884615384 0.8630335336538462 0.5819299038461538 0.8634820480769231 0.5815459831730769 0.8635807596153846 0.5750058822115385 0.8827517596153847 0.5570921081730769 0.884772954326923 0.5696028725961538 0.8884201442307693 0.5811687379807693 0.8978458413461539 0.5988870384615385 0.90008215625
2 0.6648480312499999 0.8090664879807693 0.6601412692307692 0.7910880673076923 0.6456497211538461 0.7867685192307692 0.6413909591346154 0.806828860576923 0.63253265625 0.8133856442307692 0.6338674302884615 0.8137813317307692 0.6306754326923076 0.8366667932692308 0.63760990625 0.8487582644230769 0.6528567644230769 0.8396742788461539 0.6621211802884616 0.8315371730769231 0.6670774326923077 0.8185294230769231 0.6648480312499999 0.8090664879807693
2 0.8127422211538462 0.4231944639423077 0.8182762427884616 0.40863605288461535 0.8102950841346155 0.4013152043269231 0.80199990625 0.40219256490384614 0.7955171442307692 0.4071792283653846 0.7882150600961538 0.4055873942307692 0.7885269639423077 0.40646653605769234 0.7761359206730769 0.4114226009615385 0.77076975 0.4197381394230769 0.7703100721153846 0.43269760817307695 0.7894677379807693 0.4460758894230769 0.8038541778846154 0.43684323317307694 0.8127422211538462 0.4231944639423077
2 0.7538734423076924 0.44780662740384614 0.7456892259615385 0.4412759375 0.7206928028846153 0.4400927211538462 0.7199650456730768 0.46670496875 0.7344159807692308 0.47118255048076924 0.7491512331730769 0.48363162980769225 0.7642833509615384 0.48476087980769234 0.7683369447115385 0.4745680456730769 0.7730034807692309 0.45919954326923074 0.7538734423076924 0.44780662740384614
2 0.7664464134615384 0.20112182211538462 0.7566577067307693 0.2038083557692308 0.7454942980769231 0.21053625721153846 0.7385731778846154 0.2307451923076923 0.7440295721153846 0.24329510336538462 0.7593053774038462 0.23775230288461538 0.7641068557692308 0.23515718028846155 0.7690548149038462 0.22878297836538464 0.77148940625 0.20884481490384615 0.7664464134615384 0.20112182211538462
2 0.7583645576923076 0.16279968269230768 0.7404829206730769 0.16251573798076924 0.7303205432692308 0.17842005048076923 0.7220378942307693 0.19250352403846155 0.7296719663461538 0.2025702403846154 0.7390046274038462 0.19626046875 0.7557892836538461 0.17770428846153846 0.7590934495192307 0.16903245432692307 0.7583645576923076 0.16279968269230768
0 0.6607469735576923 0.2507922355769231 0.6753408245192307 0.2565798341346154 0.6819783774038461 0.2546795216346154 0.6858455024038462 0.24054692307692307 0.6592265336538462 0.23094022115384616 0.6483972524038462 0.23995196394230772 0.6607469735576923 0.2507922355769231
1 0.5542522139423076 0.0025060312499999996 0.5483677836538461 0.007265983173076923 0.5488530096153846 0.014446947115384615 0.5538976105769231 0.01993999278846154 0.5651185096153847 0.023034206730769228 0.5641605576923077 0.012800670673076922 0.5675167524038461 0.00017664182692307695 0.5542522139423076 0.0025060312499999996
1 0.5307743269230769 0.08968030048076922 0.5347927788461538 0.09219019471153846 0.5385956033653846 0.07320641586538462 0.53043146875 0.07427146634615385 0.5256116634615384 0.08185616586538462 0.5307743269230769 0.08968030048076922
3 0.2740710120192308 0.6301251346153846 0.34969145913461536 0.6314628389423077 0.43374582932692307 0.6667354399038461 0.47496676442307695 0.6016881466346153 0.4456347596153846 0.5880496538461538 0.4345278028846154 0.5721466658653847 0.4809437043269231 0.5688899158653846 0.48440500480769233 0.5401690384615384 0.4746815408653846 0.5227019423076923 0.39521955528846153 0.5229533774038462 0.36557082451923073 0.5200873966346153 0.31403748557692307 0.5089258509615384 0.28972689663461537 0.5196105913461538 0.27555466586538463 0.5270853533653846 0.27518868028846155 0.5441624903846154 0.2757817259615385 0.5433633798076923 0.3092294783653846 0.5333558774038462 0.3516051490384615 0.5591717908653846 0.33319862980769227 0.5735835072115385 0.27651484134615384 0.5958148317307692 0.2648693173076923 0.5915476033653846 0.2740710120192308 0.6301251346153846