1 0.2384018966346154 0.38875185576923077 0.22455665625000001 0.39371767307692307 0.21384760096153846 0.4019400216346154 0.21561275 0.4108843918269231 0.22163811778846154 0.42453501923076925 0.23656840144230767 0.4249492764423077 0.24226965625 0.4152802908653846 0.24869925721153846 0.4006642740384615 0.2455512091346154 0.38927783653846154 0.2384018966346154 0.38875185576923077
2 0.24044506490384615 0.15057280528846154 0.23724745192307692 0.16871597596153845 0.24068556971153846 0.16717441346153847 0.24600397596153847 0.169233 0.2504482908653846 0.16083790625 0.2568023533653846 0.16314380769230769 0.2598968533653846 0.14024781249999999 0.27081306971153846 0.142461875 0.26996003125 0.13004641105769232 0.24277056730769228 0.12197643269230769 0.24044506490384615 0.15057280528846154
1 0.38159103365384617 0.3542342451923077 0.38294924999999996 0.37779777884615384 0.39136631971153846 0.38611004807692306 0.4030646105769231 0.3829971514423077 0.4148818341346154 0.35903001201923074 0.4080871370192308 0.3542562932692308 0.3911105600961538 0.3513865649038461 0.3830525961538462 0.35339894951923073 0.38159103365384617 0.3542342451923077
0 0.39571156730769236 0.1878653028846154 0.3909435625 0.17293786778846154 0.37990043749999997 0.18251249759615387 0.3793222283653846 0.20285825961538462 0.3803286177884615 0.21378160576923078 0.3929673389423077 0.2120262403846154 0.39571156730769236 0.1878653028846154
0 0.45419979326923077 0.2124671033653846 0.4517092283653846 0.1929655841346154 0.44517651442307693 0.20282877403846153 0.4425353004807692 0.21716816826923077 0.4403423870192308 0.22663565625 0.45190885096153843 0.22807143990384615 0.45419979326923077 0.2124671033653846
2 0.41161384375 0.046735096153846155 0.41148259375 0.06403646634615384 0.40643901682692307 0.09473910576923077 0.42494716826923074 0.09994743028846154 0.4271246105769231 0.07052716105769231 0.43014824278846153 0.044463115384615386 0.4295037427884615 0.026976492788461537 0.41289736538461536 0.023403610576923077 0.39906486778846156 0.031919375 0.40409953125 0.04139375 0.41161384375 0.046735096153846155
2 0.44016619951923075 0.05827864182692308 0.43637956009615386 0.08770738942307693 0.4338391009615385 0.11231276442307693 0.4495431514423077 0.11291180048076922 0.45528561778846155 0.07016128125 0.45844225 0.055947990384615384 0.4598113653846154 0.03933498557692308 0.43985681009615385 0.03850945673076923 0.43273540144230765 0.045080935096153844 0.4341194423076923 0.06116708653846154 0.44016619951923075 0.05827864182692308
1 0.47378496153846156 0.3985559951923077 0.4589182932692308 0.39791825240384615 0.4595570649038461 0.4220320528846154 0.46960444230769227 0.42477882932692307 0.4736311610576923 0.4130875697115384 0.47378496153846156 0.3985559951923077
0 0.4603593149038462 0.3146683605769231 0.45818148317307694 0.3070242620192308 0.45407481971153846 0.31251804567307695 0.45411036538461536 0.3212699302884615 0.4537605168269231 0.32215619471153845 0.4602747043269231 0.32274198798076925 0.4603593149038462 0.3146683605769231
1 0.4611540673076923 0.45703352884615384 0.46357442788461534 0.4691102644230769 0.47338287740384616 0.4736942860576923 0.47905459375 0.47140209855769233 0.48571534134615385 0.4607507331730769 0.4862628485576923 0.45994490384615383 0.48335077163461543 0.4525182235576923 0.47731856730769234 0.43649431250000004 0.4712721610576923 0.43224672836538464 0.4651178221153846 0.4313359831730769 0.46244667788461535 0.4430397740384615 0.4611540673076923 0.45703352884615384
0 0.5071165913461538 0.3613907884615385 0.5179284567307693 0.3617279230769231 0.5184849951923077 0.3475583918269231 0.515333673076923 0.3313825432692308 0.5117795625 0.3218387548076923 0.5063072403846154 0.3331515673076923 0.5046726850961538 0.3481875600961538 0.5072412596153846 0.35665308173076926 0.5071165913461538 0.3613907884615385
0 0.48732459615384616 0.33190253124999997 0.48399014663461537 0.3277164543269231 0.4779784471153846 0.32942895432692304 0.47645388701923075 0.34093221874999996 0.4791893653846154 0.3584438389423077 0.48452435096153845 0.35545189182692305 0.48732459615384616 0.33190253124999997
2 0.5102093293269231 0.24299979086538462 0.5094997692307692 0.26127486778846154 0.5229040649038461 0.26637618509615385 0.5321652091346154 0.23468368990384617 0.5277978557692308 0.22855302884615383 0.5125394663461539 0.22151948557692308 0.5019616490384615 0.22407818509615385 0.5013702379807692 0.2348344783653846 0.5102093293269231 0.24299979086538462
0 0.2696102524038462 0.35912510576923073 0.2806212403846154 0.3648059831730769 0.28572230288461536 0.3542595120192308 0.28487789903846156 0.34185518028846157 0.2713316442307692 0.33731513701923077 0.2649391129807692 0.3506016057692308 0.2696102524038462 0.35912510576923073
1 0.5684532259615385 0.4778621442307692 0.5737380048076923 0.4776739783653846 0.5768213966346154 0.4689810841346154 0.5662645288461539 0.46815196153846156 0.5660893221153847 0.47270236538461535 0.5684532259615385 0.4778621442307692
1 0.5831880456730769 0.4748520048076923 0.5766461899038462 0.4735314903846154 0.5757544086538462 0.4796056826923077 0.5810264951923076 0.48062297115384617 0.5831880456730769 0.4748520048076923
1 0.6038984038461538 0.4725437427884615 0.5946715649038462 0.4704883966346154 0.5941867932692307 0.47602834615384615 0.5990474855769231 0.4798477620192308 0.6038984038461538 0.4725437427884615
0 0.5808712067307693 0.44251555048076924 0.5783922115384615 0.4482107091346154 0.58251896875 0.4491961875 0.5833849350961539 0.4455358269230769 0.5808712067307693 0.44251555048076924
0 0.5859071105769231 0.4417845576923077 0.5854140288461539 0.44626207692307696 0.586525079326923 0.44652739903846156 0.5890303365384615 0.44736735576923076 0.5895361081730769 0.4416843846153846 0.5859071105769231 0.4417845576923077
2 0.5738690600961539 0.38838001442307696 0.5732223629807692 0.39837988701923077 0.5758177764423077 0.3997247668269231 0.5783475384615385 0.3892077884615385 0.5738690600961539 0.38838001442307696
2 0.5794975096153846 0.40039805288461533 0.5821666322115384 0.40124088942307695 0.5840488149038461 0.39177775240384616 0.5809556466346154 0.3893472139423077 0.5794975096153846 0.40039805288461533
2 0.586995875 0.4176814735576923 0.5914380625 0.4200293173076923 0.5937999615384615 0.4063755048076923 0.5890212788461539 0.4060259014423077 0.586995875 0.4176814735576923
1 0.9521408701923076 0.5107914423076922 0.9626568966346153 0.518333016826923 0.9745357067307693 0.5095984471153846 0.9818006490384616 0.492719625 0.9771576009615385 0.48708205048076925 0.9663216442307692 0.4910353341346154 0.9483534975961538 0.4894364014423077 0.9521408701923076 0.5107914423076922
1 0.9158084663461538 0.5353153221153846 0.9010211442307692 0.5353400432692308 0.9016093846153846 0.5505382596153846 0.9137390745192308 0.5494105961538461 0.9158084663461538 0.5353153221153846
0 0.9258643798076923 0.46599606009615385 0.9303159134615384 0.46772074278846154 0.9310097692307693 0.45535745432692304 0.9243719110576923 0.4593766730769231 0.9258643798076923 0.46599606009615385