1 0.8195257884615385 0.554472516826923 0.8224197067307693 0.5343156129807692 0.7784785937500001 0.5582935913461539 0.8015152548076923 0.5670872451923077 0.8195257884615385 0.554472516826923
1 0.7297208942307692 0.5170911610576924 0.7832194423076922 0.46885565625 0.8154517980769231 0.4559113966346154 0.8199639903846154 0.43858697596153845 0.7618201682692308 0.43455300240384614 0.6959467283653846 0.41383700721153843 0.690901485576923 0.4207701081730769 0.6888832403846153 0.4771402019230769 0.7068555432692307 0.5212084399038461 0.7297208942307692 0.5170911610576924
1 0.6277315360576924 0.3953277548076923 0.6187262668269231 0.4016351177884615 0.617983673076923 0.43501582692307694 0.6346994447115384 0.47373196875 0.6620578701923077 0.4806317475961538 0.6840284254807693 0.4686427572115385 0.6874936298076922 0.4021942091346154 0.6277315360576924 0.3953277548076923
1 0.581239125 0.46528450721153847 0.5965270528846154 0.48573762019230765 0.6183071826923077 0.4891791778846154 0.6291211490384616 0.47027375 0.6149375576923076 0.4139203149038462 0.5891974038461538 0.4098530192307692 0.581239125 0.46528450721153847
1 0.5418102043269231 0.47193806490384616 0.5598207379807693 0.4593233365384615 0.5686546899038462 0.4401050384615385 0.57678428125 0.39758448317307693 0.5667129110576923 0.383109204326923 0.5042473245192307 0.38096910576923076 0.48821680528846156 0.3938967019230769 0.49034901201923076 0.43546198798076924 0.5081500024038461 0.4666192932692308 0.5418102043269231 0.47193806490384616
1 0.502000423076923 0.5094527139423077 0.5218005408653846 0.5125814038461539 0.53657453125 0.49430171153846153 0.5414484639423077 0.4744576754807692 0.4930333870192308 0.4590771153846154 0.49031078125000005 0.49214495432692307 0.502000423076923 0.5094527139423077
1 0.5608868389423077 0.4801059807692308 0.5410867211538462 0.4769772908653846 0.5284640576923076 0.5084807836538462 0.5459224230769231 0.5138162163461538 0.5576311826923077 0.5027824975961539 0.5608868389423077 0.4801059807692308
1 0.39728845913461536 0.42075714903846156 0.3877501394230769 0.41667319230769234 0.3776596514423077 0.43053939423076926 0.3868171153846154 0.4654844471153846 0.40463722115384615 0.4683002668269231 0.41904947115384616 0.45254018990384615 0.42319992307692306 0.4377353798076923 0.39728845913461536 0.42075714903846156
1 0.3425524927884615 0.43529907692307696 0.32905414903846153 0.4305893798076923 0.3140897331730769 0.4642996177884615 0.32884460817307687 0.4743614086538462 0.34559860817307697 0.4563945889423077 0.3425524927884615 0.43529907692307696
1 0.2953748365384615 0.4536120913461538 0.3144514735576923 0.46178000721153845 0.32418021874999997 0.4504334158653846 0.32815935817307695 0.42271767307692304 0.2925191466346154 0.41708603125 0.28764521634615386 0.43693006730769235 0.2953748365384615 0.4536120913461538
1 0.2941374182692308 0.4199185120192308 0.2993730889423077 0.39755486298076925 0.2954130673076923 0.3969291274038461 0.2847895264423077 0.4004040072115385 0.2817242956730769 0.40764997836538464 0.28063907692307694 0.4152088173076923 0.2818956081730769 0.42056091346153845 0.2867504230769231 0.42905835817307697 0.2941374182692308 0.4199185120192308
1 0.2525571706730769 0.4133482644230769 0.25545109134615385 0.3931913605769231 0.2534710793269231 0.3928784903846154 0.2502345360576923 0.38721352644230767 0.23241443028846154 0.38439770673076923 0.23079615625 0.38156522596153847 0.22845440384615384 0.38377196874999997 0.2225143701923077 0.3828333605769231 0.22017261778846153 0.38504010576923076 0.217469125 0.38976646394230774 0.2149369471153846 0.4074037548076923 0.2161934783653846 0.41275585096153844 0.22428483653846154 0.4269182620192308 0.24012493269230767 0.4294212139423077 0.24949193990384616 0.42059423557692305 0.2525571706730769 0.4133482644230769
1 0.22139092067307692 0.44707516586538465 0.22013438701923077 0.44172307211538464 0.1938611826923077 0.42726445432692306 0.19422292307692307 0.4247448389423077 0.18828288701923077 0.4238062331730769 0.18359938221153846 0.4282197211538462 0.18070546634615384 0.44837662740384615 0.1839420096153846 0.45404159134615385 0.18358026923076926 0.4565612019230769 0.18717855048076923 0.45970655528846155 0.19275684615384614 0.46316477403846157 0.20463691826923075 0.46504198798076923 0.21328044471153845 0.4612542355769231 0.21364218509615382 0.458734625 0.2183256875 0.45432113701923077 0.22139092067307692 0.44707516586538465
1 0.14906350721153847 0.38668775961538465 0.13916344711538461 0.3851234134615385 0.13682169471153846 0.3873301586538461 0.13501299759615384 0.3999282235576923 0.1414860841346154 0.4112581514423077 0.14742611778846154 0.4121967596153846 0.15210962259615385 0.4077832716346154 0.15517485576923076 0.4005373004807692 0.1562600745192308 0.39297846153846155 0.15500354326923077 0.38762636538461537 0.15140525721153847 0.3844810168269231 0.14906350721153847 0.38668775961538465
1 0.10782588221153847 0.4059393798076923 0.11142416826923077 0.4090847331730769 0.11736420432692309 0.4100233389423077 0.12204770432692308 0.40560985096153845 0.12457988701923076 0.38797255769230765 0.12296161298076923 0.38514007692307695 0.10910153125000001 0.3829499951923077 0.10441802884615384 0.38736348317307695 0.1029710673076923 0.3974419350961539 0.10782588221153847 0.4059393798076923
1 0.04122896394230769 0.3902626105769231 0.04914901201923077 0.39151408653846154 0.05581252644230769 0.38741346634615387 0.05851601682692308 0.38268711057692306 0.05762122355769231 0.3748154014423077 0.05402294230769231 0.37167005048076923 0.04214287259615384 0.36979283653846157 0.039801120192307686 0.3719995817307692 0.037992420673076926 0.38459764663461543 0.04122896394230769 0.3902626105769231
1 0.020534052884615385 0.3792622139423077 0.028454100961538463 0.3805136899038462 0.035117615384615386 0.3764130697115385 0.043228091346153845 0.3622339975961539 0.04233330048076923 0.3543622884615385 0.04071502644230769 0.3515298076923077 0.03477499278846154 0.35059120192307697 0.03315671875 0.34775871875000003 0.025236670673076923 0.3465072427884615 0.020534052884615385 0.3792622139423077
0 0.16757563461538463 0.24640619471153846 0.18244618990384615 0.24803187259615384 0.1840263341346154 0.24894378846153845 0.18913276442307694 0.2153507548076923 0.17722328365384615 0.21891103846153845 0.16652462740384613 0.22592741826923077 0.16757563461538463 0.24640619471153846
2 0.07498458653846153 0 0.07142000721153846 0.024828237980769233 0.08707413461538462 0.026003110576923078 0.09471466105769231 0.019441447115384616 0.10222370192307693 0.006842242788461538 0.08250205769230769 0 0.07498458653846153 0
2 0.13455001682692308 0.19623073557692308 0.13582502403846156 0.20595338221153847 0.14723214903846155 0.2094403173076923 0.14916326682692307 0.19740605288461538 0.13455001682692308 0.19623073557692308
2 0.1605252980769231 0.21441467548076923 0.16388607211538464 0.20403824278846153 0.1600409951923077 0.19980514903846155 0.15383228124999998 0.20086489182692308 0.15120893509615385 0.2154136875 0.16191410336538462 0.2152912019230769 0.1599187091346154 0.21429563461538462 0.15977630048076924 0.21404637499999998 0.1605252980769231 0.21441467548076923
2 0.27890756490384616 0.046456682692307696 0.27801277403846153 0.038584971153846154 0.2731579567307692 0.03008752644230769 0.2636196394230769 0.026003567307692307 0.2589361346153846 0.030417055288461538 0.2571274375 0.043015122596153844 0.26036398076923073 0.04868008653846154 0.2600022403846154 0.051199699519230764 0.2668370673076923 0.06001001682692308 0.27241536057692306 0.06346823557692308 0.2823154206730769 0.06503257932692308 0.28465717307692306 0.06282583653846154 0.28538065384615385 0.057786610576923074 0.27890756490384616 0.046456682692307696
2 0.31401472596153845 0.041697 0.3127581923076923 0.03634490625 0.2969180985576923 0.03384195432692308 0.2915111153846154 0.04329466826923077 0.3113112331730769 0.046423358173076926 0.31401472596153845 0.041697
2 0.3748620384615385 0.04100461538461538 0.37324376442307694 0.038172132211538465 0.36730373076923073 0.03723352644230769 0.36568545913461536 0.034401045673076926 0.35380538701923075 0.03252383173076923 0.3475036129807692 0.03410483653846154 0.34480012019230766 0.038831194711538466 0.34569491346153847 0.046702903846153845 0.35252974038461543 0.05551321875 0.35648976442307695 0.05613895432692308 0.35883151682692305 0.05393221153846154 0.36675156249999996 0.055183687499999995 0.37107332692307693 0.053289812500000006 0.3741385576923077 0.046043841346153844 0.3748620384615385 0.04100461538461538
2 0.4011352427884616 0.05546323317307692 0.3987934927884615 0.05766997596153846 0.3969847908653846 0.07026804326923076 0.3982413245192308 0.07562013942307692 0.39985959615384614 0.0784526201923077 0.40975965625 0.08001696394230769 0.4151666394230769 0.07056425000000001 0.42165884134615383 0.053552697115384615 0.42274406009615384 0.04599385576923077 0.4049239567307692 0.04317803605769231 0.4025822043269231 0.04538478125 0.4011352427884616 0.05546323317307692
2 0.43963114423076927 0.09762093509615385 0.4444859591346154 0.10611837980769231 0.44412421874999997 0.10863799278846153 0.44808424278846154 0.10926373076923078 0.45276774519230767 0.10485024278846153 0.46087822115384613 0.09067117067307692 0.4616017019230769 0.08563194471153847 0.450273798076923 0.06580456971153846 0.4407354783653846 0.06172061298076924 0.4360519759615385 0.06613410096153846 0.43963114423076927 0.09762093509615385