1 0.7169132283653846 0.6760230985576924 0.7262976947115385 0.6849606346153846 0.7592191538461539 0.6704517548076924 0.7622049855769231 0.6557043052884615 0.7470314206730768 0.6437663798076922 0.7163036923076922 0.6553384927884616 0.7169132283653846 0.6760230985576924
1 0.9208406153846155 0.6126548125 0.9310017235576923 0.5802390480769231 0.8944848990384616 0.5888107740384615 0.9004874807692308 0.6184011057692308 0.9208406153846155 0.6126548125
2 0.4317351514423077 0 0.4076498485576923 0.04725752403846154 0.4290240264423077 0.08583311057692308 0.44459364182692307 0.09186568990384615 0.4766920841346154 0.030082262019230768 0.48110445673076924 0 0.4317351514423077 0
2 0.57384428125 0.33809846394230775 0.5898099471153846 0.3382257019230769 0.6073598149038462 0.3147315697115385 0.6065522548076923 0.29699963701923077 0.575611045673077 0.2819818028846154 0.5666535480769231 0.3262241610576923 0.57384428125 0.33809846394230775
0 0.22965415144230766 0.4682966586538461 0.23940375 0.4122436177884615 0.23221301682692308 0.4003693149038462 0.21365756490384616 0.40908418509615385 0.1983014326923077 0.42964155048076924 0.19731130528846152 0.4444049086538462 0.21029113942307692 0.45927959615384617 0.210504625 0.4858695432692308 0.22965415144230766 0.4682966586538461
1 0.42567599519230764 0.5525778437500001 0.3678159110576923 0.5816592235576923 0.3873924038461538 0.6172662331730769 0.4139306875 0.6086149831730769 0.42729111298076927 0.5880417115384615 0.42567599519230764 0.5525778437500001
1 0.5065872067307692 0.7157063918269231 0.5241525336538462 0.7217548774038461 0.54490171875 0.7101032403846154 0.5464859158653846 0.6864818701923077 0.5145545817307693 0.686227391826923 0.5015747475961538 0.6713527019230768 0.5065872067307692 0.7157063918269231
1 0.6131518509615385 0.7047386610576923 0.6365062764423077 0.7137875336538462 0.6530660192307691 0.7050567572115385 0.6512528774038462 0.6725455673076923 0.6304882331730769 0.6546545817307692 0.6161222259615384 0.6604485937500001 0.6131518509615385 0.7047386610576923
2 0.8916786947115385 0.18405623076923078 0.8685377524038462 0.20159730528846154 0.8478194855769231 0.27233418028846157 0.8542181177884616 0.29601916826923075 0.881152454326923 0.2814625745192308 0.8916786947115385 0.18405623076923078
2 0.6827233894230769 0.17352820673076924 0.6727448461538461 0.17344868269230768 0.6508075144230769 0.20281634855769232 0.6452628149038462 0.2854911466346154 0.6642297740384616 0.30041355048076923 0.6827852235576923 0.2916986802884615 0.6933114663461539 0.19429233653846156 0.6827233894230769 0.17352820673076924
0 0.6989054783653846 0.5872520961538462 0.7084725120192308 0.5636943461538462 0.6931009182692307 0.55470909375 0.670371485576923 0.5958874447115384 0.6989054783653846 0.5872520961538462
2 0.7911011754807693 0.19507167307692308 0.7731398004807691 0.19492853125 0.7703674495192309 0.23626592788461537 0.7522389687500001 0.2981606923076923 0.7735976850961539 0.3071936586538462 0.7877502091346155 0.2748097019230769 0.8016892524038461 0.21583580048076925 0.7911011754807693 0.19507167307692308
2 0.18393263461538462 0 0.2272594543269231 0.08717939182692308 0.25001980528846157 0.10508627884615383 0.27735018990384613 0.08462434375 0.28252975480769227 0.06694012259615384 0.24365180288461538 0 0.18393263461538462 0
1 0.13108779807692308 0.508870625 0.11592968990384615 0.5264753197115385 0.11734678124999999 0.564891858173077 0.14569820673076922 0.5887518004807692 0.16385760576923078 0.5859422716346153 0.187592625 0.5595431826923076 0.19057845673076923 0.5447957307692307 0.13108779807692308 0.508870625
2 0.6098568461538462 0.12863375480769232 0.583105079326923 0.11069505769230768 0.5544039783653847 0.18136831250000002 0.5823593533653846 0.2111335985576923 0.5959178052884615 0.18760765625 0.6098568461538462 0.12863375480769232
2 0.8477731105769231 0.18370632451923077 0.8256222932692308 0.18648404086538461 0.8087128774038461 0.2897480144230769 0.8366527932692308 0.2899706850961538 0.8414208533653846 0.24864918990384616 0.8477731105769231 0.18370632451923077
2 0.9114377524038461 0.18716794951923077 0.8976658173076923 0.18410394230769228 0.8791567451923077 0.28144667067307694 0.8997079038461538 0.2727477043269231 0.9088634278846153 0.2255526778846154 0.9114377524038461 0.18716794951923077
2 0.929430045673077 0.24639632932692307 0.9422118533653846 0.2642236923076923 0.9565778629807693 0.2584296802884615 0.9583291682692308 0.17277040625 0.9503463365384615 0.17270678605769232 0.9441611875 0.17561174278846153 0.929430045673077 0.24639632932692307
2 0.9242041033653846 0.1754526923076923 0.9050854951923076 0.2521108125 0.9266422379807693 0.2581911081730769 0.9423401658653846 0.2108030216346154 0.9429730384615385 0.19332776923076922 0.9363763774038462 0.1725954519230769 0.9242041033653846 0.1754526923076923