1 0.09306567067307693 0.6402223846153846 0.08989777884615384 0.635498610576923 0.08661170432692307 0.6404783293269231 0.08649352163461538 0.6501818197115384 0.09599719951923077 0.6643531490384615 0.11530000721153846 0.6684370625 0.12504004567307692 0.6632014038461538 0.13501645432692308 0.6385587500000001 0.1351346346153846 0.6288552572115385 0.1319667403846154 0.6241314831730769 0.1188815360576923 0.6391986105769232 0.09306567067307693 0.6402223846153846
1 0.3800899086538462 0.6433881418269232 0.3834941610576923 0.6287049254807692 0.3837305264423077 0.6092979374999999 0.3775129230769231 0.5901468966346154 0.3715907716346154 0.5467371153846154 0.3619689158653846 0.5422692836538462 0.3522288725961538 0.5475049471153846 0.29654288701923076 0.6176049230769232 0.29319771875 0.6274363894230769 0.2930204471153846 0.6419916298076923 0.3056920192307692 0.6608867307692308 0.3089190024038461 0.6607587596153847 0.3248175528846154 0.6795258894230769 0.35386040625 0.6783741418269231 0.36694561057692304 0.6633070144230769 0.37017259374999995 0.6631790432692307 0.37023168269230766 0.6583272956730769 0.3800899086538462 0.6433881418269232
1 0.4702090745192308 0.6592119182692309 0.4541923389423077 0.6501482836538461 0.4415207692307692 0.6312531826923077 0.4382937860576923 0.63138115625 0.4351849855769231 0.6218056322115384 0.4225134134615385 0.6029105312499999 0.4192864326923077 0.6030385024038462 0.4127733725961538 0.6081461923076923 0.4026787884615385 0.6424923389423077 0.40549213701923076 0.6763265937499999 0.41816370432692307 0.6952216947115384 0.4245585817307692 0.6998174975961539 0.4438613894230769 0.7039014134615384 0.46662754567307696 0.6884503725961538 0.47648576682692306 0.6735112139423076 0.4765448557692308 0.6686594687499999 0.4702090745192308 0.6592119182692309
1 0.7060743028846154 0.6256112451923077 0.7254362019230769 0.6248434134615385 0.7287222788461538 0.6198636947115385 0.7290177331730768 0.5956049591346153 0.7063697572115385 0.6013525120192308 0.7030836850961539 0.6063322283653846 0.7029655024038461 0.6160357235576923 0.7060743028846154 0.6256112451923077
1 0.7387577716346154 0.5903693004807692 0.7484387235576923 0.5899853846153846 0.7517247932692308 0.5850056634615385 0.7519020673076924 0.5704504254807692 0.7455071899038461 0.5658546225961538 0.7357080625 0.57594203125 0.7355898798076923 0.5856455216346154 0.7387577716346154 0.5903693004807692
1 0.8228956995192308 0.5676350456730769 0.819609625 0.5726147644230769 0.8194323509615384 0.5871700072115384 0.8225411538461539 0.5967455264423077 0.8352718173076923 0.6107888798076924 0.8546928076923077 0.6051693028846153 0.8613831346153845 0.5855063725961538 0.8615604086538462 0.5709511322115385 0.8486524759615384 0.5714630192307693 0.8454845817307692 0.5667392427884616 0.8228956995192308 0.5676350456730769
1 0.9125967115384616 0.58071609375 0.9127669519230769 0.5667382139423076 0.9040605264423077 0.5612593485576923 0.8926542139423077 0.5655960576923077 0.8924697908653846 0.5807383605769231 0.9010525745192308 0.585775985576923 0.9125967115384616 0.58071609375
2 0.931047435096154 0.5064577451923077 0.9173792067307692 0.505835923076923 0.9085687235576922 0.5089009855769231 0.9179929567307692 0.5190019639423077 0.9285821899038461 0.518194076923077 0.931047435096154 0.5064577451923077
0 0.8160266658653845 0.49603928846153844 0.8226481778846153 0.49261973798076925 0.8256676177884615 0.47775296153846153 0.8151209326923077 0.47506759375 0.8059264951923077 0.4672852139423077 0.8032030889423076 0.4790317860576923 0.8132333990384615 0.48174248317307694 0.8160266658653845 0.49603928846153844
0 0.7314077403846154 0.48411453365384616 0.7351256322115384 0.49599468990384615 0.743235766826923 0.4875249951923077 0.7492254182692307 0.4830199879807692 0.7509351538461538 0.4697569567307692 0.738477298076923 0.47568717788461534 0.7314077403846154 0.48411453365384616
0 0.7652718966346155 0.5002342908653846 0.761451516826923 0.4961183221153846 0.7543914158653846 0.5037693918269232 0.7599763028846154 0.5113118100961539 0.7636188894230769 0.5088396442307692 0.7652718966346155 0.5002342908653846
0 0.44883265144230766 0.2997004591346154 0.4739458197115385 0.28619309134615384 0.4742982379807692 0.25725727163461537 0.4591371009615385 0.2219050360576923 0.44915566586538463 0.18790404807692307 0.41865337740384617 0.2172547596153846 0.42761158413461536 0.24972996634615383 0.4475407548076923 0.2778614831730769 0.44883265144230766 0.2997004591346154
0 0.4175781634615384 0.26263447115384614 0.3935307524038461 0.23153840865384617 0.3907254278846154 0.29105970192307695 0.4085727908653846 0.3222096442307692 0.41119317067307687 0.3176083509615385 0.40956465625 0.3231430576923077 0.4267828918269231 0.31777086538461535 0.4297267451923077 0.2895130336538462 0.4175781634615384 0.26263447115384614
0 0.3371067572115385 0.29788026682692303 0.3433378125 0.33090048317307696 0.37375999519230774 0.3183120769230769 0.38039151442307695 0.2859993822115384 0.3536288125 0.26439459375 0.32848715865384615 0.2802405048076923 0.3371067572115385 0.29788026682692303
2 0.5508713749999999 0.31141934374999997 0.5915508076923077 0.2782850048076923 0.5693880360576923 0.24207567067307692 0.5524260288461538 0.21740534615384616 0.5144260745192308 0.2331307548076923 0.5112387980769231 0.2586001346153846 0.5313686129807692 0.29303276923076926 0.5508713749999999 0.31141934374999997
2 0.24877415384615384 0.2902926682692308 0.26808203125 0.2587381153846154 0.3180060649038462 0.28302750961538464 0.3443955096153846 0.2677479903846154 0.36376832692307687 0.2308613653846154 0.3027475817307692 0.22124018509615384 0.23201878365384615 0.23170711538461536 0.21911989903846155 0.27490794471153845 0.24877415384615384 0.2902926682692308
2 0.048728507211538465 0.4617671201923077 0.06559014663461539 0.4528350552884615 0.07947297355769231 0.44828375 0.10034916586538462 0.4370587451923077 0.09359943509615384 0.42372869230769233 0.05585039182692308 0.4228252427884615 0.03180867788461538 0.43178017548076925 0.048728507211538465 0.4617671201923077