1 0.5324795552884616 0.2072789855769231 0.5398198966346154 0.20831884134615386 0.5438808365384615 0.20652173798076923 0.545911266826923 0.20289855048076924 0.5463406826923077 0.1884057980769231 0.5448590120192308 0.18123188461538461 0.5390777908653847 0.17391304326923077 0.5348093365384615 0.1721992764423077 0.527539329326923 0.17391304326923077 0.5214480360576923 0.1847826081730769 0.519155610576923 0.19685869471153847 0.5208039134615384 0.20652173798076923 0.5246500673076923 0.20652173798076923 0.5324795552884616 0.2072789855769231
1 0.35651293509615384 0.28643840625 0.3580170432692308 0.28759782692307695 0.3603934423076923 0.28527898557692305 0.36289877403846155 0.2786086947115385 0.3662498870192307 0.27454710096153845 0.37271770192307696 0.27173912980769227 0.3804100096153846 0.27173912980769227 0.38287545432692305 0.26381884134615385 0.38191887259615387 0.2597572451923077 0.37902369951923076 0.2536231875 0.3740579879807692 0.2446775360576923 0.36715208653846154 0.24409782692307694 0.3603313269230769 0.24583695673076925 0.35736360817307694 0.25772826201923077 0.3565411442307692 0.26990942067307694 0.3569503028846154 0.2768695649038462 0.35651293509615384 0.28643840625
1 0.12516399278846155 0.10051811538461539 0.12473457932692307 0.11501087019230768 0.12655030048076923 0.1186340576923077 0.1314440673076923 0.10839492788461538 0.14223914663461537 0.10018840625 0.15379543990384617 0.10776449278846155 0.15368808653846153 0.11138768028846154 0.15561116346153847 0.11138768028846154 0.16105833173076922 0.1222572451923077 0.1667202091346154 0.12588043509615385 0.16821387019230769 0.1403731875 0.17035165624999998 0.1331268125 0.16853593269230768 0.12950362259615383 0.16896534855769232 0.11501087019230768 0.16394759374999998 0.08964855048076922 0.15646999278846152 0.08240217307692309 0.1472030745192308 0.07966304326923077 0.14005616826923076 0.08345289903846154 0.1345562403846154 0.08818840625 0.13317836298076924 0.08964855048076922 0.12516399278846155 0.10051811538461539
2 0.20150811298076923 0.6630434783653846 0.20727734374999998 0.6630434783653846 0.20855731009615383 0.6626811586538461 0.21112349759615384 0.6630434783653846 0.2168927283653846 0.6630434783653846 0.22084623557692307 0.6594202908653847 0.22127565144230768 0.6449275360576923 0.21956728125 0.6376811586538461 0.21593583653846155 0.6304347836538462 0.21433481971153848 0.6195652163461538 0.20087328124999998 0.6195652163461538 0.19285891346153847 0.6304347836538462 0.19093583653846155 0.6304347836538462 0.19253685096153847 0.6413043485576922 0.20150811298076923 0.6630434783653846
2 0.08990931971153845 0.5975797091346154 0.08594197115384615 0.6068623197115385 0.07982678846153846 0.6159420288461538 0.07576592788461539 0.6231884062499999 0.07326232211538461 0.6349927548076924 0.07522915865384615 0.6413043485576922 0.08292146634615385 0.6413043485576922 0.08495189663461539 0.6376811586538461 0.09072112740384616 0.6376811586538461 0.10247429807692308 0.6304347836538462 0.1085655889423077 0.6195652163461538 0.1223491875 0.6086956514423076 0.1243796201923077 0.6050724639423077 0.12470168028846153 0.5942028990384615 0.12107023317307693 0.5869565216346154 0.11946921875000001 0.5760869567307693 0.11583777163461538 0.568840579326923 0.11006854086538462 0.568840579326923 0.1082528173076923 0.5652173918269231 0.10056050961538461 0.5652173918269231 0.09468392548076923 0.568840579326923 0.09304891105769232 0.5798876802884615 0.08990931971153845 0.5975797091346154
2 0.39017382932692307 0.5497101442307692 0.3959430600961538 0.5497101442307692 0.39797349278846156 0.5460869567307692 0.3982955528846154 0.5352173918269231 0.3946641057692308 0.5279710144230769 0.38889487500000003 0.5279710144230769 0.3849413677884615 0.5315942019230769 0.38180245192307694 0.5362826081730769 0.3820577644230769 0.5432427548076924 0.38333062500000004 0.5470144927884616 0.3867238293269231 0.5467246370192307 0.39017382932692307 0.5497101442307692
2 0.36082001682692305 0.5434782620192308 0.36055572836538463 0.529032608173077 0.35558755528846153 0.5253623197115385 0.35377183173076926 0.5217391298076923 0.34800260096153846 0.5217391298076923 0.34404909375000003 0.5253623197115385 0.3416326514423077 0.529032608173077 0.34180395673076924 0.5362318846153846 0.35022830769230767 0.5452753629807693 0.35686650961538463 0.5471014495192308 0.36082001682692305 0.5434782620192308
2 0.5649510721153846 0.5234782620192308 0.5669815024038461 0.5198550721153846 0.5661630865384615 0.5111304350961539 0.5636721177884616 0.5017391298076923 0.5618563942307693 0.4981159423076923 0.5571471322115384 0.5038804350961539 0.5539493774038461 0.5053623197115384 0.5537346706730769 0.5126086947115385 0.5553157115384615 0.5189601442307692 0.557258764423077 0.5234782620192308 0.5649510721153846 0.5234782620192308
2 0.5453102932692308 0.5217391298076923 0.5473407235576923 0.5181159423076923 0.5476627860576924 0.5072463774038461 0.5458470624999999 0.5036231875 0.5421082620192308 0.5 0.5400778317307693 0.5036231875 0.5323855240384615 0.5036231875 0.5309159927884616 0.5064891298076923 0.5302310504807692 0.5140289855769231 0.5318487548076922 0.5217391298076923 0.5453102932692308 0.5217391298076923
0 0.1927278173076923 0.050724637019230766 0.19294252403846152 0.04347826201923077 0.1910194471153846 0.04347826201923077 0.18941843269230768 0.03260869471153846 0.16495519951923077 0.014492754807692307 0.1534167379807692 0.014492754807692307 0.14561707692307693 0.01811594230769231 0.1619585865384615 0.050724637019230766 0.18300507932692306 0.05434782692307692 0.18866695673076925 0.05797101442307692 0.1927278173076923 0.050724637019230766
0 0.32956577884615385 0.3422246370192308 0.3332157668269231 0.34456159375 0.3423215480769231 0.3422246370192308 0.3414581875 0.32352898557692306 0.33098650961538467 0.32419565144230766 0.32956577884615385 0.3422246370192308
0 0.5455799158653846 0.2789855072115385 0.5378876081730769 0.2789855072115385 0.531903670673077 0.2862318846153846 0.5317963173076923 0.28985507211538464 0.5449357932692307 0.3007246370192308 0.5469662259615384 0.29710144951923073 0.5472882860576923 0.2862318846153846 0.5455799158653846 0.2789855072115385