1 0.2827704903846154 0.048788228365384614 0.27974794230769234 0.05161661538461538 0.2692085817307692 0.0908585264423077 0.28109303125 0.11401366586538461 0.29873773076923077 0.10729559375 0.3047828269230769 0.10163881971153846 0.32408121875 0.10561477403846155 0.32710376201923075 0.10278638701923078 0.33568082692307694 0.10455347596153845 0.3438701850961538 0.09933847596153847 0.35888004807692303 0.10243088461538462 0.36190259375 0.0996024951923077 0.36453743509615383 0.08979201923076922 0.3650280096153846 0.07953976682692308 0.36474317067307693 0.05532333173076923 0.3571472572115385 0.03305174278846154 0.3370734495192308 0.015111608173076923 0.3147525096153846 0.013964040865384615 0.30744143269230767 0.015908882211538463 0.2854053293269231 0.03897775 0.2827704903846154 0.048788228365384614
1 0.3859563269230769 0.17012920192307693 0.42114286298076925 0.17392740384615385 0.42718795432692314 0.1682706298076923 0.4268002475961538 0.16128853846153846 0.4294350865384615 0.15147805769230768 0.4270059831730769 0.12681985336538462 0.4214514663461539 0.12222437740384615 0.4085858701923077 0.11957374278846154 0.39435142067307694 0.13044551923076922 0.39045059615384614 0.13654406490384616 0.38430263461538466 0.15943518028846154 0.3859563269230769 0.17012920192307693
1 0.4986212740384615 0.21404764903846155 0.5093426033653846 0.21625651201923077 0.5123651490384615 0.21342812500000002 0.5252307451923077 0.2160787596153846 0.5303975576923077 0.21369214423076924 0.5334201057692307 0.21086375961538462 0.5395680649038461 0.18797264182692308 0.5400586370192307 0.1777203918269231 0.5319721490384615 0.16570105048076922 0.5255393533653846 0.16437573317307694 0.5194942596153846 0.1700325048076923 0.5173499927884616 0.16959073317307694 0.5022372620192308 0.18373266826923076 0.4960893028846154 0.20662378365384615 0.4986212740384615 0.21404764903846155
1 0.5475516850961538 0.21722632211538462 0.5505742307692307 0.21439793990384615 0.5523307908653846 0.2078576177884615 0.551167673076923 0.18691134375 0.5464914375000001 0.17904570913461537 0.5400586370192307 0.1777203918269231 0.53703609375 0.18054878125 0.5374237980769231 0.1875308701923077 0.5312758389423077 0.21042198557692307 0.5325418245192307 0.2141339158653846 0.5475516850961538 0.21722632211538462
1 0.6394702836538462 0.21200611057692306 0.6356723245192307 0.20087031730769228 0.6206624639423077 0.19777790865384615 0.611594826923077 0.2062630673076923 0.6041808798076923 0.22544225240384613 0.6054468653846153 0.2291541826923077 0.6281555120192308 0.23728384134615382 0.6333223245192308 0.23489722596153848 0.6394702836538462 0.21200611057692306
1 0.7295294543269232 0.23056055769230768 0.7260163341346153 0.24364119471153847 0.76197828125 0.26140357932692304 0.771045920673077 0.2529184182692308 0.777684454326923 0.21977505288461538 0.7747647764423077 0.20536909615384616 0.7713545240384616 0.20121539182692308 0.7606331947115385 0.19900652884615383 0.7576106490384615 0.2018349158653846 0.7511778509615384 0.2005095985576923 0.7460110408653846 0.2028962139423077 0.7295294543269232 0.23056055769230768
1 0.7199712427884616 0.24929796875 0.7460110408653846 0.2028962139423077 0.7447450552884616 0.19918428124999998 0.7288569086538461 0.19936203365384617 0.7185232884615385 0.20413526201923077 0.7068208100961539 0.2224309014423077 0.7040831009615385 0.24947571875 0.7083716322115384 0.25035926442307693 0.7187052572115384 0.2455860360576923 0.7199712427884616 0.24929796875
1 0.8713596153846154 0.20801451923076925 0.8687247716346154 0.21782499759615387 0.8657022283653847 0.2206533846153846 0.8591665600961539 0.23656240865384615 0.8556534399038462 0.2496430456730769 0.8603296778846155 0.2575086826923077 0.8667624759615384 0.258834 0.8792403677884616 0.2545025432692308 0.8899616971153846 0.25671140625 0.9091572211538461 0.2779217019230769 0.9198785528846154 0.2801305649038462 0.9354818557692308 0.2557363798076923 0.9347064447115384 0.2417721971153846 0.9378318581730769 0.22170946875 0.9357904591346154 0.20403335096153846 0.9255597067307693 0.19157223798076922 0.9092838557692308 0.18476790144230767 0.9062613149038461 0.1875962860576923 0.8955399807692307 0.18538742307692307 0.8752604399038462 0.20191597115384616 0.8713596153846154 0.20801451923076925
1 0.9543925432692307 0.2527302403846154 0.942302360576923 0.2640437884615384 0.9414240793269231 0.26731394471153846 0.9353789879807692 0.2729707235576923 0.9318658677884616 0.2860513581730769 0.9365421033653847 0.2939169951923077 0.9681126514423077 0.32803017548076924 0.9823471009615384 0.31715839903846155 0.9849819399038461 0.3073479206730769 0.9880044879807692 0.30451953846153845 0.9926277836538462 0.28730530769230767 0.9930833846153846 0.2668032355769231 0.9921110504807692 0.2639523076923077 0.9899667836538462 0.2635105336538462 0.9840245600961539 0.25193296634615386 0.9668704350961538 0.2483987860576923 0.9595593557692308 0.250343625 0.9543925432692307 0.2527302403846154
2 0.5201508317307693 0.563593983173077 0.519763125 0.5566118942307692 0.5163528725961538 0.5524581875 0.5056315408653846 0.5502493245192308 0.4901311057692308 0.5574091682692308 0.4874962668269231 0.5672196442307692 0.5153717235576922 0.5729626899038461 0.5183942692307693 0.5701343028846154 0.5201508317307693 0.563593983173077
2 0.5552344975961538 0.5846265288461538 0.5445131658653847 0.5824176634615384 0.5414906225961539 0.5852460528846154 0.5397340625 0.5917863701923077 0.5456762860576924 0.6033639399038462 0.5551316298076923 0.6018608677884616 0.55776646875 0.5920503918269231 0.5552344975961538 0.5846265288461538
2 0.6189452668269231 0.7012857548076923 0.6116341875 0.7032305985576923 0.6069579495192308 0.6953649591346154 0.6087145096153846 0.688824641826923 0.6044259783653846 0.6879410961538461 0.5768353557692307 0.7064144879807692 0.5781013461538461 0.7101264182692308 0.588822673076923 0.71233528125 0.5922329254807692 0.7164889855769231 0.6171887067307692 0.7078260721153846 0.6189452668269231 0.7012857548076923
2 0.647493266826923 0.7382273221153847 0.6505158100961539 0.7353989350961538 0.6531506514423077 0.7255884543269231 0.6527629471153846 0.7186063653846154 0.6514969591346154 0.7148944326923077 0.6450641634615385 0.7135691177884615 0.6377530865384615 0.7155139591346154 0.6317079927884616 0.7211707307692308 0.6290731538461538 0.7309812091346154 0.630339139423077 0.734693141826923 0.647493266826923 0.7382273221153847