1 0.504878048076923 0 0.46097561057692304 0.03623188461538462 0.46585365865384615 0.1086956514423077 0.5414634134615385 0.05797101442307692 0.5365853653846154 0.03623188461538462 0.504878048076923 0
1 0.15121951201923076 0.15217391346153847 0.14634146394230768 0.11956521634615386 0.12195121875 0.09420289903846155 0.09756097596153847 0.11594202884615384 0.09512195192307692 0.14492753605769232 0.11707317067307692 0.1884057980769231 0.1317073173076923 0.19202898557692308 0.15121951201923076 0.15217391346153847
1 0.8999999999999999 0.22463768028846154 0.9024390240384614 0.17028985576923078 0.8878048774038461 0.1485507235576923 0.8560975600961539 0.15217391346153847 0.8341463413461538 0.18115942067307692 0.8365853653846155 0.2137681153846154 0.8780487812500001 0.21739130528846154 0.8951219519230769 0.23550724519230767 0.8999999999999999 0.22463768028846154
0 0.3951219519230769 0.2644927548076923 0.36585365865384617 0.23913043509615386 0.36097561057692307 0.20652173798076923 0.3439024399038461 0.20289855048076924 0.3268292692307692 0.23550724519230767 0.3195121947115384 0.2681159423076923 0.33170731730769226 0.30434782692307694 0.3951219519230769 0.28985507211538464 0.3951219519230769 0.2644927548076923
0 0.42682926923076925 0.4492753629807692 0.4170731706730769 0.39492753605769226 0.40487804807692307 0.3913043485576923 0.38292682932692307 0.41666666586538464 0.37560975721153844 0.43115942067307694 0.38048780528846154 0.4565217379807692 0.4195121947115385 0.4637681153846154 0.42682926923076925 0.4492753629807692
0 0.11463414663461538 0.4094202908653846 0.11707317067307692 0.40217391346153847 0.12682926923076923 0.3913043485576923 0.12926829326923078 0.38405797115384616 0.12926829326923078 0.3695652163461538 0.12682926923076923 0.36231884134615383 0.11951219471153846 0.3586956514423077 0.11463414663461538 0.3586956514423077 0.10487804807692308 0.3695652163461538 0.10243902403846154 0.3804347836538462 0.10243902403846154 0.39492753605769226 0.10975609855769232 0.4094202908653846 0.11463414663461538 0.4094202908653846
0 0.10245609855769232 0.4096123197115385 0.10649024278846153 0.39523550721153844 0.10272438942307692 0.3812572451923077 0.09922682932692307 0.37167391346153844 0.08440975721153846 0.38633333413461535 0.08792926923076923 0.40402173798076924 0.09384878124999999 0.41080797115384615 0.10245609855769232 0.4096123197115385
2 0.8756097572115386 0.8260869567307693 0.8756097572115386 0.8514492764423077 0.8804878052884615 0.8550724639423077 0.8975609759615384 0.8550724639423077 0.8999999999999999 0.8586956514423078 0.9097560985576922 0.8586956514423078 0.9170731706730769 0.8514492764423077 0.9195121947115384 0.8405797091346153 0.9073170721153846 0.811594201923077 0.9073170721153846 0.7789855072115385 0.9048780480769231 0.7753623197115385 0.9048780480769231 0.75 0.9073170721153846 0.7463768125 0.9073170721153846 0.7355072451923077 0.8902439014423076 0.7391304350961538 0.8878048774038461 0.7355072451923077 0.882926829326923 0.7391304350961538 0.8731707307692307 0.7391304350961538 0.8682926826923077 0.7463768125 0.8682926826923077 0.7753623197115385 0.8707317067307693 0.818840579326923 0.8756097572115386 0.8260869567307693
2 0.8097560985576924 0.8442028990384615 0.8195121947115385 0.7318840576923077 0.8170731706730769 0.7282608701923077 0.7902439014423077 0.7246376802884615 0.7878048774038462 0.7246376802884615 0.7853658533653847 0.7318840576923077 0.7829268293269231 0.815217391826923 0.7878048774038462 0.8297101442307693 0.8048780480769231 0.8442028990384615 0.8097560985576924 0.8442028990384615
2 0.5317073173076923 0.818840579326923 0.5439024399038461 0.8260869567307693 0.5585365865384616 0.8260869567307693 0.5634146346153847 0.8333333341346154 0.5731707307692308 0.8333333341346154 0.5756097572115384 0.8369565216346154 0.5829268293269231 0.8369565216346154 0.5878048774038461 0.8297101442307693 0.5707317067307692 0.7934782620192308 0.5682926826923077 0.7826086947115385 0.5463414639423078 0.7971014495192308 0.5317073173076923 0.7862318846153846 0.5268292692307692 0.7862318846153846 0.5243902427884616 0.7898550721153845 0.5243902427884616 0.807971014423077 0.5292682932692307 0.811594201923077 0.5317073173076923 0.818840579326923
2 0.5902439014423077 0.9166666658653846 0.6024390240384615 0.9166666658653846 0.617073170673077 0.9094202908653847 0.6195121947115385 0.9057971009615385 0.6317073173076923 0.9057971009615385 0.6414634134615385 0.8985507235576923 0.6439024399038461 0.8876811586538461 0.6439024399038461 0.8514492764423077 0.6414634134615385 0.8478260865384615 0.6341463413461538 0.8478260865384615 0.5975609759615385 0.8586956514423078 0.5951219519230769 0.8659420288461538 0.5829268293269231 0.8768115937500001 0.5634146346153847 0.8768115937500001 0.5609756105769231 0.8804347836538462 0.5609756105769231 0.8876811586538461 0.5682926826923077 0.8985507235576923 0.5902439014423077 0.9166666658653846
2 0.03170731730769231 0.5942028990384615 0.02926829326923077 0.6630434783653846 0.04634146394230769 0.6739130432692307 0.0536585360576923 0.6739130432692307 0.056097560096153846 0.6775362307692308 0.07804878125 0.6739130432692307 0.07804878125 0.6630434783653846 0.06829268269230769 0.6485507235576923 0.06341463461538462 0.6304347836538462 0.06097561057692307 0.6086956514423076 0.06341463461538462 0.6050724639423077 0.06341463461538462 0.5978260865384615 0.06097561057692307 0.5942028990384615 0.06097561057692307 0.5398550721153846 0.05853658653846154 0.5326086947115385 0.03902438942307692 0.5326086947115385 0.03170731730769231 0.5362318846153846 0.02682926923076923 0.5434782620192308 0.02439024278846154 0.5507246370192308 0.02682926923076923 0.5543478269230769 0.02682926923076923 0.5833333341346154 0.03170731730769231 0.5942028990384615
2 0.06585365865384615 0.6449275360576923 0.07560975721153845 0.6557971009615385 0.08536585336538462 0.6557971009615385 0.09756097596153847 0.6485507235576923 0.09512195192307692 0.6413043485576922 0.07073170673076923 0.6231884062499999 0.06829268269230769 0.6159420288461538 0.06829268269230769 0.6086956514423076 0.07073170673076923 0.6050724639423077 0.07073170673076923 0.5942028990384615 0.06829268269230769 0.5869565216346154 0.07073170673076923 0.5833333341346154 0.07073170673076923 0.5652173918269231 0.07560975721153845 0.5507246370192308 0.07560975721153845 0.5253623197115385 0.06585365865384615 0.5253623197115385 0.06097561057692307 0.5289855072115385 0.06097561057692307 0.6340579711538462 0.06585365865384615 0.6413043485576922 0.06585365865384615 0.6449275360576923