1 0.39519981009615385 0.48722534615384616 0.3979503942307692 0.48592490384615383 0.3974054375 0.4723275769230769 0.37265661538461536 0.46670976923076923 0.34130380528846155 0.4711417283653846 0.33305205048076925 0.4750430480769231 0.33250064182692307 0.47876749038461536 0.33607188701923074 0.48920215624999996 0.3448686033653846 0.4988981634615385 0.3542167235576923 0.5048697283653846 0.37154090144230767 0.5088021923076923 0.3770420721153846 0.5062013125 0.37951695432692306 0.50676309375 0.38804441586538463 0.5009995528846154 0.39437269711538464 0.4928120096153846 0.39519981009615385 0.48722534615384616
1 0.5296705576923076 0.5119748413461539 0.5324211442307692 0.5106744014423077 0.5332482548076923 0.5050877379807692 0.5285741947115384 0.5021019567307692 0.5186746634615385 0.4998548317307692 0.5109743149038461 0.5000317115384616 0.5002476730769231 0.50337125 0.48732185817307694 0.5042867908653846 0.48429556730769235 0.5074494519230769 0.4834684567307692 0.5130361153846154 0.48539193028846156 0.5173223365384616 0.4941886466346154 0.5270183413461539 0.5013375889423076 0.53056590625 0.5164625865384616 0.5320743677884615 0.5277406322115384 0.525010389423077 0.5296705576923076 0.5119748413461539
1 0.7282125408653847 0.5531928557692308 0.7238141874999999 0.5483448509615385 0.71391465625 0.5460977307692307 0.6897107908653847 0.5540772475961538 0.6872359086538461 0.55351546875 0.6888836802884615 0.5596639134615384 0.6954812163461538 0.5669359182692307 0.7029058629807692 0.5686212596153847 0.7051050408653846 0.5710452620192308 0.7150045697115384 0.5732923822115384 0.7202300384615385 0.5725537259615385 0.7205057403846153 0.5706915048076924 0.7260069134615385 0.5680906250000001 0.7282125408653847 0.5531928557692308
0 0.4414341610576923 0.3995552259615385 0.4373050576923077 0.4101667692307692 0.44390259134615384 0.41743877644230765 0.4532507139423077 0.42341034134615385 0.46095106490384613 0.42323346153846153 0.4637016514423077 0.4219330216346154 0.46590727884615385 0.40703525480769226 0.46150892307692304 0.40218725 0.44913451201923077 0.3993783485576923 0.44693533413461534 0.3969543461538461 0.4414341610576923 0.3995552259615385
0 0.44058769951923077 0.45710719471153843 0.43508652644230766 0.4597080793269231 0.4339837139423077 0.46715696153846153 0.4394784326923077 0.48187784855769233 0.44167761298076924 0.4843018509615385 0.4515771442307692 0.4865489735576923 0.4595531971153846 0.484509875 0.4625794855769231 0.48134721394230773 0.46368230048076925 0.4738983293269231 0.4592839423076923 0.4690503269230769 0.4595596466346154 0.4671881057692308 0.44058769951923077 0.45710719471153843
0 0.4964071754807692 0.4774770360576923 0.5024597548076923 0.4711517139423077 0.49833710096153844 0.4644414903846154 0.48871327644230766 0.4603321466346154 0.47826234134615386 0.4618094663461539 0.47633241346153843 0.4748450120192308 0.47853159375 0.47726901442307695 0.48843112019230767 0.4795161370192308 0.4964071754807692 0.4774770360576923
0 0.5590641682692308 0.48176196875 0.5659608629807692 0.48400692548076923 0.5720485817307692 0.4815391875 0.5758374951923076 0.47832250961538464 0.5736057572115384 0.47102136298076924 0.560201860576923 0.47001713942307694 0.5588496177884615 0.48113775240384615 0.5590641682692308 0.48176196875
0 0.6092033557692308 0.48280701201923076 0.6184615120192307 0.48739924278846153 0.6255203197115384 0.48854921634615384 0.6254576754807691 0.4787954855769231 0.6128972884615385 0.47617149759615385 0.6077479951923077 0.4783999206730769 0.6092033557692308 0.48280701201923076
0 0.6276125793269232 0.5137078245192307 0.6334082620192307 0.5111737980769231 0.6412827740384616 0.5100451778846155 0.6392710120192308 0.5020875600961539 0.63305578125 0.501356201923077 0.6303352139423077 0.50549484375 0.6219160913461538 0.5053950048076923 0.6243774182692309 0.509123860576923 0.627582389423077 0.5098513653846154 0.6276125793269232 0.5137078245192307
2 0.3862499447115385 0.1502779471153846 0.39175111538461543 0.1476770625 0.39422599759615384 0.14823884615384617 0.40797892788461537 0.14173664423076923 0.40880603846153846 0.13614998076923077 0.4068825625 0.13186375961538463 0.4044076802884616 0.13130197836538463 0.40000932451923077 0.12645397596153846 0.38516003125 0.12308329086538462 0.3824094447115384 0.12438373076923076 0.3749847980769231 0.12269838942307693 0.3615075721153846 0.12733836778846153 0.3590326899038461 0.12677658653846155 0.35050522836538456 0.1325401298076923 0.3494024158653846 0.13998901682692308 0.36370030048076923 0.1470841394230769 0.37112494711538463 0.14876948076923077 0.3738755336538461 0.14746904326923077 0.3862499447115385 0.1502779471153846
2 0.4437107427884615 0.19411799759615384 0.44453785336538465 0.18853133653846152 0.4376646129807692 0.18312155048076925 0.4178655552884616 0.17862730528846155 0.41511496875 0.1799277451923077 0.4027405600961539 0.17711884134615385 0.3999899735576923 0.17841928365384613 0.39256532692307694 0.17673393990384617 0.38981474278846157 0.17803437980769232 0.3911868076923077 0.18604504567307692 0.39558516586538467 0.19089304807692306 0.41428140865384616 0.2028361778846154 0.4167562908653846 0.2033979591346154 0.43848527403846155 0.19485665865384616 0.44096015384615384 0.19541843750000001 0.4437107427884615 0.19411799759615384
2 0.45936779567307695 0.24386732692307692 0.46156697355769233 0.24629132932692308 0.4766919711538461 0.2477997932692308 0.48604009134615384 0.25377135576923077 0.4959396225961538 0.2560184783653846 0.5069419639423077 0.25081671875 0.5074933725961539 0.2470922764423077 0.5033707187500001 0.2403820528846154 0.4962217764423077 0.2368344903846154 0.4703701394230769 0.23866556490384616 0.45936779567307695 0.24386732692307692
2 0.5371855096153846 0.2711554134615385 0.4975873942307692 0.2621669206730769 0.4948368052884616 0.2634673629807692 0.4942853990384615 0.26719180528846154 0.49648457692307696 0.2696158052884615 0.5201305841346154 0.2826824975961538 0.5220540600961538 0.28696871874999996 0.5303058197115385 0.28306739903846156 0.5305815216346154 0.28120517788461535 0.5440587475961538 0.27656519711538463 0.5418595673076922 0.2741411971153846 0.5371855096153846 0.2711554134615385
2 0.7486098990384615 0.36821627163461534 0.7077984639423077 0.3576781490384615 0.7003593124999999 0.3602375528846154 0.7094684447115385 0.3654908100961538 0.7186670192307693 0.37204051923076925 0.7222179399038461 0.3824051298076923 0.7465410192307692 0.38219037740384615 0.7486098990384615 0.36821627163461534