1 0.19370975721153846 0.24908425 0.17175853605769228 0.24542124519230768 0.15224634134615384 0.2637362644230769 0.1498073173076923 0.3113553125 0.21810000000000002 0.3113553125 0.2107829278846154 0.26739926682692305 0.19370975721153846 0.24908425
1 0.12439024278846154 0.35897435817307694 0.13414634134615386 0.34798534855769236 0.13414634134615386 0.34065934134615383 0.1317073173076923 0.34065934134615383 0.12682926923076923 0.33333333413461536 0.10975609855769232 0.33333333413461536 0.10243902403846154 0.34065934134615383 0.1 0.34798534855769236 0.1 0.3553113557692308 0.10243902403846154 0.35897435817307694 0.12439024278846154 0.35897435817307694
1 0.25853658653846157 0.3553113557692308 0.27804878125 0.34798534855769236 0.29268292788461536 0.34065934134615383 0.3 0.33333333413461536 0.3 0.3296703293269231 0.29268292788461536 0.3223443221153846 0.29268292788461536 0.31868131971153846 0.28048780528846157 0.30036630048076923 0.27560975721153846 0.29670329567307696 0.2634146346153846 0.29670329567307696 0.25609756009615386 0.30036630048076923 0.2463414639423077 0.31501831490384613 0.2463414639423077 0.3516483509615385 0.24878048798076924 0.3553113557692308 0.25853658653846157 0.3553113557692308
1 0.4756097572115384 0.3296703293269231 0.46829268269230767 0.31501831490384613 0.46341463461538457 0.3113553125 0.4536585360576923 0.3113553125 0.4512195120192307 0.3076923076923077 0.44390243990384615 0.3113553125 0.43902438942307687 0.31868131971153846 0.43658536538461534 0.3260073269230769 0.43658536538461534 0.34798534855769236 0.4756097572115384 0.34798534855769236 0.4756097572115384 0.3296703293269231
1 0.5756097572115384 0.39194139182692306 0.5780487812499999 0.3956043966346154 0.5829268293269231 0.3882783894230769 0.5804878052884616 0.3699633701923077 0.5731707307692308 0.36263736298076926 0.5658536586538461 0.36263736298076926 0.5585365865384616 0.37362637259615383 0.5560975600961539 0.3809523798076923 0.5560975600961539 0.3882783894230769 0.5585365865384616 0.39194139182692306 0.5756097572115384 0.39194139182692306
1 0.6 0.42857142788461544 0.6024390240384615 0.42490842548076924 0.6024390240384615 0.4029304038461538 0.5975609759615385 0.39926739903846153 0.5902439014423077 0.39926739903846153 0.5853658533653846 0.4029304038461538 0.5853658533653846 0.41758241826923076 0.5902439014423077 0.42857142788461544 0.6 0.42857142788461544
1 0.6682926826923077 0.4322344326923077 0.6707317067307692 0.42857142788461544 0.6707317067307692 0.4212454206730769 0.6658536586538462 0.4102564110576923 0.6536585360576923 0.4102564110576923 0.6512195120192307 0.41391941346153843 0.6512195120192307 0.42857142788461544 0.6536585360576923 0.4322344326923077 0.6682926826923077 0.4322344326923077
1 0.7097560985576923 0.45054944951923076 0.7121951225961538 0.4468864471153846 0.7121951225961538 0.43589743509615386 0.7073170721153846 0.42857142788461544 0.7 0.42857142788461544 0.6975609759615384 0.4322344326923077 0.6951219519230769 0.4395604399038462 0.6951219519230769 0.4468864471153846 0.6975609759615384 0.45054944951923076 0.7097560985576923 0.45054944951923076
1 0.6853658533653846 0.4542124543269231 0.6853658533653846 0.44322344230769234 0.6829268293269231 0.4395604399038462 0.6756097572115384 0.4395604399038462 0.6756097572115384 0.4542124543269231 0.6804878052884615 0.46153846153846156 0.6853658533653846 0.4542124543269231
1 0.7414634134615384 0.4395604399038462 0.7439024399038462 0.43589743509615386 0.7414634134615384 0.42857142788461544 0.7390243894230769 0.42490842548076924 0.7341463413461539 0.42490842548076924 0.7317073173076923 0.42857142788461544 0.7317073173076923 0.43589743509615386 0.7341463413461539 0.4395604399038462 0.7414634134615384 0.4395604399038462
1 0.77804878125 0.42490842548076924 0.7731707307692308 0.41758241826923076 0.7658536586538461 0.41758241826923076 0.7609756105769231 0.42490842548076924 0.7609756105769231 0.4395604399038462 0.77804878125 0.4395604399038462 0.77804878125 0.42490842548076924
1 0.8121951225961539 0.47985348076923073 0.8097560985576924 0.4725274735576923 0.8024390240384616 0.4725274735576923 0.8024390240384616 0.47985348076923073 0.8097560985576924 0.4835164831730769 0.8121951225961539 0.47985348076923073
1 0.8733658533653846 0.5056849807692307 0.8708292692307692 0.502457875 0.8673170721153846 0.507399266826923 0.8677073173076923 0.50832234375 0.8737560985576922 0.5112527475961538 0.8733658533653846 0.5056849807692307
1 0.8444878052884615 0.4974761899038462 0.8411707307692308 0.4983553125 0.8392195120192307 0.5062710625 0.843121951923077 0.5092014663461538 0.8462439014423077 0.5053919423076922 0.8444878052884615 0.4974761899038462
3 0.12195121875 0.6520146514423076 0.18292682932692308 0.6520146514423076 0.18780487740384616 0.6446886442307692 0.1853658533653846 0.6336996346153847 0.16585365865384613 0.5897435889423077 0.1536585360576923 0.5421245432692308 0.1536585360576923 0.4212454206730769 0.17317073076923076 0.38461538461538464 0.2 0.3956043966346154 0.20487804807692309 0.4212454206730769 0.2097560985576923 0.4212454206730769 0.21219512259615386 0.4102564110576923 0.20243902403846153 0.3663003653846154 0.16585365865384613 0.3296703293269231 0.15121951201923076 0.3296703293269231 0.12439024278846154 0.3699633701923077 0.1073170721153846 0.38461538461538464 0.09756097596153847 0.40659340624999996 0.09024390144230769 0.46153846153846156 0.08536585336538462 0.5641025649038461 0.07804878125 0.59340659375 0.08048780528846153 0.6336996346153847 0.12195121875 0.6520146514423076
3 0.06829268269230769 0.5604395600961538 0.07073170673076923 0.5567765576923077 0.07804878125 0.5567765576923077 0.07804878125 0.545787545673077 0.08292682932692307 0.5347985336538461 0.08292682932692307 0.5238095240384616 0.08780487740384615 0.5054945048076923 0.09024390144230769 0.43589743509615386 0.1 0.3956043966346154 0.1073170721153846 0.39194139182692306 0.10243902403846154 0.3809523798076923 0.09024390144230769 0.39194139182692306 0.07804878125 0.4102564110576923 0.07073170673076923 0.4322344326923077 0.07073170673076923 0.45054944951923076 0.06341463461538462 0.47619047596153846 0.056097560096153846 0.5421245432692308 0.06341463461538462 0.5531135528846154 0.06097561057692307 0.5567765576923077 0.06829268269230769 0.5604395600961538
3 0.3073170721153846 0.5714285721153846 0.3048780480769231 0.5054945048076923 0.28292682932692303 0.4725274735576923 0.27317073076923076 0.42857142788461544 0.27804878125 0.40659340624999996 0.29268292788461536 0.3882783894230769 0.29268292788461536 0.3809523798076923 0.28048780528846157 0.3699633701923077 0.25853658653846157 0.3699633701923077 0.24390243990384614 0.38461538461538464 0.22195121874999998 0.41758241826923076 0.21951219471153843 0.43589743509615386 0.21707317067307694 0.5714285721153846 0.22439024278846154 0.5787545793269231 0.3024390240384615 0.5824175817307693 0.3073170721153846 0.5714285721153846
3 0.3975609759615385 0.5347985336538461 0.40243902403846155 0.545787545673077 0.42439024278846155 0.5494505504807692 0.42926829326923077 0.5421245432692308 0.42682926923076925 0.5347985336538461 0.42926829326923077 0.5201465192307693 0.43902438942307687 0.5018315024038462 0.44146341346153845 0.45787545673076924 0.4512195120192307 0.41391941346153843 0.46341463461538457 0.39194139182692306 0.4707317067307692 0.39194139182692306 0.46829268269230767 0.3699633701923077 0.43902438942307687 0.3699633701923077 0.42682926923076925 0.39194139182692306 0.4146341466346154 0.4029304038461538 0.40975609855769235 0.41391941346153843 0.40731707211538465 0.44322344230769234 0.40487804807692307 0.4468864471153846 0.40243902403846155 0.5018315024038462 0.4 0.5054945048076923 0.4 0.53113553125 0.3975609759615385 0.5347985336538461
3 0.4560975600961538 0.5494505504807692 0.46341463461538457 0.5494505504807692 0.46585365865384615 0.5531135528846154 0.46829268269230767 0.5494505504807692 0.4756097572115384 0.5494505504807692 0.47804878125 0.5421245432692308 0.4756097572115384 0.46886446875 0.47804878125 0.46520146634615384 0.47804878125 0.4395604399038462 0.4804878052884615 0.43589743509615386 0.4756097572115384 0.4322344326923077 0.4804878052884615 0.4102564110576923 0.47804878125 0.40659340624999996 0.4756097572115384 0.4102564110576923 0.4731707307692308 0.43589743509615386 0.4512195120192307 0.53113553125 0.4512195120192307 0.5421245432692308 0.4560975600961538 0.5494505504807692
3 0.5317073173076923 0.4835164831730769 0.5317073173076923 0.5164835168269231 0.5341463413461539 0.5201465192307693 0.5780487812499999 0.5238095240384616 0.5780487812499999 0.5054945048076923 0.5731707307692308 0.4945054951923077 0.5731707307692308 0.44322344230769234 0.5804878052884616 0.42490842548076924 0.5804878052884616 0.41391941346153843 0.5756097572115384 0.40659340624999996 0.5609756105769231 0.40659340624999996 0.5585365865384616 0.4029304038461538 0.5487804879807693 0.4102564110576923 0.5365853653846154 0.42857142788461544 0.5365853653846154 0.46153846153846156 0.5341463413461539 0.46520146634615384 0.5341463413461539 0.47985348076923073 0.5317073173076923 0.4835164831730769
3 0.6097560985576923 0.5054945048076923 0.6097560985576923 0.4835164831730769 0.6073170721153847 0.47619047596153846 0.604878048076923 0.43589743509615386 0.6 0.4212454206730769 0.5902439014423077 0.4212454206730769 0.5878048774038461 0.42857142788461544 0.5902439014423077 0.5018315024038462 0.5926829278846154 0.5054945048076923 0.6097560985576923 0.5054945048076923
3 0.6414634134615385 0.5091575096153846 0.6560975600961538 0.5091575096153846 0.6585365865384615 0.5128205120192308 0.6658536586538462 0.5128205120192308 0.6707317067307692 0.5054945048076923 0.6707317067307692 0.45054944951923076 0.6682926826923077 0.4395604399038462 0.6658536586538462 0.43589743509615386 0.6512195120192307 0.43589743509615386 0.6414634134615385 0.45054944951923076 0.6414634134615385 0.47985348076923073 0.6390243894230768 0.4835164831730769 0.6390243894230768 0.5018315024038462 0.6414634134615385 0.5091575096153846
3 0.6878048774038461 0.5238095240384616 0.7073170721153846 0.5238095240384616 0.7097560985576923 0.5274725264423077 0.7170731706730769 0.5238095240384616 0.7170731706730769 0.5128205120192308 0.7195121947115385 0.5091575096153846 0.7170731706730769 0.45787545673076924 0.7121951225961538 0.4542124543269231 0.6926829278846154 0.4542124543269231 0.6878048774038461 0.45787545673076924 0.6853658533653846 0.46520146634615384 0.6853658533653846 0.4945054951923077 0.6829268293269231 0.49816849759615384 0.6829268293269231 0.5164835168269231 0.6878048774038461 0.5238095240384616
3 0.7268292692307692 0.5091575096153846 0.7292682932692307 0.5128205120192308 0.7390243894230769 0.5091575096153846 0.7439024399038462 0.5128205120192308 0.7463414639423077 0.5054945048076923 0.7463414639423077 0.49084249038461536 0.7487804879807692 0.4871794879807692 0.7487804879807692 0.4542124543269231 0.7439024399038462 0.44322344230769234 0.7317073173076923 0.44322344230769234 0.7268292692307692 0.4468864471153846 0.7243902427884615 0.4542124543269231 0.7243902427884615 0.49084249038461536 0.7268292692307692 0.4945054951923077 0.7268292692307692 0.5091575096153846
3 0.7853658533653847 0.5164835168269231 0.7829268293269231 0.4542124543269231 0.7731707307692308 0.44322344230769234 0.7609756105769231 0.44322344230769234 0.7609756105769231 0.4468864471153846 0.7536585360576923 0.4542124543269231 0.7512195120192308 0.5201465192307693 0.7536585360576923 0.5238095240384616 0.7829268293269231 0.5238095240384616 0.7853658533653847 0.5164835168269231
3 0.8121951225961539 0.5238095240384616 0.8121951225961539 0.4871794879807692 0.8073170721153846 0.4835164831730769 0.8 0.4835164831730769 0.7975609759615385 0.4871794879807692 0.795121951923077 0.5238095240384616 0.8 0.5274725264423077 0.8097560985576924 0.5274725264423077 0.8121951225961539 0.5238095240384616
3 0.8775536586538462 0.5262087908653846 0.8775536586538462 0.5167692307692308 0.8663853653846154 0.519567764423077 0.8661536586538462 0.5408864471153846 0.8763902427884616 0.5398388269230769 0.8775536586538462 0.5262087908653846
0 0.20243902403846153 0.6923076923076923 0.20487804807692309 0.6886446875 0.21219512259615386 0.6886446875 0.21707317067307694 0.6849816850961539 0.22195121874999998 0.6703296706730769 0.21951219471153843 0.6410256418269231 0.20243902403846153 0.6410256418269231 0.18780487740384616 0.6520146514423076 0.1853658533653846 0.6813186802884614 0.19024390144230768 0.6886446875 0.19512195192307694 0.6923076923076923 0.20243902403846153 0.6923076923076923
0 0.44634146394230767 0.5567765576923077 0.4512195120192307 0.5494505504807692 0.4512195120192307 0.545787545673077 0.44634146394230767 0.5347985336538461 0.43902438942307687 0.53113553125 0.42926829326923077 0.545787545673077 0.4341463413461539 0.5494505504807692 0.43658536538461534 0.5567765576923077 0.44634146394230767 0.5567765576923077
2 0.02926829326923077 0.7399267403846154 0.05121951201923077 0.7069597067307692 0.06097561057692307 0.6813186802884614 0.06097561057692307 0.6703296706730769 0.05121951201923077 0.6703296706730769 0.048780487980769234 0.6666666658653846 0.04634146394230769 0.6703296706730769 0.03902438942307692 0.6703296706730769 0.03658536538461538 0.6666666658653846 0.03170731730769231 0.6666666658653846 0.03170731730769231 0.6923076923076923 0.02682926923076923 0.7069597067307692 0.02682926923076923 0.7399267403846154 0.02926829326923077 0.7399267403846154
2 0.11951219471153846 0.7399267403846154 0.12926829326923078 0.7399267403846154 0.1390243894230769 0.732600733173077 0.15121951201923076 0.732600733173077 0.15609756009615383 0.7289377283653846 0.15609756009615383 0.7216117211538461 0.14390243990384616 0.7032967043269231 0.13414634134615386 0.7032967043269231 0.12439024278846154 0.7106227115384616 0.12439024278846154 0.7142857139423077 0.11707317067307692 0.7216117211538461 0.11707317067307692 0.736263735576923 0.11951219471153846 0.7399267403846154
2 0 0.9194139182692307 0.03902438942307692 0.8351648341346153 0.03902438942307692 0.8278388269230769 0.03170731730769231 0.8278388269230769 0.02926829326923077 0.8315018317307692 0.014634146634615385 0.8095238100961539 0.012195122596153848 0.8095238100961539 0.009756098557692309 0.8021978028846154 0.004878048076923077 0.7985347980769231 0 0.8021978028846154 0 0.9194139182692307
2 0 0.985347985576923 0.004878048076923077 0.985347985576923 0.014634146634615385 0.9743589735576923 0.017073170673076923 0.9743589735576923 0.01951219471153846 0.9706959711538462 0.01951219471153846 0.9560439567307693 0.014634146634615385 0.9523809519230769 0.004878048076923077 0.9523809519230769 0 0.9377289375 0 0.985347985576923
2 0.21707317067307694 0.9047619038461538 0.2463414639423077 0.9010989014423078 0.24878048798076924 0.8974358966346153 0.2634146346153846 0.8937728942307692 0.27317073076923076 0.8827838822115385 0.27317073076923076 0.8644688653846154 0.2682926826923077 0.8498168509615385 0.2609756105769231 0.857142858173077 0.25121951201923076 0.8608058605769231 0.24878048798076924 0.857142858173077 0.2365853653846154 0.8131868124999999 0.2390243894230769 0.8095238100961539 0.2390243894230769 0.7912087908653846 0.2365853653846154 0.7838827836538461 0.2 0.7875457884615386 0.19512195192307694 0.794871795673077 0.2 0.9084249086538462 0.21463414663461539 0.9084249086538462 0.21707317067307694 0.9047619038461538
2 0.25609756009615386 0.8131868124999999 0.25609756009615386 0.794871795673077 0.24878048798076924 0.7875457884615386 0.24146341346153846 0.7875457884615386 0.2390243894230769 0.7985347980769231 0.2390243894230769 0.8168498173076923 0.25121951201923076 0.8168498173076923 0.25609756009615386 0.8131868124999999
2 0.27073170673076924 0.7619047620192307 0.27317073076923076 0.7655677644230768 0.2853658533653846 0.7655677644230768 0.3048780480769231 0.75091575 0.3073170721153846 0.7472527475961539 0.3073170721153846 0.7399267403846154 0.3048780480769231 0.736263735576923 0.2951219519230769 0.732600733173077 0.29024390144230766 0.6788754567307692 0.29024390144230766 0.6556776562500001 0.27317073076923076 0.6556776562500001 0.2682926826923077 0.6630036634615385 0.26585365865384614 0.6703296706730769 0.26585365865384614 0.7069597067307692 0.2682926826923077 0.7106227115384616 0.27073170673076924 0.7619047620192307
2 0.3707317067307692 0.7619047620192307 0.37560975721153844 0.7619047620192307 0.37804878125 0.7582417572115384 0.37804878125 0.7142857139423077 0.38292682932692307 0.6996336995192307 0.3951219519230769 0.6776556778846154 0.40243902403846155 0.6556776562500001 0.40487804807692307 0.6520146514423076 0.40975609855769235 0.6520146514423076 0.4146341466346154 0.6410256418269231 0.40975609855769235 0.6410256418269231 0.40975609855769235 0.6446886442307692 0.3902439014423077 0.6410256418269231 0.38292682932692307 0.6520146514423076 0.38048780528846154 0.6520146514423076 0.3536585360576923 0.7069597067307692 0.3536585360576923 0.71794871875 0.35853658653846154 0.7399267403846154 0.3707317067307692 0.7619047620192307
2 0.46097561057692304 0.7216117211538461 0.46585365865384615 0.7252747259615385 0.46829268269230767 0.7216117211538461 0.48292682932692305 0.7216117211538461 0.4902439014423077 0.71794871875 0.4926829278846154 0.7106227115384616 0.48780487740384615 0.7032967043269231 0.4853658533653846 0.7032967043269231 0.47804878125 0.673992673076923 0.47804878125 0.6556776562500001 0.4804878052884615 0.6520146514423076 0.4804878052884615 0.6410256418269231 0.4585365865384615 0.6410256418269231 0.4560975600961538 0.6446886442307692 0.4585365865384615 0.6886446875 0.46097561057692304 0.6923076923076923 0.46097561057692304 0.7216117211538461
2 0.5243902427884616 0.6410256418269231 0.5341463413461539 0.6410256418269231 0.5292682932692307 0.6153846153846154 0.5268292692307692 0.6117216105769231 0.5195121947115384 0.6117216105769231 0.5170731706730769 0.6153846153846154 0.5170731706730769 0.6263736274038462 0.5195121947115384 0.6336996346153847 0.5243902427884616 0.6410256418269231
2 0.5756097572115384 0.6300366298076923 0.5853658533653846 0.6300366298076923 0.5926829278846154 0.6227106225961538 0.5902439014423077 0.6117216105769231 0.5829268293269231 0.6117216105769231 0.5804878052884616 0.6153846153846154 0.5731707307692308 0.6153846153846154 0.5731707307692308 0.6263736274038462 0.5756097572115384 0.6300366298076923