1 0.7422222211538462 0.1633333341346154 0.748888889423077 0.16999999999999998 0.7577777788461538 0.16999999999999998 0.76 0.17333333413461538 0.78 0.17333333413461538 0.7844444447115385 0.18 0.8 0.19 0.8177777788461539 0.16999999999999998 0.8177777788461539 0.13 0.8155555552884616 0.1266666658653846 0.8155555552884616 0.11666666586538461 0.8 0.09 0.7933333341346154 0.08666666586538462 0.771111110576923 0.08333333413461538 0.7466666658653847 0.09666666586538461 0.7333333341346153 0.11666666586538461 0.7266666658653846 0.14 0.7244444447115386 0.15 0.7244444447115386 0.16 0.7266666658653846 0.1633333341346154 0.7422222211538462 0.1633333341346154
1 0.6822222211538461 0.22333333413461537 0.6866666658653846 0.2133333341346154 0.6866666658653846 0.19 0.6844444447115384 0.1833333341346154 0.6733333341346154 0.16999999999999998 0.66 0.16999999999999998 0.6533333341346155 0.17333333413461538 0.6444444447115385 0.19666666586538462 0.6444444447115385 0.2066666658653846 0.6422222211538462 0.2133333341346154 0.6466666658653846 0.22 0.6822222211538461 0.22333333413461537
1 0.5333333341346154 0.24000000000000002 0.5466666658653846 0.24000000000000002 0.5488888894230769 0.2433333341346154 0.56 0.2433333341346154 0.5644444447115384 0.23666666586538462 0.5644444447115384 0.2133333341346154 0.5533333341346154 0.19666666586538462 0.5511111105769231 0.19666666586538462 0.5466666658653846 0.19 0.5399999999999999 0.19 0.5288888894230769 0.2 0.5266666658653846 0.21 0.5266666658653846 0.23333333413461538 0.5288888894230769 0.23666666586538462 0.5333333341346154 0.24000000000000002
1 0.5266666658653846 0.23666666586538462 0.5288888894230769 0.23333333413461538 0.5288888894230769 0.21 0.5311111105769231 0.2033333341346154 0.5288888894230769 0.2 0.5222222211538461 0.2 0.5155555552884615 0.2066666658653846 0.508888889423077 0.22666666586538461 0.508888889423077 0.23333333413461538 0.511111110576923 0.23666666586538462 0.5266666658653846 0.23666666586538462
1 0.4511111105769231 0.23666666586538462 0.4533333341346154 0.23333333413461538 0.4511111105769231 0.2133333341346154 0.4444444447115385 0.2033333341346154 0.4288888894230769 0.2033333341346154 0.4222222211538461 0.2133333341346154 0.4222222211538461 0.23666666586538462 0.42666666586538465 0.24000000000000002 0.4511111105769231 0.23666666586538462
1 0.3288888894230769 0.2133333341346154 0.32 0.1833333341346154 0.3155555552884615 0.18 0.30888888942307696 0.18 0.3066666658653846 0.17666666586538463 0.29555555528846156 0.17666666586538463 0.29111111057692307 0.18 0.28444444471153846 0.19333333413461537 0.28222222115384615 0.22666666586538461 0.28888888942307694 0.23666666586538462 0.3288888894230769 0.22666666586538461 0.3288888894230769 0.2133333341346154
1 0.3444444447115385 0.23666666586538462 0.34888888942307694 0.23666666586538462 0.35333333413461543 0.21 0.34666666586538464 0.19 0.33777777884615384 0.1833333341346154 0.32222222115384613 0.18 0.32 0.1833333341346154 0.33333333413461536 0.23333333413461538 0.3355555552884616 0.23 0.3444444447115385 0.23666666586538462
1 0.14 0.22333333413461537 0.16444444471153846 0.2066666658653846 0.17555555528846153 0.2066666658653846 0.18666666586538463 0.2133333341346154 0.19333333413461537 0.2133333341346154 0.2 0.2066666658653846 0.2 0.19333333413461537 0.19777777884615383 0.17666666586538463 0.19555555528846155 0.17333333413461538 0.19555555528846155 0.1633333341346154 0.19333333413461537 0.1566666658653846 0.17777777884615384 0.13666666586538462 0.16666666586538462 0.13666666586538462 0.16444444471153846 0.1333333341346154 0.14666666586538463 0.13666666586538462 0.1333333341346154 0.14666666586538463 0.1266666658653846 0.1633333341346154 0.12444444471153847 0.1833333341346154 0.12000000000000001 0.19666666586538462 0.1288888894230769 0.22333333413461537 0.14 0.22333333413461537
1 0.05777777884615384 0.2466666658653846 0.06888888942307693 0.26 0.10888888942307692 0.23333333413461538 0.11555555528846154 0.22666666586538461 0.11555555528846154 0.2133333341346154 0.11111111057692308 0.2066666658653846 0.11111111057692308 0.2033333341346154 0.10222222115384616 0.19 0.09777777884615385 0.18666666586538463 0.09111111057692309 0.1833333341346154 0.07333333413461539 0.1833333341346154 0.06444444471153846 0.19333333413461537 0.06222222115384615 0.19333333413461537 0.05555555528846154 0.2033333341346154 0.05555555528846154 0.23333333413461538 0.05777777884615384 0.23666666586538462 0.05777777884615384 0.2466666658653846
2 0.47777777884615386 0.5866666658653846 0.47777777884615386 0.5766666658653846 0.46444444471153845 0.5666666658653846 0.4533333341346154 0.5666666658653846 0.4488888894230769 0.5700000000000001 0.4466666658653846 0.5766666658653846 0.4466666658653846 0.5833333341346154 0.4488888894230769 0.5866666658653846 0.47777777884615386 0.5866666658653846
2 0.42 0.6 0.42 0.5933333341346153 0.41777777884615386 0.59 0.40666666586538464 0.59 0.40222222115384615 0.5966666658653846 0.40222222115384615 0.6066666658653846 0.41111111057692307 0.61 0.42 0.6
2 0.3133333341346154 0.6966666658653846 0.3355555552884616 0.7100000000000001 0.33999999999999997 0.7066666658653846 0.35111111057692307 0.7066666658653846 0.35333333413461543 0.7033333341346153 0.33111111057692305 0.6799999999999999 0.3266666658653846 0.6799999999999999 0.3266666658653846 0.6866666658653846 0.32 0.6933333341346154 0.3133333341346154 0.6900000000000001 0.3133333341346154 0.6966666658653846
2 0.2933333341346154 0.72 0.29555555528846156 0.7166666658653846 0.29555555528846156 0.7066666658653846 0.29111111057692307 0.7 0.28444444471153846 0.6966666658653846 0.27777777884615384 0.6966666658653846 0.27555555528846154 0.7 0.27333333413461536 0.7066666658653846 0.27333333413461536 0.7166666658653846 0.27555555528846154 0.72 0.2933333341346154 0.72