1 0.37 0.1049475264423077 0.40599999999999997 0.10644677644230768 0.40399999999999997 0.07946026923076924 0.382 0.06896551682692308 0.35400000000000004 0.07046476682692307 0.336 0.0839580216346154 0.33399999999999996 0.09445277403846154 0.34400000000000003 0.09745127403846153 0.348 0.11094452884615384 0.37 0.1049475264423077
1 0.598 0.27286356730769235 0.5760000000000001 0.2563718149038462 0.552 0.25787106490384615 0.534 0.26986506730769233 0.53 0.28185906971153846 0.5399999999999999 0.2983508245192308 0.56 0.28335831971153846 0.598 0.27286356730769235
0 0.411296 0.07739730048076923 0.38750199999999996 0.07824737740384614 0.369374 0.08366266826923076 0.376172 0.10627586298076924 0.41073 0.09735831971153847 0.42036 0.08759070432692308 0.411296 0.07739730048076923
0 0.42376 0.08164467788461538 0.426592 0.09141229326923075 0.43565600000000004 0.10415292307692307 0.45945 0.0960839591346154 0.44472 0.07952173798076924 0.433956 0.07442578605769232 0.42376 0.08164467788461538
0 0.6679999999999999 0.2848575721153846 0.67 0.28335831971153846 0.6799999999999999 0.28335831971153846 0.696 0.27886056971153844 0.702 0.27136431730769234 0.6920000000000001 0.26236881490384617 0.6819999999999999 0.25937031490384616 0.674 0.25937031490384616 0.6639999999999999 0.2668665673076923 0.6639999999999999 0.28035981971153845 0.662 0.28185906971153846 0.6639999999999999 0.2848575721153846 0.6679999999999999 0.2848575721153846
0 0.702 0.27886056971153844 0.702 0.2983508245192308 0.704 0.30134932451923074 0.716 0.3058470769230769 0.722 0.2908545721153846 0.728 0.2893553221153846 0.732 0.27886056971153844 0.7260000000000001 0.26986506730769233 0.716 0.2668665673076923 0.7100000000000001 0.2668665673076923 0.7060000000000001 0.26986506730769233 0.7 0.27136431730769234 0.7 0.27886056971153844 0.702 0.27886056971153844
2 0.25 0.8965517235576923 0.25 0.8980509735576923 0.266 0.9085457259615384 0.276 0.9115442283653846 0.282 0.9115442283653846 0.28400000000000003 0.9130434783653846 0.3 0.9145427283653846 0.31 0.9055472259615385 0.312 0.9055472259615385 0.31 0.8980509735576923 0.306 0.8935532235576923 0.306 0.8875562211538461 0.304 0.8845577211538462 0.292 0.8815592211538461 0.286 0.87706146875 0.286 0.87556221875 0.282 0.8740629687499999 0.28 0.87556221875 0.266 0.87556221875 0.252 0.8785607187500001 0.25 0.8800599711538462 0.25 0.8890554711538462 0.246 0.8920539735576922 0.246 0.8935532235576923 0.25 0.8965517235576923
2 0.294592 0.849466266826923 0.324618 0.8532878557692307 0.350678 0.8498905552884615 0.36030799999999996 0.8337526225961539 0.341046 0.8282323846153846 0.315554 0.82143778125 0.307622 0.82356071875 0.268532 0.8329040480769231 0.25267 0.8469175408653846 0.2657 0.8524392812499999 0.294592 0.849466266826923
1 0.244172 0.6197136442307692 0.247004 0.6358515745192308 0.23794 0.646469264423077 0.213012 0.6566611682692307 0.24927 0.6524152932692308 0.2606 0.6426476754807692 0.258902 0.6231109447115385 0.241906 0.6061244375 0.21244600000000002 0.5997541225961538 0.19374999999999998 0.6010284855769231 0.19544999999999998 0.6057001490384615 0.22491 0.6116446778846154 0.244172 0.6197136442307692
2 0.400532 0.5135442283653846 0.378438 0.5097226394230769 0.34954399999999997 0.5050509735576922 0.29969 0.5241619182692308 0.309322 0.5339295360576923 0.35804199999999997 0.5254347836538462 0.400532 0.5135442283653846
2 0.49854 0.4991049471153846 0.49061 0.48976162019230773 0.467382 0.49018740624999996 0.453784 0.48721439182692305 0.426026 0.5105712139423078 0.40732999999999997 0.5186401802884615 0.43169 0.5216131923076923 0.49854 0.4991049471153846