1 0.5373978822115385 0.8020974134615385 0.5065157283653846 0.7749104543269231 0.49675668028846154 0.7783965721153846 0.5088771153846154 0.8230345769230769 0.48568787259615387 0.8818783197115384 0.5136367620192307 0.8838377716346154 0.5396301442307693 0.8689788822115384 0.5522670841346154 0.8385875072115384 0.5373978822115385 0.8020974134615385
1 0.5428030384615384 0.5585131923076923 0.5069583581730769 0.5601704903846154 0.5186729158653847 0.5735027091346153 0.5143376442307692 0.6315831177884615 0.5197060480769231 0.6340446442307692 0.5406446514423077 0.6313423076923077 0.5642397692307692 0.6038043461538461 0.5645902716346154 0.5829773677884615 0.5428030384615384 0.5585131923076923
1 0.5379880144230769 0.4455772331730769 0.5253879495192307 0.4405235528846154 0.5133228894230769 0.4480183125 0.5082312403846154 0.4956199158653846 0.513156891826923 0.5022207115384615 0.5384861442307692 0.4935707283653846 0.5495734471153846 0.477666798076923 0.5494811947115384 0.4609790889423077 0.5379880144230769 0.4455772331730769
1 0.5723383125 0.29993945432692304 0.5682981682692307 0.2850601177884615 0.5528570889423077 0.2714666370192308 0.5307193557692308 0.26782943990384617 0.5261073293269231 0.2758467211538461 0.5229711899038462 0.34026666586538457 0.5281182139423077 0.34479782451923074 0.5553107283653846 0.3362784711538461 0.5641842716346154 0.3410708918269231 0.5723383125 0.29993945432692304
1 0.5449429254807693 0.3981062596153846 0.5464925576923076 0.3836188149038462 0.5368626370192308 0.3683475889423077 0.5105556274038462 0.3685884014423077 0.506570860576923 0.40584183173076926 0.5114965048076923 0.41244262740384613 0.5449429254807693 0.3981062596153846
1 0.5063211466346154 0.3449607283653846 0.5137499158653847 0.36354107692307697 0.5412532788461538 0.36239994471153847 0.5614355072115385 0.3492188028846154 0.562763764423077 0.3368009903846154 0.5063211466346154 0.3449607283653846
1 0.5075302355769231 0.537273875 0.47004367307692313 0.5367309086538461 0.4673871610576923 0.5615665288461538 0.5169387836538462 0.5546147355769231 0.5075302355769231 0.537273875
1 0.5404232740384616 0.6334119399038461 0.5122530096153846 0.633522125 0.504370451923077 0.6432805841346153 0.5158504014423078 0.6525407307692308 0.5397591466346154 0.6396208461538462 0.5404232740384616 0.6334119399038461
2 0.08763263701923077 0.30349031490384615 0.08267011298076922 0.3323345769230769 0.09119315384615384 0.3579539735576923 0.10303683653846153 0.35252885096153846 0.11820116586538461 0.3160592019230769 0.11065587740384616 0.2988489735576923 0.09783443990384615 0.2958649254807692 0.08763263701923077 0.30349031490384615
2 0.05027519951923077 0.2841900048076923 0.04948194951923077 0.30915625240384614 0.05813411538461539 0.31601831009615383 0.08971727163461538 0.3015513125 0.08381386778846153 0.28654134615384613 0.05027519951923077 0.2841900048076923
2 0.04114340384615385 0.31691227403846156 0.05049657692307692 0.2821203677884615 0.03363499278846154 0.26425698798076924 0.0226768125 0.2614035745192308 0.02450319951923077 0.29697925721153845 0.03182710817307692 0.31625912259615385 0.04114340384615385 0.31691227403846156
2 0.1783235889423077 0.3682328581730769 0.16714403365384617 0.36744907932692306 0.1549498485576923 0.3937011826923077 0.15624122836538462 0.4167284278846154 0.17478157211538464 0.40134701923076926 0.1783235889423077 0.3682328581730769
2 0.08833376442307692 0.4724370480769231 0.1088296201923077 0.47387398076923076 0.1051399735576923 0.43816766586538464 0.07741245913461539 0.43413857692307695 0.07115855528846154 0.43995559375 0.07080805288461539 0.46078257211538465 0.08833376442307692 0.4724370480769231
2 0.10526922355769232 0.6300110120192308 0.09178365625 0.6332358725961539 0.0907690264423077 0.6602717572115384 0.11281451201923076 0.6472212427884615 0.10526922355769232 0.6300110120192308