1 0.6730824711538462 0.7359363990384615 0.6392632307692309 0.7317936418269231 0.6224945745192307 0.7546478100961539 0.62084378125 0.8026094735576923 0.6301634735576923 0.8220486610576923 0.6787498677884615 0.80344621875 0.6975200288461539 0.7804830793269232 0.6945487620192308 0.7507249783653845 0.6730824711538462 0.7359363990384615
1 0.8245506394230768 0.5142616514423077 0.8215793774038461 0.4845035456730769 0.7866528125 0.4544905216346154 0.7767828509615384 0.45103855288461536 0.7685704807692308 0.4574696346153846 0.7533906322115385 0.49220525 0.7518774038461539 0.5361701105769231 0.7614722307692308 0.5476156850961538 0.8077132019230769 0.5391142235576922 0.8245506394230768 0.5142616514423077
1 0.8297645649038461 0.24669363701923078 0.8350192620192308 0.3261938701923077 0.8815353653846153 0.3096987956730769 0.9021006826923077 0.29262189903846153 0.9054778485576923 0.2525448798076923 0.8842866899038462 0.22976269230769233 0.8546768100961538 0.21940679086538462 0.8297645649038461 0.24669363701923078
0 0.5397458557692307 0.19865402163461537 0.5329779302884615 0.16311864663461537 0.5111677211538461 0.15832207932692308 0.4910838870192308 0.1614101610576923 0.48190855048076925 0.195818875 0.5095857091346153 0.20428534134615386 0.5397458557692307 0.19865402163461537
0 0.42790868269230764 0.5458292499999999 0.4211475528846154 0.5681385817307693 0.4364029807692308 0.5892492692307691 0.4502759495192308 0.5924833028846154 0.4475110360576923 0.5567299879807692 0.42790868269230764 0.5458292499999999
0 0.4897973918269231 0.37291393269230766 0.46571054567307696 0.3762199471153846 0.45508397115384613 0.3947504110576923 0.4828299134615385 0.4012184735576923 0.4897973918269231 0.37291393269230766
0 0.41032821875000003 0.7083536682692307 0.46346788701923075 0.6735460673076923 0.4546296730769231 0.6401180624999999 0.45076422836538466 0.6363391899038462 0.4059745 0.66071890625 0.4028724639423077 0.6928023173076923 0.41032821875000003 0.7083536682692307
0 0.36851655048076926 0.8203361971153846 0.35657630048076927 0.8189915985576923 0.3518854591346154 0.8391935600961538 0.3674160192307693 0.8523106394230768 0.40620123317307694 0.8282578245192307 0.40136603125 0.7946118822115384 0.3954990817307692 0.7909419807692307 0.36851655048076926 0.8203361971153846
2 0.08891806490384616 0.7597613293269231 0.12107971634615386 0.7540210432692308 0.12445688221153846 0.7139440216346155 0.08428920913461538 0.7201201802884616 0.07386898557692308 0.7326554326923076 0.0732499375 0.7506410576923077 0.08891806490384616 0.7597613293269231
2 0.11920218509615385 0.6344437860576922 0.1376972139423077 0.6194742620192308 0.128859 0.5860462548076923 0.1150548125 0.5808138197115384 0.10042522596153845 0.5995622163461538 0.09939348076923077 0.6295382548076923 0.11037076682692308 0.6588604879807692 0.10409111778846153 0.6671810048076924 0.10719994951923077 0.6929423004807693 0.11920218509615385 0.6344437860576922
2 0.2721971754807692 0.4844935985576923 0.2303031298076923 0.4827851129807692 0.1847567860576923 0.5291472572115384 0.18172353605769231 0.5592322644230769 0.19959951442307694 0.5622483629807692 0.26067641826923077 0.5290032956730769 0.27454938942307694 0.5322373245192308 0.2799968461538462 0.4900529375 0.2721971754807692 0.4844935985576923
2 0.2481723173076923 0.4279565024038462 0.22822604567307694 0.4270477740384615 0.21980732692307692 0.43947406250000004 0.21918827884615383 0.4574596850961538 0.23444370673076922 0.4785703725961538 0.31015699278846154 0.48442161778846154 0.30497787259615383 0.46076768990384614 0.28309887980769227 0.4579695264423077 0.2481723173076923 0.4279565024038462
2 0.38494211778846155 0.22702855288461538 0.3689300769230769 0.22790029326923078 0.34443732692307694 0.3010414326923077 0.34361193028846154 0.3250222644230769 0.35700341826923077 0.3422451153846154 0.3814341802884615 0.3289470865384615 0.3944749591346154 0.29831724278846156 0.3756292163461538 0.2654340745192308 0.38494211778846155 0.22702855288461538
2 0.3274419350961538 0.15635668509615386 0.32081157451923076 0.1168245048076923 0.3311630192307692 0.10628765144230769 0.33136936778846154 0.10029244230769231 0.3193603365384616 0.10094625 0.27822970192307694 0.13510004326923078 0.2673967764423077 0.15962571394230768 0.27257589663461534 0.18327964182692308 0.29673152403846154 0.17797522355769232 0.3274419350961538 0.15635668509615386
3 0.8528816514423077 0.21352055048076923 0.7850988100961539 0.1513871298076923 0.6848104014423076 0.10498600961538461 0.6347727692307692 0.10771019951923076 0.6041999254807693 0.12533193509615384 0.5660337620192307 0.131399125 0.5127565288461539 0.17020352884615386 0.5064080961538462 0.18052244471153844 0.5099984086538462 0.1922949254807692 0.5670103149038461 0.21911090384615386 0.5552144278846154 0.27161420913461537 0.5886897524038461 0.2857489807692308 0.6114697211538462 0.32041261778846153 0.6753803245192308 0.32092245913461537 0.7879461009615384 0.3008314567307692 0.7923618100961539 0.2886231033653846 0.7769688149038461 0.2715092211538461 0.80684703125 0.21602680528846155 0.8528816514423077 0.21352055048076923
3 0.7235811971153846 0.5456892644230769 0.7319999158653846 0.5332629783653846 0.5853329735576923 0.49936012740384617 0.46337871875 0.5020103461538462 0.45282092548076924 0.5185424038461538 0.677546576923077 0.5481955216346154 0.7235811971153846 0.5456892644230769
3 0.4854572620192308 0.44096859134615385 0.5409491442307692 0.45390471875 0.6704279375000001 0.4648074495192308 0.7163249951923076 0.4662979975961538 0.720740704326923 0.45408964903846155 0.7306794471153846 0.45554321153846156 0.7270891346153847 0.44377073076923074 0.6887166177884616 0.45583312980769236 0.5415681923076924 0.43591909615384616 0.4822108653846154 0.4192040985576923 0.4679251971153846 0.4279604807692308 0.4854572620192308 0.44096859134615385
3 0.6311196442307693 0.7362263173076923 0.6394007956730768 0.7277968341346154 0.6251771129807693 0.676710108173077 0.5928711009615385 0.6286024927884615 0.553528829326923 0.6107978173076923 0.5094957139423077 0.6131951057692308 0.4548360240384615 0.6341228533653845 0.46788359615384617 0.6613377163461538 0.45518673317307695 0.6819755504807692 0.426477829326923 0.7034851225961538 0.4023289951923077 0.7666342451923077 0.4102042451923077 0.8280398894230768 0.37342053605769226 0.8519837355769231 0.41946195432692307 0.9073221899038462 0.47046934375 0.9344650721153845 0.5151215072115385 0.9140821586538461 0.6102859879807693 0.81914153125 0.5593473822115385 0.7900002475961538 0.5423655793269231 0.7610049158653845 0.5850850216346154 0.7387325697115384 0.6311196442307693 0.7362263173076923