1 0.8478513149038461 0.6784422139423077 0.7659301346153846 0.6711871057692308 0.7994317644230768 0.710833295673077 0.7969315168269231 0.7587245649038461 0.8236394975961538 0.7751323389423077 0.8560489302884615 0.7703291081730769 0.8917390432692307 0.7378849711538462 0.8918959447115384 0.7097372091346154 0.8478513149038461 0.6784422139423077
1 0.7386821850961538 0.39107086778846156 0.7067414230769231 0.3919253966346154 0.6787048653846154 0.4135371370192308 0.6290362115384615 0.42962656009615385 0.62356909375 0.44886321153846154 0.7151733701923076 0.48183793990384616 0.7581258028846154 0.46868351442307693 0.7683570360576923 0.43613325721153845 0.7386821850961538 0.39107086778846156
1 0.7617141610576923 0.6262308341346153 0.6869778677884616 0.6120920264423076 0.7241493725961539 0.6744697788461539 0.7608542524038462 0.6603016466346154 0.7617141610576923 0.6262308341346153
0 0.5360218461538462 0.5694871033653846 0.534147173076923 0.58528190625 0.5663996995192307 0.6086264399038461 0.5978717956730769 0.6117206129807692 0.6095864663461539 0.5934976634615384 0.5900633774038462 0.5702061923076923 0.5434410697115385 0.5606290552884615 0.5360218461538462 0.5694871033653846
0 0.596700125 0.6215923653846154 0.5990434687499999 0.6018488605769231 0.5630415913461538 0.6100939399038462 0.5731933509615385 0.6318648557692307 0.596700125 0.6215923653846154
0 0.5015869639423077 0.3767491466346154 0.5229073004807693 0.35807240625000003 0.5079139927884616 0.32344167788461536 0.48292378124999996 0.3193868605769231 0.4563706634615385 0.35532590625 0.4705835384615385 0.3697062740384615 0.5015869639423077 0.3767491466346154
0 0.36820192788461537 0.34705709375000005 0.37835368990384616 0.36882800961538464 0.41248089182692305 0.37637773557692306 0.44223521634615387 0.3671189519230769 0.44746800480769233 0.34985664903846153 0.42029135336538465 0.3373975745192308 0.39553548076923073 0.33136840624999997 0.36820192788461537 0.34705709375000005
2 0.07878499038461538 0.26387465625 0.09987099038461539 0.2471722644230769 0.07909879807692308 0.20757913221153845 0.054420355769230766 0.227723375 0.05184268028846154 0.24944123317307693 0.06293177884615385 0.2633147451923077 0.07878499038461538 0.26387465625
2 0.20771971634615383 0.2505847908653846 0.19139783653846154 0.2539735817307692 0.1963168125 0.2930068004807692 0.22747714423076923 0.27190191346153847 0.20771971634615383 0.2505847908653846
2 0.06956239423076924 0.5561846730769231 0.0452751875 0.5462068028846153 0.028639497596153845 0.6058911153846154 0.07541870913461537 0.5873204903846154 0.06956239423076924 0.5561846730769231
0 0.39607545192307697 0.5950768653846153 0.40162 0.6020136225961539 0.41099132692307694 0.6035341802884615 0.4177075480769231 0.6005991850961538 0.43645020673076923 0.6036402980769231 0.4398083149038462 0.6021728004807693 0.4405113197115385 0.5962497475961539 0.4359041081730769 0.5814155889423077 0.4298908894230769 0.5784275336538461 0.4205195600961539 0.5769069759615385 0.41763011778846154 0.5744257716346154 0.3892817980769231 0.5718384519230769 0.39607545192307697 0.5950768653846153
2 0.3350038894230769 0.6535883004807693 0.2758864783653846 0.6419837524038462 0.22707773076923077 0.6240023605769232 0.22535996153846155 0.6116494038461538 0.21716030528846153 0.60025709375 0.2077889783653846 0.5987365360576923 0.19771464423076923 0.60313903125 0.2003697548076923 0.6075945865384615 0.1965429735576923 0.6130107860576923 0.20185318990384615 0.6219218942307693 0.20068151923076924 0.6317936466346155 0.20669473798076923 0.6347817019230769 0.25956459615384614 0.6453725432692308 0.31102844951923075 0.6678094879807692 0.3172760024038462 0.6688231923076924 0.3343008870192307 0.6595113509615385 0.3350038894230769 0.6535883004807693