1 0.4159409495192307 0.9140171754807693 0.4058886298076923 0.90598959375 0.3824354086538462 0.9027886466346153 0.3742463365384615 0.9083266033653847 0.3712690913461539 0.9145758798076924 0.3699694326923077 0.9376931634615384 0.3671778557692308 0.94063996875 0.36624952884615386 0.9571523149038461 0.3781651057692308 0.9787454350961539 0.38319126442307694 0.9827592235576923 0.3990124110576923 0.9815907211538462 0.40440990384615383 0.9789995721153846 0.41557621875 0.9672123365384616 0.41855346394230775 0.9609630600961538 0.421716375 0.9514113173076922 0.42301603125000004 0.9282940336538462 0.4157552860576923 0.917319641826923 0.4159409495192307 0.9140171754807693
1 0.42056278846153844 0.6916847740384615 0.4149796274038462 0.6975783894230769 0.41181672115384615 0.7071301370192308 0.41665721875000006 0.7144463966346154 0.42075505288461534 0.7349725312500001 0.42783012980769236 0.7492493870192308 0.43564787019230766 0.7503163701923078 0.44104536298076924 0.7477252235576923 0.4440226081730769 0.7414759447115385 0.4466285240384615 0.7418316057692308 0.45276867307692303 0.7260305841346154 0.4510910889423077 0.7091625817307693 0.44383034374999997 0.6981881899038461 0.43619826923076926 0.6938187379807693 0.42056278846153844 0.6916847740384615
1 0.36767546153846153 0.5114205288461539 0.35930072355769227 0.5202609543269231 0.35911506009615385 0.5235634254807692 0.3700006754807692 0.5274651057692308 0.3764167716346154 0.5294090168269231 0.38506634375000004 0.5252550504807693 0.38898764423076926 0.5228584374999999 0.39095547115384616 0.5177958629807692 0.39168567788461534 0.5047140697115384 0.38461060096153843 0.4904372139423077 0.3767928605769231 0.4893702331730769 0.37120970192307695 0.49526384615384617 0.36767546153846153 0.5114205288461539
1 0.5180823822115385 0.5918489543269231 0.5203169639423076 0.5988095576923077 0.532555014423077 0.6000472163461539 0.5413499374999999 0.5983523725961539 0.5476280865384615 0.5883173100961538 0.5478614206730769 0.5759464110576923 0.5406006754807693 0.5649720192307692 0.5329685985576923 0.5606025721153846 0.5249651947115385 0.5628380576923078 0.5190107091346154 0.5753366105769231 0.5180823822115385 0.5918489543269231
1 0.5129570168269231 0.4893184807692308 0.51294321875 0.49703711538461537 0.5136518822115385 0.5040024326923077 0.5201543197115385 0.5070729423076923 0.5299700120192308 0.5081463846153846 0.5372907692307692 0.5039009110576923 0.5404536826923076 0.4943491658653846 0.5369995000000001 0.4843735072115385 0.5328892860576923 0.47896724999999996 0.5222873389423077 0.4776800072115384 0.5177431201923077 0.47793834375 0.5149515408653846 0.4808851490384616 0.5129570168269231 0.4893184807692308
3 0.49584894711538463 0.5667178389423077 0.5034574230769231 0.5621655408653846 0.5093297139423076 0.5607040913461538 0.5119356274038462 0.5610597524038462 0.510072375 0.54749421875 0.5024403004807693 0.543124766826923 0.4946225600961538 0.5420577836538462 0.48605979326923077 0.5427526923076923 0.46307537740384613 0.5404144014423077 0.4346865504807692 0.5338775865384615 0.4318949711538461 0.5368243942307692 0.43133797596153844 0.5467318004807692 0.43304955048076926 0.5512249951923077 0.43926231490384615 0.5565987475961538 0.4616499951923077 0.5695045817307692 0.4370757235576923 0.5730724759615384 0.42948132211538464 0.5797564903846154 0.42836732932692306 0.5995713028846154 0.43052502644230767 0.5998657908653846 0.45020097596153846 0.6012200841346154 0.45520693509615384 0.6019033100961538 0.46193748317307687 0.6017570072115385 0.4676416971153846 0.6016037475961539 0.46934062259615383 0.6009038341346155 0.5032573629807693 0.6031368413461539 0.5097076466346153 0.6006893798076923 0.5100789759615385 0.5940844423076923 0.5029428052884616 0.5900489014423077 0.49960410096153846 0.5858660793269231 0.49760640384615384 0.5823987307692308 0.4854237451923077 0.5727492740384615 0.49584894711538463 0.5667178389423077
3 0.49974745913461543 0.45996135576923075 0.4970296105769231 0.4525354615384615 0.4916321177884615 0.4551266105769231 0.48120846394230765 0.45370396634615384 0.47841688701923074 0.45665077403846155 0.45887684375 0.4581103918269231 0.45232086778846153 0.44763152644230775 0.4529147475961538 0.4431867596153846 0.45276646394230774 0.43970560096153843 0.44405515625 0.4377179903846154 0.4229915576923077 0.4348431802884616 0.4214581177884615 0.4422213004807692 0.41867313942307693 0.4917583341346154 0.42058850000000003 0.5000064879807693 0.4235845264423077 0.5028114134615385 0.4834496490384615 0.5072547908653846 0.4836353125 0.5039523245192308 0.4786091490384615 0.49993853125 0.4613853485576923 0.4882699230769231 0.47459496875 0.4812873870192308 0.47865993028846154 0.4799786081730769 0.49675562740384616 0.4683384375 0.49974745913461543 0.45996135576923075
0 0.3552550865384615 0.7118864375 0.3628382163461538 0.7031609350961538 0.35170123557692307 0.6894378605769231 0.3461505480769231 0.7025073389423077 0.3552550865384615 0.7118864375
0 0.3956868870192308 0.6551713004807692 0.38613156009615385 0.6709521394230769 0.39880652403846156 0.6739000264423077 0.4023336923076923 0.6643147980769231 0.4004890336538462 0.6611145985576923 0.3956868870192308 0.6551713004807692
0 0.40517912259615385 0.5987093701923076 0.40948201201923073 0.6135330048076922 0.4164239639423077 0.6156984375000001 0.42304495673076925 0.6121295096153846 0.4217480144230769 0.6123584903846153 0.42106091346153846 0.5959950576923077 0.40517912259615385 0.5987093701923076
0 0.4260792091346154 0.5181769519230769 0.42113811778846155 0.5089600961538461 0.4147893100961539 0.5076876033653847 0.4052339855769231 0.5234684423076923 0.41745760096153844 0.5344912211538462 0.42799244711538464 0.5298258365384615 0.4260792091346154 0.5181769519230769