1 0.19446678846153848 0.6055353052884616 0.19861346634615387 0.5847595769230769 0.19724180528846155 0.5815279399038462 0.1854575576923077 0.5799458870192308 0.1840858966346154 0.57671425 0.14873314903846155 0.5719680889423077 0.14421268509615384 0.5744086995192308 0.13710409855769232 0.610024233173077 0.13729099278846155 0.6191917932692307 0.14277763221153844 0.6321183389423077 0.14944903125 0.6391089615384615 0.16712540625 0.6414820432692309 0.17616633653846153 0.6366008221153846 0.19013322115384618 0.6171434735576924 0.19191036778846152 0.6082395889423077 0.19446678846153848 0.6055353052884616
1 0.29092341826923074 0.5971523293269231 0.26342683653846155 0.5934608701923076 0.2608704110576923 0.5961651538461539 0.24712212259615385 0.5943194254807692 0.24200927403846156 0.5997279975961539 0.24023212740384617 0.6086318798076923 0.24334923798076924 0.6334302716346154 0.24883587259615383 0.6463568173076923 0.2541356153846154 0.6501158076923077 0.2639558221153846 0.6514341850961538 0.2684762908653846 0.6489935745192308 0.28125840865384616 0.6354721466346154 0.29229507692307694 0.6003839663461539 0.29092341826923074 0.5971523293269231
1 0.5075603701923077 0.6231886778846154 0.5022606274038461 0.6194296899038462 0.49440446153846157 0.6183749879807692 0.4830256995192308 0.6046574158653846 0.4751695336538461 0.6036027139423077 0.47261311057692307 0.606307 0.46827954086538465 0.6179151682692308 0.4696511995192308 0.6211468052884614 0.46787405288461537 0.6300506875 0.4688402235576923 0.64541784375 0.4762909038461538 0.6586080649038462 0.4900391923076923 0.6604537956730769 0.499080125 0.6555725745192308 0.5047853533653845 0.6471960432692309 0.5083396490384615 0.6293882764423077 0.5075603701923077 0.6231886778846154
1 0.5512982716346154 0.6869628557692308 0.5518906538461539 0.6839948942307692 0.5601523076923077 0.6729140769230769 0.5647044711538461 0.6400028293269231 0.5625535336538461 0.6305715961538462 0.5566614086538462 0.6297805673076924 0.55528975 0.6265489302884616 0.5154165360576923 0.6242433798076923 0.5108960721153847 0.6266839903846153 0.5083396490384615 0.6293882764423077 0.5053777379807692 0.6442280817307692 0.5067493942307693 0.64745971875 0.5049722475961539 0.6563636009615385 0.5051591442307692 0.665531158653846 0.5092741225961539 0.6752260697115384 0.5086817403846153 0.67819403125 0.5188757379807692 0.6978475288461539 0.5345880697115384 0.6999569326923076 0.5391085360576923 0.6975163221153846 0.5512982716346154 0.6869628557692308
1 0.6070707139423077 0.7005453677884615 0.6243732956730769 0.6845833293269231 0.6344120985576923 0.6645986298076922 0.6411151947115384 0.6411186177884616 0.6381849831730769 0.6254877860576923 0.5688511466346153 0.6192271033653847 0.5662947211538462 0.6219313894230769 0.5645175745192308 0.6308352716346154 0.5660761298076923 0.6432344663461538 0.5633011129807692 0.6672418293269231 0.5668237091346154 0.6799047019230768 0.5687877524038462 0.6801683774038462 0.5803534086538462 0.7030535072115385 0.5882095745192307 0.7041082091346154 0.5907659975961539 0.7014039254807692 0.6005862043269231 0.7027223028846153 0.6070707139423077 0.7005453677884615
1 0.6564854350961539 0.5944222692307692 0.6427371442307692 0.5925765408653846 0.6395883389423077 0.5982487860576924 0.6411468942307692 0.6106479807692308 0.6381849831730769 0.6254877860576923 0.6405228125 0.6440865769230769 0.6566406346153847 0.6340604615384616 0.6692358581730768 0.6113714759615385 0.6690489639423076 0.6022039206730769 0.6676773028846154 0.5989722836538461 0.6578570961538461 0.5976539062499999 0.6564854350961539 0.5944222692307692
1 0.895474423076923 0.6600292836538462 0.8941027668269231 0.6567976466346154 0.8882106418269231 0.6560066201923077 0.8766132860576923 0.6635921274038462 0.8648290360576923 0.6620100745192308 0.8622726129807692 0.6647143581730769 0.8563804903846154 0.6639233317307693 0.8538240649038461 0.6666276177884616 0.8514545360576923 0.6784994615384616 0.8555695144230769 0.6881943725961539 0.8655766177884616 0.6986803076923077 0.8753968245192307 0.6999986850961538 0.8799172908653846 0.6975580745192308 0.8901429855769231 0.6867409326923077 0.8932917908653846 0.6810686874999999 0.896253701923077 0.6662288822115384 0.895474423076923 0.6600292836538462
2 0.8014288894230769 0.050095639423076925 0.7758963485576923 0.04666785817307692 0.7733399254807692 0.04937214182692307 0.7674478004807692 0.04858111538461539 0.7648913774038462 0.05128540144230769 0.7625218485576923 0.06315724519230768 0.7638935072115385 0.06638888221153846 0.7850924783653846 0.08142483173076923 0.7929486442307693 0.0824795360576923 0.8006179134615384 0.07436668028846154 0.8023950600961538 0.06546279567307692 0.8010234038461538 0.06223115865384616 0.8028005504807693 0.05332727644230769 0.8014288894230769 0.050095639423076925
2 0.7516086778846154 0.1683542596153846 0.7537596153846154 0.17778549278846154 0.7494260456730769 0.18939366346153846 0.7663231418269232 0.18556714423076923 0.7698774350961538 0.16775937740384617 0.772433858173077 0.16505509375 0.7708753052884615 0.15265589663461537 0.7610550961538463 0.15133751923076924 0.7539782091346154 0.1564824158653846 0.7516086778846154 0.1683542596153846
2 0.5649329278846154 0.04272561298076923 0.5590408052884616 0.041934586538461535 0.5576691442307692 0.03870294951923077 0.5478489375 0.037384572115384616 0.5433284735576923 0.03982518269230769 0.5409589423076923 0.0516970264423077 0.5437022620192308 0.05816029807692307 0.5456663052884616 0.058423973557692306 0.5527114951923077 0.0837497139423077 0.568423829326923 0.08585911778846154 0.5750952307692307 0.09284974278846153 0.5796156947115384 0.09040913221153847 0.5833568822115385 0.08176892788461537 0.5875035576923077 0.06099319951923077 0.5827961971153847 0.05426625 0.5649329278846154 0.04272561298076923
2 0.35434330048076923 0.05711848076923077 0.34960424038461535 0.08086216826923076 0.34979113701923076 0.09002973076923076 0.36746750961538466 0.09240281009615384 0.37002393509615383 0.08969852403846154 0.3747629927884616 0.06595483653846154 0.3720196730769231 0.0594915625 0.36868397115384616 0.055996250000000004 0.35689972115384616 0.054414197115384616 0.35434330048076923 0.05711848076923077