1 0.1271323389423077 0.7990233365384616 0.11860148798076924 0.8160233774038462 0.11761088221153847 0.8340822067307693 0.1285946826923077 0.8506576081730769 0.14367517548076922 0.8527751875 0.16412418509615384 0.8323057836538462 0.16084936298076924 0.8227469735576923 0.1271323389423077 0.7990233365384616
1 0.17117801442307692 0.17975326682692308 0.16287213942307693 0.20469704086538462 0.16470640384615384 0.21642721153846153 0.17563395673076923 0.23101667788461538 0.19376429567307693 0.23474933413461538 0.18044003605769232 0.18857036057692306 0.18303993028846152 0.17429796874999998 0.17117801442307692 0.17975326682692308
1 0.08621052403846154 0.09661297836538461 0.08705418509615384 0.12640198076923076 0.09792549278846155 0.13900551201923078 0.12048999038461537 0.1401959471153846 0.11264673798076924 0.07540185817307693 0.09629441826923077 0.08141344471153845 0.08621052403846154 0.09661297836538461
0 0.22956790865384613 0.7564397524038462 0.22807110817307694 0.7566251802884616 0.22812735096153844 0.7586111129807692 0.2194840120192308 0.7716392860576923 0.2195965 0.7756111538461539 0.2257524326923077 0.7808272379807693 0.22719299038461538 0.7786558774038461 0.23916739423076921 0.7771724471153847 0.2406079519230769 0.7750010841346153 0.23417079567307694 0.7598553317307692 0.22956790865384613 0.7564397524038462
0 0.2744719206730769 0.7508768894230768 0.27147831971153846 0.7512477475961539 0.2672128942307692 0.759747766826923 0.26571609375 0.7599331971153845 0.26444427163461537 0.7680623581730769 0.2691596466346154 0.7754498052884615 0.2737062932692308 0.776879451923077 0.28257460576923077 0.7717950120192308 0.2822933870192308 0.7618653461538462 0.28068409615384615 0.7580789086538461 0.2744719206730769 0.7508768894230768
3 0.13842980769230767 0.08416517307692307 0.1425265 0.06970735096153846 0.16907520192307693 0.05246809855769231 0.2005642548076923 0.05056002884615385 0.22634732451923079 0.059323338942307687 0.23682492548076925 0.05802533894230769 0.24159654807692307 0.06739871875 0.24763999519230767 0.0686429375 0.25035237499999996 0.05834241346153846 0.24600891826923077 0.011050867788461538 0.19511770673076922 0.01735544471153846 0.19378963701923077 0.02349867548076923 0.1820964543269231 0.03491177403846154 0.16424733653846155 0.041108786057692304 0.14512639423076923 0.05543495913461539 0.14207655048076923 0.05381988221153847 0.13504249759615383 0.07063449519230769 0.13532371875 0.08056416346153845 0.13842980769230767 0.08416517307692307
3 0.2520396947115385 0.11792041586538461 0.25348025240384614 0.11574905288461539 0.25303030048076924 0.09986158413461539 0.2482586778846154 0.09048820673076922 0.20623577884615385 0.09170834375 0.20468273317307692 0.08990783894230768 0.17779657211538463 0.0952314903846154 0.15839440865384613 0.09962799759615384 0.15845065384615384 0.10161393028846154 0.17974331971153848 0.11093352884615384 0.20846375 0.11734004807692308 0.23246880048076923 0.11635912259615384 0.2400652908653846 0.11940384615384615 0.2520396947115385 0.11792041586538461
3 0.20693249278846154 0.16934517548076922 0.2081480721153846 0.15923008173076925 0.2110291875 0.15488735576923077 0.2169039014423077 0.15017377403846155 0.22139430048076925 0.14961748798076924 0.22283485817307694 0.14744612740384616 0.23331246153846155 0.14614812259615384 0.23486550721153848 0.1479486298076923 0.25438015625 0.14752398798076924 0.25582071153846153 0.14535262740384616 0.2552582716346154 0.12549329326923078 0.24910233894230768 0.12027720673076922 0.24161833653846154 0.12120435096153846 0.23718418028846155 0.12374656971153845 0.22837210817307693 0.13081694471153846 0.2211130817307692 0.13968781971153846 0.21667892307692307 0.1422300408653846 0.20504198557692307 0.1556290721153846 0.20077656009615386 0.16412909134615386 0.20094528846153845 0.17008689182692308 0.20693249278846154 0.16934517548076922
3 0.22760878365384615 0.7403008076923077 0.23060238461538463 0.7399299519230769 0.23554273798076922 0.7552611298076923 0.25505738461538463 0.7548364903846154 0.2577697668269231 0.7445359663461539 0.2558792572115384 0.730819860576923 0.24972332451923077 0.7256037740384615 0.23789561538461537 0.7239401778846154 0.23235791346153847 0.7031626610576923 0.22396442067307692 0.6980703221153846 0.21810000000000002 0.6697343485576923 0.21061599759615385 0.6706614927884615 0.19592921153846155 0.6824454471153847 0.15791230288461539 0.7190415288461539 0.17587390865384614 0.7168163846153845 0.18468597836538464 0.7097460120192308 0.19965398557692307 0.7078917235576923 0.21185336298076923 0.7143520288461538 0.2151844278846154 0.7258967716346153 0.22760878365384615 0.7403008076923077
3 0.15751434374999998 0.781309201923077 0.16511083413461541 0.7843539254807692 0.17409163701923078 0.7832413533653846 0.1847942139423077 0.7898870841346154 0.19227821634615383 0.7889599423076923 0.19371877403846155 0.7867885793269231 0.20863053365384615 0.782948358173077 0.21588956009615384 0.7740774807692308 0.21283971634615384 0.77246240625 0.20806809615384614 0.7630890264423077 0.192762625 0.7530277139423076 0.1897690264423077 0.7533985697115385 0.18101319951923076 0.7624548774038461 0.17208864182692307 0.7655533822115385 0.16771072596153846 0.7700815336538462 0.15124592307692308 0.7721212500000001 0.14469628125 0.7530036322115384 0.14746490384615385 0.7446890408653846 0.14718368509615384 0.734759375 0.14862424278846154 0.7325880120192308 0.14125272836538463 0.7374870240384616 0.1398121730769231 0.7396583846153846 0.1400371466346154 0.7476021177884615 0.14636181490384617 0.7587760024038462 0.14215263221153845 0.7692619591346154 0.14237760817307693 0.7772056899038462 0.15003034134615384 0.7822363461538462 0.15751434374999998 0.781309201923077
2 0.3671048149038461 0.7334225048076923 0.3745888173076923 0.7324953605769231 0.3788542427884615 0.7239953413461537 0.3766825120192308 0.7003495697115384 0.3795073846153846 0.6940209134615384 0.3793386514423077 0.6880631129807693 0.3821072764423077 0.6797485216346154 0.38044174278846155 0.6739761490384615 0.37428581009615386 0.6687600625 0.37129221153846154 0.6691309206730769 0.3639206971153846 0.6740299326923077 0.36558622596153845 0.6798023028846154 0.3641456730769231 0.6819736658653847 0.3656987163461538 0.683774170673077 0.36021771153846155 0.7023892860576922 0.3639424831730769 0.7278355624999999 0.3670485697115385 0.7314365721153847 0.3671048149038461 0.7334225048076923
2 0.4023313125 0.6513353846153845 0.4037718677884615 0.6491640192307693 0.4036031346153846 0.64320621875 0.4050436923076923 0.6410348581730769 0.4034906466346154 0.6392343533653846 0.40320942788461533 0.6293046850961539 0.40004709615384615 0.6237177427884616 0.39821283173076927 0.6119875721153846 0.39505049759615385 0.6064006298076923 0.39321623317307697 0.5946704591346154 0.39011014423076923 0.5910694495192308 0.3900539014423077 0.5890835168269231 0.38700405769230767 0.5874684399038462 0.3810168557692308 0.58821015625 0.37658269951923073 0.5907523725961539 0.37980127403846153 0.59832525 0.38019498317307693 0.6122267836538462 0.38346980048076923 0.62178559375 0.38208549278846154 0.6259428870192308 0.38857888701923077 0.6430745745192308 0.3963441105769231 0.6520770985576922 0.4023313125 0.6513353846153845