1 0.15779669711538463 0.3755711490384615 0.15542780769230768 0.38312182451923077 0.15595072596153844 0.4130759350961538 0.16108069471153846 0.42044016826923075 0.16601456730769232 0.4165716105769231 0.17601304567307693 0.41632302403846155 0.19587926923076923 0.40833732451923077 0.19831352403846153 0.40453091346153847 0.19568317548076924 0.3971045336538461 0.19548707932692308 0.3858717403846154 0.18522714423076922 0.37114327403846153 0.17766292067307693 0.3675854495192308 0.16516482451923079 0.3678961826923077 0.1602963173076923 0.37550900480769234 0.15779669711538463 0.3755711490384615
1 0.2714514543269231 0.41168392548076926 0.27401643990384617 0.41536604326923077 0.28617601201923076 0.4158616033653846 0.3040118701923077 0.4146202836538461 0.30744464182692305 0.4049829206730769 0.3035543173076923 0.38841043509615386 0.30092396875 0.3809840576923077 0.29079476201923077 0.3737441153846154 0.28579552163461536 0.37386840865384613 0.27836202884615385 0.37779911298076924 0.2734935216346154 0.38541193509615385 0.2711246322115385 0.39296260817307693 0.2714514543269231 0.41168392548076926
1 0.40653580528846156 0.4143375456730769 0.40845583653846157 0.40542703846153844 0.4061436153846154 0.3918719663461539 0.4012100288461538 0.3860161875 0.39594904326923075 0.3808877596153846 0.38095132932692305 0.38126064182692304 0.3760174543269231 0.3851291995192308 0.3739100240384615 0.40765692548076926 0.37910535817307695 0.4187654254807692 0.4016019302884616 0.41820610576923073 0.40653580528846156 0.4143375456730769
1 0.4681830288461538 0.40415933413461536 0.46673498557692306 0.41288954567307695 0.46872995432692305 0.4240289134615385 0.4736638293269231 0.42016035817307695 0.4886615432692307 0.4197874783653846 0.49372614663461534 0.4234074471153846 0.49616040144230766 0.41960103605769233 0.49619968028846156 0.4046614543269231 0.49326859375 0.3971975985576923 0.488138625 0.38983336778846156 0.4756405288461538 0.39014410336538463 0.4707720216346154 0.39775692067307694 0.4681830288461538 0.40415933413461536
1 0.5591824927884615 0.39979542067307694 0.5708221538461539 0.39901531730769235 0.5704299663461538 0.37654973317307694 0.5652999975961538 0.3691855 0.55660203125 0.36657735336538466 0.5478026634615385 0.3696205240384615 0.5453684086538462 0.3734269375 0.5430648846153846 0.384721875 0.5432609783653846 0.39595466346153846 0.5458259615384615 0.39963678365384614 0.5591824927884615 0.39979542067307694
1 0.5748126874999999 0.38981359134615384 0.5746771129807692 0.39637226682692306 0.5749385721153846 0.4113493221153846 0.5775035552884615 0.4150314375 0.582502795673077 0.41490714423076924 0.5923705432692308 0.40717003365384613 0.6048686394230769 0.40685929807692306 0.6045418149038462 0.38813798076923073 0.6018882067307693 0.3822442475961539 0.5993464807692308 0.37702948317307694 0.59493753125 0.37372284855769233 0.5892826394230769 0.37353380528846153 0.5769152740384615 0.38133306730769234 0.5748126874999999 0.38981359134615384
1 0.7188625240384615 0.42185930528846155 0.7225775697115384 0.4197966057692308 0.7262306514423076 0.41418433894230766 0.7253783389423076 0.40833572115384614 0.7232007211538461 0.3981935504807692 0.7195332235576923 0.39438526682692304 0.7109061105769231 0.3958358990384615 0.7060376033653846 0.4034487211538461 0.7063225168269232 0.41690436057692304 0.7139286490384615 0.4257278629807692 0.7188625240384615 0.42185930528846155
1 0.7263449038461538 0.4035394278846154 0.7289098870192308 0.40722154567307695 0.7339091274038462 0.40709725240384614 0.7409433918269231 0.4175419567307692 0.7419309038461539 0.4368649206730769 0.7469955072115385 0.4404848918269231 0.7518640144230768 0.43287206971153847 0.7543636346153846 0.43280992307692306 0.7590360480769232 0.4139643100961538 0.7563403341346154 0.4027936658653846 0.7486453822115385 0.3917473149038461 0.7386780072115384 0.3909125673076923 0.7286484278846154 0.3922444879807693 0.7263449038461538 0.4035394278846154
1 0.8107431802884615 0.3906192043269231 0.820784079326923 0.3928006442307692 0.8307825552884616 0.3925520576923077 0.8329566826923076 0.37957468509615383 0.8302596370192308 0.3625979471153846 0.8225646850961539 0.3515515961538461 0.8120522307692308 0.35100759615384614 0.8041424110576922 0.35630240865384616 0.7992635096153846 0.3633198918269231 0.7980991658653847 0.37684153365384615 0.7981294110576923 0.39003380048076924 0.8107431802884615 0.3906192043269231
1 0.8436792379807693 0.38069407692307694 0.8462442211538461 0.38437619471153844 0.8737400336538462 0.38369257932692313 0.8823462283653847 0.38104378125000005 0.8886723822115384 0.3795754350961538 0.8911066370192308 0.3757690240384616 0.8882148293269231 0.35336558894230774 0.8754552740384616 0.33869926923076926 0.8678910504807693 0.33514144471153845 0.8530240649038461 0.3430028509615385 0.8457866682692308 0.3581663485576923 0.8434831418269231 0.3694612836538462 0.8436792379807693 0.38069407692307694
1 0.9079439278846154 0.3719041923076923 0.9032061490384616 0.38700553846153846 0.903467608173077 0.40198259375 0.9010333533653847 0.4057890048076923 0.9011640841346154 0.4132775336538461 0.9037290673076923 0.41695965144230773 0.9112279254807691 0.4167732091346154 0.9136621802884615 0.4129668004807692 0.9585899615384614 0.4081038942307692 0.9610242163461538 0.40429748557692313 0.9608281201923077 0.3930646923076923 0.9529370745192308 0.3707855504807692 0.9401775192307693 0.3561192283653846 0.9251798028846154 0.35649211057692304 0.9177463100961538 0.3604228125 0.9079439278846154 0.3719041923076923
1 0.9739310432692307 0.3768338798076923 0.9774197596153846 0.3847258822115384 0.9926135697115386 0.39558579567307695 0.9976128100961539 0.3954615024038462 0.9973089278846154 0.37805441826923075 0.9967630673076923 0.3467860721153846 0.9918291923076924 0.3506546274038461 0.9894603028846153 0.35820530048076926 0.9866506562499999 0.37202256971153846 0.9772236658653846 0.3734930913461539 0.9739310432692307 0.3768338798076923
2 0.1850664639423077 0.8826408990384615 0.19263068509615386 0.8861987259615384 0.22262611778846153 0.8854529639423077 0.22249538701923077 0.8779644375 0.2139347644230769 0.8706180697115384 0.20903297115384617 0.8645779543269231 0.20460586298076924 0.8559338798076923 0.19805672836538463 0.8638244783653846 0.18734032451923077 0.8647764110576923 0.1798057668269231 0.8677881418269231 0.1799364951923077 0.8752766682692308 0.1850664639423077 0.8826408990384615
2 0.2431869158653846 0.8434822716346153 0.24055656730769231 0.8360558918269232 0.2290341346153846 0.834956391826923 0.21529891586538463 0.8217003052884616 0.2102996778846154 0.8218245985576923 0.20832297596153845 0.8518408557692307 0.2158871995192308 0.8553986802884614 0.21832145432692307 0.8515922668269231 0.23331917067307695 0.8512193870192307 0.2431869158653846 0.8434822716346153
2 0.2907756057692308 0.8076870865384616 0.29827446153846154 0.8075006490384615 0.3080768461538461 0.7960192716346154 0.30788075000000004 0.7847864783653846 0.3028161466346154 0.7811665096153846 0.29531728846153843 0.7813529471153846 0.29038341586538463 0.7852215048076924 0.2910900120192308 0.7941828341346154 0.28636924519230766 0.7987990144230769 0.2882106201923077 0.8040049711538462 0.2907756057692308 0.8076870865384616
2 0.3233712692307692 0.8011829254807693 0.33586936538461537 0.8008721947115384 0.33843435096153845 0.8045543125 0.35343206490384615 0.8041814326923077 0.3558663197115385 0.8003750216346154 0.34705240624999995 0.7939901538461539 0.3431067644230769 0.785708701923077 0.3256094302884615 0.7861437283653847 0.3230444447115385 0.7824616105769231 0.32061019230769233 0.7862680216346154 0.3208062860576923 0.7975008100961538 0.3233712692307692 0.8011829254807693
2 0.43203559375 0.7572764879807692 0.4445336899038462 0.7569657548076923 0.44696794471153845 0.7531593437499999 0.4342083894230769 0.7384930216346154 0.42670953125 0.7386794591346154 0.4267748966346154 0.7424237259615385 0.4169071490384615 0.7501608389423077 0.4169725144230769 0.7539051033653846 0.42122246634615385 0.7566987596153846 0.43203559375 0.7572764879807692
2 0.3947557019230769 0.7704898725961539 0.40671252163461535 0.7735526610576924 0.4122530384615385 0.7700548437499999 0.4141858004807692 0.7661710024038462 0.40828203365384613 0.7603206153846155 0.3997943509615384 0.7554334855769231 0.39936275240384617 0.7478999975961538 0.38436503605769234 0.7482728774038462 0.38462649519230774 0.7632499350961539 0.38722651682692305 0.7689389759615385 0.3947557019230769 0.7704898725961539
2 0.49933621875 0.7619562548076922 0.5018092764423077 0.7546427283653846 0.4991789278846154 0.7472163461538461 0.4914861802884615 0.7477559735576923 0.4866154663461538 0.7437828173076924 0.4841158461538461 0.7438449639423077 0.4843773076923077 0.7588220168269231 0.4869422908653846 0.7625041346153847 0.49194152884615383 0.7623798413461539 0.49933621875 0.7619562548076922
2 0.5208544254807692 0.7569224447115384 0.5190977283653846 0.7479722451923076 0.5076776322115385 0.747005048076923 0.5052433774038462 0.7508114567307692 0.5054394735576924 0.76204425 0.510504076923077 0.76566421875 0.5180029350961538 0.76547778125 0.5204371875 0.7616713677884616 0.5208544254807692 0.7569224447115384
2 0.5909240024038461 0.7683733653846154 0.5986325576923077 0.7658742427884615 0.6048485961538461 0.7638280216346154 0.6134341778846154 0.7542685721153847 0.6133688125 0.7505243052884616 0.6008707163461539 0.7508350408653846 0.5981670649038462 0.7478044110576924 0.5932411298076923 0.7435329519230769 0.5883726201923077 0.7511457740384616 0.5839418846153847 0.7580509759615384 0.5861344615384616 0.7661849783653847 0.5909240024038461 0.7683733653846154
2 0.6318051634615384 0.7523097235576923 0.6317398341346153 0.7571622692307692 0.6403437548076922 0.75724803125 0.6470643389423076 0.7669138942307693 0.6545631971153847 0.7667274567307693 0.656997451923077 0.7629210480769231 0.6542363725961539 0.7480061370192307 0.6491064038461538 0.7406419038461538 0.6466067860576923 0.740704048076923 0.63923865625 0.7483790168269231 0.6317398004807693 0.7485654591346154 0.6318051634615384 0.7523097235576923
2 0.8776040240384616 0.8651679831730769 0.8801690096153846 0.8688501009615385 0.9001659639423077 0.8683529278846154 0.9099683461538461 0.8568715480769231 0.9099029807692307 0.8531272884615385 0.9047730120192308 0.8457630528846154 0.898396733173077 0.84665203125 0.8897752980769231 0.8461359326923077 0.8847106947115384 0.8425159615384616 0.8847760576923077 0.8462602259615385 0.8774732956730769 0.8576794567307692 0.8776040240384616 0.8651679831730769
2 0.8758591634615385 0.8259544495192308 0.8808584014423076 0.82583015625 0.8780973221153846 0.81091525 0.87303271875 0.8072952788461538 0.8555353846153846 0.8077303076923077 0.8531011298076923 0.81153671875 0.8532318605769231 0.8190252427884614 0.85579684375 0.8227073605769231 0.8732941802884615 0.8222723341346154 0.8758591634615385 0.8259544495192308
2 0.9835198846153846 0.9824030985576923 0.9834985096153847 0.9811787259615384 0.9486500336538461 0.9716577908653845 0.9356135552884616 0.9598939278846154 0.913116983173077 0.9604532499999999 0.9106827283653847 0.9642596586538462 0.9108134567307692 0.9717481875 0.9235290216346154 0.9838946201923077 0.9793280216346154 0.9825073197115385 0.9835198846153846 0.9824030985576923
2 0.9301160168269231 0.9257444903846154 0.9249860480769231 0.9183802572115384 0.9175525552884616 0.9223109615384615 0.9151183028846154 0.9261173701923078 0.9168483461538461 0.9375517620192307 0.9228132548076923 0.9371637211538462 0.9278124927884615 0.9370394278846154 0.9309785240384615 0.9357582836538462 0.9301160168269231 0.9257444903846154
2 0.8171913533653845 0.759987076923077 0.8098232259615384 0.7676620456730769 0.7948255096153846 0.7680349254807692 0.7949562403846154 0.7755234519230769 0.80002084375 0.7791434254807693 0.8200177980769231 0.77864625 0.8197563389423077 0.7636691947115384 0.8171913533653845 0.759987076923077
2 0.8513614471153846 0.7921013461538462 0.8493830480769231 0.7905060913461538 0.8437972235576924 0.7885435216346154 0.8346324302884616 0.7935736129807692 0.8163014134615385 0.7892271346153846 0.8088679206730769 0.7931578413461539 0.8089986490384615 0.8006463701923077 0.8439933197115385 0.7997763149038462 0.8514268125 0.795845610576923 0.8513614471153846 0.7921013461538462