1 0.47586280769230765 0.3484632235576923 0.47310084375000006 0.3509308461538462 0.47389667788461537 0.35685453125 0.4771891947115385 0.35833603125 0.4790461322115384 0.3721579639423077 0.47628416826923076 0.37462558653846156 0.47708 0.3805492692307692 0.48366503365384617 0.3835122716346154 0.5043251538461538 0.37611172836538465 0.5123457620192308 0.3667343028846154 0.5110193774038462 0.3568614951923077 0.5011418293269231 0.35241698798076926 0.5008765504807692 0.3504424278846154 0.4819172860576923 0.3474771033653846 0.47586280769230765 0.3484632235576923
1 0.30438737259615384 0.6608975576923076 0.3208499519230769 0.6683050649038461 0.32191106249999996 0.6762033125 0.3191491009615385 0.6786709350961538 0.32626468509615386 0.6855830600961539 0.33455056971153846 0.6781801947115385 0.34336701201923076 0.674726454326923 0.3483603822115385 0.6658420865384616 0.347829829326923 0.6618929615384614 0.3407142403846154 0.6549808389423077 0.33412920913461536 0.6520178341346153 0.31516994711538465 0.6490525120192309 0.3030609903846154 0.65102475 0.30438737259615384 0.6608975576923076
1 0.4479631754807692 0.87762715625 0.45624906490384615 0.8702242932692308 0.45492267788461543 0.8603514855769231 0.44833764903846157 0.8573884831730769 0.43925593028846155 0.8588676610576923 0.43346673076923076 0.8618283461538462 0.4309700432692308 0.8662705288461539 0.4317658774038462 0.8721942115384616 0.4347931177884616 0.8717011538461539 0.4479631754807692 0.87762715625
1 0.4639889879807692 0.9738876153846154 0.46898235817307693 0.9650032475961539 0.4646287379807692 0.9556235024038462 0.46133622115384615 0.9541419999999999 0.4522545024038462 0.9556211802884615 0.44673057932692306 0.9605564230769231 0.45002309375 0.9620379254807693 0.4518800336538461 0.9758598557692307 0.4551725504807692 0.9773413557692308 0.4639889879807692 0.9738876153846154
0 0.5349716826923077 0.40493597115384616 0.5268546514423077 0.40383267067307693 0.5014191682692307 0.4102272908653846 0.5028438677884616 0.4228121105769231 0.5201586586538461 0.4212046514423077 0.5316706947115384 0.4139603485576923 0.5349716826923077 0.40493597115384616
0 0.5653285168269231 0.3876933149038461 0.561273923076923 0.38125317788461544 0.5298409951923077 0.3886670048076923 0.52993403125 0.39709621153846153 0.5390564591346154 0.3957819110576923 0.5515773389423078 0.3940896346153846 0.5653285168269231 0.3876933149038461
0 0.17989612740384614 0.6587767860576924 0.18548248557692307 0.6635166610576924 0.19873541826923077 0.6644574543269232 0.2014998004807692 0.6463799158653847 0.17989612740384614 0.6587767860576924
0 0.3899311754807692 0.9849408629807692 0.38695168028846155 0.981874875 0.37687948798076926 0.9806097932692308 0.3754464038461538 0.9902056514423077 0.37831386057692307 0.9931284663461538 0.3899311754807692 0.9849408629807692
0 0.39380415144230774 0.974624766826923 0.3826111586538462 0.9698295384615385 0.3756311346153846 0.9750019447115386 0.3812417403846154 0.9798992932692308 0.39380415144230774 0.974624766826923
2 0.28773838701923077 0.9084049230769231 0.2813575673076923 0.9125112043269231 0.2791342764423077 0.9217515024038462 0.28062357932692306 0.9365211298076923 0.2894561514423077 0.9304013052884615 0.2928865817307692 0.9172517019230769 0.2888718966346154 0.9150000048076923 0.28773838701923077 0.9084049230769231
2 0.07901453846153846 0.3363659951923077 0.04872090625 0.33890496634615386 0.04626404086538461 0.35018291586538464 0.03773849278846154 0.3606373413461539 0.03979457211538462 0.3729942235576923 0.05792005288461539 0.37781247115384614 0.07033257692307691 0.3667249519230769 0.08567111298076924 0.3567165600961539 0.07901453846153846 0.3363659951923077
2 0.11101539423076923 0.3797841057692307 0.11837985576923077 0.37074962740384615 0.10133463221153846 0.3668571370192308 0.08897143509615385 0.3605817932692308 0.09385680288461538 0.39397515865384614 0.10094733413461537 0.4024046923076923 0.1116939014423077 0.39961721874999995 0.11342803125 0.3918246370192308 0.11101539423076923 0.3797841057692307