1 0.7740531826923077 0.5363846947115385 0.764083872596154 0.5458363990384615 0.7724704927884616 0.5570201105769231 0.7904011802884615 0.5567634230769231 0.8142261562499999 0.570053375 0.8737238509615385 0.6380216538461538 0.8833862091346153 0.6551714543269231 0.8738421466346153 0.6666118533653846 0.8972418798076922 0.6779131105769232 0.9579082235576923 0.6251802788461538 0.9618649423076923 0.5735917355769231 0.9145810841346154 0.5347054302884615 0.8503353269230769 0.5286433990384615 0.7740531826923077 0.5363846947115385
1 0.7399967836538461 0.16683994951923076 0.7512418293269231 0.16335433173076924 0.7553759927884616 0.15465108894230767 0.8036398509615386 0.12802798557692308 0.8206608942307692 0.1094988076923077 0.8330633846153847 0.08338907932692309 0.8308780072115384 0.05915050240384615 0.8270877403846153 0.05513918269230769 0.7183346370192307 0.04788897596153847 0.7274872091346154 0.06628247836538462 0.7448039927884615 0.11922880048076924 0.7465049783653845 0.1271835817307692 0.7228574447115383 0.1567789278846154 0.7303935745192308 0.16398525000000003 0.7399967836538461 0.16683994951923076
1 0.8306077836538462 0.2962011033653846 0.8189374927884615 0.2976980264423077 0.8164451658653846 0.3000609543269231 0.8307852283653846 0.33908640384615385 0.8287181490384616 0.3434380264423077 0.8433060120192307 0.3415668725961538 0.8516334855769231 0.33845548557692307 0.8591104663461538 0.33136670913461536 0.8678040408653847 0.31594891826923077 0.8627602331730769 0.3063796706730769 0.8427033221153846 0.29669287740384614 0.8339506033653846 0.29781556971153844 0.8306077836538462 0.2962011033653846
1 0.7776438028846153 0.4971025576923077 0.7676153461538462 0.4922591610576923 0.7613549519230769 0.4910189254807692 0.735096795673077 0.494387 0.7296868966346154 0.49712415625 0.7201428317307692 0.5085645552884616 0.7226943076923077 0.5204967283653846 0.7443930576923077 0.5238432019230769 0.7448183028846154 0.5258318990384615 0.7548467572115385 0.5306752932692308 0.7556972524038461 0.5346526850961538 0.7590400721153846 0.5362671514423076 0.7794630817307693 0.5336475360576923 0.7890071466346154 0.5222071370192307 0.7856051778846154 0.5062975745192307 0.7776438028846153 0.4971025576923077
1 0.7514672139423078 0.3186117283653846 0.7631375048076923 0.3171148076923077 0.7681221610576923 0.31238895432692304 0.7659959302884616 0.3024454783653846 0.7622278653846154 0.2988423173076923 0.7497070817307693 0.29636184615384614 0.7409543629807692 0.29748453846153844 0.7355444639423077 0.3002216947115385 0.7380959375 0.31215387019230767 0.7514672139423078 0.3186117283653846
0 0.44156504807692304 0.10295706009615385 0.4373717379807692 0.09736520192307692 0.4306861009615384 0.09413627163461538 0.4040026947115385 0.09551565144230768 0.3819378509615384 0.10447557932692307 0.41950019951923073 0.11191698798076924 0.43159574038461535 0.11240876201923077 0.43700564182692303 0.10967160576923077 0.44156504807692304 0.10295706009615385
0 0.5111503461538461 0.19006383413461536 0.5307228653846153 0.1834668293269231 0.5298132259615385 0.16519434134615382 0.5222770961538461 0.1579880168269231 0.5155914591346155 0.15475908653846154 0.48349815384615386 0.1588756201923077 0.4810058269230769 0.1612385480769231 0.4722531081730769 0.16236124038461539 0.46143330769230767 0.1678355528846154 0.45188924759615384 0.17927594951923076 0.45486596634615384 0.19319681971153846 0.45863403124999996 0.19679998076923078 0.46531966826923077 0.20002891105769233 0.48574267788461534 0.19740930048076924 0.48823500721153845 0.19504637259615384 0.4999052980769231 0.19354944951923075 0.502397625 0.1911865264423077 0.5111503461538461 0.19006383413461536
0 0.3427000288461538 0.3976054879807692 0.3718757620192308 0.3938631850961538 0.38269556250000003 0.38838887259615384 0.3847626442307692 0.38403725000000005 0.38348690625 0.37807116346153846 0.3859792331730769 0.3757082379807692 0.3812423822115385 0.3395374879807692 0.3582678966346154 0.33022492548076926 0.3495151754807692 0.33134761778846156 0.3328010817307692 0.3232752908653846 0.3240483581730769 0.3243979831730769 0.32155603365384616 0.3267609110576923 0.3307931466346154 0.3419220120192307 0.33790403124999996 0.3471396394230769 0.3383292788461538 0.3491283341346154 0.3300018028846154 0.35223972115384616 0.3237414110576923 0.35099948557692306 0.3216743293269231 0.35535110817307697 0.32507629567307694 0.3712606706730769 0.3313366899038461 0.37250090625 0.33224632932692305 0.39077339903846153 0.3427000288461538 0.3976054879807692
0 0.5247837331730769 0.5622281899038462 0.5214409134615384 0.5606137259615385 0.515605766826923 0.5613621875 0.5131134374999999 0.5637251129807692 0.5139639302884615 0.5677025024038461 0.5252681274038461 0.5785119855769231 0.5352965841346153 0.5833553798076923 0.546966875 0.5818584615384615 0.553227266826923 0.5830986947115384 0.5594285120192308 0.5700438293269231 0.5581527716346154 0.5640777451923077 0.5514671370192308 0.5608488125 0.5422891706730769 0.5599828100961538 0.5247837331730769 0.5622281899038462
0 0.5211339615384616 0.5872152307692308 0.5111646538461538 0.5966669326923077 0.5057547524038462 0.5994040889423077 0.5074557379807693 0.6073588701923077 0.5162084543269231 0.6062361802884616 0.5195512740384616 0.6078506466346154 0.55833021875 0.6069630408653846 0.5658071995192308 0.5998742620192308 0.5649567067307693 0.5958968725961539 0.5490931033653846 0.5918019375 0.5453250384615385 0.5881987764423077 0.5328042548076923 0.5857183076923077 0.5211339615384616 0.5872152307692308
1 0.11000395913461539 0.5990851129807692 0.11663044951923077 0.5880189447115385 0.11535470913461537 0.5820528557692307 0.11906363221153846 0.5713609158653846 0.11778789182692308 0.5653948317307692 0.10940126923076923 0.5542111177884615 0.10605844951923077 0.5525966538461539 0.10064855048076923 0.5553338100961539 0.07730796634615385 0.5583276538461539 0.05609361057692308 0.5712649735576923 0.04989236778846154 0.5843198389423077 0.05590495432692308 0.6264566754807692 0.06344108413461538 0.6336629975961539 0.10185393028846154 0.6450817980769231 0.1251945144230769 0.6420879543269231 0.12768684134615385 0.6397250288461538 0.12385962740384615 0.6218267692307692 0.12051681009615385 0.6202123028846154 0.11334677884615384 0.6006995793269231 0.11000395913461539 0.5990851129807692
2 0.07845110096153846 0.12910043990384615 0.04593255048076923 0.13122827884615385 0.04635779807692308 0.13321697596153845 0.03681373317307692 0.144657375 0.03979045673076923 0.15857824519230768 0.04647609134615384 0.16180717548076923 0.08403844230769231 0.16924858413461538 0.08695601682692308 0.16887435336538464 0.0890230985576923 0.16452273076923077 0.08732211538461539 0.15656794951923075 0.08397929567307692 0.15495348317307694 0.08227831009615386 0.14699870192307693 0.08434539423076924 0.14264707932692308 0.07638401923076923 0.1334520625 0.07845110096153846 0.12910043990384615