0 0.7410330240384616 0.6435981706730769 0.7451888701923076 0.62568271875 0.7425824158653846 0.6165722620192308 0.7208513269230769 0.5960856875 0.7166361250000001 0.5961711057692308 0.7016817259615385 0.6063803870192308 0.6927895721153846 0.6085418245192308 0.6978086947115384 0.6389018173076924 0.7135225048076923 0.6457654134615385 0.7410330240384616 0.6435981706730769
0 0.7645823749999999 0.5771206201923077 0.7638679206730769 0.538376920673077 0.7599953365384615 0.5358550096153846 0.7414961225961538 0.5364775360576923 0.7376828870192308 0.55178565625 0.7296396177884615 0.5627216850961538 0.7308904639423077 0.5867189783653847 0.7393356995192307 0.5910056514423077 0.7512812331730768 0.5915065528846154 0.7645823749999999 0.5771206201923077
0 0.9524938942307692 0.568483454326923 0.9559941971153846 0.5646976826923077 0.9543409375 0.56052103125 0.9139168461538462 0.5527960576923077 0.9046672403846153 0.5531073197115385 0.8920513221153846 0.5622785913461539 0.8888189951923077 0.5762128317307693 0.8944491514423076 0.5790706129807692 0.9316710384615384 0.5746015024038461 0.9524938942307692 0.568483454326923
0 1 0.7100899735576923 0.9988592956730769 0.7077172379807692 0.9917098653846155 0.7057570384615384 0.9682953966346154 0.7072221346153846 0.9306265841346154 0.7181393629807692 0.9164913990384616 0.7282082163461538 0.9169976706730769 0.7395901370192307 0.9073011442307692 0.7463495120192308 0.9067350697115385 0.7521809038461539 0.9550086466346154 0.761108923076923 0.9774699206730768 0.7547100168269231 0.98949009375 0.7424551177884615 1 0.7385328509615385 1 0.7100899735576923
0 0.40388453125 0.03748142307692308 0.40902325 0.03341479326923077 0.40418262740384614 0.021501564903846155 0.4018293076923077 0.018082069711538463 0.39374152163461534 0.015645572115384615 0.38624948317307695 0.01629270673076923 0.3715333870192307 0.027735437499999998 0.37354409134615385 0.03376226442307692 0.39993730528846155 0.0477153125 0.40388453125 0.03748142307692308
0 0.4998053677884616 0.11342550240384616 0.49810759615384614 0.09587632692307692 0.4927157379807693 0.09425199278846154 0.45573214903846154 0.0999545576923077 0.4501316706730769 0.10601179326923077 0.45084656730769235 0.10971214663461538 0.4520232283653846 0.11142189423076923 0.4558809759615385 0.10948630048076922 0.46855624759615383 0.11814506490384616 0.4998053677884616 0.11342550240384616
0 0.04688669471153846 0.1872417596153846 0.04970177163461539 0.18867065384615384 0.0540361201923077 0.18920196153846153 0.05649375 0.18878067307692306 0.058013021634615386 0.18788309375 0.05941313942307692 0.18636878125 0.05857909134615384 0.18205170432692308 0.056464072115384616 0.17986565625 0.048257139423076925 0.1768124375 0.04685701682692308 0.17832674519230768 0.04603780769230769 0.17846717307692309 0.045337747596153846 0.17922432692307694 0.04569519711538461 0.1810745048076923 0.044995137019230774 0.18183165865384615 0.04688669471153846 0.1872417596153846
0 0.009355576923076923 0.18042897115384615 0.009829528846153845 0.1895694951923077 0.010126567307692309 0.18972026923076923 0.01176498798076923 0.1894394110576923 0.01316510576923077 0.18792510096153844 0.011854459134615384 0.1811411201923077 0.011035252403846155 0.18128154807692307 0.009355576923076923 0.18042897115384615
0 0.14760408413461537 0.22668319951923077 0.14854244471153846 0.2271594951923077 0.1500617139423077 0.22626191346153846 0.15238535576923076 0.22076639423076921 0.1507320985576923 0.21658974278846152 0.1500320408653846 0.21734689423076922 0.1434783605769231 0.2184703245192308 0.14359750961538462 0.21908705048076924 0.14149732932692308 0.22135851442307694 0.14091642067307691 0.22273239423076924 0.14514645673076923 0.22710448557692306 0.14760408413461537 0.22668319951923077
0 0.15962425961538462 0.21442830048076925 0.16032431490384613 0.21367114423076924 0.1597285673076923 0.21058751682692306 0.15761355048076925 0.2084014735576923 0.1540984110576923 0.2077297355769231 0.1525791418269231 0.20862731730769232 0.15155131009615383 0.21644931490384614 0.15260881971153847 0.2175423341346154 0.15940079567307694 0.2176523581730769 0.15998170673076922 0.2162784783653846 0.15962425961538462 0.21442830048076925
3 0.5945356009615385 0.11311563701923077 0.5913927475961539 0.11875158653846155 0.5781810817307692 0.12483922596153846 0.5580434495192308 0.12574261298076922 0.5440872067307693 0.11921487980769231 0.5343313269230769 0.1081442235576923 0.5294907019230769 0.0962309951923077 0.5233987860576923 0.09536381971153846 0.5321565096153846 0.12317148798076924 0.5295945697115385 0.1274335576923077 0.5310540408653847 0.14374928365384615 0.5372053100961538 0.16244649278846154 0.53985628125 0.1849294783653846 0.5469013918269231 0.19073045913461537 0.5879661923076923 0.1798682451923077 0.5932537403846154 0.18533335817307692 0.6005074759615385 0.1834527764423077 0.6128702572115384 0.16859054326923079 0.6253967043269231 0.16771756490384615 0.6312354831730769 0.16289378365384616 0.6323676298076923 0.1512310048076923 0.6266034807692308 0.14329898798076923 0.6233864399038461 0.12664739423076923 0.6172648485576923 0.11686520192307692 0.6234017259615385 0.09606156009615385 0.6207655961538462 0.07803608653846153 0.5833058533653847 0.04622840384615385 0.5579849855769231 0.03782588942307692 0.5419582427884616 0.042484639423076925 0.5395154495192307 0.047363435096153844 0.5613063413461539 0.05063669951923077 0.5754114086538462 0.06669617548076924 0.5945356009615385 0.11311563701923077
3 0.21886005048076923 0.24505174278846154 0.22447536778846156 0.24345201442307693 0.2269181610576923 0.2385732235576923 0.2612058173076923 0.2320584903846154 0.26093784375 0.22191002403846155 0.2507202019230769 0.2128299735576923 0.24610304086538462 0.19769268509615384 0.23108928846153848 0.19007193509615383 0.22800623557692307 0.17849457451923076 0.23253436778846154 0.1668868076923077 0.24677387019230768 0.15297717307692307 0.22015719471153844 0.14224818509615383 0.19733847115384615 0.1467969110576923 0.18986127403846156 0.15190155528846153 0.1869567235576923 0.15877095432692306 0.192064875 0.21587599759615386 0.20737627403846154 0.24256023317307693 0.21886005048076923 0.24505174278846154
3 0.16686360336538464 0.17304686538461536 0.1737153798076923 0.15594357932692307 0.1735517139423077 0.1419543269230769 0.15213311057692308 0.14498874278846155 0.1364786514423077 0.15595518028846153 0.13497421875 0.16131027403846154 0.14012777884615385 0.1617011514423077 0.14788779086538462 0.17120248798076923 0.14839406490384616 0.18258440865384615 0.16686360336538464 0.17304686538461536
3 0.030368512019230767 0.18497609855769231 0.04136085096153846 0.18054319471153846 0.041703461538461536 0.1779358653846154 0.04989555769230769 0.1765315793269231 0.06056012259615384 0.17916351442307693 0.06417956971153846 0.17599446634615384 0.06240716586538461 0.17120108894230768 0.06543086778846154 0.1649484182692308 0.06212435096153846 0.15659511298076925 0.05037260096153846 0.14395513701923077 0.023264490384615383 0.1263017403846154 0.010752882211538462 0.13163222596153845 0.009069502403846155 0.15358390144230769 0.01851244951923077 0.17617690625 0.025214954326923077 0.18458522115384615 0.030368512019230767 0.18497609855769231
2 0.061408117788461544 0.2580247908653846 0.06340398557692307 0.2595941105769231 0.07219183173076923 0.26127345192307694 0.07476861057692308 0.26146889423076924 0.07886465865384616 0.2607667475961538 0.0833033173076923 0.2574572740384615 0.08821857692307693 0.25661470192307695 0.08973784615384615 0.2557171177884615 0.09043790625 0.2549599663461538 0.08996130769230769 0.25249306250000003 0.08878464903846153 0.25078331490384614 0.08690793028846154 0.24983072115384616 0.08363109134615385 0.25039243509615383 0.07706257451923076 0.24705835336538462 0.06255510096153846 0.2508195240384615 0.06103582932692308 0.2517171033653846 0.06045492067307692 0.25309098557692306 0.061408117788461544 0.2580247908653846
2 0.16632676201923077 0.22283661538461536 0.16130718990384615 0.22751996875 0.16072627884615384 0.22889384855769232 0.16156032692307692 0.23321093028846154 0.1627369855769231 0.23492067788461538 0.16449455528846152 0.2352565480769231 0.17350586538461538 0.2337118317307692 0.17502513221153848 0.23281424759615385 0.1785254326923077 0.22902847596153847 0.17898719471153848 0.2270378701923077 0.18248749278846152 0.2232520985576923 0.18131083653846153 0.22154235096153846 0.17767654807692307 0.2202538870192308 0.17521891826923078 0.22067517307692308 0.1745188557692308 0.22143232692307693 0.16936530048076925 0.22104144951923077 0.1683077908653846 0.2199484254807692 0.16748858173076925 0.22008885576923076 0.16632676201923077 0.22283661538461536
2 0.6348972211538462 0.34831398076923076 0.5996415240384615 0.34543739663461537 0.5780736490384615 0.37398341586538464 0.5792651466346154 0.3801506706730769 0.5882912932692308 0.38306346634615385 0.6141485528846153 0.3767195721153846 0.6346885961538462 0.3559955480769231 0.6348972211538462 0.34831398076923076
2 0.5437419206730769 0.3320822740384616 0.5503104375000001 0.3354163557692308 0.5622411346153846 0.3314597475961539 0.5821404663461538 0.32932291105769235 0.5877409471153846 0.32326567548076923 0.5818428173076924 0.31025942307692306 0.5726826850961538 0.30227239663461536 0.562837326923077 0.29950003124999997 0.55349825 0.30810958653846154 0.5276558245192308 0.31891099038461534 0.5263896923076923 0.32549953125 0.5314537740384615 0.3341887043269231 0.5437419206730769 0.3320822740384616
3 0.5484620576923077 0.4485088076923077 0.5504129663461538 0.47174894471153844 0.5599157091346154 0.47712864182692305 0.578772375 0.4783562908653846 0.5922520168269231 0.4824171177884615 0.59931196875 0.4926756105769231 0.60759309375 0.518016375 0.6219512980769231 0.5397668100961538 0.6239768413461538 0.5502511466346154 0.6540488581730769 0.5788651778846154 0.675631125 0.5898200096153846 0.6998351322115385 0.5792994663461538 0.6896921225961539 0.5574636153846154 0.6659651634615386 0.53540771875 0.6658163365384616 0.5258759759615385 0.6576691995192309 0.5056094471153846 0.6750367139423077 0.4816063533653846 0.6623317692307692 0.4640325697115385 0.6582658389423077 0.4386063846153846 0.652382545673077 0.4300576442307692 0.649969875 0.40880811298076924 0.6539170985576923 0.39857422596153846 0.6906178749999999 0.3782656850961538 0.6676651634615385 0.3777401778846154 0.6061201201923077 0.39211310817307693 0.5833310745192308 0.40557685336538457 0.5732919326923077 0.41494356490384615 0.5650103629807692 0.42464614423076924 0.5561775576923077 0.4446376201923077 0.5484620576923077 0.4485088076923077
3 0.7643296850961538 0.5363863149038461 0.7734156274038462 0.5220858028846154 0.7773925264423076 0.5207669302884615 0.7867617259615384 0.4860290504807692 0.7875215865384615 0.4680585865384615 0.7790021610576924 0.4414843701923077 0.7829345456730769 0.4267929735576923 0.7790471177884615 0.41981355288461536 0.7727020649038461 0.4132554158653846 0.76836771875 0.4127241081730769 0.7702741129807692 0.42259171875 0.7372067355769231 0.5142754110576923 0.7433431658653846 0.5285151129807693 0.7554078509615384 0.5296327403846154 0.7643296850961538 0.5363863149038461
3 1 0.5666294783653846 0.985202485576923 0.5800796177884615 0.9774721490384616 0.5794932980769231 0.9732421153846154 0.5751212067307692 0.9659290216346155 0.5591717572115384 0.9631139447115384 0.5577428629807692 0.9567985673076923 0.5600997451923078 0.9734502932692308 0.6024829831730769 1 0.6303988413461539 1 0.5666294783653846