1 0.8765624999999999 0.30937499999999996 0.8812500000000001 0.30937499999999996 0.8875 0.30625 0.8921874999999999 0.30625 0.9015625 0.3015625 0.903125 0.3015625 0.909375 0.30625 0.9156249999999999 0.30625 0.9156249999999999 0.29375 0.9109375 0.284375 0.9109375 0.2796875 0.90625 0.271875 0.8999999999999999 0.26875 0.8875 0.26875 0.8812500000000001 0.275 0.8765624999999999 0.284375 0.8765624999999999 0.2890625 0.875 0.290625 0.875 0.30625 0.8765624999999999 0.30937499999999996
1 0.784375 0.2609375 0.7875000000000001 0.2625 0.79375 0.2625 0.7953125000000001 0.2640625 0.815625 0.265625 0.8234375 0.265625 0.825 0.2640625 0.8265625000000001 0.259375 0.825 0.2578125 0.825 0.24843749999999998 0.8234375 0.246875 0.8218749999999999 0.23125 0.8187500000000001 0.2296875 0.8140624999999999 0.22499999999999998 0.8140624999999999 0.2234375 0.8078125 0.22031250000000002 0.8015625 0.22031250000000002 0.7890625 0.23125 0.784375 0.2421875 0.784375 0.2515625 0.7828124999999999 0.253125 0.7828124999999999 0.259375 0.784375 0.2609375
1 0.6781250000000001 0.284375 0.6781250000000001 0.2796875 0.6796875 0.278125 0.6796875 0.275 0.6828125 0.26875 0.7078125 0.259375 0.7109375 0.2609375 0.7140625 0.2671875 0.7171875000000001 0.2671875 0.71875 0.265625 0.71875 0.2625 0.7124999999999999 0.246875 0.7093750000000001 0.24375000000000002 0.7093750000000001 0.2421875 0.7046874999999999 0.2390625 0.7 0.2390625 0.6984375 0.2375 0.6953125 0.2390625 0.690625 0.2390625 0.684375 0.2421875 0.684375 0.24375000000000002 0.6796875 0.24843749999999998 0.6796875 0.2546875 0.6765625 0.259375 0.6765625 0.284375 0.6781250000000001 0.284375
1 0.5921875 0.2734375 0.6 0.2765625 0.6187499999999999 0.278125 0.625 0.278125 0.6265624999999999 0.2765625 0.6328125 0.2765625 0.6343749999999999 0.275 0.6328125 0.24843749999999998 0.6296875 0.2390625 0.6265624999999999 0.23593750000000002 0.625 0.23125 0.6156250000000001 0.2265625 0.60625 0.2265625 0.5984375 0.234375 0.5921875 0.246875 0.5921875 0.2546875 0.590625 0.25625 0.590625 0.271875 0.5921875 0.2734375
1 0.475 0.278125 0.4765625 0.2765625 0.484375 0.2765625 0.48906249999999996 0.2796875 0.49375 0.2796875 0.49531250000000004 0.28125 0.4984375 0.28125 0.5 0.278125 0.4984375 0.2765625 0.4984375 0.26875 0.49687499999999996 0.2671875 0.49687499999999996 0.2609375 0.49375 0.253125 0.4921875 0.25 0.484375 0.2421875 0.48124999999999996 0.24062499999999998 0.47343749999999996 0.24062499999999998 0.46562499999999996 0.24375000000000002 0.459375 0.25 0.453125 0.265625 0.4515625 0.2875 0.453125 0.2875 0.45625000000000004 0.284375 0.475 0.278125
1 0.3515625 0.265625 0.353125 0.2640625 0.3765625 0.265625 0.3828125 0.26875 0.38749999999999996 0.26875 0.3890625 0.2671875 0.3890625 0.2546875 0.38593750000000004 0.24375000000000002 0.38125 0.234375 0.375 0.22812500000000002 0.36875 0.22499999999999998 0.359375 0.22812500000000002 0.3515625 0.234375 0.34687500000000004 0.24375000000000002 0.34375 0.2578125 0.34375 0.2640625 0.3453125 0.265625 0.3515625 0.265625
1 0.253125 0.284375 0.2765625 0.2890625 0.284375 0.2890625 0.2859375 0.2875 0.2859375 0.271875 0.284375 0.2703125 0.2828125 0.2578125 0.2765625 0.25 0.2734375 0.24375000000000002 0.265625 0.24062499999999998 0.259375 0.24062499999999998 0.2578125 0.2421875 0.253125 0.2421875 0.25 0.24375000000000002 0.24843749999999998 0.2453125 0.24843749999999998 0.25 0.24375000000000002 0.259375 0.24062499999999998 0.271875 0.24062499999999998 0.2828125 0.2421875 0.284375 0.253125 0.284375
1 0.16875 0.2671875 0.17031249999999998 0.2671875 0.171875 0.2640625 0.17812499999999998 0.259375 0.19687500000000002 0.259375 0.20468750000000002 0.2640625 0.20625 0.2671875 0.2078125 0.2671875 0.2078125 0.2515625 0.20468750000000002 0.2375 0.19687500000000002 0.23125 0.18906250000000002 0.22812500000000002 0.1765625 0.2296875 0.171875 0.234375 0.1671875 0.24843749999999998 0.1671875 0.25625 0.16562500000000002 0.2578125 0.16562500000000002 0.2609375 0.16875 0.2671875
1 0.0953125 0.278125 0.12187500000000001 0.28125 0.1234375 0.2828125 0.13125 0.2828125 0.1328125 0.2796875 0.13125 0.25625 0.1265625 0.25 0.125 0.2453125 0.12031249999999999 0.24062499999999998 0.1078125 0.24062499999999998 0.1 0.246875 0.09843750000000001 0.2515625 0.0953125 0.2546875 0.0953125 0.2625 0.0921875 0.26875 0.0921875 0.275 0.0953125 0.278125
3 0.078125 0.484375 0.1375 0.4828125 0.140625 0.47968750000000004 0.1441265625 0.401040625 0.1265125 0.394290625 0.1292140625 0.3735953125 0.120659375 0.3708953125 0.1098546875 0.3456984375 0.1234375 0.31718749999999996 0.11249999999999999 0.3203125 0.0950546875 0.358296875 0.09375 0.3265625 0.08281250000000001 0.33281249999999996 0.0747953125 0.3735953125 0.08199843750000001 0.39294218750000004 0.0801984375 0.40913906250000004 0.078125 0.43281250000000004 0.078125 0.484375
3 0.921875 0.515625 0.925 0.446875 0.9296875 0.43437499999999996 0.9390624999999999 0.428125 0.9390624999999999 0.415625 0.9265625 0.3765625 0.91875 0.36406249999999996 0.9078124999999999 0.35624999999999996 0.890625 0.35468750000000004 0.8875 0.34687500000000004 0.8796875 0.34687500000000004 0.8640625 0.3578125 0.85625 0.37968749999999996 0.85625 0.5125 0.859375 0.515625 0.91875 0.521875 0.921875 0.515625
2 0.8828125 0.70625 0.89375 0.7109375 0.9046875000000001 0.7109375 0.9109375 0.7078125 0.9109375 0.7015625000000001 0.9046875000000001 0.6937500000000001 0.8999999999999999 0.6812499999999999 0.8968750000000001 0.6781250000000001 0.89375 0.6781250000000001 0.890625 0.6812499999999999 0.8859375 0.6828125 0.8812500000000001 0.6890624999999999 0.8812500000000001 0.6968749999999999 0.8796875 0.6984375 0.8796875 0.703125 0.8828125 0.70625
2 0.85625 0.715625 0.859375 0.7171875000000001 0.8687499999999999 0.7171875000000001 0.871875 0.715625 0.875 0.7093750000000001 0.871875 0.690625 0.8671875 0.6859375000000001 0.8609374999999999 0.6859375000000001 0.8578125000000001 0.6875 0.85625 0.6921875 0.85625 0.6968749999999999 0.8546875 0.6984375 0.8546875 0.7124999999999999 0.85625 0.715625
2 0.8015625 0.7281249999999999 0.8140624999999999 0.7281249999999999 0.815625 0.7296875 0.8296874999999999 0.7296875 0.8359375 0.7250000000000001 0.8359375 0.7140625 0.8328125 0.7109375 0.8234375 0.7078125 0.8140624999999999 0.6984375 0.8046875 0.7015625000000001 0.8031250000000001 0.703125 0.79375 0.703125 0.7921875 0.7078125 0.7921875 0.7171875000000001 0.796875 0.7265625 0.8015625 0.7281249999999999
2 0.778125 0.7484375000000001 0.784375 0.7484375000000001 0.7859375 0.75 0.79375 0.75 0.8 0.746875 0.8 0.7390625 0.7984374999999999 0.734375 0.7906249999999999 0.7171875000000001 0.7875000000000001 0.7140625 0.784375 0.7124999999999999 0.78125 0.7140625 0.7718750000000001 0.7140625 0.7671874999999999 0.715625 0.7640625000000001 0.721875 0.7625 0.734375 0.7640625000000001 0.7390625 0.7703125 0.7453125 0.778125 0.7484375000000001
2 0.7093750000000001 0.7562500000000001 0.7140625 0.7562500000000001 0.715625 0.7578125 0.73125 0.7578125 0.7359374999999999 0.7546875 0.7359374999999999 0.7421875 0.7234375 0.7296875 0.721875 0.7296875 0.71875 0.7265625 0.7140625 0.7250000000000001 0.7046874999999999 0.7250000000000001 0.7015625000000001 0.7281249999999999 0.6968749999999999 0.7296875 0.6968749999999999 0.7437499999999999 0.6953125 0.746875 0.6984375 0.7515624999999999 0.7093750000000001 0.7562500000000001
2 0.6578124999999999 0.76875 0.6609375 0.7718750000000001 0.6781250000000001 0.7718750000000001 0.6812499999999999 0.7671874999999999 0.6812499999999999 0.7562500000000001 0.6781250000000001 0.746875 0.675 0.7437499999999999 0.675 0.7421875 0.66875 0.7421875 0.6578124999999999 0.7484375000000001 0.6578124999999999 0.7562500000000001 0.65625 0.7578125 0.65625 0.7640625000000001 0.6578124999999999 0.76875
2 0.5984375 0.7875000000000001 0.6171875 0.7906249999999999 0.6312500000000001 0.7906249999999999 0.6390625000000001 0.7859375 0.6390625000000001 0.778125 0.6359375 0.7703125 0.6171875 0.7609375 0.6015625 0.7625 0.596875 0.76875 0.596875 0.778125 0.5953125 0.7796875000000001 0.5953125 0.784375 0.5984375 0.7875000000000001
2 0.5734375 0.8109375000000001 0.578125 0.8109375000000001 0.5796875 0.8125 0.59375 0.8125 0.596875 0.8109375000000001 0.596875 0.8015625 0.5953125 0.8 0.5953125 0.7953125000000001 0.59375 0.79375 0.59375 0.784375 0.590625 0.778125 0.5875 0.7765625 0.584375 0.778125 0.578125 0.778125 0.578125 0.7796875000000001 0.5671875 0.784375 0.565625 0.7890625 0.565625 0.8015625 0.5671875 0.8046875 0.5734375 0.8109375000000001
2 0.5140625 0.825 0.53125 0.825 0.534375 0.8218749999999999 0.534375 0.8125 0.5265625 0.796875 0.5234375 0.7953125000000001 0.5109375 0.7953125000000001 0.509375 0.796875 0.5046875 0.796875 0.503125 0.7984374999999999 0.503125 0.8109375000000001 0.5109375 0.8234375 0.5140625 0.825
2 0.44218749999999996 0.8187500000000001 0.446875 0.809375 0.446875 0.8015625 0.44375 0.7984374999999999 0.44375 0.796875 0.4359375 0.7906249999999999 0.43125 0.7906249999999999 0.4234375 0.79375 0.41718750000000004 0.8062499999999999 0.415625 0.8187500000000001 0.4234375 0.8218749999999999 0.4359375 0.8218749999999999 0.44218749999999996 0.8187500000000001
2 0.37031250000000004 0.79375 0.37187499999999996 0.7953125000000001 0.375 0.7953125000000001 0.3765625 0.79375 0.38593750000000004 0.79375 0.3890625 0.7921875 0.39375000000000004 0.7859375 0.39375000000000004 0.7671874999999999 0.3921875 0.7640625000000001 0.384375 0.7578125 0.37812500000000004 0.7578125 0.37187499999999996 0.7609375 0.36875 0.7640625000000001 0.36406249999999996 0.778125 0.36406249999999996 0.7921875 0.365625 0.79375 0.37031250000000004 0.79375
2 0.3125 0.76875 0.35624999999999996 0.76875 0.3578125 0.7671874999999999 0.36406249999999996 0.7671874999999999 0.36406249999999996 0.7546875 0.359375 0.7515624999999999 0.3453125 0.746875 0.33906250000000004 0.7390625 0.33281249999999996 0.7390625 0.3296875 0.7421875 0.3296875 0.7437499999999999 0.321875 0.7484375000000001 0.31562500000000004 0.7484375000000001 0.3109375 0.75 0.30781250000000004 0.753125 0.30625 0.7578125 0.30781250000000004 0.7609375 0.30781250000000004 0.7671874999999999 0.3125 0.76875
2 0.18906250000000002 0.7437499999999999 0.190625 0.7421875 0.20468750000000002 0.7421875 0.20625 0.7406250000000001 0.21250000000000002 0.7406250000000001 0.2140625 0.7390625 0.22499999999999998 0.7390625 0.2296875 0.7375 0.2296875 0.71875 0.22812500000000002 0.7171875000000001 0.221875 0.7171875000000001 0.21718749999999998 0.7140625 0.2140625 0.7140625 0.21250000000000002 0.715625 0.20625 0.715625 0.1984375 0.721875 0.1828125 0.7296875 0.18125000000000002 0.7328125000000001 0.18125000000000002 0.7406250000000001 0.184375 0.7437499999999999 0.18906250000000002 0.7437499999999999
2 0.25625 0.7546875 0.2671875 0.7546875 0.26875 0.753125 0.278125 0.7515624999999999 0.284375 0.7437499999999999 0.2859375 0.7390625 0.2859375 0.73125 0.2875 0.7296875 0.2875 0.7234375 0.278125 0.71875 0.26875 0.71875 0.2671875 0.7171875000000001 0.2625 0.7203124999999999 0.25625 0.734375 0.253125 0.7375 0.2515625 0.7406250000000001 0.2515625 0.7515624999999999 0.253125 0.753125 0.25625 0.7546875
2 0.1640625 0.7359374999999999 0.1765625 0.7359374999999999 0.17812499999999998 0.734375 0.18234687500000002 0.7315812500000001 0.18593749999999998 0.7296875 0.190625 0.7250000000000001 0.19687500000000002 0.721875 0.19687500000000002 0.7203124999999999 0.20156249999999998 0.715625 0.20156249999999998 0.703125 0.19687500000000002 0.6984375 0.1921875 0.6968749999999999 0.18906250000000002 0.6937500000000001 0.1796875 0.6984375 0.1609375 0.721875 0.159375 0.7265625 0.159375 0.7328125000000001 0.1609375 0.734375 0.1640625 0.7359374999999999
2 0.15629687499999997 0.7068562500000001 0.1658 0.7091484374999999 0.173828125 0.7086578125 0.18283906249999998 0.6986703124999999 0.19889531249999998 0.6998156249999999 0.19889531249999998 0.6937578125 0.1805453125 0.6863890625 0.1793015625 0.6870953125000001 0.1748109375 0.6913015625000001 0.16022968750000002 0.6921203125000001 0.1564609375 0.6978515624999999 0.15629687499999997 0.7068562500000001
2 0.1234375 0.6968749999999999 0.125 0.6937500000000001 0.125 0.6890624999999999 0.128125 0.684375 0.128125 0.6796875 0.1296875 0.6781250000000001 0.1296875 0.6703125000000001 0.1265625 0.6671875 0.11406250000000001 0.66875 0.1109375 0.6703125000000001 0.1109375 0.6765625 0.1078125 0.6812499999999999 0.1078125 0.6859375000000001 0.10468749999999999 0.6875 0.103125 0.6968749999999999 0.10625000000000001 0.7015625000000001 0.12031249999999999 0.7 0.1234375 0.6968749999999999
2 0.0921875 0.6859375000000001 0.08906249999999999 0.6890624999999999 0.08906249999999999 0.6937500000000001 0.0921875 0.6968749999999999 0.103125 0.6968749999999999 0.109375 0.6828125 0.11249999999999999 0.6734374999999999 0.11249999999999999 0.6656249999999999 0.1109375 0.6625000000000001 0.10468749999999999 0.6625000000000001 0.103125 0.6640625 0.1015625 0.6671875 0.1015625 0.671875 0.09375 0.6859375000000001 0.0921875 0.6859375000000001