3 0.37765484374999997 0.3572329158653846 0.3858047235576923 0.3679886153846154 0.4503361009615385 0.3612589326923077 0.5579816802884616 0.36926245432692306 0.5815403509615384 0.37472075480769235 0.6017499735576923 0.37319589423076927 0.6135581394230769 0.36506908653846154 0.62622165625 0.34281951442307695 0.6275371947115385 0.3003388293269231 0.6239365697115384 0.2975094254807692 0.5630634783653846 0.2853565985576923 0.5177930889423077 0.28546453125000004 0.42795671634615384 0.2740498822115385 0.39473871875 0.2827584110576923 0.3982387139423077 0.28724931971153844 0.41059299519230774 0.29086541346153844 0.42074077163461543 0.3101533894230769 0.41253323076923076 0.3211095985576923 0.3849137524038462 0.34117981490384613 0.37765484374999997 0.3572329158653846
3 0.43869867788461536 0.594924735576923 0.5070319399038461 0.587701454326923 0.533393545673077 0.5884000168269231 0.56430440625 0.5970248701923077 0.5820129831730769 0.5952752451923077 0.5962215673076924 0.5890347091346154 0.6236324375 0.5931686610576923 0.6393431129807693 0.5828867548076923 0.6447550745192309 0.5558091201923077 0.6441156754807692 0.5248465673076923 0.6370224062500001 0.49664509615384617 0.6250203293269231 0.48721374519230765 0.5979113485576923 0.4780952884615385 0.5716503701923077 0.4757352259615385 0.48481084375 0.4771189903846154 0.3997249903846154 0.4703076322115385 0.39021661057692303 0.4819822091346154 0.4257700120192308 0.5177530192307692 0.4333161129807692 0.5384777307692308 0.43011066105769236 0.5498834759615385 0.39753940625 0.5686734038461538 0.40903833653846156 0.5864122644230769 0.43869867788461536 0.594924735576923
3 0.4123506442307692 0.6978012211538461 0.4255529326923077 0.708175704326923 0.42149947355769235 0.7128230576923078 0.5801145937500001 0.7304188293269231 0.6043273557692308 0.7250773653846154 0.6124845841346154 0.7149519062499999 0.6123913052884615 0.6957322475961539 0.6071523365384615 0.6576741490384616 0.5968536153846153 0.6408784254807693 0.5381796802884615 0.6339348774038461 0.4814533245192308 0.6363543533653846 0.47530134375 0.6341309302884616 0.4676472596153846 0.6359488822115384 0.46724474038461533 0.642594889423077 0.4086640889423077 0.6548709975961539 0.40210958653846157 0.6592935841346154 0.39950056490384617 0.6816114759615384 0.40849844951923076 0.6991255697115384 0.4123506442307692 0.6978012211538461
3 0.40550385096153846 0.39565242307692305 0.3784378341346154 0.4065843774038462 0.37503112259615384 0.42131312740384613 0.4298098942307692 0.4095306177884615 0.47533185817307694 0.4052689302884615 0.47058134134615387 0.4006656394230769 0.4369178605769231 0.3959697716346154 0.40550385096153846 0.39565242307692305
3 0.49086444711538463 0.1903291875 0.4932648605769231 0.19221545673076923 0.5145237451923077 0.1941259855769231 0.5223361201923077 0.16893462259615386 0.5214378028846154 0.16300698076923076 0.5129357163461539 0.15806653846153845 0.5030321634615385 0.15550596634615385 0.4667166947115385 0.1530775817307692 0.4313498533653846 0.15574608413461538 0.41839179326923076 0.16209900480769232 0.41428802403846154 0.1675771105769231 0.4249389495192308 0.1785575793269231 0.4334410336538462 0.18349801923076925 0.4759588052884615 0.18731907451923077 0.49086444711538463 0.1903291875
3 0.45482465865384614 0 0.4708215889423077 0.002262108173076923 0.4781737788461538 0.005428668269230769 0.5030836057692307 0.009337850961538462 0.5067345432692307 0.011336504807692308 0.5417491778846154 0.014483254807692306 0.5519546153846154 0.012059322115384614 0.5500573509615385 0.0018655432692307693 0.5476833100961538 0 0.45482465865384614 0
3 0.5339294543269231 0.060555778846153846 0.5589399086538461 0.06280345673076923 0.5600971490384615 0.04369618269230769 0.54212309375 0.042916132211538456 0.5277345048076924 0.038281947115384615 0.5278351346153847 0.036620442307692305 0.4967733269230769 0.03048783894230769 0.4929211298076923 0.031812189903846155 0.48301757692307695 0.029251615384615386 0.47031109134615384 0.03145077884615385 0.4603069110576923 0.03055170673076923 0.4418509591346154 0.02388144230769231 0.43705012740384613 0.020108901442307696 0.4294463629807692 0.021096100961538463 0.42373986538461533 0.03227707692307692 0.4271895456730769 0.03759873798076923 0.43569162740384615 0.042539180288461535 0.5054190072115385 0.05381718990384616 0.5155238173076924 0.05305475961538461 0.5227753798076923 0.05788281971153846 0.5339294543269231 0.060555778846153846
2 0.8556394447115385 0.7276161370192308 0.8584570769230768 0.681094079326923 0.8507097115384615 0.663692375 0.8434078365384615 0.6596950649038462 0.8357537548076923 0.661513014423077 0.8291992548076923 0.6659355985576922 0.8296950528846154 0.67850925 0.8241395024038461 0.6871979759615384 0.8385923100961539 0.6976848437500001 0.8430912524038461 0.7064418918269231 0.8408344326923077 0.7229445264423077 0.8556394447115385 0.7276161370192308
2 0.7969089711538462 0.5970471346153846 0.7913104495192307 0.585685451923077 0.7801060600961538 0.5838432451923077 0.7720494639423077 0.592307201923077 0.7461836538461538 0.6041822908653847 0.7448754711538462 0.6257818149038462 0.7683838269230769 0.6320708653846154 0.7822402067307692 0.6316455913461538 0.7961542475961539 0.6095084014423077 0.7969089711538462 0.5970471346153846
2 0.9123889639423077 0.5172158197115384 0.8903323942307693 0.5077161466346154 0.8740755961538462 0.5062551538461538 0.8739246538461539 0.5087474086538462 0.8811258990384616 0.51440621875 0.8783229639423078 0.5191659543269231 0.8902747307692308 0.5294280552884616 0.8900231562500001 0.5335818100961538 0.9050797403846154 0.5340996682692307 0.9132872836538461 0.5231434591346154 0.9123889639423077 0.5172158197115384
2 0.7431732379807693 0.4878088269230769 0.7570296153846154 0.4873835504807692 0.758186858173077 0.4682762764423077 0.730725673076923 0.46497307692307693 0.7246669711538462 0.4819693125 0.7431732379807693 0.4878088269230769
2 0.7334929903846154 0.4192817692307692 0.7448409759615384 0.43951288701923075 0.7548451538461538 0.44041195673076927 0.7719573028846154 0.4277501802884615 0.7716124471153846 0.41268427884615383 0.7578566971153846 0.41144805528846157 0.7334929903846154 0.4192817692307692
2 0.8782590769230769 0.41642165865384617 0.8899163004807692 0.41078710817307695 0.9075819086538461 0.38898707211538464 0.9112401971153846 0.3701045649038462 0.9039886346153847 0.3652765048076923 0.8951343461538461 0.36615131971153847 0.8760746177884615 0.36945006971153843 0.8790211490384615 0.3830792355769231 0.87346559375 0.3917679591346154 0.8502014639423077 0.4022063149038461 0.8535001971153846 0.4100202259615384 0.8620022836538461 0.4149606682692308 0.8782590769230769 0.41642165865384617
2 0.8235390913461539 0.2611548942307692 0.8097330264423076 0.26074942307692306 0.8042277884615385 0.2686073966346154 0.8042204399038462 0.2894885552884615 0.8221229302884615 0.30529708173076925 0.8271250192307692 0.30574661778846157 0.8352319326923077 0.2964519110576923 0.8350883365384616 0.2780630048076923 0.8235390913461539 0.2611548942307692
2 0.7789080961538463 0.2922253822115385 0.7710527572115384 0.2973663341346154 0.7773986538461538 0.3171479110576923 0.7896523052884615 0.32242550721153845 0.7991103701923077 0.3115816802884615 0.8015181370192308 0.29258679086538464 0.7866628076923077 0.2887459302884615 0.7789080961538463 0.2922253822115385
2 0.7846733822115385 0.1139951298076923 0.769667110576923 0.11264652163461539 0.7715643798076923 0.12284030288461538 0.7632058918269231 0.1362887644230769 0.7737561875 0.14893073557692307 0.7847593173076923 0.15409594471153848 0.791515079326923 0.14635035576923078 0.7925716899038461 0.1289045841346154 0.7846733822115385 0.1139951298076923
2 0.6528359639423077 0.19402695913461537 0.6438810432692308 0.19656327403846152 0.6382751754807692 0.20608275 0.6442258990384615 0.21162917548076926 0.6542803966346155 0.21169749519230768 0.6583338533653845 0.20705014423076923 0.6603894158653846 0.19387051201923075 0.6528359639423077 0.19402695913461537
2 0.6399858798076923 0.1778372139423077 0.6378800048076924 0.1918475985576923 0.6476829278846155 0.1960696754807692 0.6570980264423076 0.16517543990384614 0.6534974038461538 0.1623460360576923 0.6495948918269231 0.16450113701923078 0.6399858798076923 0.1778372139423077
2 0.6973097884615385 0.04099251923076923 0.7058118701923076 0.045932961538461534 0.7149177331730769 0.04090439182692308 0.7230823100961538 0.009897774038461538 0.7055749927884616 0.008324396634615384 0.6987689182692307 0.016900740384615386 0.6973097884615385 0.04099251923076923