1 0.22031250000000002 0.265625 0.23125 0.259375 0.21875 0.20625 0.190625 0.18593749999999998 0.1390625 0.18593749999999998 0.109375 0.215625 0.103125 0.24062499999999998 0.1109375 0.25 0.1171875 0.246875 0.22031250000000002 0.265625
2 0.7671874999999999 0.8859375 0.765625 0.878125 0.7375 0.8812500000000001 0.6921875 0.8703125 0.653125 0.89375 0.653125 0.9078124999999999 0.6890624999999999 0.91875 0.7609375 0.903125 0.7671874999999999 0.8859375
1 0.8062499999999999 0.3296875 0.7953125000000001 0.2890625 0.76875 0.2734375 0.7281249999999999 0.28125 0.7109375 0.30625 0.70625 0.33906250000000004 0.7421875 0.3265625 0.7984374999999999 0.32499999999999996 0.8062499999999999 0.3296875
2 0.8500000000000001 0.934375 0.859375 0.9171875 0.8531249999999999 0.90625 0.8187500000000001 0.903125 0.796875 0.89375 0.7859375 0.89375 0.7828124999999999 0.8999999999999999 0.7796875000000001 0.9421875 0.7953125000000001 0.9515625000000001 0.828125 0.9515625000000001 0.8500000000000001 0.934375
1 0.4765625 0.2875 0.4625 0.25 0.4359375 0.234375 0.396875 0.2421875 0.37968749999999996 0.275 0.38125 0.29375 0.421875 0.2875 0.47187500000000004 0.2921875 0.4765625 0.2875
2 0.20156249999999998 0.965625 0.184375 0.9453125 0.140625 0.9468749999999999 0.1390625 0.9609375 0.153125 0.9859374999999999 0.1796875 0.98125 0.20156249999999998 0.965625
2 0.353125 0.9359375000000001 0.3453125 0.9140625 0.3 0.9156249999999999 0.3 0.9609375 0.32499999999999996 0.9781249999999999 0.34843749999999996 0.9703124999999999 0.353125 0.9359375000000001
2 0.528125 0.9125000000000001 0.5375 0.903125 0.53125 0.8890625000000001 0.5015625 0.8671875 0.47187500000000004 0.875 0.4390625 0.8625 0.4390625 0.8796875 0.4859375 0.9078124999999999 0.5109375 0.9156249999999999 0.528125 0.9125000000000001
3 0.690625 0.6312500000000001 0.75 0.6421874999999999 0.8171875 0.6390625000000001 0.859375 0.628125 0.8765624999999999 0.6140625 0.871875 0.5390625 0.8338546875 0.55 0.8140624999999999 0.54375 0.8140624999999999 0.534375 0.796875 0.53125 0.79375 0.521875 0.7796875000000001 0.5328125 0.75 0.534375 0.7281249999999999 0.525 0.7015625000000001 0.5234375 0.6859375000000001 0.5234375 0.675 0.53125 0.66875 0.5609375 0.6812499999999999 0.6468750000000001 0.6875 0.6453125 0.690625 0.6312500000000001
0 0.75 0.5234375 0.7609375 0.5125 0.7640625000000001 0.49687499999999996 0.7093750000000001 0.4671875 0.7007812499999999 0.490625 0.6828125 0.49375 0.6921875 0.5203125 0.75 0.5234375
3 0.078125 0.49375 0.0625 0.525 0.0578125 0.5890625 0.06875 0.596875 0.1296875 0.603125 0.2734375 0.590625 0.290625 0.5734375 0.2921875 0.5328125 0.271875 0.453125 0.275 0.4296875 0.265625 0.421875 0.265625 0.4078125 0.2546875 0.38749999999999996 0.2234375 0.3609375 0.1984375 0.37812500000000004 0.146875 0.3421875 0.0796875 0.321875 0.0390625 0.33906250000000004 0.0359375 0.353125 0.10625000000000001 0.396875 0.128125 0.4296875 0.078125 0.49375
0 0.571875 0.5578125 0.571875 0.5390625 0.559375 0.525 0.53125 0.5328125 0.53125 0.5421875 0.540625 0.54375 0.559375 0.5625 0.571875 0.5578125
0 0.54375 0.571875 0.50625 0.5625 0.5015625 0.5671875 0.528125 0.5859375 0.5359375 0.5859375 0.54375 0.571875
3 0.4140625 0.428125 0.428125 0.46562499999999996 0.44375 0.484375 0.503125 0.521875 0.528125 0.528125 0.5171875 0.3828125 0.503125 0.3765625 0.478125 0.39531249999999996 0.396875 0.38125 0.37812500000000004 0.35624999999999996 0.34843749999999996 0.36875 0.3734375 0.3765625 0.3921875 0.3921875 0.3921875 0.40625 0.4140625 0.428125
3 0.44999999999999996 0.584375 0.48750000000000004 0.5765625 0.49375 0.5703125 0.4921875 0.5625 0.4609375 0.5625 0.44218749999999996 0.5484375 0.37968749999999996 0.5234375 0.3578125 0.5046875 0.3375 0.4703125 0.33281249999999996 0.4703125 0.328125 0.48906249999999996 0.3265625 0.565625 0.3359375 0.5734375 0.384375 0.584375 0.44999999999999996 0.584375
3 0.7124999999999999 0.45781249999999996 0.715625 0.4546875 0.7124999999999999 0.42500000000000004 0.7 0.4 0.6734374999999999 0.4078125 0.653125 0.42656249999999996 0.6515625 0.43437499999999996 0.6729171875000001 0.43281250000000004 0.6968749999999999 0.44062500000000004 0.7124999999999999 0.45781249999999996
3 0.8109375000000001 0.5 0.815625 0.4609375 0.8343750000000001 0.428125 0.859375 0.40625 0.8796875 0.42656249999999996 0.8812500000000001 0.415625 0.871875 0.40312499999999996 0.8578125000000001 0.3984375 0.8015625 0.4 0.7875000000000001 0.4078125 0.75 0.47187500000000004 0.7453125 0.484375 0.75 0.490625 0.778125 0.5 0.8109375000000001 0.5