1 0.7081828701923077 0.5934027788461539 0.6659490745192307 0.5965277788461538 0.6702662043269231 0.6088541658653847 0.6841898149038462 0.6130208341346154 0.6971412043269231 0.6499999999999999 0.7254976850961538 0.6411458341346153 0.7352893509615386 0.626736110576923 0.731203704326923 0.6065972211538462 0.7081828701923077 0.5934027788461539
1 0.6159837956730769 0.4391782403846154 0.6359259254807692 0.4509259254807692 0.6508564807692309 0.4737847211538462 0.6652893509615385 0.4607638894230769 0.6657523149038462 0.4451388894230769 0.6489351850961539 0.4332754639423077 0.6286689807692307 0.4324652788461538 0.6159837956730769 0.4391782403846154
1 0.5959953701923077 0.2182870360576923 0.6129861105769231 0.27696759375 0.646076389423077 0.26637731490384614 0.6622569447115385 0.24704861057692307 0.65821759375 0.22534722115384614 0.6367129639423077 0.21365740625 0.6039467596153846 0.21331018509615385 0.5959953701923077 0.2182870360576923
1 0.5959837956730769 0.06064814903846154 0.6035185192307693 0.06973379567307693 0.6059953701923078 0.09149305528846154 0.6181712956730769 0.10196759375 0.6179166658653846 0.11056134375 0.5885185192307693 0.1545717596153846 0.6005092596153846 0.17129629567307691 0.65428240625 0.1474537043269231 0.6687152788461539 0.13443287019230768 0.6803009254807691 0.11215277884615384 0.6796643509615384 0.08096064903846155 0.6629398149038461 0.06597222115384616 0.6290277788461538 0.051620370192307696 0.6024652788461539 0.05260416586538462 0.5959837956730769 0.06064814903846154
1 0.66125 0.22835648076923076 0.6639120360576923 0.2438657403846154 0.6812384254807693 0.2385416658653846 0.692546295673077 0.22563657451923075 0.6913541658653847 0.21319444471153848 0.6760532403846155 0.20283564903846155 0.6463194447115386 0.20549768509615385 0.66125 0.22835648076923076
2 0.1295717596153846 0.7365740745192307 0.10153935096153846 0.7344907403846155 0.0856828701923077 0.7428819447115385 0.06572916586538462 0.7842013894230769 0.06986111057692307 0.8027777788461539 0.09164351923076922 0.80509259375 0.1063078701923077 0.7842592596153846 0.12855324038461538 0.7709490745192308 0.1295717596153846 0.7365740745192307
2 0.14158564903846155 0.6471643509615385 0.13740740625 0.6301504639423077 0.14899305528846155 0.6078703701923077 0.13189814903846153 0.6053819447115385 0.12550925961538462 0.6103009254807692 0.12178240625 0.6307291658653846 0.10394675961538462 0.6532407403846154 0.10518518509615384 0.6641203701923076 0.12228009375 0.666608795673077 0.14158564903846155 0.6471643509615385
2 0.28827067067307693 0.5388851850961538 0.2815003125 0.5286021995192308 0.2872916658653846 0.5231481490384615 0.2743819326923077 0.5115754639423077 0.27075231490384616 0.5019097211538461 0.25825231490384615 0.5023726850961538 0.2549421298076923 0.5087384254807692 0.26968749999999997 0.5378472211538461 0.2771209495192308 0.5464527788461538 0.28736174759615385 0.5452774879807692 0.28827067067307693 0.5388851850961538
0 0.660590278846154 0.7247106490384615 0.6356365745192308 0.7240740745192308 0.624328704326923 0.7369791658653846 0.6594328701923077 0.7637731490384615 0.6706481490384615 0.7539930552884615 0.6678935192307692 0.7416087956730769 0.6821875000000001 0.7332754639423077 0.6823263894230769 0.7285879639423077 0.660590278846154 0.7247106490384615
0 0.26809027884615383 0.2756944447115385 0.26942129567307693 0.2834490745192308 0.27695601923076923 0.29253472115384616 0.3064583341346154 0.2976851850961538 0.3209837956730769 0.2815393509615384 0.3042129639423077 0.2681134254807692 0.2760416658653846 0.27071759375000004 0.26809027884615383 0.2756944447115385
0 0.1358796298076923 0.2603009254807692 0.16271990625 0.24994212980769231 0.16304398076923077 0.23900462980769233 0.1167245360576923 0.22199074038461536 0.09420138942307693 0.24467592548076922 0.12030092548076922 0.25931712980769234 0.1358796298076923 0.2603009254807692
2 0.40194444471153845 0.3409722211538462 0.40038194471153843 0.34103009375 0.3989120360576923 0.3379629639423077 0.3991435192307692 0.3301504639423077 0.37883101923076923 0.3309027788461538 0.3755671298076923 0.33570601923076926 0.3754745360576923 0.3388310192307692 0.3769907403846154 0.3403356490384616 0.3766666658653846 0.3512731490384615 0.3781828701923077 0.35277777884615386 0.37799768509615383 0.3590277788461539 0.38103009375 0.3620370360576923 0.38728009375 0.36180555528846153 0.388888889423077 0.3601851850961539 0.3906365745192308 0.35387731490384616 0.4018518509615384 0.3440972211538461 0.40194444471153845 0.3409722211538462
2 0.09974537019230768 0.32094907451923077 0.09988425961538461 0.3162615745192308 0.10149305528846155 0.31464120432692305 0.10190972115384615 0.3005787043269231 0.10034722115384616 0.30063657451923076 0.09276620432692308 0.29311342548076924 0.0795370360576923 0.26550925961538463 0.06864583413461539 0.26435185096153846 0.06666666586538461 0.2784722211538461 0.0650578701923077 0.28009259375 0.06657407451923077 0.2815972211538461 0.06643518509615384 0.2862847211538461 0.07240740625 0.2954282403846154 0.07203703605769231 0.3079282403846154 0.07493055528846154 0.31562500000000004 0.07796296394230769 0.3186342596153846 0.07938657451923076 0.32326388942307693 0.08094907451923078 0.3232060192307692 0.08545138942307692 0.32928240625 0.09013888942307692 0.3291087956730769 0.09335648076923077 0.3258680552884616 0.09809027884615386 0.32413194471153844 0.09974537019230768 0.32094907451923077
3 0.3478703701923077 0.4803240745192308 0.26137731490384614 0.5022569447115385 0.2580208341346154 0.5101851850961538 0.26831018509615384 0.53165509375 0.28228009374999996 0.5342592596153847 0.3029629639423077 0.5210069447115384 0.3660185192307692 0.49994212980769226 0.3662037043269231 0.4936921298076923 0.3478703701923077 0.4803240745192308