3 0.3401275721153846 0.4146985625 0.34685630528846156 0.37498895673076926 0.35947407451923075 0.3686928942307693 0.3608026947115385 0.35468794951923077 0.3375890841346154 0.34229426201923074 0.3097266778846154 0.3366675769230769 0.2921424591346154 0.3512426826923077 0.26826316826923075 0.38810177163461534 0.25108223557692305 0.4314799591346154 0.2391550360576923 0.5112957620192308 0.23733474759615386 0.5506831177884616 0.2703072427884615 0.5703890913461538 0.2763702956730769 0.5799322644230769 0.2914712908653846 0.5694966802884616 0.3188689254807692 0.43908333173076924 0.3312056394230769 0.4187637379807692 0.3401275721153846 0.4146985625
1 0.69996340625 0.7295732355769231 0.7126668125000001 0.7535922932692307 0.7346678100961538 0.7640773461538461 0.7519343774038462 0.75101428125 0.75981771875 0.7211701009615384 0.7359107956730769 0.71975728125 0.7051038725961539 0.6974238269230769 0.69996340625 0.7295732355769231
3 0.4638469399038462 0.47864997836538464 0.4578998966346154 0.4531932235576923 0.36207056730769227 0.4331404038461538 0.34168546875 0.4533670673076923 0.30498127403846154 0.6511219014423077 0.31430650000000004 0.6758598076923078 0.34078228125000004 0.7034482283653846 0.38337002403846154 0.7081081586538461 0.4366419855769231 0.6772723461538461 0.4439480216346154 0.642495454326923 0.4355757596153846 0.6132214326923078 0.4638469399038462 0.47864997836538464
1 0.2719507740384616 0.63937271875 0.281334 0.6561538341346154 0.29784925240384613 0.6620284254807692 0.30134344230769233 0.645396 0.2902283076923077 0.6138167475961539 0.27645593028846155 0.6102473846153846 0.2705945216346154 0.6151057524038461 0.2719507740384616 0.63937271875
1 0.33321659615384613 0.7317803701923077 0.32666187740384617 0.7476196057692307 0.3322912668269231 0.7745883966346153 0.34600563701923076 0.7861145480769232 0.36136628125 0.7821237163461539 0.37525466826923076 0.7697794975961538 0.38308 0.7478921057692307 0.3475082692307693 0.7482392355769231 0.33321659615384613 0.7317803701923077
3 0.6110119350961538 0.5231679206730769 0.6312837716346155 0.4343542259615385 0.6338830048076923 0.414301125 0.6284552596153846 0.401733875 0.572470798076923 0.38403575240384613 0.55436728125 0.3857213557692308 0.5358881009615385 0.3968757860576923 0.51443403125 0.4375521466346154 0.5108818341346154 0.46214136298076924 0.5117187884615384 0.47351882692307695 0.5287533365384616 0.4922829206730769 0.5268750456730769 0.5396270625 0.5112823798076923 0.5754450552884616 0.49023434375 0.5604238870192307 0.4955460793269231 0.5889047187500001 0.5279689014423077 0.641949889423077 0.5420009278846154 0.6519640024038461 0.5604221009615384 0.648766360576923 0.6011923004807692 0.6083130336538461 0.608064673076923 0.5909617596153847 0.6110119350961538 0.5231679206730769
1 0.5114812836538462 0.6743472067307692 0.49629465144230767 0.654467670673077 0.4905768846153846 0.6816843701923077 0.49805418990384615 0.70753771875 0.5157820528846154 0.7153209447115384 0.5351561850961539 0.7075871874999999 0.5438764759615384 0.6891204687499999 0.5424042163461539 0.6807670841346154 0.5368604639423077 0.6841134134615385 0.5114812836538462 0.6743472067307692
2 0.4074370456730769 0.22487564423076922 0.4153480144230769 0.23330337259615386 0.44052555048076925 0.2286680360576923 0.45588893990384616 0.14017659375 0.45072084375000004 0.13405409375 0.4347828966346154 0.1331122139423077 0.41662137259615384 0.14275460576923077 0.4074370456730769 0.22487564423076922
3 0.8333946298076923 0.47079128365384615 0.7938674158653847 0.46692454567307695 0.7382862427884616 0.4780295072115385 0.7286433629807691 0.45480363942307694 0.7203567355769231 0.45584473798076924 0.711376795673077 0.4678667043269231 0.6971403846153846 0.5279516634615384 0.6930385144230768 0.5858800793269231 0.7054795288461538 0.6879549951923077 0.7203485072115385 0.7093465721153845 0.7549092716346154 0.7214923533653846 0.8209730192307692 0.660490108173077 0.8512081274038461 0.5088896322115384 0.8492745721153846 0.4796899519230769 0.8333946298076923 0.47079128365384615
2 0.5213146346153846 0.16669904086538462 0.515569235576923 0.15564382692307693 0.49166231490384615 0.15423100721153846 0.46916690624999996 0.25362897596153844 0.5049982836538461 0.2597265985576923 0.5213146346153846 0.16669904086538462
2 0.6258311394230769 0.2990144519230769 0.6552238076923077 0.3050377331730769 0.6624138365384616 0.2861744206730769 0.6700098942307692 0.21161357692307695 0.64948115625 0.20948191105769232 0.6411365216346153 0.21847980048076923 0.6387389326923076 0.2529344399038461 0.6258311394230769 0.2990144519230769
2 0.5934359447115385 0.28424118990384617 0.6026782764423078 0.1941633653846154 0.5818318846153846 0.1935437355769231 0.5624550048076923 0.28577810576923074 0.5789702572115385 0.2916526971153846 0.5934359447115385 0.28424118990384617