2 0.769450045673077 0.23097301923076924 0.7710778677884615 0.20125367067307692 0.7578796850961538 0.14446566586538462 0.6973868725961538 0.12530965384615383 0.6769800048076923 0.12428976442307692 0.6839235721153846 0.15763042067307692 0.6811998413461539 0.18488629567307693 0.7257082596153845 0.18688666346153845 0.7364714663461539 0.19543492307692306 0.7525892620192308 0.24105354326923076 0.7645969759615384 0.24092544951923076 0.769450045673077 0.23097301923076924
2 0.6867418629807692 0.1848271754807692 0.6729729254807691 0.18621163701923077 0.6670239471153846 0.19370059375 0.6767148870192308 0.21339853605769232 0.6776858389423077 0.24061499759615385 0.689114358173077 0.24544341105769232 0.6954702908653847 0.23052462019230768 0.6963230432692308 0.18967529807692307 0.6867418629807692 0.1848271754807692
2 0.7318480360576923 0.43433768269230766 0.711307766826923 0.4048548173076923 0.705507389423077 0.4012039447115385 0.6510108341346155 0.4017852908653846 0.6567487331730769 0.4178126514423077 0.6569446129807692 0.4338991370192308 0.6938914278846154 0.43350500480769233 0.7223377716346153 0.47032903125000003 0.7298132572115384 0.47148686778846155 0.7349246826923077 0.4652444278846154 0.7318480360576923 0.43433768269230766
2 0.6875439350961539 0.5016397596153847 0.6885925649038461 0.4768769230769231 0.6796294158653846 0.4410826442307692 0.6237785961538461 0.43549052163461544 0.6159822764423077 0.4429991850961539 0.6157711995192308 0.46651550480769227 0.6610310480769231 0.4660326923076923 0.6680134567307692 0.47338370432692306 0.6754501009615385 0.5005311899038462 0.6813365985576922 0.5054187259615385 0.6875439350961539 0.5016397596153847
2 0.6102376153846154 0.5197905841346153 0.6127739110576923 0.5296641899038461 0.6092751057692307 0.5457900865384615 0.6180187355769231 0.5518847283653846 0.6534626875 0.5564569567307692 0.6845702836538461 0.5784016009615385 0.6903470264423077 0.5684393197115385 0.6829965 0.5425284975961538 0.6644994543269231 0.5291124038461539 0.6102376153846154 0.5197905841346153
2 0.6441955817307693 0.6357610985576923 0.6449233774038461 0.6196647644230769 0.636108829326923 0.57273065625 0.5859722692307693 0.5695527427884616 0.5843832836538462 0.5732824399038461 0.5896905889423076 0.583126485576923 0.584688920673077 0.6042187451923077 0.6209704254807692 0.6075444567307693 0.6281250697115385 0.6173687956730769 0.6334560144230769 0.6408259951923078 0.6441955817307693 0.6357610985576923
2 0.6569158918269231 0.6591394735576923 0.6560547019230769 0.6467728365384615 0.6499098461538462 0.6381753076923077 0.6406731418269231 0.638273841346154 0.6233192812499999 0.6545475384615386 0.60005528125 0.6523205456730768 0.599413608173077 0.6696535432692308 0.5917895264423076 0.6796355360576923 0.6354603942307692 0.6828824206730769 0.6486264975961539 0.6728413100961539 0.6569158918269231 0.6591394735576923
2 0.666529153846154 0.7308167139423076 0.6627247115384616 0.7160063100961539 0.6539810817307692 0.7099116682692308 0.6272807596153847 0.711434079326923 0.60461959375 0.7178637331730768 0.6102713750000001 0.7326544326923077 0.6074378870192307 0.7450604831730769 0.6324631057692307 0.7460311081730769 0.6537311658653846 0.7594176394230769 0.6540520024038461 0.7507511370192308 0.666529153846154 0.7308167139423076
2 0.8838247379807692 0.5725632980769231 0.8891556826923076 0.5960204975961538 0.8869250240384615 0.6170831971153846 0.911864125 0.6168171586538461 0.9588615600961539 0.6014648197115384 0.963542389423077 0.5890390600961538 0.9333736634615384 0.5274817572115384 0.9155419302884616 0.5103458221153846 0.8952211778846154 0.5105625961538461 0.8894444399038461 0.5205248822115385 0.8946031466346154 0.5415087524038461 0.8854150745192307 0.5502698461538462 0.8666583149038461 0.5517075168269231 0.8577897283653846 0.5703658605769231 0.8600676634615384 0.5765294759615385 0.8838247379807692 0.5725632980769231
3 0.4254917331730769 0.17647582932692307 0.47698256009615386 0.18582720673076925 0.5112681250000001 0.20031245673076922 0.5214284975961538 0.20020406971153845 0.5232521995192307 0.1865712091346154 0.519792235576923 0.1767074567307692 0.5033147668269231 0.1657449855769231 0.5111735649038461 0.14585983173076922 0.5255453341346153 0.15313201682692307 0.5287233028846153 0.1456726201923077 0.5201671129807692 0.10244850480769231 0.5182488509615385 0.06162874038461538 0.5152194831730769 0.057948307692307695 0.48641346153846154 0.055780432692307695 0.41352961778846153 0.05779550961538461 0.3741562668269231 0.06316585576923077 0.3390804302884615 0.0771534375 0.3312841105769231 0.08466210096153846 0.3327481346153846 0.10568538701923078 0.3525369711538462 0.13765143509615385 0.3523883725961538 0.1487912644230769 0.4254917331730769 0.17647582932692307
3 0.35331708173076926 0.58688559375 0.3511489038461538 0.5955718028846154 0.3552741802884615 0.6017157067307692 0.35622149038461537 0.6153190096153847 0.3674152956730769 0.6300505913461538 0.3824523798076923 0.6336029278846154 0.43576690625 0.6293214471153846 0.4970736298076923 0.6336177836538461 0.5294645745192308 0.6208964254807692 0.5431862331730769 0.5922856514423077 0.5438042644230769 0.5613394903846154 0.517855375 0.5603787211538461 0.5120938341346154 0.5307381995192307 0.5149036850961538 0.5047189903846154 0.46962019471153843 0.4915886466346154 0.4594598197115385 0.49169703124999997 0.4521802163461538 0.5066256802884616 0.4419706153846154 0.5104473389423076 0.3720556081730769 0.49757975240384616 0.3717347716346154 0.5062462548076924 0.33747284615384615 0.5053741634615384 0.32703891346153846 0.5413753629807693 0.3422482355769231 0.5474010288461538 0.3631093389423077 0.5682173966346153 0.3629607427884615 0.5793572235576924 0.35331708173076926 0.58688559375
3 0.5048496682692307 0.9045654206730769 0.5465870745192307 0.9065953509615384 0.5517846201923077 0.9015895745192307 0.5583043533653846 0.8359281466346153 0.5549457091346154 0.7876982548076923 0.5469923509615385 0.7531307836538462 0.5378181274038462 0.7408528245192307 0.52067534375 0.7336102019230769 0.48011996634615384 0.7352804110576923 0.4639244951923077 0.7416410889423077 0.43526706971153845 0.7283333870192308 0.4300458846153846 0.7197260048076923 0.4127308653846154 0.7100100528846155 0.3961909182692308 0.711424076923077 0.3865472572115385 0.7189524471153846 0.3662265096153846 0.7191692211538462 0.3445126538461538 0.739202173076923 0.3392526274038462 0.7565844423076923 0.33894023076923074 0.8184669014423077 0.33200510096153846 0.8383422067307692 0.3582359903846154 0.8566261274038461 0.3618057115384615 0.8813396971153846 0.5048496682692307 0.9045654206730769
3 0.3513735024038462 0.38641794951923075 0.34426613701923076 0.4038199230769231 0.36108808173076923 0.4197290480769231 0.42143229326923076 0.4500248846153846 0.4304967596153846 0.44745302403846154 0.42845354326923074 0.43138624759615385 0.35489594711538464 0.3839052067307692 0.3513735024038462 0.38641794951923075
3 0.46145575961538465 0.4805374975961539 0.4743010288461538 0.47916288942307694 0.48383492788461535 0.4567846971153846 0.4764607644230769 0.4172607211538461 0.46939223798076923 0.40867304567307694 0.4657836754807692 0.40994912259615385 0.4639599735576923 0.42358198798076924 0.46842972836538466 0.43467254807692307 0.46617543028846153 0.4421220913461538 0.45719708413461535 0.44593061538461537 0.45485666826923077 0.4521434927884615 0.4562345745192308 0.4719301177884615 0.46145575961538465 0.4805374975961539
3 0.40878290624999997 0.46748598076923076 0.39920172596153847 0.4626378581730769 0.3872801298076923 0.4640026153846154 0.37937405288461534 0.45666145673076924 0.3524153701923077 0.45447387499999997 0.3634369375 0.4667321298076923 0.39662659375000003 0.4787539038461538 0.4166889831730769 0.47482713701923074 0.42347551442307696 0.4660916634615385 0.419178 0.45747442788461534 0.41600003125 0.46493382692307694 0.40878290624999997 0.46748598076923076
3 0.8425432860576922 0.05940689423076923 0.8508563221153846 0.05931821394230769 0.8701048028846153 0.070251125 0.8841557355769231 0.08618980769230769 0.9058307499999999 0.09214650240384616 0.9081948076923076 0.09954677884615384 0.9193649711538462 0.10066520192307693 0.9273571658653845 0.10924302403846155 0.9473570793269231 0.11769275240384616 0.9534158149038461 0.12505361538461537 0.9582300456730769 0.14109083173076925 0.9705585985576923 0.13229624038461538 0.9653293557692308 0.057204701923076924 0.7473957163461539 0.044290115384615386 0.7485636201923077 0.050508766826923075 0.7682426971153846 0.06762499519230769 0.783350701923077 0.11201680048076924 0.7906539447115384 0.11070131250000001 0.82031271875 0.07201986538461538 0.8425432860576922 0.05940689423076923