2 0.7260254807692307 0.7704784326923076 0.7549831514423077 0.7747207596153847 0.8125934350961538 0.7664745432692308 0.8398535745192308 0.7075014639423076 0.8437051875 0.6871292956730769 0.8099942187500001 0.6911633605769231 0.7836087860576922 0.6860385360576923 0.7754282548076923 0.7304909495192308 0.7655304759615384 0.7405323413461539 0.7184810048076924 0.7526869783653846 0.7169297764423077 0.7647382307692308 0.7260254807692307 0.7704784326923076
2 0.7828928341346154 0.6916006514423076 0.7834562596153846 0.6776730985576923 0.7769327932692308 0.6710504014423078 0.7562355480769232 0.6790374086538461 0.7293728149038461 0.6776206610576924 0.7230350817307692 0.6886558533653846 0.7367979663461538 0.6963391322115384 0.7767937524038462 0.7007818052884616 0.7828928341346154 0.6916006514423076
2 0.53156871875 0.7149146346153846 0.5633901971153846 0.6969084951923077 0.5677855216346154 0.6914131586538462 0.57482571875 0.6367190072115385 0.5582851490384615 0.6410647211538462 0.5424605288461538 0.6398483149038461 0.5376875168269231 0.67692909375 0.49755268990384616 0.702217829326923 0.49537162980769234 0.7096117259615385 0.5007879639423077 0.7152851442307693 0.53156871875 0.7149146346153846
2 0.4716642740384615 0.6645805384615385 0.49583543990384615 0.6678068076923077 0.5322379783653847 0.6619632211538462 0.5455297860576923 0.6064533533653846 0.5392449711538462 0.5979766129807692 0.5161809326923077 0.5956996274038462 0.5103339927884616 0.6411235841346153 0.5021399735576924 0.6474791562500001 0.47444195913461534 0.6525515456730768 0.4688201778846154 0.6580246225961539 0.4716642740384615 0.6645805384615385
2 0.4646365288461538 0.5854722355769231 0.45458621875 0.5871481923076923 0.4392389038461539 0.5822237091346154 0.43203268990384613 0.5904555817307693 0.4225924951923077 0.62559328125 0.3966978557692308 0.6548572163461538 0.40567423557692306 0.6615244399038461 0.43214578846153845 0.6564297884615384 0.4479040024038462 0.6390612836538462 0.4646365288461538 0.5854722355769231
2 0.34600844230769234 0.6093363028846154 0.3617137355769231 0.6114797283653846 0.4090350600961538 0.6067635072115385 0.41915800000000003 0.5567712355769231 0.41571728125 0.5548504158653846 0.40530899759615385 0.5593074278846154 0.38529450240384616 0.5524398677884615 0.3769614399038461 0.5885268461538462 0.3663145048076923 0.5948378966346154 0.3425345168269231 0.5981230288461539 0.34600844230769234 0.6093363028846154
2 0.3212738509615385 0.6200375889423076 0.33353842307692305 0.6202601947115384 0.34283957451923075 0.6148538990384615 0.3440328293269231 0.6055837043269231 0.33047539423076927 0.5867539302884615 0.33591143990384614 0.5636229615384616 0.3189796899038461 0.5614572764423077 0.3102419615384615 0.5529360192307693 0.3009542956730769 0.5964391538461539 0.30897607451923076 0.61052253125 0.3212738509615385 0.6200375889423076
2 0.24954270913461538 0.6233815841346153 0.2646181682692308 0.6208676514423076 0.2718243846153846 0.6126357764423077 0.27405835817307694 0.5857299519230769 0.2709092091346154 0.5624431586538461 0.2555950961538462 0.5668111322115384 0.2438078269230769 0.5628804519230769 0.2393595841346154 0.58788771875 0.2232433966346154 0.6080372836538461 0.23170927163461538 0.609120125 0.24954270913461538 0.6233815841346153
2 0.3746029519230769 0.8551602091346153 0.35082296394230766 0.8584453389423078 0.33045049278846156 0.8543588341346153 0.3272287091346154 0.879388360576923 0.3357412764423077 0.9278605 0.3472898942307693 0.9336452211538462 0.4119538677884615 0.9088016947115385 0.43127212259615383 0.8924269903846154 0.43389728125000004 0.8720325600961538 0.42492089903846153 0.8653653413461538 0.4035938269230769 0.8686949951923076 0.39627347596153845 0.858712764423077 0.3974812548076923 0.8397793052884615 0.3803969735576923 0.8292481850961538 0.3740260384615385 0.830990920673077 0.3746029519230769 0.8551602091346153
3 0.8275806995192307 0.43038149759615385 0.8112061466346153 0.4811894879807692 0.7921929471153846 0.5142950649038461 0.7908803677884616 0.5244922788461538 0.8040134206730769 0.527518201923077 0.8141830528846155 0.5249152259615385 0.827249704326923 0.5093562403846155 0.8456797644230769 0.5189826009615385 0.836531139423077 0.532754329326923 0.8434125817307693 0.53659596875 0.8870545360576922 0.53181296875 0.927408298076923 0.5334745817307692 0.9314456442307691 0.5307603028846154 0.9375976466346153 0.5020672187499999 0.9457978918269231 0.4288104182692308 0.9460230528846154 0.3888595384615385 0.9371857139423077 0.3524609158653846 0.9309008990384615 0.34398417548076926 0.9100511250000001 0.34360575 0.8758960576923077 0.36064035096153846 0.864977266826923 0.35951298557692307 0.8275806995192307 0.43038149759615385
3 0.43462982932692307 0.3219681778846154 0.4264026057692308 0.3190312956730769 0.41979301682692305 0.32262807211538463 0.4063019879807692 0.3223832091346154 0.39027192307692304 0.3323132980769231 0.38468334615384614 0.3470788293269231 0.3814418461538462 0.4009127427884615 0.36866054326923076 0.4620069855769231 0.37662940384615384 0.49560229086538465 0.40280938701923075 0.5118736129807693 0.43311284375000003 0.5152111802884616 0.4376804110576923 0.4892768942307692 0.4675926850961538 0.4861030673076923 0.4927516586538462 0.49120563221153846 0.5119703052884615 0.4469535625 0.5132828846153846 0.4367563461538462 0.4996393245192308 0.4281460480769231 0.4973122668269231 0.4175733533653846 0.5197129639423077 0.34860045432692305 0.5112470889423076 0.3475176129807692 0.5168885841346154 0.3132401514423077 0.4829918798076923 0.29961632451923076 0.47495038701923076 0.3143373365384615 0.45159478365384614 0.33342631971153847 0.44067599278846153 0.3322989543269231 0.43462982932692307 0.3219681778846154
3 0.1014983221153846 0.4460077235576923 0.09367576682692308 0.48767907932692306 0.09786564182692309 0.49333023557692307 0.16143596875000002 0.5056342716346154 0.2092678004807692 0.5065024278846153 0.24432455528846153 0.5015636009615384 0.25766305528846156 0.49344303125 0.2671696538461539 0.4768902427884615 0.27119351201923075 0.436079125 0.26720908173076924 0.41928147355769235 0.28427987259615384 0.39171575000000003 0.2934616995192308 0.3872364783653846 0.3054212139423077 0.3707282091346154 0.3063426129807692 0.3540195985576923 0.3002964471153846 0.3436888221153846 0.3029216057692308 0.3232943942307692 0.2862814278846154 0.29976274038461537 0.2699463028846154 0.29296195673076925 0.20922006971153848 0.2872138389423077 0.19067068269230772 0.2785144951923077 0.16905203846153846 0.3032101177884615 0.1442842451923077 0.3046189471153846 0.1014983221153846 0.4460077235576923
3 0.6317646682692307 0.33762561778846156 0.6156681923076923 0.3289707980769231 0.59769571875 0.3444407451923077 0.5595167908653846 0.40228646153846154 0.5607764519230769 0.41160117548076924 0.5768397211538462 0.4109635408653846 0.6337402788461539 0.34137821634615384 0.6317646682692307 0.33762561778846156
3 0.5239630216346154 0.43973775 0.5235189254807693 0.45273828365384616 0.5441632524038462 0.46426320432692303 0.5840065072115385 0.46034043990384615 0.593426983173077 0.45400712740384613 0.592677829326923 0.45027678846153846 0.5795447740384615 0.4472508629807692 0.568029358173077 0.45075859855769235 0.5610285937499999 0.44784397836538464 0.5585424759615385 0.43850700240384616 0.5527681634615385 0.43561464182692305 0.5331448485576923 0.43525847355769226 0.5239630216346154 0.43973775
3 0.5441362716346154 0.3880695216346154 0.5502353557692308 0.3788883677884615 0.5505601250000001 0.36681485576923073 0.5588734735576923 0.3595322620192307 0.5647868197115384 0.33269321634615384 0.5512096706730769 0.3426678293269231 0.5347687091346154 0.3748909038461538 0.535822923076923 0.3953521177884615 0.5434535240384615 0.40292409615384617 0.5525160264423077 0.3993718389423077 0.5456345817307692 0.39553019951923074 0.5441362716346154 0.3880695216346154
3 0.8866052524038461 0.7836140192307692 0.8409015649038462 0.7948639014423077 0.8411734182692308 0.8023023149038462 0.8750172043269231 0.8354380721153846 0.8842986418269232 0.8588361610576923 0.8832247139423077 0.8671793365384615 0.86980009375 0.8855193846153846 0.85218559375 0.8982082716346155 0.8433088245192307 0.9194184182692309 0.8357114302884615 0.9211388942307692 0.8330530697115385 0.9322408677884616 0.8235132668269232 0.9395011995192307 0.8147965865384615 0.9546785865384616 0.9069982836538462 0.9498977572115385 0.9273501947115383 0.7917870312499999 0.9219338605769232 0.7861136105769231 0.9287820985576923 0.780662795673077 0.9298228245192307 0.7630271658653847 0.9061621610576923 0.7653852764423077 0.8866052524038461 0.7836140192307692