1 0.12633178846153845 0.6713100480769231 0.12225597596153846 0.6786479591346153 0.12523823317307692 0.7008295312499999 0.12865898557692307 0.7167830240384615 0.13707071153846154 0.7244346634615385 0.1483725985576923 0.7226409302884615 0.16095378846153846 0.7130856129807692 0.16917315625 0.6959764158653846 0.17300438942307692 0.6781314302884615 0.12633178846153845 0.6713100480769231
1 0.26523096875 0.6845858293269231 0.25001731730769233 0.6823052572115385 0.24621394471153846 0.6727750504807692 0.24236975 0.6865586225961539 0.24726883653846154 0.7140716201923076 0.26320766346153845 0.73184203125 0.2765627235576923 0.7271309375 0.2976061778846154 0.6948526923076923 0.2986233269230769 0.679142264423077 0.29356758894230767 0.6842979543269231 0.2816736418269231 0.6865834495192308 0.26523096875 0.6845858293269231
1 0.4778085384615384 0.7406389783653846 0.4825658341346154 0.7336308725961539 0.48137274519230766 0.7206746298076923 0.4764862379807692 0.7121639687500001 0.4736654831730769 0.7197382764423076 0.46347706009615386 0.7302398173076923 0.44769252403846155 0.72667225 0.4415921995192308 0.7239518701923077 0.4356995360576923 0.7139999975961538 0.4346048701923077 0.6991588004807692 0.4245948653846154 0.7121932884615384 0.4267058822115385 0.7248652019230769 0.42667948798076927 0.7567817620192308 0.43850567548076924 0.7708857283653846 0.44929584375 0.772196625 0.46204211538461537 0.766762375 0.4675248341346154 0.756993858173077 0.4739603798076923 0.74610921875 0.4778085384615384 0.7406389783653846
1 0.668112173076923 0.7234424158653846 0.6651679350961538 0.7214348173076923 0.6523376826923077 0.7280654158653845 0.6351372932692307 0.7266106850961538 0.6208705216346153 0.7219908774038462 0.6204840600961539 0.7105798629807693 0.6122713653846155 0.7222493076923077 0.6137106057692308 0.7376137211538462 0.6122902355769231 0.7507528052884616 0.6223253990384615 0.775722983173077 0.6342797235576924 0.7777168365384616 0.6446733173076923 0.773687829326923 0.6566340721153847 0.7632796899038462 0.6690555360576924 0.7402318149038462 0.6743183966346155 0.7235361322115386 0.668112173076923 0.7234424158653846
1 0.7952979302884615 0.7489836322115385 0.7899059903846154 0.7530787668269231 0.7878716874999999 0.7844996274038463 0.7961032499999999 0.8013336826923076 0.8112619158653847 0.8047587115384616 0.8235872427884616 0.7967557115384616 0.8394883293269231 0.7575191225961538 0.8266449903846154 0.7591255865384615 0.7991023245192307 0.7561800288461539 0.7952979302884615 0.7489836322115385
2 0.8673291995192307 0.22412876682692306 0.8752734519230769 0.19500930288461538 0.8364749903846154 0.18237868028846152 0.83108934375 0.19597498076923078 0.8444695624999999 0.22926855048076922 0.8673291995192307 0.22412876682692306
2 0.18704323798076924 0.15414806971153847 0.18910899278846155 0.17023304086538463 0.19784598557692307 0.17446130048076924 0.21812814903846153 0.15634117548076926 0.218621 0.12473304086538461 0.20884798557692308 0.10771171634615384 0.18804152163461538 0.10993413942307692 0.18704323798076924 0.15414806971153847
2 0.6794712524038461 0.11421889182692307 0.6789658221153847 0.12682468990384616 0.688732545673077 0.13434485096153848 0.6967145408653846 0.16223238942307694 0.7075047067307693 0.1635432860576923 0.7247102548076924 0.15454978365384614 0.7383085961538461 0.12928404086538461 0.6953974975961539 0.11298697115384616 0.6794712524038461 0.11421889182692307
2 0.7676150624999999 0.1613456875 0.7830295865384616 0.1632183966346154 0.7943126057692307 0.1329211610576923 0.7937820144230769 0.10752229326923077 0.7675773221153845 0.1043386875 0.76606103125 0.1421560841346154 0.7676150624999999 0.1613456875
2 0.3757988317307692 0.06782534615384615 0.37222307451923076 0.09905893509615385 0.3766041514423077 0.12017539903846154 0.3917628149038462 0.12360042307692308 0.40587287740384614 0.09523004807692306 0.4181982067307692 0.08722704807692307 0.4228099855769231 0.06878652644230769 0.40482427644230773 0.06343464423076924 0.3757988317307692 0.06782534615384615
2 0.5841444807692308 0.0820534423076923 0.5921201850961538 0.10043981490384615 0.6062491177884616 0.10057293749999999 0.6157285336538462 0.06213957932692308 0.6105861658653846 0.055181233173076924 0.5951716394230769 0.053308524038461536 0.5864409375 0.05858143269230769 0.5841444807692308 0.0820534423076923
2 0.9400333245192307 0.23137818509615385 0.9469415576923077 0.18946565384615385 0.9202251442307693 0.18938668028846153 0.913834923076923 0.23769574519230768 0.9323323533653846 0.23994299759615384 0.9400333245192307 0.23137818509615385
2 0.5073214278846154 0.06163641346153846 0.5196656298076923 0.08213691346153847 0.5512622596153846 0.08122538461538462 0.5540767235576923 0.06414990865384615 0.5273477331730769 0.04506860096153846 0.5183548774038461 0.04239266105769231 0.5096241730769231 0.04766556730769231 0.5073214278846154 0.06163641346153846
2 0.3282948245192308 0.09847229567307693 0.33600837740384615 0.10890981730769231 0.34371563701923075 0.10984617307692307 0.3480778461538462 0.10245913461538461 0.35652753125 0.060733875 0.3498374206730769 0.044087088942307694 0.3272336442307692 0.04767456009615385 0.3282948245192308 0.09847229567307693
2 0.2951756105769231 0.12770005528846154 0.2725655456730769 0.12178635817307693 0.25150322355769233 0.12556110096153847 0.24638601201923077 0.15660741826923077 0.2725969951923077 0.1692921923076923 0.2951756105769231 0.12770005528846154
3 0.14842089423076923 0.40755011057692303 0.13509728365384616 0.4597670432692308 0.12922507211538461 0.5144726418269231 0.1471919110576923 0.4913210264423077 0.17184886057692308 0.4848161947115385 0.20936801923076923 0.5052083990384616 0.21604555048076923 0.5028528509615385 0.23244577884615386 0.4415092980769231 0.23294491826923075 0.41940233173076924 0.14842089423076923 0.40755011057692303
3 0.2096679110576923 0.5701642475961538 0.21248237259615385 0.5530887740384616 0.19397865384615384 0.5413403557692308 0.15929283173076922 0.5323761754807692 0.14543862740384614 0.5591942379807693 0.11822936298076922 0.5907233942307692 0.11823565384615384 0.6002245600961539 0.14213760096153846 0.6173790120192308 0.16267562500000002 0.5977065673076922 0.17012702644230768 0.6001952403846154 0.1747639639423077 0.6197593870192308 0.20147408653846155 0.6103371947115385 0.2171256009615385 0.5821540889423077 0.2096679110576923 0.5701642475961538
3 0.8866088149038462 0.6318215528846154 0.8811917163461539 0.5979120216346154 0.8927243052884616 0.5565613028846154 0.8950018894230769 0.5045857908653846 0.8618575168269231 0.49580888221153846 0.8269346995192308 0.5169005192307693 0.8215301826923077 0.5019933221153846 0.8081688317307693 0.49720325240384616 0.7984146875 0.5086854230769231 0.7963740913461539 0.5306051177884615 0.7956316706730769 0.5732667307692307 0.8133615192307692 0.5801709302884616 0.8205696394230769 0.6032142524038462 0.8513861105769231 0.5879573365384615 0.8606348221153847 0.5890809639423077 0.8806862860576923 0.6105178197115385 0.8866088149038462 0.6318215528846154
3 0.8768798293269231 0.681308391826923 0.8645419182692307 0.6703090576923076 0.8555301947115385 0.6391296153846154 0.8473049206730768 0.6317967259615384 0.8331759903846153 0.6316636033653846 0.8131245288461538 0.6102267475961539 0.8015667812499999 0.6135727980769231 0.7815719278846154 0.6776464423076922 0.8049621538461539 0.6979055264423076 0.8141982884615384 0.6800268173076923 0.8298623846153846 0.6708460432692308 0.8383623870192308 0.7051301177884616 0.8458137884615385 0.7076187884615385 0.8722617620192307 0.6902477451923077 0.8768798293269231 0.681308391826923