1 0.0981095360576923 0.04029936057692308 0.08623492067307693 0.08668917067307692 0.09712041346153846 0.09719052884615385 0.13427214423076922 0.121820875 0.13900533653846153 0.13087117548076924 0.15216139903846154 0.12921373557692306 0.1553293221153846 0.09505151682692309 0.19768160817307695 0.057436824519230774 0.14190812740384615 0.03793517788461538 0.0981095360576923 0.04029936057692308
1 0.07667508173076923 0.37005671874999996 0.06711692788461539 0.38684386057692305 0.10216293990384616 0.4141511418269231 0.1495594375 0.42691665865384615 0.13798733653846154 0.4114929903846154 0.13427046394230768 0.38840127884615383 0.15111620432692308 0.36698579086538463 0.1409173221153846 0.3614067475961538 0.09922444951923078 0.36109399519230767 0.07667508173076923 0.37005671874999996
1 0.1934022355769231 0.6736890048076922 0.17579680288461536 0.664776295673077 0.16349220432692307 0.6618741874999999 0.13143056730769231 0.6701801802884616 0.11782582932692308 0.6828393317307693 0.11441997115384615 0.7010775264423077 0.1461060144230769 0.7291791322115385 0.17043138942307692 0.7365031947115385 0.2016415625 0.7327567548076923 0.21455968749999998 0.7151752908653847 0.2118132451923077 0.6954860408653847 0.1934022355769231 0.6736890048076922
3 0.31777041346153845 0.09369438461538461 0.32460932451923075 0.10006775240384616 0.3230253629807692 0.11714886057692307 0.3361355408653846 0.13293529086538464 0.35653330288461543 0.14409337980769232 0.38073971153846153 0.14345543028846153 0.4017051153846154 0.15157381971153847 0.40336215625 0.15989859374999998 0.45189393990384613 0.16658471153846152 0.46136032692307694 0.1846853173076923 0.4836989519230769 0.20264832692307694 0.5230022860576923 0.2071578653846154 0.5465220841346153 0.20159760576923078 0.5682658701923077 0.17975056250000002 0.5741802355769231 0.16527759134615383 0.5700146850961538 0.1531875889423077 0.5322953125000001 0.13159694471153846 0.4602896153846154 0.11302721153846154 0.4204186394230769 0.111557375 0.33262940625 0.08291784615384615 0.31777041346153845 0.09369438461538461
3 0.4988230745192308 0.25064556971153845 0.5709936225961538 0.2597334399038461 0.557599625 0.24546685817307695 0.5084271153846154 0.2164145552884615 0.47515711298076924 0.20539406009615385 0.4642257331730769 0.21233657692307692 0.41824834375 0.1919718125 0.4061085985576923 0.17958784375 0.32094684134615387 0.16267555288461538 0.2961727908653846 0.16635319951923078 0.30216023557692306 0.1772861153846154 0.3253503269230769 0.19068957692307692 0.4067034375 0.2193979014423077 0.48919183653846154 0.24202682692307692 0.4988230745192308 0.25064556971153845
3 0.49011469951923076 0.5294535673076923 0.5281637836538462 0.5320804927884615 0.5336294711538462 0.5286092307692308 0.54032221875 0.48417083173076925 0.5371729855769231 0.4580394182692308 0.5107877764423077 0.4359484182692308 0.5122068846153847 0.42834916826923075 0.48383493028846153 0.4168971153846154 0.41433774038461535 0.4020926081730769 0.3588021923076923 0.39851498557692305 0.2746567524038462 0.36756128605769234 0.23642412499999998 0.43470985096153847 0.23569162740384617 0.4472314134615385 0.35715365384615383 0.49333359615384614 0.42426130528846157 0.5123348894230769 0.49011469951923076 0.5294535673076923
3 0.47431079086538463 0.8462578052884615 0.5624025360576923 0.8130838533653846 0.5746340528846153 0.7905800769230769 0.558731548076923 0.7725482692307692 0.5621374038461538 0.7543100721153846 0.5284646129807692 0.7368474158653846 0.4188585096153846 0.7046490480769231 0.3977282524038461 0.7060125216346154 0.3644854447115385 0.7378417860576924 0.3198812740384615 0.7273216442307693 0.2760826826923077 0.729685829326923 0.2697196418269231 0.7551605096153846 0.2596397283653846 0.7575434759615385 0.2583395889423077 0.7731047379807693 0.3996317355769231 0.8334047067307692 0.47431079086538463 0.8462578052884615
2 0.9177522115384615 0.9825817259615385 0.9265047884615385 0.9529102596153846 0.8710151274038461 0.9318887644230769 0.8624732908653846 0.9346344951923077 0.8640844447115386 0.9604031442307692 0.9177522115384615 0.9825817259615385
2 0.8409504278846154 0.7661187884615385 0.8365469423076923 0.738104766826923 0.8103996706730769 0.7319377884615386 0.7862663461538462 0.7579816201923077 0.7912374711538461 0.7829559447115385 0.787428826923077 0.7947519783653847 0.815114173076923 0.80128171875 0.8409504278846154 0.7661187884615385
2 0.949642170673077 0.6140338052884615 0.9500908461538462 0.60303209375 0.91310396875 0.5689198870192308 0.8933928149038461 0.5626841105769231 0.8901059278846154 0.5888843197115384 0.9159234927884616 0.6140150216346154 0.9371727163461538 0.6206135576923076 0.949642170673077 0.6140338052884615
2 1 0.5293898052884616 0.9862636418269232 0.5211165889423077 0.9382995 0.5113907716346154 0.93444496875 0.5406306802884615 0.995684139423077 0.5566610673076923 1 0.5429440721153846 1 0.5293898052884616
2 1 0.3985270841346154 0.9703067427884615 0.41738526682692306 0.9734559759615385 0.44351668028846153 0.9815491394230769 0.45177265865384614 1 0.4544952956730769 1 0.3985270841346154
0 0.6936283149038461 0.17916896875 0.7021701538461538 0.17642323557692308 0.7059787980769231 0.16462720192307692 0.6566414375 0.1450567596153846 0.6490241442307692 0.16864882932692307 0.6936283149038461 0.17916896875
0 0.6706387788461539 0.3022767884615385 0.6480163317307692 0.28583362500000004 0.5856877596153847 0.25843876201923077 0.5702611274038462 0.27225500240384615 0.5695286298076924 0.2847765625 0.6706387788461539 0.3022767884615385