1 0.1531082596153846 0.24013350000000003 0.1570868076923077 0.2566703076923077 0.16556274278846153 0.2678279471153846 0.17479541346153848 0.27009469471153846 0.17929279567307693 0.26471552163461537 0.17758444951923075 0.22150603846153846 0.17284916586538462 0.21386012259615386 0.15911911057692307 0.2169725480769231 0.15386499278846152 0.23124261057692308 0.1531082596153846 0.24013350000000003
1 0.2003750673076923 0.41252502884615383 0.19739115384615386 0.4001224230769231 0.19464514423076923 0.4007449110576923 0.18716384615384613 0.3937214759615385 0.18616920673076923 0.38958727163461543 0.18342319711538463 0.39020975721153844 0.1809150889423077 0.4038573365384615 0.1838990048076923 0.41625994230769237 0.1886342908653846 0.4239058605769231 0.19237493990384616 0.4274175793269231 0.1978669591346154 0.4261726081730769 0.19762905528846153 0.4131475168269231 0.2003750673076923 0.41252502884615383
1 0.20757543269230772 0.45448954086538457 0.2016076081730769 0.4296843245192308 0.1961155841346154 0.4309292956730769 0.19436421394230768 0.4356859807692308 0.20108877403846154 0.4516003076923077 0.20757543269230772 0.45448954086538457
1 0.18683988942307692 0.47662871634615384 0.18059113461538462 0.48676457692307695 0.1798344014423077 0.4956554663461539 0.1828183125 0.5080580721153847 0.19503489423076925 0.5227274302884616 0.20426756490384615 0.5249941754807692 0.22074362980769233 0.5212592644230769 0.222495 0.5165025769230769 0.21553253605769232 0.4875631586538462 0.20056994471153844 0.4735162884615385 0.18683988942307692 0.47662871634615384
1 0.23737154326923077 0.6264817788461539 0.22288475240384614 0.6384850961538462 0.22212801682692307 0.647375985576923 0.22610656730769232 0.6639127956730769 0.2345825048076923 0.6750704302884615 0.24106916346153848 0.6779596658653847 0.24930719471153845 0.6760922091346154 0.25380457692307695 0.6707130360576923 0.24906929086538462 0.6630671153846154 0.24111218990384617 0.6299934975961539 0.23737154326923077 0.6264817788461539
1 0.2809837548076923 0.6994292572115385 0.27724310817307696 0.6959175408653846 0.2607670408653846 0.699652451923077 0.2600103076923077 0.7085433413461538 0.2612428485576923 0.7257026370192308 0.2707134206730769 0.7409944759615384 0.27819471875 0.7480179086538462 0.29291940865384614 0.7490396850961538 0.2899354951923077 0.7366370793269231 0.29168686778846153 0.7318803918269231 0.28794621875000004 0.7283686754807692 0.2809837548076923 0.6994292572115385
2 0.5208813125 0.6494072475961539 0.5118865456730769 0.6601655913461539 0.5208382836538461 0.6973734158653847 0.523584295673077 0.6967509278846153 0.5348062403846154 0.7072860817307693 0.5358008798076923 0.7114202812499999 0.5422875384615384 0.7143095144230769 0.5430442716346154 0.705418625 0.5321032548076923 0.6599423966346154 0.5208813125 0.6494072475961539
2 0.49919415625 0.6194460528846153 0.5066754543269231 0.6264694855769231 0.511648641826923 0.6471405 0.5153892908653847 0.6506522163461538 0.5208813125 0.6494072475961539 0.5233894206730769 0.6357596682692308 0.5221568774038462 0.6186003725961539 0.5126863100961538 0.6033085336538462 0.49621024278846154 0.6070434471153846 0.49919415625 0.6194460528846153
2 0.5014643629807692 0.5927733822115384 0.51069703125 0.5950401274038462 0.5124484038461539 0.5902834423076923 0.5074752163461539 0.5696124278846153 0.4962532716346154 0.55907728125 0.49350725961538466 0.5596997644230769 0.4909991490384616 0.5733473413461538 0.4949777019230769 0.5898841514423077 0.5014643629807692 0.5927733822115384
2 0.44297561057692303 0.40984670192307693 0.45045690384615383 0.41687013461538464 0.4516894471153846 0.4340294302884615 0.4564247307692308 0.4416753485576923 0.46740877403846154 0.43918540865384614 0.45646775961538466 0.3937091826923077 0.4507378341346154 0.38192905769230767 0.4452458125 0.38317402884615387 0.44098633413461535 0.4015782956730769 0.44297561057692303 0.40984670192307693
2 0.46390602884615384 0.44869878125 0.4586519110576923 0.4629688485576923 0.45888981250000005 0.47599393990384614 0.46087908894230767 0.48426234134615387 0.4773551514423077 0.48052743269230774 0.4693980480769231 0.4474538125 0.46390602884615384 0.44869878125
2 0.4237307644230769 0.1613481682692308 0.41549273076923077 0.16321562259615385 0.4137413605769231 0.16797231009615385 0.4254391081730769 0.20455764663461537 0.4236877379807692 0.20931433653846154 0.4256770144230769 0.2175827403846154 0.43041229807692305 0.22522865865384614 0.43415294711538466 0.228740375 0.43964496875 0.22749540624999998 0.44139633894230773 0.22273871634615386 0.4284660504807692 0.16899408653846154 0.4237307644230769 0.1613481682692308
3 0.2371969206730769 0.26466842307692307 0.24368358173076923 0.2675576538461538 0.26290565384615383 0.2632002572115385 0.2666463028846154 0.26671197596153845 0.3005930697115385 0.2633763557692308 0.3160744927884615 0.25550724038461536 0.31782586538461544 0.2507505528846154 0.3163554230769231 0.22056616586538463 0.30986876201923075 0.21767693509615385 0.30740368269230767 0.18335834375 0.2816949519230769 0.1848265096153846 0.27795430048076925 0.18131479326923075 0.23027748317307692 0.1877628389423077 0.21380142067307692 0.19149775000000002 0.21205004807692307 0.1962544375 0.20381201682692307 0.19812189182692308 0.1985578966346154 0.21239195432692307 0.2025364471153846 0.2289287668269231 0.2082663701923077 0.24070888461538462 0.2371969206730769 0.26466842307692307
3 0.26699302884615383 0.4366606610576923 0.2689823028846154 0.4449290673076923 0.2674688341346154 0.4627108461538461 0.2577173341346154 0.4823600841346154 0.22452730288461537 0.4768048149038462 0.23049512980769232 0.5016100264423077 0.24346844711538462 0.5073884927884615 0.25445249038461537 0.5048985504807693 0.25819313701923075 0.5084102692307693 0.28390187019230767 0.5069421033653846 0.3061078581730769 0.5149873149038462 0.3170919014423077 0.5124973725961538 0.3265624711538461 0.5277892115384616 0.3357951442307692 0.5300559615384615 0.34327643990384615 0.5370793918269231 0.35326584615384615 0.5304552475961539 0.34630338221153845 0.5015158317307692 0.3139131129807692 0.43910350721153846 0.30993456009615383 0.42256669711538464 0.30245326442307696 0.41554326201923075 0.2777391682692308 0.4211456298076923 0.27049577403846153 0.4271472860576923 0.26699302884615383 0.4366606610576923
3 0.34792567307692307 0.6406576490384615 0.3429524855769231 0.6199866346153846 0.32050859134615384 0.5989163341346153 0.3067785408653846 0.6020287596153846 0.2718371370192308 0.6012301778846154 0.2673397548076923 0.6066093509615385 0.2665830192307692 0.6155002379807691 0.25858289182692307 0.6303927860576923 0.27155620913461537 0.6361712524038462 0.2717941105769231 0.64919634375 0.27927540865384615 0.6562197788461539 0.3296982355769231 0.6491492475961539 0.33419562019230764 0.6437700745192309 0.34792567307692307 0.6406576490384615
3 0.37140722596153847 0.6178959855769232 0.3604662091346154 0.5724197596153846 0.3412441370192308 0.57677715625 0.3367467548076923 0.5821563293269231 0.33873602884615384 0.590424733173077 0.35194725240384617 0.6092282908653845 0.3631691971153846 0.6197634423076923 0.37140722596153847 0.6178959855769232
3 0.29021642548076926 0.7016960048076922 0.29220569951923075 0.7099644086538461 0.31464958894230766 0.7310347115384614 0.31739560336538464 0.7304122283653847 0.31890906971153843 0.7126304471153847 0.32866057211538463 0.6929812139423077 0.3536125697115385 0.7004039375000001 0.3546072091346154 0.704538139423077 0.3628452403846154 0.7026706850961539 0.37231581009615383 0.7179625216346154 0.39726781009615386 0.7253852475961539 0.40275983173076924 0.7241402764423076 0.4052679375 0.7104926995192307 0.3883590961538462 0.6402112596153846 0.3746290432692308 0.6433236850961539 0.3708883942307692 0.63981196875 0.3004867596153846 0.6601307884615385 0.3014813966346154 0.6642649903846153 0.29021642548076926 0.7016960048076922
3 0.3392346057692308 0.8693308485576924 0.34321315865384616 0.88586765625 0.3649003125 0.9158288509615384 0.3778736298076923 0.9216073149038462 0.38611166346153847 0.9197398581730769 0.38985231009615384 0.9232515745192308 0.4008363533653846 0.9207616346153846 0.404577 0.9242733509615384 0.4320371057692308 0.9180485024038462 0.44552925721153847 0.9019109807692308 0.44628599038461536 0.8930200913461538 0.4405560673076923 0.8812399711538461 0.42189585336538465 0.8157152163461538 0.4171605649038461 0.808069295673077 0.4089225336538461 0.8099367524038462 0.40717116105769235 0.8146934399038461 0.3884679206730769 0.7971348557692307 0.37748387499999997 0.7996247956730769 0.3757325048076923 0.804381483173077 0.3592564423076923 0.8081163942307692 0.3412669086538462 0.8296330841346153 0.3392346057692308 0.8693308485576924
2 0.4382833485576923 0.35423461298076925 0.4293316081730769 0.3170267932692308 0.4245963221153846 0.3093808725961538 0.41759082932692304 0.32840762259615386 0.41309344711538465 0.33378679567307695 0.4160773629807692 0.3461894038461538 0.42180728605769235 0.35796952403846155 0.4382833485576923 0.35423461298076925