3 0 0.9462853100961539 0.0015433341346153847 0.9466081249999999 0.01660897596153846 0.9358475552884615 0.035191745192307694 0.9327785576923078 0.04853104807692307 0.9425246081730769 0.05026281971153846 0.9526251009615384 0.08994292067307692 0.9650984230769232 0.1039469783653846 0.9471599014423078 0.11303451442307691 0.8975870264423077 0.10393611057692308 0.8859456730769231 0.08524073557692308 0.8834263942307692 0.005440990384615384 0.8973408774038462 0 0.9053084110576923 0 0.9462853100961539
3 0.20854291826923077 0.7227989399038461 0.21892267788461536 0.7221876850961538 0.22962938461538462 0.6771270288461538 0.22817640384615384 0.6656936634615385 0.21768403846153847 0.6607166442307691 0.18950430048076922 0.6729077187500001 0.17097511778846153 0.6634672932692307 0.17376303846153848 0.6501386274038462 0.18542415384615385 0.6372747620192307 0.20662865625 0.6277982403846154 0.19055501442307693 0.6188714399038461 0.16918432451923077 0.6352691033653847 0.14859643028846153 0.6601775865384615 0.13119328125000002 0.7066199278846154 0.13409923798076923 0.7294866538461539 0.14241485336538462 0.7326171875 0.19246927884615386 0.7138721370192307 0.20854291826923077 0.7227989399038461
3 0.6621278894230769 1 0.6678158533653846 0.9899790504807692 0.6793589326923077 0.9409197932692308 0.6737722235576923 0.9063628966346153 0.6440750528846154 0.8584157956730769 0.62096715625 0.8341058485576922 0.6126515432692308 0.8309753124999999 0.609751016826923 0.8387157019230769 0.5597501754807692 0.8449513341346153 0.5511503389423077 0.8125465504807692 0.5317847788461538 0.8071047259615385 0.456279516826923 0.8066144855769231 0.4376967427884615 0.8096834831730769 0.40499731490384616 0.8251027283653846 0.36605185576923077 0.8642567596153847 0.35160281730769233 0.8904492908653846 0.33631196874999997 0.8900333076923077 0.3328002740384616 0.9129488509615384 0.33816177884615384 0.9363291971153846 0.35836914903846157 0.9683795336538462 0.37784731490384615 0.9794096346153847 0.44972827884615385 0.9972271370192308 0.45533714903846156 1 0.6621278894230769 1
3 0.10920522836538461 0.38900505769230764 0.13950813221153846 0.39116988942307696 0.1632271971153846 0.40030468509615386 0.16702311778846154 0.4066633918269231 0.20346488221153847 0.41011227403846157 0.23465231490384617 0.36516197115384613 0.23604627403846154 0.35849763701923076 0.22025142788461538 0.34823796875 0.2095874375 0.31957497596153844 0.17448604807692308 0.32197118028846156 0.1472552908653846 0.3357519278846154 0.12694075240384614 0.3287204278846154 0.12269985096153846 0.3306157331730769 0.12538060336538462 0.3423059038461539 0.11483465384615385 0.34983830528846155 0.0872660841346154 0.3468542235576923 0.08475695432692308 0.35885002403846156 0.08866547836538462 0.37079700721153847 0.10920522836538461 0.38900505769230764
3 0.23459329567307693 0.3470642764423077 0.24441547115384615 0.3491187524038461 0.26668155769230767 0.3468201875 0.2789002596153846 0.3312905865384615 0.268852875 0.3180595576923077 0.2475893533653846 0.30943838221153847 0.23849095192307693 0.29779702644230766 0.23882332692307692 0.28395474278846156 0.2675070649038461 0.2816073581730769 0.30461901923076923 0.28797878365384616 0.28652937980769233 0.23967723317307693 0.29656589423076923 0.1916940360576923 0.3088971995192308 0.18175271153846154 0.26520140625 0.18235125 0.25303628846153847 0.1853714278846154 0.2510847451923077 0.19470149278846155 0.2166053918269231 0.2431367764423077 0.20634366826923076 0.27994342307692305 0.20897083653846152 0.3041430144230769 0.22114138701923075 0.3317299519230769 0.23459329567307693 0.3470642764423077
3 0.5035980865384615 0.1515275408653846 0.5193875 0.1311800985576923 0.5457818846153846 0.12139794711538461 0.5569444350961539 0.12929751201923076 0.5635872932692307 0.14042524759615385 0.5626973341346153 0.15693326442307692 0.5731896971153846 0.1619102860576923 0.5764280336538461 0.17093472836538462 0.6067845216346154 0.16059013942307693 0.6210673701923077 0.14131875240384614 0.6221235216346154 0.1178895889423077 0.6131913052884616 0.09932709134615385 0.5768567115384615 0.07085937019230769 0.5649168004807692 0.08505610096153847 0.5194946706730769 0.10616125961538461 0.48757803125 0.13009131971153848 0.47234619951923074 0.14777303125000002 0.4692794855769231 0.1624345673076923 0.5012015625 0.16911162019230772 0.5035980865384615 0.1515275408653846
3 0.2168316418269231 0.24635599278846154 0.20059055769230769 0.24136042307692307 0.18903682451923076 0.24015269471153847 0.18523106490384617 0.24973347115384614 0.20514067067307692 0.2670821322115385 0.1831820841346154 0.2700793966346154 0.18271810817307693 0.2775726298076923 0.20589868990384613 0.2881974326923077 0.2168316418269231 0.24635599278846154
0 0.5828084014423077 0.2752166754807692 0.5835966298076923 0.314334610576923 0.5883415288461539 0.32228298798076926 0.5959869519230769 0.3224909807692308 0.6053051298076924 0.31470177403846156 0.6092618028846154 0.28353221875 0.6034553221153847 0.2684058846153846 0.5828084014423077 0.2752166754807692
0 0.5246099879807692 0.3145171610576923 0.5113832860576923 0.3103593870192308 0.5032928822115385 0.31840540384615384 0.5035180889423077 0.3295819567307693 0.5158548293269231 0.35024775 0.53058809375 0.35332946634615386 0.5370593293269231 0.34077123076923077 0.5347699759615385 0.3333364663461538 0.5246099879807692 0.3145171610576923
0 0.39328652884615384 0.24392198557692307 0.3844133317307692 0.2434571826923077 0.3816254110576923 0.25678585096153844 0.4029479519230769 0.28350471875 0.4153382740384615 0.29166109375 0.42203471875 0.29027940865384616 0.42225449278846156 0.2708488485576923 0.41683940384615387 0.2599779230769231 0.39328652884615384 0.24392198557692307
0 0.3769504014423077 0.3281493942307692 0.37879477403846157 0.3438381658653846 0.41646431009615387 0.3475438581730769 0.4257234711538462 0.3216569543269231 0.42164875961538456 0.3166311153846154 0.3989912764423077 0.31467427163461537 0.3769504014423077 0.3281493942307692
0 0.600695329326923 0.7533506995192307 0.5895327788461538 0.7454511346153846 0.5612940216346154 0.7395445096153845 0.5508606778846153 0.7526651875 0.5479065673076924 0.7729149975961539 0.5570639903846154 0.802654045673077 0.5745851778846154 0.7924070985576923 0.5966850745192308 0.797029670673077 0.603654875 0.7637080048076924 0.600695329326923 0.7533506995192307
0 0.5279298389423077 0.782648326923077 0.5412101225961539 0.7742966802884615 0.5474025697115384 0.7630713100961538 0.5373551850961539 0.74984028125 0.5226219206730769 0.7467585625000001 0.5035941706730769 0.7580815697115385 0.4814461225961538 0.7965755288461539 0.48250770673076926 0.8037534807692308 0.5027096442307692 0.8051967043269231 0.5131429903846154 0.7920760288461538 0.5299404014423077 0.7914159543269231 0.5279298389423077 0.782648326923077
2 0.21717536298076923 0.9388464134615385 0.21656419471153845 0.9540215673076923 0.20423289182692306 0.9639628918269231 0.20730503846153844 0.9799084711538462 0.2205853221153846 0.971556826923077 0.23202123076923076 0.94751640625 0.23095964903846153 0.9403384519230769 0.21717536298076923 0.9388464134615385
2 0.23492175721153846 0.939776016826923 0.23888386538461537 0.9392135793269231 0.23916265625 0.9378807139423077 0.24396114182692308 0.9333196754807692 0.24563389663461538 0.9253224735576923 0.2418379735576923 0.9189637692307693 0.2396612235576923 0.9171172836538461 0.22247241346153845 0.9135219471153846 0.22096585096153848 0.9145980072115385 0.21605475961538462 0.9135707668269231 0.21153506971153846 0.9167989350961538 0.2098623173076923 0.9247961370192308 0.2124304639423077 0.9308980336538462 0.22169505769230768 0.9356182451923077 0.22660614423076925 0.9366454831730769 0.227555125 0.9382351586538462 0.23492175721153846 0.939776016826923
2 0.820488264423077 0.9217480985576922 0.8111700865384616 0.9295373076923077 0.8111165024038461 0.9420467283653846 0.8531449807692308 0.9800525096153846 0.8607904038461538 0.9802605024038461 0.8512951682692307 0.9337566201923077 0.8391836370192307 0.9242673798076922 0.820488264423077 0.9217480985576922
2 0.47038454807692304 0.41446943990384616 0.4588360336538461 0.4329215793269231 0.4601764086538462 0.4387666682692308 0.4834504927884616 0.45615547115384614 0.4956156105769231 0.45313529326923074 0.5034808076923076 0.4339127235576923 0.5009126610576924 0.4278108269230769 0.47038454807692304 0.41446943990384616
2 0.5210447067307692 0.3499421201923077 0.5069226129807692 0.33168525240384616 0.4992771899038461 0.33147725961538466 0.4918569735576923 0.3424458221153846 0.47612114423076923 0.35028384855769235 0.46881352884615385 0.3668406875 0.4669745889423077 0.38175902884615387 0.4744538245192308 0.3888881658653846 0.5208785192307692 0.35686326682692304 0.5210447067307692 0.3499421201923077