1 0.8734375000000001 0.334375 0.9015625 0.2984375 0.909375 0.25 0.8968750000000001 0.21875 0.8703125 0.20625 0.8515625 0.22031250000000002 0.840625 0.253125 0.8390625 0.32343750000000004 0.84375 0.34062499999999996 0.8578125000000001 0.34375 0.8734375000000001 0.334375
1 0.44218749999999996 0.31562500000000004 0.4515625 0.29375 0.44999999999999996 0.25 0.4625 0.184375 0.4609375 0.1375 0.446875 0.0921875 0.4234375 0.0625 0.38593750000000004 0.059375 0.36250000000000004 0.075 0.3375 0.11406250000000001 0.3421875 0.15625 0.359375 0.1984375 0.4234375 0.30781250000000004 0.44218749999999996 0.31562500000000004
1 0.459375 0.09062500000000001 0.453125 0.026562500000000003 0.4390625 0.0109375 0.421875 0.020312499999999997 0.4140625 0.0546875 0.428125 0.0640625 0.4546875 0.1 0.459375 0.09062500000000001
0 0.8531249999999999 0.46562499999999996 0.83125 0.46562499999999996 0.8296874999999999 0.5078125 0.8453124999999999 0.540625 0.85625 0.5109375 0.8531249999999999 0.46562499999999996
0 0.8187500000000001 0.5515625 0.825 0.553125 0.8374999999999999 0.5359375 0.8109375000000001 0.4625 0.7906249999999999 0.475 0.7906249999999999 0.484375 0.8078125 0.53125 0.8187500000000001 0.5515625
0 0.4859375 0.7593749999999999 0.5140625 0.734375 0.5125 0.7109375 0.4828125 0.6578124999999999 0.46562499999999996 0.6078125 0.4546875 0.6046875 0.4296875 0.6156250000000001 0.428125 0.6312500000000001 0.44843750000000004 0.6765625 0.45781249999999996 0.7296875 0.4859375 0.7593749999999999
0 0.42656249999999996 0.8343750000000001 0.446875 0.815625 0.44843750000000004 0.7984374999999999 0.4375 0.7453125 0.421875 0.7171875000000001 0.384375 0.6703125000000001 0.3734375 0.7015625000000001 0.365625 0.7093750000000001 0.34687500000000004 0.7078125 0.3515625 0.73125 0.38749999999999996 0.7703125 0.40937500000000004 0.8343750000000001 0.42656249999999996 0.8343750000000001
2 0.24843749999999998 0.9390624999999999 0.2671875 0.9578125 0.3140625 0.953125 0.328125 0.9296875 0.3296875 0.8953125 0.271875 0.7984374999999999 0.2640625 0.6328125 0.259375 0.6296875 0.24843749999999998 0.6468750000000001 0.2234375 0.6609375 0.1984375 0.65625 0.2234375 0.846875 0.2375 0.9015625 0.246875 0.9156249999999999 0.24843749999999998 0.9390624999999999
2 0.46875 0.46406250000000004 0.4625 0.428125 0.46406250000000004 0.35 0.45625000000000004 0.34375 0.4453125 0.34843749999999996 0.446875 0.46562499999999996 0.4609375 0.4703125 0.46875 0.46406250000000004
2 0.6812499999999999 0.478125 0.703125 0.421875 0.684375 0.40625 0.6734374999999999 0.43437499999999996 0.671875 0.4546875 0.6656249999999999 0.4625 0.6703125000000001 0.48124999999999996 0.6812499999999999 0.478125
2 0.8687499999999999 0.3890625 0.8640625 0.3984375 0.85625 0.4390625 0.85625 0.4625 0.8703125 0.47187500000000004 0.878125 0.38749999999999996 0.8687499999999999 0.3890625
3 0.1609375 0.28125 0.19687500000000002 0.31562500000000004 0.23281249999999998 0.36406249999999996 0.2859375 0.5796875 0.34375 0.6984375 0.36875 0.7015625000000001 0.37968749999999996 0.6640625 0.3515625 0.578125 0.3359375 0.4703125 0.38125 0.45781249999999996 0.4046875 0.5625 0.4203125 0.60625 0.42656249999999996 0.6109375 0.446875 0.609375 0.4609375 0.603125 0.4625 0.59375 0.43437499999999996 0.46562499999999996 0.43281250000000004 0.43281250000000004 0.4125 0.390625 0.40312499999999996 0.3359375 0.3828125 0.3375 0.37187499999999996 0.33125000000000004 0.34062499999999996 0.2890625 0.3296875 0.234375 0.33281249999999996 0.1796875 0.32343750000000004 0.146875 0.32499999999999996 0.1109375 0.2265625 0.0953125 0.18906250000000002 0.1015625 0.14375 0.1234375 0.1359375 0.1359375 0.1015625 0.159375 0.078125 0.190625 0.0734375 0.2234375 0.08124999999999999 0.246875 0.1 0.2609375 0.1609375 0.28125
3 0.7859375 0.4671875 0.796875 0.47187500000000004 0.8109375000000001 0.4609375 0.8015625 0.3984375 0.8062499999999999 0.32343750000000004 0.8 0.2921875 0.8062499999999999 0.2546875 0.809375 0.24062499999999998 0.840625 0.215625 0.8171875 0.2 0.78125 0.203125 0.7546875 0.22499999999999998 0.7390625 0.253125 0.7359374999999999 0.2671875 0.7625 0.3140625 0.778125 0.446875 0.7859375 0.4671875