1 0.6988734375000001 0.3313453125 0.678359375 0.32724218749999995 0.6422578125 0.3247796875 0.6118984375 0.3502234375 0.58318125 0.38469375 0.5782578125 0.419165625 0.579078125 0.44871093749999996 0.6800015625 0.42819375000000004 0.8038984374999999 0.4175234375 0.78666875 0.38633593750000006 0.7472828125 0.34365625000000005 0.6988734375000001 0.3313453125
1 0.6709750000000001 0.197565625 0.6266671875000001 0.1885375 0.590565625 0.195103125 0.56020625 0.21562187500000002 0.5511796875 0.24598906250000002 0.544615625 0.2665078125 0.5569234375 0.2706109375 0.5634875 0.282921875 0.5684109374999999 0.27799843750000003 0.5881031250000001 0.263225 0.6233859375 0.2574796875 0.666053125 0.264865625 0.7117953125 0.2699484375 0.7078984375 0.2394234375 0.6947703125 0.21644218750000002 0.6709750000000001 0.197565625
1 0.9154890625000001 0.44132499999999997 0.8843093750000001 0.44460781250000003 0.8605140625000001 0.4585609375 0.826053125 0.48400312500000003 0.8055390625 0.522578125 0.7965140625 0.5513046875 0.7628734374999999 0.5644359375 0.782565625 0.5668984375 0.844925 0.5685390625 0.9450265625000001 0.55705 0.99795 0.54071875 0.9984375000000001 0.44871093749999996 0.9655406249999999 0.44132499999999997 0.9154890625000001 0.44132499999999997
1 0.410871875 0.1942828125 0.3632828125 0.19674375 0.346871875 0.210696875 0.32717968750000004 0.23531875 0.31651406249999997 0.27389375 0.32389843749999997 0.27881875 0.369846875 0.2796390625 0.42071875000000003 0.269790625 0.4666671875 0.245334375 0.4551796875 0.2279328125 0.43220625 0.20659375 0.410871875 0.1942828125
1 0.24430781250000003 0.2665078125 0.23610312500000002 0.2796390625 0.2648203125 0.27389375 0.29271875 0.2771765625 0.314871875 0.27389375 0.333334375 0.2196921875 0.29846249999999996 0.2189046875 0.26892343750000003 0.23285781249999998 0.2557953125 0.24598906250000002 0.24430781250000003 0.2665078125
1 0.19343593750000002 0.14421718749999998 0.1819484375 0.1507828125 0.1671796875 0.16063124999999998 0.16225625 0.177046875 0.16225625 0.1918203125 0.15241093749999998 0.20413125 0.1655390625 0.20084843749999998 0.1917953125 0.19674375 0.21477031249999998 0.18525468750000001 0.2467703125 0.1778671875 0.22625625000000002 0.1548875 0.21066718750000002 0.1475 0.19343593750000002 0.14421718749999998
1 0.116115625 0.1362828125 0.0982078125 0.13796250000000002 0.0819796875 0.15083593750000002 0.08086093750000001 0.1687484375 0.067990625 0.17322656250000001 0.069109375 0.1793828125 0.08701718750000001 0.1737859375 0.11779375 0.1648296875 0.1524890625 0.16591875 0.1457734375 0.15531406250000002 0.1334625 0.14467968750000001 0.116115625 0.1362828125
1 0.9092484375 0.5898875 0.87810625 0.6143046875 0.8410703125 0.6429296875 0.8259203125 0.678290625 0.825078125 0.68839375 0.804878125 0.71449375 0.8090859375 0.7195453125 0.858746875 0.710284375 0.9311328125 0.706075 0.976584375 0.6968140624999999 0.9984375000000001 0.7010234375 0.9984375000000001 0.5461078125 0.9749015625 0.5486328125 0.958909375 0.5621046875 0.9446 0.5764171874999999 0.9092484375 0.5898875
2 0.5139218750000001 0.8836843750000001 0.5077828125 0.8908484375 0.5047125 0.9062015625 0.49141093750000003 0.9276953124999999 0.49447968750000004 0.944071875 0.5036890625 0.9584015625 0.5456421875 0.94611875 0.5620140625000001 0.9358828124999999 0.575315625 0.8969890625 0.5763390625 0.8754953125 0.555875 0.8795890624999999 0.53029375 0.87651875 0.5139218750000001 0.8836843750000001
2 0.42899218749999996 0.8232968749999999 0.42592343749999995 0.80385 0.4249 0.8018015624999999 0.40545781249999996 0.8089671875 0.39215625 0.8130609375 0.3727140625 0.818178125 0.3655515625 0.8232968749999999 0.36145937499999997 0.8304609374999999 0.364528125 0.839671875 0.375784375 0.8458140625 0.3931796875 0.8499078124999999 0.41364375 0.852978125 0.4310390625 0.8499078124999999 0.4474109375 0.844790625 0.47401562499999994 0.844790625 0.49857343750000005 0.8406953125 0.4937125 0.8239624999999999 0.4689 0.8366015625000001 0.45048125000000006 0.8325078124999999 0.42899218749999996 0.8232968749999999
2 0.3890859375 0.7629078125 0.38089999999999996 0.7741671874999999 0.37373749999999994 0.779284375 0.36350625000000003 0.7895203125 0.35020312500000006 0.800778125 0.35634375 0.8048734375000001 0.37373749999999994 0.809990625 0.4075046875 0.80385 0.42592343749999995 0.7874734375 0.4399921875 0.767684375 0.41364375 0.7731437499999999 0.39113281250000004 0.761884375 0.3890859375 0.7629078125
2 0.3491796875 0.7260624999999999 0.33280781249999997 0.7240140625 0.321553125 0.714803125 0.3133671875 0.7178734375 0.2969953125 0.7240140625 0.28573906250000003 0.73425 0.2785765625 0.7516499999999999 0.3010875 0.7547203124999999 0.31541406250000004 0.7516499999999999 0.3369015625 0.74755625 0.35020312500000006 0.7352734375 0.37066875000000005 0.7311796875 0.3890859375 0.7219671875 0.379878125 0.7088484374999999 0.379878125 0.71275625 0.3675984375 0.7199203125 0.3491796875 0.7260624999999999
2 0.2027578125 0.52634375 0.2085109375 0.5282609375 0.22640468749999998 0.52634375 0.23790937499999998 0.5135578125 0.23790937499999998 0.505246875 0.23343593750000002 0.49949375 0.2260859375 0.49067812499999997 0.1995625 0.4879859375 0.20211875 0.500771875 0.2027578125 0.5135578125 0.2027578125 0.52634375
2 0.14268125 0.4982140625 0.133734375 0.505246875 0.11711718750000001 0.516753125 0.1152 0.516753125 0.1049734375 0.52186875 0.1024171875 0.5301796875 0.10817031249999999 0.5327359375 0.1247859375 0.532096875 0.1407640625 0.5269828125 0.1497125 0.521228125 0.1599375 0.52186875 0.1714421875 0.52186875 0.17911093749999998 0.5161140625 0.18102812499999998 0.514196875 0.17096250000000002 0.49706875 0.16632968750000002 0.507803125 0.15290781250000002 0.506525 0.14715625 0.50205 0.14268125 0.4982140625
0 0.2519703125 0.5499968749999999 0.24749687499999998 0.5595859375 0.24749687499999998 0.567896875 0.2583609375 0.5794046875000001 0.2621953125 0.581321875 0.2692265625 0.5883546875 0.2807296875 0.59346875 0.29095625 0.5896328125 0.29798593749999996 0.585796875 0.2935125 0.57556875 0.2935125 0.5615046875 0.2877609375 0.5506359375 0.28136875 0.5429640625000001 0.272421875 0.53529375 0.2685875 0.524425 0.2538875 0.5250640625 0.24941406249999998 0.5282609375 0.248775 0.5429640625000001 0.2519703125 0.5499968749999999
0 0.09020624999999999 0.3294265625 0.0844078125 0.3308953125 0.0840515625 0.33804218750000004 0.08915624999999999 0.3451640625 0.1069890625 0.3535578125 0.10856249999999999 0.3451640625 0.117478125 0.343590625 0.1304984375 0.33840000000000003 0.1300640625 0.331 0.12586875 0.3252296875 0.1219359375 0.31939218750000004 0.1122328125 0.31998281250000005 0.10174375000000001 0.3252296875 0.09020624999999999 0.3294265625
0 0.9191374999999999 0.23524687500000002 0.9191374999999999 0.2390109375 0.9134921874999999 0.25093125 0.9034578125 0.2647328125 0.9034578125 0.2747703125 0.912865625 0.2797890625 0.9279171875000001 0.2879453125 0.9323078125 0.29108125 0.943596875 0.2879453125 0.9454796875 0.283553125 0.9630406250000001 0.271634375 0.952378125 0.2672421875 0.9548859375000001 0.253440625 0.9636671875 0.2446578125 0.964921875 0.23775625 0.9603750000000001 0.2337828125 0.9404609374999999 0.2245828125 0.9304265625 0.220190625 0.914746875 0.22583750000000002 0.9191374999999999 0.23524687500000002
3 0.8109375000000001 0 0.796875 0.0375 0.7953125000000001 0.071875 0.8062499999999999 0.10820312500000001 0.8031250000000001 0.1640625 0.8265625000000001 0.1640625 0.8531249999999999 0.175 0.9109375 0.17343750000000002 0.9453125 0.15781250000000002 0.9359375000000001 0.134375 0.9468749999999999 0.11249999999999999 0.9750000000000001 0.08281250000000001 0.9734375 0.0359375 0.9578125 0.046875 0.9171875 0.05 0.90625 0.040624999999999994 0.9125000000000001 0.014062499999999999 0.90625 0 0.8109375000000001 0
0 0.950496875 0.1141671875 0.941715625 0.12232343749999999 0.9373250000000001 0.1348703125 0.9373250000000001 0.14302656249999998 0.941715625 0.1505546875 0.9492421875 0.1524359375 0.9617859375000001 0.14428125 0.9655484375000001 0.136125 0.979346875 0.1147953125 0.9743296874999999 0.1141671875 0.964921875 0.11103125 0.9619421875 0.10050625 0.9617859375000001 0.09848437499999999 0.95865 0.1016203125 0.950496875 0.1141671875
0 0.7679859375 0.171884375 0.767359375 0.1781578125 0.7554421875 0.1838046875 0.7510515625 0.18756875 0.7541875 0.19697812499999998 0.7623421874999999 0.19760625 0.76673125 0.19760625 0.7761390625 0.1982328125 0.7830390625000001 0.1982328125 0.7905640624999999 0.19760625 0.7930734374999999 0.1932140625 0.7937 0.1856859375 0.787428125 0.180040625 0.787428125 0.1756484375 0.792446875 0.171884375 0.7955828125 0.169375 0.7878984375000001 0.1585203125 0.7849203125 0.16310156250000002 0.7767671875000001 0.16874687500000002 0.7679859375 0.171884375
2 0.8601828125 0.437190625 0.884015625 0.442209375 0.885896875 0.44158281250000003 0.8909140625 0.43844531249999996 0.9097296874999999 0.4334265625 0.9097296874999999 0.4265265625 0.904084375 0.4139796875 0.8996937500000001 0.4083328125 0.8934234375 0.40017656250000005 0.879625 0.39954999999999996 0.8683359375 0.39829531250000005 0.8394843750000001 0.40143124999999996 0.85265625 0.41648906249999995 0.85265625 0.4265265625 0.8557921875 0.4334265625 0.8601828125 0.437190625
2 0.9329359375 0.4397 0.9599046875 0.437190625 0.9642937500000001 0.4334265625 0.9573953125 0.40896093749999995 0.93168125 0.40896093749999995 0.9260359375 0.40896093749999995 0.910984375 0.40939374999999995 0.9178828125 0.440328125 0.9260359375 0.4397 0.9329359375 0.4397
3 0.39375000000000004 0.5484375 0.453125 0.4984375 0.45781249999999996 0.478125 0.4546875 0.42656249999999996 0.4828125 0.384375 0.5171875 0.3578125 0.5484375 0.37187499999999996 0.559375 0.36406249999999996 0.51875 0.34375 0.4828125 0.3453125 0.48124999999999996 0.3203125 0.46875 0.3109375 0.41718750000000004 0.3609375 0.3984375 0.36406249999999996 0.3609375 0.3359375 0.33281249999999996 0.3765625 0.32499999999999996 0.41874999999999996 0.3296875 0.509375 0.3421875 0.55625 0.35468750000000004 0.56875 0.39375000000000004 0.5484375
3 0.6187499999999999 0.8953125 0.8125 0.9906250000000001 0.85625 0.9828125000000001 0.8796875 0.95625 0.8734375000000001 0.875 0.859375 0.8140624999999999 0.840625 0.8109375000000001 0.8234375 0.8 0.784375 0.7515624999999999 0.7828124999999999 0.7421875 0.79375 0.7250000000000001 0.8046875 0.7234375 0.8140624999999999 0.6968749999999999 0.8265625000000001 0.684375 0.8359375 0.6499999999999999 0.8328125 0.6421874999999999 0.8234375 0.6390625000000001 0.8140624999999999 0.621875 0.7984374999999999 0.6390625000000001 0.778125 0.684375 0.7265625 0.6921875 0.6968749999999999 0.6859375000000001 0.6640625 0.6484375 0.6421874999999999 0.6390625000000001 0.6390625000000001 0.628125 0.621875 0.6125 0.6109375 0.6140625 0.609375 0.6203125 0.6125 0.6781250000000001 0.6078125 0.7 0.6187499999999999 0.734375 0.6187499999999999 0.8953125
3 0.1984375 0.334375 0.19374999999999998 0.328125 0.17812499999999998 0.328125 0.1328125 0.34375 0.1453125 0.359375 0.1765625 0.3609375 0.19687500000000002 0.35468750000000004 0.1984375 0.334375
3 0.1359375 0.31875 0.15625 0.3125 0.184375 0.29375 0.175 0.253125 0.1796875 0.22031250000000002 0.171875 0.21250000000000002 0.15468749999999998 0.20625 0.1328125 0.215625 0.09843750000000001 0.21250000000000002 0.0875 0.23125 0.0859375 0.246875 0.09687499999999999 0.2875 0.1109375 0.31718749999999996 0.1359375 0.31875
3 0.3046875 0.575 0.2953125 0.5328125 0.303125 0.4625 0.3 0.446875 0.30625 0.42656249999999996 0.2984375 0.421875 0.29375 0.34375 0.275 0.33281249999999996 0.2546875 0.3421875 0.2515625 0.4 0.2734375 0.51875 0.290625 0.5640625 0.3046875 0.575
3 0.2515625 0.3265625 0.265625 0.31875 0.25625 0.2828125 0.25 0.278125 0.24843749999999998 0.2546875 0.284375 0.21718749999999998 0.2625 0.20937499999999998 0.25 0.23125 0.24843749999999998 0.24843749999999998 0.2375 0.2625 0.21875 0.2625 0.20468750000000002 0.2390625 0.190625 0.23593750000000002 0.19374999999999998 0.2890625 0.22499999999999998 0.3421875 0.2390625 0.34375 0.2515625 0.3265625
0 0.22031250000000002 0.3984375 0.2265625 0.3890625 0.22031250000000002 0.36406249999999996 0.1953125 0.36406249999999996 0.19687500000000002 0.38593750000000004 0.21250000000000002 0.3984375 0.22031250000000002 0.3984375
3 0.5734375 0.5455984375 0.571875 0.5534109375 0.5796875 0.5580984375 0.584375 0.5471609375 0.5734375 0.49872343750000003 0.5734375 0.4580984375 0.5765625 0.3940359375 0.5890625 0.35966093750000006 0.55625 0.37372343750000003 0.5390625 0.46122343750000006 0.5359375 0.5346609375 0.54375 0.5565359375 0.553125 0.5362234375 0.5734375 0.5455984375