1 0.6556351802884616 0.6100993221153846 0.6475407620192308 0.6242466177884616 0.6497435600961539 0.6456767355769231 0.6600407788461538 0.6529595649038461 0.6831089975961538 0.6451443461538461 0.6737266995192308 0.6157975600961538 0.6556351802884616 0.6100993221153846
3 0.7354808749999999 0.6282462331730769 0.7530858004807693 0.61372815625 0.7652244495192307 0.5931594735576924 0.7583152139423077 0.5923310168269231 0.7551920288461538 0.5896139471153846 0.7484913894230769 0.5742176850961539 0.7286411346153846 0.5581443028846154 0.7090793221153846 0.5726679783653846 0.7092110576923076 0.5738257307692307 0.7053166201923078 0.5802026033653847 0.7035996081730769 0.591165608173077 0.7006007451923076 0.6007124230769231 0.706676721153846 0.6045044110576924 0.7019045168269231 0.6244662307692308 0.6946738701923076 0.6371080504807692 0.708050764423077 0.6400736538461539 0.7354808749999999 0.6282462331730769
2 0.6973922403846153 0.41252204807692305 0.7026836225961539 0.40207003846153844 0.7165560216346154 0.39768705288461537 0.716856141826923 0.3851243509615384 0.708275125 0.3790553293269231 0.6908129759615385 0.37947998317307696 0.6721212211538461 0.39890714903846153 0.6816462932692308 0.41416050961538464 0.6973922403846153 0.41252204807692305
1 0.10847439423076924 0.6848375528846155 0.09598894471153846 0.6717487524038461 0.07134729807692307 0.6642567427884616 0.04870740144230769 0.6297916899038462 0.036079177884615385 0.6307963149038461 0.016315158653846154 0.6707567115384615 0.027600141826923077 0.7340963173076923 0.05973597115384615 0.7525664350961538 0.08327621875 0.7493433870192308 0.10119582932692307 0.7378867524038462 0.11928735096153847 0.7435849903846155 0.11612592307692307 0.6973463846153846 0.10847439423076924 0.6848375528846155
1 0.4406727139423077 0.8256996538461538 0.4514273942307692 0.8219505048076924 0.47728407932692307 0.7948158533653846 0.4772695120192308 0.7791917091346154 0.4293731658653846 0.7467359014423077 0.417059625 0.7508019711538462 0.4110106634615385 0.7848486610576924 0.4242973966346154 0.8212152211538462 0.4406727139423077 0.8256996538461538
3 0.1266658076923077 0.6660699951923077 0.13431733653846153 0.6785788269230769 0.15209417067307693 0.6812156177884615 0.1538249423076923 0.6980535697115384 0.18563151923076923 0.6978380961538462 0.33712651442307695 0.6389101802884615 0.3608095360576923 0.6215937067307693 0.35169821634615384 0.5484359278846154 0.29742074278846153 0.3610063269230769 0.2891544134615385 0.35799875000000003 0.21952143509615382 0.4237246778846154 0.22674463942307693 0.47851378365384617 0.2231840264423077 0.5058037451923076 0.21601909615384615 0.5135112283653845 0.21867936057692308 0.5239093701923078 0.20778190384615383 0.5417519447115384 0.18331217067307692 0.5514148028846153 0.14339660576923077 0.550153423076923 0.11625204086538463 0.5337939927884615 0.11098979326923077 0.5754942980769231 0.1266658076923077 0.6660699951923077
2 0.21037806490384614 0.14898371634615384 0.21067818269230768 0.13642101682692306 0.19772070192307692 0.11874004567307693 0.17884246874999998 0.10538819711538462 0.16777310336538462 0.10607590144230769 0.11498747115384617 0.18087842788461536 0.10875202884615386 0.18214610336538462 0.10128698317307692 0.2024162860576923 0.10380446875 0.2269078533653846 0.12329750721153847 0.23075844711538462 0.15087039663461538 0.2048376033653846 0.16193975961538462 0.20414989903846154 0.17531099278846154 0.16392644951923077 0.20382793990384615 0.14718994471153846 0.21037806490384614 0.14898371634615384
2 0.5004571971153846 0.2306542451923077 0.530562139423077 0.24484911538461537 0.5784147788461539 0.23043248076923076 0.5777708389423076 0.2086854423076923 0.5641985576923078 0.2005057283653846 0.5214799591346154 0.2029396298076923 0.5030883197115384 0.20980409615384615 0.49608073317307694 0.21904229807692308 0.5004571971153846 0.2306542451923077
2 0.39744650480769234 0 0.33950414663461537 0.011779752403846154 0.3469983293269231 0.02275786298076923 0.38973149759615383 0.03594811057692308 0.42714414423076924 0.028342072115384618 0.44851072836538464 0.03493719471153846 0.45847869230769234 0.02353443028846154 0.4560595889423077 0 0.39744650480769234 0
2 0.7864191875 0.4116125793269231 0.7800409711538462 0.42697367548076925 0.7859762956730769 0.43826870192307693 0.79112490625 0.44191011778846156 0.8063988221153846 0.4356794879807693 0.8052828533653845 0.40934028125000005 0.7864191875 0.4116125793269231
0 0.03780311298076923 0.40587178365384613 0.049973874999999994 0.4158991394230769 0.06913766105769231 0.40106414182692307 0.08050714182692308 0.38781373557692306 0.06893661057692307 0.35266098076923075 0.05246645673076923 0.3471300576923077 0.023872435096153846 0.3477581826923077 0.024588019230769233 0.3874805841346154 0.03780311298076923 0.40587178365384613
2 0.7712734759615384 0.38812563701923075 0.7527244951923078 0.3934593798076923 0.7532110937500001 0.4136756947115385 0.7736336201923077 0.41108648076923077 0.77939703125 0.4052266370192308 0.7800118341346154 0.39572538221153847 0.7712734759615384 0.38812563701923075
2 0.3987466610576923 0.3404066442307692 0.4068556490384615 0.34188349759615383 0.43911968749999997 0.3306360480769231 0.44595536057692303 0.3042429711538462 0.4741576201923077 0.2844450192307692 0.4630736875 0.2695085769230769 0.44685571153846154 0.26655486778846155 0.3976452620192308 0.3296915841346154 0.3987466610576923 0.3404066442307692
2 0.8547234903846154 0.42585502644230766 0.8573691826923077 0.42062901923076923 0.8539222067307691 0.4025772644230769 0.8394204375 0.400837358173077 0.8360171658653847 0.42965804326923074 0.8547234903846154 0.42585502644230766
1 0.545602951923077 0.8246824495192308 0.5652241947115384 0.7988154735576922 0.5570860697115385 0.7660903245192308 0.5204455697115384 0.7657258293269231 0.5004950721153846 0.7729072115384615 0.5036564975961538 0.8191458149038462 0.522692076923077 0.8340283894230769 0.545602951923077 0.8246824495192308