1 0.3099042307692308 0.7584603701923077 0.3172762596153846 0.7667988125 0.3343537524038461 0.7695564447115385 0.3537646754807692 0.7583948293269231 0.3541082884615384 0.7521600528846153 0.34301432211538463 0.7545144807692308 0.30772854326923077 0.74109675 0.3099042307692308 0.7584603701923077
1 0.6009384735576924 0.6786499567307692 0.5957421298076923 0.6876751370192308 0.5999076394230769 0.6973542836538461 0.6104002860576924 0.7059107139423078 0.6291239879807692 0.7072186490384615 0.638743548076923 0.7031965336538462 0.6459297115384615 0.6864868798076924 0.6283368052884615 0.6930814086538462 0.6086332572115385 0.6882939951923077 0.6009384735576924 0.6786499567307692
2 0.30450951201923077 0.5437203774038462 0.3174214927884615 0.5367988629807692 0.32510901442307694 0.48257156250000005 0.3149599783653846 0.46778035817307695 0.29909918509615385 0.47136649278846154 0.2829228990384615 0.5375183725961539 0.30450951201923077 0.5437203774038462
2 0.37870304086538464 0.5332561802884616 0.38769316105769225 0.4838139543269231 0.41300170913461537 0.4793230913461538 0.3839571658653846 0.46634133894230767 0.35084707692307693 0.4702872307692308 0.3429018461538461 0.5291906129807692 0.37870304086538464 0.5332561802884616
2 0.5771199350961539 0.5424223990384616 0.6008681730769231 0.5378225408653846 0.6028579975961539 0.5301380649038461 0.551167891826923 0.4733276682692308 0.5264747211538462 0.49507315865384616 0.52353996875 0.5199032644230769 0.5594270649038461 0.5224101394230769 0.5771199350961539 0.5424223990384616
2 0.4741973533653846 0.4773391009615385 0.45782114423076925 0.4902774014423077 0.4549722932692308 0.5135488149038461 0.48357326442307697 0.5061585528846154 0.4975301394230769 0.5086981971153846 0.5261451682692307 0.5294734182692308 0.5385417355769231 0.5319040673076922 0.5527422572115385 0.5016021466346154 0.5407752067307693 0.4913780264423077 0.4741973533653846 0.4773391009615385
3 0.6523005721153846 0.5993090192307693 0.6264766081730768 0.6131520456730769 0.5782788485576923 0.6066558293269231 0.5844482403846154 0.636815983173077 0.5942536658653846 0.6578419663461539 0.6065643293269231 0.6618313076923077 0.6179160024038463 0.6548008004807693 0.6410629230769231 0.6611118004807692 0.6710383365384616 0.6287824375 0.6656561274038462 0.6127595192307692 0.6523005721153846 0.5993090192307693
3 0.28774596394230767 0.6489485961538463 0.28419583413461535 0.6565240769230769 0.2977372548076923 0.6950226730769231 0.2941012211538462 0.7041568461538461 0.30918888942307693 0.7145989543269231 0.35478144951923074 0.7115250192307693 0.37791431009615384 0.6896705360576922 0.3792746923076923 0.6365659495192308 0.36878204807692305 0.6280095192307692 0.3357578605769231 0.6303967163461538 0.28774596394230767 0.6489485961538463
0 0.6634648365384616 0.7377820096153846 0.6600865096153845 0.7422401033653846 0.6545465576923076 0.7575000576923077 0.6542029447115384 0.7637348317307692 0.6525567355769231 0.76518453125 0.6521272235576923 0.772978 0.6552478389423076 0.7731959903846154 0.6758754615384616 0.7683781442307692 0.6839347115384615 0.7642470336538462 0.684192420673077 0.7595709519230769 0.6787243100961539 0.7451067307692308 0.6713522836538461 0.7367682884615385 0.6697060697115386 0.7382179879807692 0.6634648365384616 0.7377820096153846
0 0.5439223966346154 0.7184785769230769 0.5392414711538461 0.7181515937499999 0.5360349495192308 0.719492298076923 0.5343028365384616 0.7225006923076923 0.5277179927884615 0.7282994903846153 0.5271166730769231 0.7392103461538462 0.5285910793269231 0.7408780336538462 0.52824746875 0.7471128100961538 0.5297218725961538 0.7487804975961538 0.5328424903846154 0.7489984879807692 0.5360490096153846 0.74765778125 0.5486173822115384 0.7469710432692308 0.5503494951923077 0.7439626514423078 0.5498200192307693 0.7251493317307692 0.5439223966346154 0.7184785769230769
0 0.4181426995192308 0.6702463581730769 0.4198748173076923 0.6672379639423076 0.4184004110576923 0.6655702764423077 0.4187440192307692 0.6593355 0.4135931225961539 0.6484374711538461 0.4052957692307692 0.6501532692307692 0.3990676995192307 0.6500467980769231 0.393521375 0.6622676706730769 0.39499578124999996 0.6639353581730769 0.40392811778846155 0.672382795673077 0.4054884278846154 0.6724917884615385 0.4113860528846154 0.6791625432692308 0.4159810745192308 0.6810482211538461 0.41762728605769234 0.6795985216346154 0.4194453028846154 0.6750314350961539 0.4181426995192308 0.6702463581730769