0 0.3794044975961538 0.8203933028846154 0.3769166370192308 0.8102664663461538 0.38980616586538464 0.8026307259615385 0.41987182692307695 0.8025715384615384 0.4342389759615385 0.7906072379807692 0.43354415384615386 0.7724038701923077 0.41472696634615386 0.7578678725961538 0.40183172115384613 0.7523416225961538 0.3610901129807692 0.7469627211538461 0.3198228221153846 0.7478304423076924 0.30122162740384617 0.7439577836538462 0.2874852932692308 0.7484261322115385 0.2740700889423077 0.7623084975961538 0.28026058894230765 0.7813569254807693 0.28554599278846154 0.7847006322115385 0.30419975721153847 0.7879486274038462 0.33453970192307697 0.8110901081730769 0.36487392307692307 0.8210695985576923 0.3794044975961538 0.8203933028846154
0 0.69193115625 0.533221170673077 0.7017602932692307 0.5354918701923077 0.7333561514423077 0.5304794615384615 0.7376313221153846 0.5193677764423077 0.7317093798076922 0.5103580288461539 0.6962531778846154 0.5083228317307692 0.6837316274038462 0.5115859350961538 0.6819911610576923 0.5190378052884616 0.69193115625 0.533221170673077
0 0.9057551466346154 0.49282846394230767 0.9122027716346154 0.4955915889423077 0.9211325312499999 0.4953195600961538 0.9563727427884616 0.48669141346153844 0.9693550600961539 0.4818963173076923 0.9733450600961538 0.4220463317307692 0.9255368100961537 0.4165239350961538 0.8985372548076923 0.4198386730769231 0.8890292451923076 0.4269819879807692 0.8846020889423076 0.45312965384615383 0.8879893221153845 0.46579921634615384 0.9057551466346154 0.49282846394230767
0 0.02917129326923077 0.6692224278846154 0.02452242548076923 0.6715447596153846 0.016497759615384616 0.6875215072115384 0.02188830048076923 0.6896158918269231 0.0452435 0.6899168918269231 0.04376015625 0.6810834591346153 0.02917129326923077 0.6692224278846154
2 0 0.49181920432692305 0.0039429855769230766 0.49273010096153846 0.027193050480769233 0.4942804254807692 0.06475769471153846 0.48449111538461537 0.07141559134615384 0.4847555889423077 0.07616959615384615 0.4811839326923077 0.07674784615384615 0.47431264423076924 0.05513311057692308 0.46655977644230767 0.030563127403846153 0.4674640216346154 0 0.4651678293269231 0 0.49181920432692305
2 0.2351727307692308 0.25873612259615386 0.2068475360576923 0.2513434423076923 0.1857642019230769 0.2505059375 0.16637448557692308 0.25600321634615386 0.16251985817307693 0.26211760336538464 0.16057483894230767 0.2852301129807692 0.1635883798076923 0.2891103269230769 0.1725707091346154 0.28821363461538463 0.22213694230769232 0.29456983413461535 0.22668067067307693 0.29349682211538464 0.23544700961538462 0.28193679326923077 0.23813370192307692 0.263241 0.2351727307692308 0.25873612259615386
2 0.44432960336538463 0.3002623533653846 0.42055386057692307 0.30495865144230766 0.39952881249999994 0.31665847596153845 0.3978934831730769 0.3228610216346154 0.4442941947115384 0.3403729831730769 0.4841307067307692 0.33004717067307693 0.49702023076923074 0.3224114278846154 0.4977561850961539 0.31366615625 0.49072459375000005 0.30461232692307694 0.46657515384615383 0.30051927403846157 0.44432960336538463 0.3002623533653846
2 0.8669664615384616 0.23933389903846153 0.900991889423077 0.231911 0.9108210264423077 0.2341816995192308 0.9463126370192309 0.1961062620192308 0.9801277932692307 0.19118201201923077 0.9883876514423077 0.19640744711538463 0.9903294278846153 0.16728079326923076 0.8588663509615385 0.20328734855769232 0.8309205721153846 0.21784600961538464 0.8322462115384616 0.22855342788461538 0.8437163990384615 0.23778357451923077 0.8513262379807693 0.23996611298076923 0.8669664615384616 0.23933389903846153
2 0.5649591370192307 0.41473553605769226 0.5809730552884615 0.4228926730769231 0.5969458461538462 0.4579984519230769 0.5979560817307692 0.47245384375 0.6059396153846154 0.4834257403846154 0.6152373533653847 0.47878107451923074 0.6401753125 0.4735041923076923 0.6404907211538462 0.46975621634615383 0.6637933557692308 0.4706818798076923 0.6625671298076923 0.4455631442307692 0.6507758149038462 0.4269189855769231 0.6411043798076924 0.42277429807692307 0.6392530576923078 0.4183135024038461 0.6416186225961538 0.3902036947115385 0.6374428653846155 0.38690406490384616 0.6119735048076923 0.3852655841346154 0.5754133725961539 0.39634829807692307 0.5658996442307692 0.3903296225961539 0.5411719543269231 0.3931078557692308 0.528545266826923 0.39762028605769234 0.5245329375 0.40560865865384615 0.5317747980769231 0.41216383653846156 0.5649591370192307 0.41473553605769226
2 0.6714157259615384 0.38010582932692305 0.6814608557692308 0.3930398701923077 0.6779216346153846 0.39540628125 0.67841190625 0.4292702884615384 0.6918499903846154 0.46803588461538465 0.6961308822115384 0.47008618750000003 0.7236035504807692 0.4611494903846154 0.7169399350961538 0.44772302403846154 0.7191955673076923 0.43414946153846157 0.7353194182692308 0.4277703509615384 0.7464159086538462 0.4282111442307693 0.7467838870192308 0.42383850480769236 0.7223601658653845 0.3965447860576923 0.7435371971153846 0.369808983173077 0.7441680144230769 0.36231303605769233 0.7280489591346153 0.3554052235576923 0.7013648125 0.3549719855769231 0.68519890625 0.3618508269230769 0.6941343870192308 0.37474078846153847 0.6936612740384616 0.38036275 0.6714157259615384 0.38010582932692305
3 0.14049736778846153 0.7751782884615385 0.14742954326923077 0.7986434302884615 0.15784264903846154 0.8072048341346154 0.17396170673076924 0.8141126466346154 0.19800600961538464 0.8194550240384615 0.21586553125 0.8189109639423078 0.2451952403846154 0.8275970504807693 0.25201084134615387 0.8259875384615385 0.26526834374999997 0.8139791610576924 0.2790572451923077 0.8088861490384616 0.30383178125 0.7923212644230768 0.30319524519230767 0.7866552235576924 0.2937340841346154 0.7800118870192307 0.32019080048076926 0.7434578052884616 0.3316552668269231 0.7395259591346155 0.33483332211538464 0.6356116033653846 0.31084158653846156 0.6296445625 0.22375755288461538 0.6192910216346154 0.21044176682692306 0.6187620721153846 0.1776836923076923 0.6243550625 0.16157035576923076 0.6306092403846153 0.15033903846153845 0.6846903966346154 0.15198580769230768 0.7048118293269231 0.14391429326923078 0.7345752307692308 0.14049736778846153 0.7751782884615385
3 0.94553228125 0.5890478918269231 0.9041198173076922 0.4990310072115385 0.9010011418269231 0.49640012259615385 0.81344971875 0.5048305336538461 0.8073232235576923 0.5114814230769231 0.8114635721153847 0.5548916850961538 0.8268112668269231 0.6106554014423077 0.8659872716346153 0.66109815625 0.905379266826923 0.7222042524038461 0.92345478125 0.7323235360576923 0.9458169086538462 0.7576551105769231 0.9595954615384615 0.607155545673077 0.94553228125 0.5890478918269231
3 0.7412152067307692 0.7413798533653846 0.7466640360576923 0.7560115649038461 0.8052537259615384 0.7345224302884615 0.8112225144230769 0.7297455264423077 0.8225818509615385 0.7270630072115385 0.8309802067307692 0.7198756129807692 0.8328783774038461 0.7105497524038462 0.8273186947115385 0.6840053774038461 0.7951342427884616 0.5504825216346154 0.7787523461538461 0.5466980240384616 0.7757970937499999 0.5553551394230769 0.7668673365384616 0.5556271682692308 0.7621133293269231 0.5591988269230769 0.6989684639423076 0.5554369879807692 0.69722228125 0.5497268677884615 0.68573384375 0.620093326923077 0.6897804927884615 0.691076891826923 0.6973960504807692 0.706421423076923 0.73249571875 0.739153233173077 0.7412152067307692 0.7413798533653846