2 0.48124999999999996 0.2421875 0.475 0.24843749999999998 0.4703125 0.2546875 0.48750000000000004 0.2625 0.48750000000000004 0.2453125 0.48124999999999996 0.2421875
2 0.5125 0.24375000000000002 0.5109375 0.259375 0.525 0.259375 0.521875 0.24062499999999998 0.5125 0.24375000000000002
0 0.33281249999999996 0.2984375 0.33281249999999996 0.321875 0.34687500000000004 0.3265625 0.3453125 0.3046875 0.33281249999999996 0.2984375
0 0.30937499999999996 0.1953125 0.30625 0.184375 0.3 0.1875 0.296875 0.203125 0.303125 0.215625 0.30937499999999996 0.21250000000000002 0.30937499999999996 0.1953125
0 0.3203125 0.6890624999999999 0.30781250000000004 0.6781250000000001 0.2984375 0.6875 0.2984375 0.71875 0.3109375 0.7234375 0.3203125 0.70625 0.3203125 0.6890624999999999
2 0.28125 0.934375 0.28125 0.9578125 0.2984375 0.9593750000000001 0.3015625 0.934375 0.28125 0.934375
2 0.33906250000000004 0.9375 0.3203125 0.9375 0.321875 0.9578125 0.3375 0.9593750000000001 0.3421875 0.9515625000000001 0.33906250000000004 0.9375
2 0.41718750000000004 0.90625 0.40937500000000004 0.8953125 0.4 0.8999999999999999 0.40156250000000004 0.953125 0.415625 0.9593750000000001 0.4234375 0.9437500000000001 0.41718750000000004 0.90625
2 0.43437499999999996 0.903125 0.4296875 0.9281250000000001 0.44843750000000004 0.9312499999999999 0.44843750000000004 0.903125 0.43437499999999996 0.903125
2 0.48906249999999996 0.8703125 0.4671875 0.8671875 0.46875 0.8796875 0.478125 0.8843749999999999 0.490625 0.8812500000000001 0.48906249999999996 0.8703125
2 0.503125 0.8953125 0.49687499999999996 0.8828125 0.4984375 0.9046875000000001 0.515625 0.90625 0.5171875 0.890625 0.503125 0.8953125