3 0.37291420432692307 0.5316964302884615 0.37801388942307695 0.5290951538461539 0.37900289903846157 0.5199040649038461 0.364762625 0.5010058028846154 0.3494009927884615 0.4946363918269231 0.3480185408653846 0.4979986442307692 0.3353520432692308 0.5024157379807692 0.2890319423076923 0.5049907115384615 0.2778140745192308 0.5043766706730769 0.27357104807692306 0.5011246225961539 0.2672212572115385 0.5037503894230769 0.26606681490384615 0.5171136802884615 0.28481840625 0.51674634375 0.2888298221153846 0.5258394783653846 0.2996837331730769 0.5356323629807692 0.37291420432692307 0.5316964302884615
3 0.36616017067307693 0.576019733173077 0.3579683076923077 0.5778477908653846 0.30385338461538464 0.5722375408653846 0.29651818509615385 0.5682122740384615 0.2791454471153846 0.5810594831730769 0.2698689110576923 0.5787398269230769 0.2688137283653846 0.5895997980769231 0.2772997764423077 0.5961038990384615 0.3033865697115385 0.5997618293269231 0.34095592788461543 0.5973582764423078 0.3775729615384616 0.5874692524038462 0.3814887163461539 0.5832235841346154 0.36616017067307693 0.576019733173077
3 0.41286582211538464 0.46921316586538464 0.4092809399038462 0.4651144326923077 0.37108652644230766 0.4675302307692308 0.3697371610576923 0.47005803846153843 0.3929892716346154 0.4979514783653846 0.39565131971153844 0.5095724230769231 0.4023945600961539 0.5127754951923077 0.41101295192307696 0.5159418317307692 0.42104688942307694 0.5149114783653845 0.42095482692307695 0.48573055288461536 0.41552787019230764 0.4808341129807693 0.41286582211538464 0.46921316586538464
0 0.3972143028846154 0.5804141466346153 0.40136166586538463 0.5703273966346154 0.3963612403846154 0.5704253509615385 0.38257338701923077 0.587371295673077 0.38214325961538465 0.5982190192307693 0.3868789855769231 0.6047965865384616 0.3950377620192308 0.6038029687500001 0.40517095913461537 0.6002692932692308 0.4117854471153847 0.5909680048076923 0.4000417860576923 0.5878628870192307 0.3972143028846154 0.5804141466346153
0 0.40729572355769234 0.5151808581730769 0.39920311778846157 0.5145055961538462 0.39380565144230767 0.5246168389423077 0.39205924038461537 0.5371579326923077 0.4013983509615385 0.5536508317307692 0.41755047115384614 0.5558357932692307 0.42518345432692306 0.5523510985576923 0.42337446875 0.550718951923077 0.4254812355769231 0.5448411346153846 0.42071601923076923 0.5232558846153846 0.40729572355769234 0.5151808581730769
3 0.3076059086538461 0.2728326033653846 0.31207693990384616 0.2860856947115385 0.3122056923076923 0.29859005528846155 0.34135517307692304 0.2880135216346154 0.37194968990384614 0.28824798076923075 0.39461703365384615 0.28363497596153847 0.42317095192307697 0.2880783725961539 0.4269320673076923 0.24047853365384614 0.42526623076923076 0.18798225240384614 0.41411453605769233 0.1856993341346154 0.31328246875 0.19267734374999998 0.30712399759615383 0.22198071394230767 0.31719102403846156 0.22011592307692307 0.32515127644230774 0.22412894471153846 0.33077315384615386 0.23986086778846155 0.3257360456730769 0.25663538942307695 0.3076059086538461 0.2728326033653846
3 0.3212033245192308 0 0.31812755528846154 0.007480545673076923 0.3154913990384615 0.026709408653846155 0.3287793485576923 0.038122197115384615 0.3340041826923077 0.06386740384615384 0.3780520841346154 0.07134244951923077 0.39028844711538463 0.07777307932692307 0.3928512355769231 0.09189734615384615 0.4111798942307692 0.07069348798076923 0.47237611778846156 0.03947815865384615 0.4750748533653846 0.034422536057692306 0.4615552932692308 0.028850834134615384 0.4399467331730769 0.006761745192307693 0.4307694567307693 0.0019387692307692309 0.4306480528846154 0 0.41151239663461536 0 0.39211182932692307 0.016036733173076922 0.3788864519230769 0.0187971875 0.34394965625 0.017814 0.33470620673076923 0.014659908653846154 0.3292461634615385 0.01059790625 0.3345790769230769 0 0.3212033245192308 0
3 0.38929223798076923 0.1186484158653846 0.38791338461538466 0.10616854326923077 0.3908437283653846 0.0952718389423077 0.38340926682692306 0.09374989182692307 0.3637679230769231 0.10080499759615386 0.3381076610576923 0.10214146153846154 0.3321844014423077 0.10976162740384615 0.3323793221153846 0.12059710817307692 0.3365230865384615 0.12635248076923078 0.35379296634615387 0.13185071634615386 0.3598118870192308 0.13756935336538462 0.38333589423076925 0.12710302163461537 0.38929223798076923 0.1186484158653846
3 0.4900989375 0 0.48721915625 0.011672245192307694 0.49283743750000003 0.04324629086538461 0.5015220024038461 0.04474375 0.5020689783653846 0.02581428846153846 0.506305610576923 0.0010168557692307692 0.50661703125 0 0.4900989375 0
3 0.4845872908653846 0.15680365625 0.49156213701923074 0.15416564423076923 0.4950182716346154 0.14576001923076923 0.4952498822115385 0.13991893509615386 0.4899221875 0.13251917067307692 0.4800867716346154 0.12854288221153845 0.4641295769230769 0.13719339903846153 0.46462228125 0.14051891586538462 0.4845872908653846 0.15680365625
2 0.5788494519230769 0.2525107980769231 0.5885561201923077 0.24398272355769232 0.5896443918269231 0.2322883125 0.5844484807692308 0.22706217067307694 0.5799082355769231 0.22580870432692307 0.5592298557692308 0.2309013653846154 0.5471738677884616 0.2322865048076923 0.5424014519230769 0.24238549759615385 0.5315770264423076 0.24760029807692308 0.5369378125 0.2541656201923077 0.5424971153846154 0.2557243004807692 0.5543069495192308 0.25716053365384617 0.5606898269230769 0.2537003269230769 0.5788494519230769 0.2525107980769231
2 0.566311704326923 0.26943225 0.5694664591346154 0.2843787139423077 0.58061815625 0.28666163461538463 0.5930861298076923 0.2872511826923077 0.6001602355769231 0.28210985096153846 0.6029913173076923 0.2737164663461539 0.60361996875 0.2578620985576923 0.6012521033653846 0.25457331730769234 0.5602927836538462 0.26371361298076923 0.566311704326923 0.26943225
2 0.6352689687499999 0.10549191586538462 0.6290184375 0.10561436057692308 0.626385875 0.10900110096153846 0.6334894687499999 0.11886745192307693 0.6920790240384616 0.12188867067307692 0.7210925625000001 0.13049202163461537 0.732637701923077 0.13860378125 0.7463521850961539 0.15501096153846156 0.7544778725961538 0.15485178365384614 0.7590517668269231 0.14975943269230768 0.7639932139423077 0.11964610817307693 0.7620554807692308 0.10550959615384616 0.7548526274038461 0.0981465673076923 0.7333066370192308 0.09023072355769231 0.7115290408653846 0.08815596153846153 0.6593921370192307 0.06416353125 0.6457402331730768 0.0619295889423077 0.64070671875 0.06286198557692307 0.6403391634615385 0.08788295432692307 0.6352689687499999 0.10549191586538462
2 0.6553915192307692 0.007544028846153846 0.645420158653846 0.022747620192307694 0.621796889423077 0.0357172764423077 0.6069243677884615 0.04851550721153846 0.6061669663461539 0.05186551201923077 0.6153442403846154 0.05668848798076923 0.6278783870192307 0.05560915625 0.643831983173077 0.06280076201923077 0.6677049326923077 0.059868413461538456 0.67804446875 0.06629951442307692 0.691825125 0.08103782211538461 0.701627451923077 0.08584855288461538 0.7060359110576923 0.08492839903846153 0.70883390625 0.07736945913461539 0.7092971225961539 0.06568728846153846 0.7033810625 0.04162320913461538 0.6857839110576923 0.028627254807692307 0.6816401490384615 0.022871879807692307 0.6830556899038461 0.018675189903846152 0.67960315625 0.011238692307692309 0.6705582283653846 0.0030779567307692305 0.6553915192307692 0.007544028846153846