2 0.7997130913461539 0.566562266826923 0.8012035889423077 0.5493719086538461 0.7921222644230769 0.5461274134615385 0.7875143245192308 0.5632781129807692 0.7997130913461539 0.566562266826923
1 0.5968794831730769 0.6922695673076924 0.5795980528846154 0.693614204326923 0.572550173076923 0.7029114495192308 0.5805475024038461 0.7186580240384616 0.5955244855769231 0.7078971682692308 0.5968794831730769 0.6922695673076924
1 0.7921260625000001 0.6900599615384616 0.7923288389423077 0.6697242524038463 0.7703712500000001 0.6710094038461538 0.7747091370192307 0.692967358173077 0.7921260625000001 0.6900599615384616
1 0.43640042788461536 0.7434204663461539 0.41078339903846156 0.7509169975961538 0.41695100721153844 0.7697692644230769 0.4278620504807692 0.7699080697115386 0.43633315384615384 0.7621934182692307 0.43640042788461536 0.7434204663461539
3 0.5784431201923077 0.6092284711538462 0.5765459879807693 0.6028353221153846 0.5688206105769231 0.6199463653846154 0.5698523389423077 0.6376162524038461 0.5692958100961538 0.6504598413461539 0.5660280649038462 0.6560050408653846 0.5637536370192308 0.6693868629807693 0.5687542836538462 0.6747024495192308 0.5765478870192308 0.6748015985576923 0.5760247908653846 0.66283759375 0.575903891826923 0.6449571346153846 0.5748622716346155 0.6248277524038461 0.5784431201923077 0.6092284711538462
3 0.6028426850961538 0.66206171875 0.6015831490384616 0.6508705865384615 0.6025026490384615 0.6402656971153846 0.6075850384615384 0.6330664567307692 0.6068352163461539 0.6095896610576923 0.6051449591346154 0.5969412115384615 0.5912519735576923 0.5951999855769231 0.5890930576923077 0.6149522884615385 0.5917558966346154 0.6228085817307693 0.5905945312499999 0.636203 0.5875262091346154 0.6561674543269231 0.5892636177884616 0.6579777620192307 0.5904504951923077 0.6764318653846153 0.5962692572115385 0.6813104182692308 0.6065700793269231 0.6704900745192308 0.6028426850961538 0.66206171875
1 0.6989439471153845 0.7749211418269231 0.6716999735576923 0.7651876538461538 0.6749538629807692 0.7996476923076923 0.6841706875 0.8013294278846155 0.6944715096153846 0.7905090841346154 0.6989439471153845 0.7749211418269231
3 0.45272921875 0.6193628173076923 0.4578785432692308 0.5496977211538462 0.4622827572115385 0.5168995937499999 0.45672537259615387 0.5090064759615385 0.4189095769230769 0.5132188485576923 0.38414489903846155 0.57222696875 0.3899060096153846 0.5957675144230768 0.3795379110576923 0.6253608076923077 0.38150407932692304 0.6566754927884616 0.38692596634615384 0.6661313701923077 0.40590161298076927 0.6632438028846154 0.4170532355769231 0.6066168149038462 0.43128673557692304 0.6481456274038462 0.44615735096153847 0.6668848894230769 0.46126983413461536 0.6545612740384615 0.45272921875 0.6193628173076923
0 0.3409072211538462 0.5669834639423077 0.3438218870192308 0.5873588341346154 0.35290321153846155 0.590603329326923 0.35968009375 0.5844316081730769 0.3623900841346154 0.5531764086538462 0.3507333173076923 0.5436412139423077 0.3409072211538462 0.5669834639423077
3 0 0.6950262451923077 0.004023632211538461 0.6909854399038462 0.011003286057692307 0.6644780072115384 0.016762495192307693 0.6160522788461538 0 0.6100635216346154 0 0.6950262451923077
2 0.4790183870192308 0.3778734423076923 0.4822031033653846 0.35914015384615383 0.46234623076923076 0.35419409375 0.4574672956730769 0.3744703125 0.4790183870192308 0.3778734423076923
2 0.5793914807692307 0.5700173629807692 0.5837284206730768 0.5559921802884615 0.5640070504807693 0.5494833581730769 0.5657694927884616 0.5651506177884615 0.5793914807692307 0.5700173629807692
0 0.48457862019230774 0.49371597596153843 0.4770560144230769 0.4904913076923077 0.4635022548076923 0.5028347524038461 0.46546842307692304 0.5341494399038461 0.46804386538461534 0.5404401394230769 0.4844440697115384 0.5312618725961539 0.4881707860576923 0.5062775408653846 0.48457862019230774 0.49371597596153843
1 0.41525583653846154 0.7353290576923077 0.4260313822115384 0.7370306225961538 0.44466780528846156 0.7200583870192308 0.44920751682692306 0.6856974951923077 0.43748252403846155 0.6589521129807692 0.43165414182692313 0.6541845144230769 0.4125429951923077 0.6586348413461539 0.4029878966346154 0.6788515745192308 0.40400556971153845 0.7211055817307692 0.41525583653846154 0.7353290576923077
2 0.34429186057692307 0.4199650528846154 0.3464608052884615 0.43094403125 0.3709938365384616 0.43594958173076925 0.3862418197115384 0.42206320673076925 0.38590259375 0.4079785384615385 0.35445718269230764 0.41070747115384615 0.34429186057692307 0.4199650528846154
0 0.7032780360576923 0.6529465504807692 0.70659825 0.6326505 0.6875543798076923 0.6183278774038462 0.6845733870192308 0.6527085985576923 0.7032780360576923 0.6529465504807692