1 0.85625 0.1953125 0.8671875 0.16875 0.8671875 0.15 0.8484375 0.09843750000000001 0.8140624999999999 0.08906249999999999 0.79375 0.1109375 0.784375 0.140625 0.78125 0.1828125 0.7953125000000001 0.2109375 0.825 0.2140625 0.85625 0.1953125
2 0.2640625 0.375 0.2671875 0.38593750000000004 0.2921875 0.3828125 0.284375 0.3734375 0.2640625 0.375
1 0.3125 0.2234375 0.303125 0.2234375 0.3015625 0.2375 0.3125 0.2421875 0.31718749999999996 0.23125 0.3125 0.2234375
2 0.30937499999999996 0.375 0.30781250000000004 0.38749999999999996 0.3265625 0.38749999999999996 0.32499999999999996 0.3765625 0.30937499999999996 0.375
1 0.2109375 0.4546875 0.22031250000000002 0.44218749999999996 0.21250000000000002 0.4046875 0.203125 0.39531249999999996 0.1765625 0.3984375 0.175 0.41718750000000004 0.184375 0.44843750000000004 0.1953125 0.45625000000000004 0.2109375 0.4546875
2 0.375 0.8578125000000001 0.3734375 0.8859375 0.40625 0.8796875 0.4046875 0.8671875 0.375 0.8578125000000001
2 0.37968749999999996 0.9437500000000001 0.36875 0.89375 0.365625 0.8984375 0.35 0.8968750000000001 0.35468750000000004 0.940625 0.36406249999999996 0.9593750000000001 0.3734375 0.9578125 0.37968749999999996 0.9437500000000001
1 0.6296875 0.3765625 0.6140625 0.353125 0.596875 0.35468750000000004 0.5953125 0.37812500000000004 0.6140625 0.37031250000000004 0.621875 0.37812500000000004 0.6296875 0.3765625
1 0.428125 0.40156250000000004 0.4140625 0.37968749999999996 0.4 0.37812500000000004 0.3890625 0.390625 0.38749999999999996 0.4203125 0.3921875 0.428125 0.428125 0.415625 0.428125 0.40156250000000004
1 0.540625 0.40156250000000004 0.5453125 0.3921875 0.540625 0.37187499999999996 0.525 0.36406249999999996 0.5171875 0.365625 0.50625 0.3828125 0.5078125 0.4078125 0.51953125 0.3958328125 0.5359375 0.39375000000000004 0.540625 0.40156250000000004
1 0.384375 0.428125 0.384375 0.415625 0.359375 0.3984375 0.3453125 0.40312499999999996 0.3359375 0.41874999999999996 0.334375 0.43437499999999996 0.34375 0.4609375 0.36406249999999996 0.43437499999999996 0.384375 0.428125
2 0.765625 0.9203125000000001 0.8046875 0.940625 0.8359375 0.9359375000000001 0.8359375 0.921875 0.809375 0.89375 0.76875 0.8859375 0.7578125 0.8953125 0.7328125000000001 0.89375 0.7250000000000001 0.8875 0.7140625 0.890625 0.7140625 0.90625 0.734375 0.9140625 0.7421875 0.9234374999999999 0.765625 0.9203125000000001
2 0.5015625 0.7703125 0.48124999999999996 0.76875 0.478125 0.778125 0.4765625 0.796875 0.484375 0.8031250000000001 0.49687499999999996 0.7906249999999999 0.5015625 0.7703125
2 0.5421875 0.815625 0.546875 0.8062499999999999 0.5421875 0.7765625 0.53125 0.7749999999999999 0.521875 0.778125 0.525 0.8 0.5328125 0.8125 0.5421875 0.815625
2 0.246875 0.7328125000000001 0.2421875 0.715625 0.221875 0.73125 0.2265625 0.7484375000000001 0.2375 0.7484375000000001 0.246875 0.7328125000000001
2 0.21718749999999998 0.75 0.20937499999999998 0.7281249999999999 0.190625 0.7265625 0.171875 0.7359374999999999 0.17031249999999998 0.75 0.1765625 0.7562500000000001 0.2078125 0.7562500000000001 0.21718749999999998 0.75
1 0.25625 0.21718749999999998 0.25625 0.234375 0.26875 0.23593750000000002 0.2703125 0.22031250000000002 0.25625 0.21718749999999998
2 0.42500000000000004 0.8359375 0.4375 0.8265625000000001 0.45781249999999996 0.828125 0.4625 0.8218749999999999 0.453125 0.8015625 0.43437499999999996 0.8031250000000001 0.42500000000000004 0.8109375000000001 0.40625 0.809375 0.4 0.8265625000000001 0.41093749999999996 0.859375 0.4234375 0.8578125000000001 0.42500000000000004 0.8359375
1 0.175 0.11875 0.16875 0.0765625 0.1421875 0.0734375 0.1328125 0.08906249999999999 0.1296875 0.10468749999999999 0.134375 0.1109375 0.16562500000000002 0.12187500000000001 0.175 0.11875
2 0.5734375 0.765625 0.565625 0.778125 0.5625 0.7984374999999999 0.575 0.8 0.590625 0.7703125 0.5734375 0.765625
2 0.6468750000000001 0.7875000000000001 0.6375 0.7718750000000001 0.6156250000000001 0.7718750000000001 0.6171875 0.7859375 0.6343749999999999 0.8031250000000001 0.6453125 0.8046875 0.6468750000000001 0.7875000000000001