2 0.7819565649038461 0.5177915072115384 0.7714111778846154 0.515036485576923 0.7347067596153847 0.5283521225961538 0.7226817259615385 0.5444135576923077 0.7184004086538462 0.5708270889423077 0.722272266826923 0.5760031370192308 0.7770453509615384 0.5868423870192307 0.7819565649038461 0.5177915072115384
0 0.5390026033653846 0.5635215793269231 0.5308180192307692 0.5752650264423077 0.5393172596153846 0.5809559110576923 0.5770918605769231 0.5804133918269231 0.5847413533653846 0.5622833846153846 0.56698734375 0.5555628269230769 0.5390026033653846 0.5635215793269231
2 0.7235937115384616 0.6647285336538461 0.7002363557692307 0.6732021225961538 0.6976865264423077 0.6792454567307692 0.6909495985576922 0.7401844278846154 0.7025337668269231 0.7462185360576924 0.7344217716346153 0.7529298677884615 0.73876590625 0.74550440625 0.7531523221153846 0.6664354302884615 0.7494380841346153 0.6312235384615386 0.74097025 0.6350266923076924 0.7235937115384616 0.6647285336538461
3 0.4557434110576923 0.2537245 0.4850501802884616 0.25698512980769234 0.5238949663461538 0.26921573317307695 0.5840509615384616 0.27590861057692306 0.6113429927884615 0.2915991394230769 0.60281234375 0.2764142211538462 0.5939152307692308 0.24235138701923079 0.6026238966346154 0.21945001201923078 0.5563186442307692 0.20480761298076924 0.5028361778846153 0.19569370913461537 0.46172481009615385 0.19744674038461538 0.4452928269230769 0.2019455673076923 0.42095950961538464 0.22612813701923076 0.4084621995192308 0.2547910793269231 0.4241700625 0.2644475 0.4557434110576923 0.2537245
0 0.59314753125 0.3844801394230769 0.5907867283653846 0.3699816682692308 0.5792025649038461 0.36394756009615387 0.5537676514423077 0.36586297355769226 0.5301898629807693 0.38538433413461537 0.5474401875 0.3952123677884615 0.5816261826923077 0.3974341009615384 0.59314753125 0.3844801394230769
3 0.5788250913461538 0.3275251586538461 0.5928334543269231 0.2895397932692308 0.5868840432692308 0.2778055721153846 0.4526584879807692 0.2533812764423077 0.4223757596153846 0.26582962499999996 0.4078008966346154 0.2879343966346154 0.40377141826923074 0.31279418990384616 0.4458901538461539 0.3048262091346154 0.48139817548076924 0.31826732451923073 0.5488884254807692 0.366901875 0.5573562620192308 0.36309872596153847 0.5788250913461538 0.3275251586538461
1 0.30782125 0.6722499663461539 0.3237495480769231 0.6708586129807692 0.32390717067307695 0.6408227740384616 0.3350824519230769 0.6009404471153846 0.33121059374999995 0.5957643990384616 0.31323614903846153 0.6000916105769231 0.2909803846153846 0.6308323557692308 0.2918301346153846 0.6546532475961538 0.30782125 0.6722499663461539
3 0.5450159903846153 0.4392318413461539 0.5411441298076923 0.4340557932692307 0.4781870480769231 0.42791332932692305 0.46216080769230766 0.45632758653846156 0.4084752235576923 0.4704871995192308 0.37828446875000005 0.45418628365384617 0.37641541346153845 0.4331276177884615 0.34701384375 0.47889089663461537 0.3419455889423077 0.5004716009615385 0.35267942307692307 0.5601908317307692 0.3650505216346154 0.5710577620192308 0.5069883846153846 0.596340125 0.5150473389423077 0.5466205384615385 0.5450159903846153 0.4392318413461539
2 0.82136959375 0.3133846658653846 0.8195438822115384 0.3052727548076923 0.8105409543269231 0.30268934615384613 0.7820211225961539 0.30426153846153847 0.7691457572115384 0.37400809134615387 0.7705305985576923 0.40421554567307694 0.762377423076923 0.4254530288461539 0.7791240649038461 0.43838853365384617 0.7864269110576922 0.4708361730769231 0.7987666009615384 0.4722090697115385 0.8076438990384616 0.4368163413461538 0.811096514423077 0.36707645432692304 0.82136959375 0.3133846658653846
2 0.7336999711538461 0.4570610576923077 0.7286003100961539 0.4691477307692308 0.732031298076923 0.4964193221153846 0.7855451730769231 0.5150272596153846 0.7957130865384615 0.4813598798076923 0.7786203822115384 0.4414960072115385 0.7336999711538461 0.4570610576923077
0 0.6257922259615385 0.23151823076923075 0.6016165264423077 0.22566496153846155 0.5870730697115385 0.2572637668269231 0.6032846201923077 0.2638127139423077 0.6202202860576923 0.2562064110576923 0.6266105673076924 0.2458450889423077 0.6257922259615385 0.23151823076923075
1 0.3200678774038461 0.49012873076923075 0.34676257932692306 0.4029386201923077 0.3277493581730769 0.40398674519230765 0.2982849711538461 0.4307619543269231 0.2924611923076923 0.4570038725961538 0.3038563293269231 0.48357978605769236 0.3162274278846154 0.49444671874999996 0.3200678774038461 0.49012873076923075
1 0.32718343749999995 0.3106001370192307 0.3262702932692308 0.3452971875 0.33920789182692307 0.3720447163461538 0.3523345192307692 0.3782504375 0.3582211129807692 0.37099658894230764 0.3537513485576923 0.3404459110576923 0.3621877740384616 0.3271487283653846 0.3671932115384615 0.2865799519230769 0.3443395408653846 0.29194606490384617 0.32718343749999995 0.3106001370192307
3 0.5386559567307693 0.6140992259615385 0.5306603990384615 0.6053008677884615 0.44144947596153844 0.5937936225961539 0.3878093918269231 0.6147155576923077 0.3840631658653846 0.6475156490384616 0.3681976826923077 0.6678950697115386 0.3621220576923077 0.6956907259615386 0.3753429086538462 0.7303785504807692 0.4083639158653846 0.7688510721153846 0.4289195985576923 0.7679745552884616 0.4529696682692308 0.7358516875000001 0.5195159447115384 0.7321832427884616 0.5386559567307693 0.6140992259615385
2 0.7597659375 0.25749626682692306 0.7526201322115385 0.27251880048076926 0.7555160264423078 0.2934038317307692 0.783815423076923 0.3028794110576923 0.8136258774038462 0.30303256971153847 0.816868420673077 0.2733399543269231 0.7597659375 0.25749626682692306
0 0.47037761057692307 0.7156438798076923 0.47755482692307694 0.7101153798076923 0.48004184134615385 0.6850839759615385 0.4622878317307692 0.6783634182692307 0.4512701658653846 0.6882099038461539 0.4513329807692308 0.7071979711538462 0.46087100000000003 0.7161679423076923 0.47037761057692307 0.7156438798076923