1 0.5828125 0.721875 0.58125 0.7124999999999999 0.5515625 0.6875 0.525 0.684375 0.49687499999999996 0.7 0.490625 0.7234375 0.5015625 0.7390625 0.575 0.7296875 0.5828125 0.721875
1 0.734375 0.609375 0.75 0.59375 0.7406250000000001 0.5703125 0.71875 0.5640625 0.6984375 0.565625 0.6781250000000001 0.584375 0.675 0.590625 0.6812499999999999 0.5984375 0.7265625 0.609375 0.734375 0.609375
1 0.76875 0.4984375 0.76875 0.484375 0.7562500000000001 0.4765625 0.7421875 0.478125 0.7281249999999999 0.48906249999999996 0.7250000000000001 0.4984375 0.7562500000000001 0.503125 0.7578125 0.5078125 0.76875 0.4984375
1 0.7375 0.41718750000000004 0.7203124999999999 0.40625 0.7078125 0.40937500000000004 0.6968749999999999 0.421875 0.6953125 0.428125 0.703125 0.43281250000000004 0.7281249999999999 0.43281250000000004 0.7375 0.41718750000000004
1 0.1421875 0.4359375 0.134375 0.4234375 0.115625 0.4140625 0.0921875 0.41718750000000004 0.0859375 0.42500000000000004 0.084375 0.4390625 0.09375 0.446875 0.134375 0.446875 0.1421875 0.4359375
1 0.034375 0.34687500000000004 0.015625 0.35 0.0125 0.365625 0.01875 0.37031250000000004 0.048437499999999994 0.3578125 0.034375 0.34687500000000004
2 0.1796875 0.5984375 0.15 0.6 0.1609375 0.6296875 0.18125000000000002 0.6375 0.1921875 0.6343749999999999 0.1796875 0.5984375
3 0.7281249999999999 0.4375 0.7296875 0.4828125 0.7562500000000001 0.475 0.7453125 0.4390625 0.7281249999999999 0.4375
3 0.7046874999999999 0.46640625 0.7093750000000001 0.4453125 0.7046874999999999 0.4375 0.6953125 0.44062500000000004 0.690625 0.45625000000000004 0.6890624999999999 0.5046875 0.6953125 0.5046875 0.7093750000000001 0.49687499999999996 0.7046874999999999 0.46640625
3 0.7140625 0.7953125000000001 0.721875 0.8015625 0.7437499999999999 0.778125 0.7484375000000001 0.65625 0.7359374999999999 0.621875 0.690625 0.6078125 0.6390625000000001 0.6171875 0.6171875 0.6343749999999999 0.603125 0.6937500000000001 0.603125 0.796875 0.659375 0.7953125000000001 0.7046874999999999 0.8031250000000001 0.7140625 0.7953125000000001
3 0.7140625 0.5046875 0.6984375 0.53125 0.6968749999999999 0.5609375 0.7203124999999999 0.5609375 0.7250000000000001 0.5015625 0.7140625 0.5046875
3 0.5015625 0.8843749999999999 0.53125 0.8984375 0.5703125 0.8921874999999999 0.5765625 0.8640625 0.565625 0.8218749999999999 0.565625 0.7890625 0.5796875 0.7703125 0.5671875 0.7593749999999999 0.5171875 0.7578125 0.5015625 0.7421875 0.48906249999999996 0.7437499999999999 0.4765625 0.7609375 0.475 0.7828124999999999 0.4859375 0.8109375000000001 0.490625 0.859375 0.5015625 0.8843749999999999
3 0.1171875 0.525 0.13125 0.546875 0.140625 0.553125 0.16875 0.5484375 0.1234375 0.475 0.09687499999999999 0.4546875 0.08281250000000001 0.4625 0.08124999999999999 0.46875 0.09062500000000001 0.46875 0.10468749999999999 0.4828125 0.1171875 0.525
3 0.184375 0.5359375 0.18593749999999998 0.528125 0.16249999999999998 0.475 0.140625 0.45625000000000004 0.1421875 0.4671875 0.17031249999999998 0.50625 0.175 0.5328125 0.184375 0.5359375