2 0.6734374999999999 0.8374999999999999 0.6703125000000001 0.7906249999999999 0.6390625000000001 0.7875000000000001 0.6296875 0.7984374999999999 0.625 0.8203125 0.6234375000000001 0.8359375 0.6328125 0.8500000000000001 0.66875 0.8453124999999999 0.6734374999999999 0.8374999999999999
2 0.603125 0.9312499999999999 0.609375 0.9140625 0.6046875 0.8796875 0.5796875 0.8812500000000001 0.575 0.890625 0.578125 0.925 0.5875 0.9328125 0.603125 0.9312499999999999
2 0.5640625 0.871875 0.5390625 0.871875 0.525 0.8875 0.525 0.9265625 0.5546875 0.9296875 0.565625 0.8999999999999999 0.5640625 0.871875
2 0.4359375 0.8328125 0.43437499999999996 0.8031250000000001 0.41093749999999996 0.8125 0.40625 0.815625 0.40937500000000004 0.8374999999999999 0.428125 0.84375 0.4359375 0.8328125
2 0.15 0.815625 0.15468749999999998 0.8453124999999999 0.18125000000000002 0.8484375 0.184375 0.809375 0.15 0.815625
2 0.2234375 0.796875 0.215625 0.7890625 0.1921875 0.7921875 0.1875 0.8296874999999999 0.20468750000000002 0.8374999999999999 0.2140625 0.828125 0.2234375 0.796875
1 0.721875 0.265625 0.71875 0.24062499999999998 0.6921875 0.203125 0.6765625 0.20156249999999998 0.6625000000000001 0.2140625 0.653125 0.23593750000000002 0.6609375 0.259375 0.7015625000000001 0.271875 0.721875 0.265625
3 0.18125000000000002 0.5609375 0.2140625 0.5640625 0.246875 0.5765625 0.265625 0.50625 0.2671875 0.4234375 0.2546875 0.3453125 0.23125 0.31718749999999996 0.1609375 0.303125 0.134375 0.321875 0.12187500000000001 0.3453125 0.10468749999999999 0.43125 0.1 0.515625 0.11249999999999999 0.5609375 0.13125 0.5703125 0.18125000000000002 0.5609375
3 0.321875 0.6140625 0.365625 0.6140625 0.3734375 0.60625 0.3765625 0.5703125 0.40937500000000004 0.5578125 0.43437499999999996 0.5609375 0.4390625 0.55625 0.44375 0.48750000000000004 0.459375 0.4234375 0.459375 0.3828125 0.43437499999999996 0.3203125 0.41093749999999996 0.303125 0.39531249999999996 0.2765625 0.3890625 0.328125 0.37968749999999996 0.3453125 0.353125 0.33906250000000004 0.3296875 0.3125 0.2984375 0.3453125 0.2828125 0.39375000000000004 0.271875 0.475 0.26875 0.55 0.29375 0.56875 0.31875 0.5669640625 0.321875 0.6140625
3 0.4984375 0.5984375 0.509375 0.603125 0.55625 0.596875 0.571875 0.5859375 0.6703125000000001 0.5609375 0.671875 0.5328125 0.65625 0.415625 0.6343749999999999 0.32499999999999996 0.621875 0.303125 0.596875 0.28125 0.5796875 0.2828125 0.575 0.296875 0.5546875 0.30937499999999996 0.53125 0.2828125 0.528125 0.2609375 0.51875 0.2796875 0.48124999999999996 0.321875 0.47343749999999996 0.34062499999999996 0.44843750000000004 0.5015625 0.44999999999999996 0.559375 0.4859375 0.559375 0.4921875 0.565625 0.4984375 0.5984375
3 0.7578125 0.55 0.7609375 0.5328125 0.75 0.44765625 0.7890625 0.40312499999999996 0.7859375 0.35468750000000004 0.7749999999999999 0.3125 0.7671874999999999 0.3046875 0.6609375 0.296875 0.6390625000000001 0.31875 0.6375 0.334375 0.6796875 0.5515625 0.684375 0.55625 0.7578125 0.55