3 0.5093257139423076 0.8774853653846153 0.48769708653846155 0.9022156923076923 0.48753038942307697 0.9147227692307692 0.5195010264423077 0.9130639975961539 0.5335728293269231 0.9226335264423077 0.5619664735576924 0.9230119615384615 0.640187920673077 0.913630096153846 0.6705506490384615 0.89944059375 0.6742387692307692 0.8890653365384615 0.6336590528846154 0.8708029759615384 0.5682071153846153 0.8542939927884615 0.5397856850961539 0.8560000697115384 0.5112392307692308 0.8670864543269231 0.5093257139423076 0.8774853653846153
3 0.6560517115384615 0.7887485432692307 0.5424354495192307 0.7903615673076924 0.5210012980769231 0.8005003052884615 0.52768296875 0.8318626057692308 0.5791742355769232 0.8304640096153846 0.6571873100961538 0.8367159927884615 0.6892412956730769 0.8288036826923076 0.7034103365384615 0.8310774134615385 0.7052543966346154 0.8258897836538461 0.73558934375 0.8137847956730769 0.7556100697115385 0.7765237379807692 0.7538771394230769 0.7733733197115384 0.7343287235576923 0.7751976538461538 0.6560517115384615 0.7887485432692307
3 0.6854281538461537 0.84855925 0.6783575240384615 0.8463801274038462 0.6498666370192308 0.853297485576923 0.589627375 0.8451975120192308 0.5557987860576923 0.8530861706730769 0.6213062932692307 0.865426125 0.6548570504807691 0.8783825985576923 0.6727142115384616 0.8702810673076923 0.6854281538461537 0.84855925
3 0.5491136201923077 0.9551563437499999 0.46932594230769226 0.9488807091346154 0.4247802788461538 0.961838735576923 0.5641705168269231 0.9636965600961538 0.5821487524038461 0.9623648389423077 0.5491136201923077 0.9551563437499999
3 0.6935476346153846 0.5057041923076923 0.6528012235576923 0.49994890625 0.5338472596153846 0.5025332283653846 0.5298674182692308 0.5347958725961539 0.5511348725961539 0.5371642139423077 0.5652066730769231 0.5467337403846154 0.5650538677884616 0.5581985600961539 0.5560836153846154 0.56537609375 0.5629041947115385 0.5863158317307693 0.6125930793269231 0.5869780961538461 0.7014760336538461 0.5766958894230769 0.7280950793269232 0.577050673076923 0.7583188942307693 0.5732837379807691 0.7761621658653847 0.5662244663461539 0.7888066490384615 0.5497139302884615 0.7678031298076923 0.5275427163461539 0.6935476346153846 0.5057041923076923
3 0.5729579807692308 0.4978422956730769 0.6528290072115385 0.4978643942307693 0.7466190288461539 0.5189208365384615 0.7662369014423077 0.5118852163461539 0.7716579471153846 0.5046603774038462 0.7433754302884614 0.49594389182692306 0.7346552211538462 0.4843608076923077 0.6529401370192307 0.4895263413461538 0.5696032572115385 0.4832034014423077 0.5623798197115385 0.4924891009615384 0.5729579807692308 0.4978422956730769
3 0.8013573894230769 0.4070667115384615 0.7908903581730768 0.39337546634615383 0.6739332596153846 0.37930733653846155 0.6242582692307692 0.3776028149038462 0.6028796850961539 0.38357252644230766 0.5993860432692307 0.3793561971153846 0.572767 0.3790014134615385 0.5563093725961539 0.4152675144230769 0.562838235576923 0.45809463942307693 0.5858247283653847 0.46465565625 0.6036124302884616 0.4617654110576923 0.6088667836538462 0.4670476490384615 0.6425564567307693 0.4695815552884615 0.7438338485576923 0.4615494302884615 0.7846219350961537 0.4641779423076923 0.7972108533653847 0.45183643269230767 0.7601664543269231 0.4346636322115385 0.7514323509615385 0.4241228076923077 0.8013573894230769 0.4070667115384615
3 0.6752008798076923 0.1510295264423077 0.6329160192307692 0.1275322283653846 0.6116068918269231 0.12829066105769232 0.593596923076923 0.14785700961538462 0.5615985048076924 0.15160029326923077 0.5475961586538461 0.13681948557692308 0.5103433894230769 0.13528052884615385 0.5142780576923077 0.2395771298076923 0.5017447067307692 0.24774961538461537 0.5105482620192308 0.25307915865384617 0.7233755961538461 0.2652977403846154 0.7500779903846154 0.2593989855769231 0.8197042499999999 0.22905373317307692 0.8217150072115385 0.21135902884615382 0.7902166778846154 0.17758107932692307 0.7283834014423077 0.15590812259615383 0.6973139567307692 0.1565364639423077 0.6752008798076923 0.1510295264423077
3 0.8223956850961538 0.1602884639423077 0.7834238774038462 0.15455683173076923 0.7854485264423077 0.13581986778846153 0.8263338509615384 0.13115258653846154 0.8281640216346153 0.12700721394230768 0.8072021754807692 0.10170923317307692 0.789581170673077 0.0920924014423077 0.6334855649038461 0.08479971875 0.6068109543269231 0.0886139591346154 0.5962050120192308 0.08534527403846154 0.5890510336538461 0.0894196923076923 0.5943192788461539 0.09365967548076924 0.5836438774038462 0.09560227403846154 0.5709716129807693 0.11419732211538462 0.5602684254807693 0.11822443509615385 0.5601711875000001 0.12552023076923077 0.6435497427884616 0.1287164014423077 0.6576771129807693 0.13411690384615385 0.6628620048076923 0.14461042307692307 0.6858207139423077 0.15325595432692307 0.7372286322115384 0.1581108966346154 0.795540485576923 0.17765203605769228 0.8223956850961538 0.1602884639423077
3 0.7248029134615385 0.2913778052884615 0.7461259326923078 0.2895771201923077 0.7463620865384615 0.27185875961538464 0.7322486129807693 0.26541600240384616 0.6364061610576923 0.2651810360576923 0.6027442692307692 0.2605626177884615 0.5636752211538462 0.26212678125 0.5424216586538462 0.25871618269230773 0.51219784375 0.2624831201923077 0.5101454110576923 0.2833045985576923 0.5384973846153847 0.2868098028846154 0.5437656298076923 0.29104978605769233 0.5382751201923077 0.3034859038461538 0.5257556610576923 0.31061613221153844 0.5271829783653846 0.33669619471153844 0.67780196875 0.3553827451923077 0.7079980024038461 0.3537003197115384 0.7222642836538462 0.34867825480769227 0.7474143365384616 0.32607974519230765 0.7137663365384616 0.32041906971153844 0.7068624038461538 0.30573287259615384 0.7248029134615385 0.2913778052884615
2 0.21273796634615383 0.09170120192307693 0.22510461778846155 0.09603579567307692 0.3208220480769231 0.1056510673076923 0.3350744375 0.10167126201923077 0.329959 0.0859664591346154 0.3371129783653846 0.08189204086538462 0.3265209254807692 0.07758110336538461 0.27949394471153843 0.07695431730769231 0.2201697716346154 0.06678165625 0.2094943701923077 0.0687242548076923 0.2057784639423077 0.08118402884615385 0.21273796634615383 0.09170120192307693
2 0.15766970673076924 0.09513700721153845 0.14139267067307693 0.11785377884615385 0.1483660576923077 0.12732869471153846 0.2652120264423077 0.149734875 0.29013981490384616 0.14381246634615386 0.32249941346153843 0.11297051682692308 0.29589425721153845 0.11157347596153847 0.21624549519230768 0.09487527644230768 0.20232650240384614 0.07384092788461538 0.2042539110576923 0.06239975961538462 0.19546424278846153 0.05602796153846154 0.17770431971153847 0.056833697115384614 0.1651015120192308 0.07021746153846155 0.15766970673076924 0.09513700721153845
2 0.1778119543269231 0.18192811778846155 0.16330951923076925 0.2046685408653846 0.16660868028846154 0.2234764615384615 0.20556659615384615 0.2302503485576923 0.24108643749999997 0.22863888221153847 0.27474833173076924 0.23325730288461538 0.2696051081730769 0.21963701442307693 0.2858543653846154 0.19900475240384616 0.2770230240384616 0.19575972355769228 0.23089723798076925 0.1941025072115385 0.1991627548076923 0.17804292067307692 0.19028974038461538 0.17792465865384616 0.1778119543269231 0.18192811778846155
2 0.3340985408653846 0.30806168509615384 0.3430132283653846 0.3050531778846154 0.3397279615384615 0.285203 0.28112438701923076 0.2875492451923077 0.2438994014423077 0.2839257764423077 0.23675931249999999 0.28695793750000004 0.23476244951923078 0.30361038942307694 0.24534061057692308 0.30896358653846157 0.27548107692307694 0.3114501875 0.3340985408653846 0.30806168509615384
2 0.2782940360576923 0.36673708173076924 0.3139805769230769 0.35261853605769233 0.3405996201923077 0.3529733197115385 0.33559531490384614 0.32893046875 0.3302853966346154 0.3278172524038461 0.2806381875 0.32402821875 0.26817429326923076 0.3269894230769231 0.2500254110576923 0.3569783365384615 0.25333846634615387 0.37474400240384614 0.2728729903846154 0.3739619182692308 0.2782940360576923 0.36673708173076924
2 0.21038681730769232 0.40127501201923077 0.22269790625000002 0.4097786298076923 0.2902300600961538 0.403381625 0.33282053125 0.40394927884615384 0.3367309134615385 0.3768979134615385 0.25153607692307695 0.3768048605769231 0.2409301346153846 0.37353618028846153 0.21817980048076924 0.34925680048076924 0.20575758173076922 0.3490912355769231 0.20037820432692308 0.35318930288461536 0.21038681730769232 0.40127501201923077
2 0.336064125 0.4269262235576923 0.2207010408653846 0.4264310817307692 0.2009859278846154 0.4407624951923077 0.20077755528846156 0.45639634134615387 0.21493270673076925 0.45971232692307695 0.2558735985576923 0.45087602403846155 0.33747755288461534 0.45404854086538465 0.34995533653846156 0.4500450817307692 0.336064125 0.4269262235576923
2 0.37175416346153844 0.2793752043269231 0.38956964903846153 0.27440044471153846 0.3772724495192307 0.2648545721153846 0.30282247596153844 0.2576076346153846 0.29906489903846156 0.27319418028846154 0.3060799615384615 0.2795423269230769 0.37175416346153844 0.2793752043269231
2 0.2896917908653846 0.31059714903846153 0.28951120192307694 0.32414648317307687 0.3125532596153846 0.32653847596153845 0.33573423076923076 0.31850790144230773 0.3871421514423077 0.32336284375 0.38560369951923074 0.3056208341346154 0.3394640264423077 0.30500587500000004 0.2896917908653846 0.31059714903846153
2 0.2647049375 0.45412105528846153 0.24869183653846155 0.4570349543269231 0.24681999278846153 0.46430709374999996 0.25032752403846154 0.46748116826923075 0.3496914014423077 0.46984795432692306 0.35340730288461536 0.4573881826923077 0.351674375 0.4542377596153846 0.2647049375 0.45412105528846153
2 0.29717216826923076 0.5483735288461539 0.3135464447115384 0.5183609615384616 0.22488575480769232 0.5119670625 0.21432148317307692 0.5055716129807692 0.21095286538461538 0.49197497355769226 0.19850286298076922 0.49389392307692304 0.19499533173076924 0.4907198461538461 0.18601118509615383 0.4989396370192308 0.19248448317307693 0.5459357836538461 0.22792097596153849 0.5505778557692308 0.29717216826923076 0.5483735288461539
2 0.2882713701923077 0.5503397788461538 0.2596137860576923 0.5697642139423077 0.23474156009615385 0.57151759375 0.20109356009615384 0.5658569182692308 0.19396736778846155 0.5678468221153846 0.19388401923076926 0.574100360576923 0.2220137283653846 0.5942816706730769 0.2520013894230769 0.6082330913461539 0.26976131009615384 0.6074273557692308 0.29301173798076924 0.5941855048076923 0.30367324759615383 0.5932851610576922 0.3448364014423077 0.5677727548076923 0.33622732451923076 0.5478516201923077 0.30252375961538464 0.5463599711538462 0.2882713701923077 0.5503397788461538
2 0.25198749759615385 0.6092753461538462 0.25876640865384615 0.6333418533653846 0.35642513942307696 0.6304737043269231 0.36356522596153845 0.6274415432692309 0.36380137740384616 0.6097231850961539 0.25198749759615385 0.6092753461538462
2 0.11627029567307692 0.6710554158653845 0.1996488533653846 0.6742515865384615 0.24229489182692307 0.6706502163461538 0.24588576923076924 0.66757075 0.2353631754807692 0.658048528846154 0.2480215504807692 0.640495733173077 0.2037259326923077 0.6346931466346154 0.1790342980769231 0.6228971923076922 0.1650319519230769 0.6081163846153846 0.1490744158653846 0.6068612596153846 0.13837123317307692 0.6108883725961538 0.11653423557692308 0.6512525408653846 0.11627029567307692 0.6710554158653845
2 0.17880853605769229 0.7730057716346154 0.2766478557692308 0.7565882860576922 0.2909696995192308 0.7473971995192308 0.29302213221153844 0.7265757235576923 0.28957016586538464 0.719232625 0.2647257235576923 0.7189014903846154 0.2415864278846154 0.7238052932692308 0.19195311057692305 0.7189740024038461 0.1635316826923077 0.720680079326923 0.15819397836538462 0.7216513798076923 0.15989912499999998 0.7268863125 0.1438860264423077 0.7298002115384615 0.08707094951923076 0.7311278509615384 0.08153876442307693 0.7466907403846155 0.09027286778846154 0.7572315673076923 0.10616094711538461 0.7636979759615384 0.12386530048076924 0.7670612668269231 0.15762443028846154 0.7643838918269231 0.16816091826923077 0.7728638581730769 0.17880853605769229 0.7730057716346154
2 0.2283446153846154 0.7851328557692308 0.32242635336538467 0.7843019134615384 0.32987205048076923 0.7583401129807693 0.283732375 0.7577251538461538 0.2410724471153846 0.7623687812500001 0.22855298557692308 0.7694990096153845 0.2283446153846154 0.7851328557692308
2 0.36633301201923074 0.8192876826923077 0.3664441442307692 0.8109496322115385 0.35414694711538464 0.8014037572115384 0.24211080288461537 0.8176320240384616 0.23314054807692308 0.8248095552884614 0.2365925168269231 0.83215265625 0.25067820673076924 0.8406799254807692 0.2666496346153846 0.8408927956730768 0.35203894951923076 0.8263942596153846 0.36633301201923074 0.8192876826923077
2 0.31038959375 0.8883856442307692 0.31922093509615385 0.8916306730769231 0.3388665889423077 0.8825105408653846 0.39389317307692306 0.8822015072115386 0.3940598725961539 0.8696944302884616 0.38527020432692305 0.8633226274038462 0.3196237860576923 0.8614052355769231 0.31038959375 0.8883856442307692
2 0.3209399711538462 0.8958233533653845 0.33154591826923074 0.8990920336538462 0.36179751682692307 0.8932405841346154 0.39723400721153845 0.89788265625 0.4009499110576923 0.8854228846153845 0.3921046802884615 0.8832201081730768 0.33531738461538463 0.8824632355769231 0.3209399711538462 0.8958233533653845