3 0.5747402764423077 0.26596087740384616 0.5752647331730769 0.25814999759615387 0.571006858173077 0.25175999278846156 0.5647702692307692 0.25157159134615387 0.5495841394230769 0.26833162259615384 0.5454311538461538 0.26037944471153845 0.5405439302884616 0.2633624927884615 0.5342931177884616 0.28665383173076925 0.5307268100961539 0.3397678125 0.5263498197115385 0.35841971874999995 0.5276991850961539 0.3615911730769231 0.5339357740384615 0.36177957451923076 0.5505619375 0.37010855769230766 0.5557638341346154 0.36243897836538463 0.5551487115384616 0.34833229567307694 0.5693285961538461 0.2767548076923077 0.5747402764423077 0.26596087740384616
3 0.3775534951923077 0.27096147115384617 0.3715266875 0.26764871634615384 0.3615424567307692 0.27673917067307696 0.36683502163461534 0.29098715384615387 0.36890440384615386 0.30670311298076924 0.3637931730769231 0.3362902548076923 0.36169534615384613 0.36753377163461537 0.35794770432692313 0.37681262740384613 0.35866772115384615 0.3893571346153846 0.3848585480769231 0.39484436538461537 0.39452810336538463 0.3904404399038462 0.40092647836538464 0.29514771394230765 0.3986473149038462 0.2825561057692308 0.3957388028846154 0.27933755528846155 0.3883484086538462 0.2963330865384615 0.3775534951923077 0.27096147115384617
3 0.5709357403846154 0.36915868269230767 0.5765572043269231 0.35524040384615385 0.5779350144230769 0.3114523774038461 0.5753411778846154 0.3035472980769231 0.5660911875 0.3017025216346154 0.5557638341346154 0.36243897836538463 0.5709357403846154 0.36915868269230767
3 0.29991081009615383 0.2639199278846154 0.29367422115384617 0.2637315264423077 0.27796363461538465 0.2883024375 0.2730764110576923 0.2912854903846154 0.2661198052884615 0.27855257932692307 0.26664426201923075 0.2707417019230769 0.26259616826923077 0.26122734615384613 0.2548004326923077 0.26099184375 0.24793449519230767 0.27017649759615386 0.24926963701923077 0.2968276875 0.2447877548076923 0.3170417740384615 0.2512199014423077 0.33758556250000005 0.2451646514423077 0.3812322860576923 0.2463042331730769 0.38752808894230767 0.25368040384615387 0.39401229567307694 0.26906209134615383 0.3976076490384616 0.28195483413461536 0.39173574759615387 0.2953720336538461 0.3780529663461539 0.29850455288461536 0.3546674278846154 0.29622538701923073 0.3420758221153846 0.30416868509615386 0.2703099326923077 0.29991081009615383 0.2639199278846154
3 0.45747534134615386 0.2905946201923077 0.4447781586538462 0.31682190625 0.4404153918269231 0.3119940793269231 0.4339832403846154 0.2914502908653846 0.4294106923076923 0.28974681490384613 0.42223008173076926 0.3036179951923077 0.42158650961538463 0.3364707908653846 0.4242852379807692 0.3428136947115385 0.42176784615384616 0.3803059158653846 0.42446657451923075 0.38664881971153847 0.4319476370192307 0.3915708485576923 0.44442081490384616 0.39194765144230764 0.4524263317307692 0.3890588004807692 0.45741844711538465 0.3845135745192308 0.4567126538461539 0.3484893293269231 0.46243901201923077 0.3330088701923077 0.46609598317307693 0.30181245192307693 0.46360703846153845 0.2923451971153846 0.45747534134615386 0.2905946201923077
3 0.3412166514423077 0.3700458221153846 0.34536963701923074 0.37799799999999995 0.3563885552884616 0.37676552644230765 0.3650518701923077 0.31754414423076927 0.3575708076923077 0.31262211538461543 0.3434193701923077 0.3372401274038461 0.3412166514423077 0.3700458221153846
3 0.6150540961538462 0.29378957451923077 0.6007977668269231 0.3199697620192307 0.5965398894230769 0.3135797572115384 0.5960296586538462 0.2979108990384615 0.5930162548076923 0.2962545216346154 0.5862552091346154 0.303877 0.5798710600961539 0.37568998798076925 0.57973771875 0.4242116418269231 0.6155981057692308 0.42529494951923075 0.6212622379807692 0.34093745192307695 0.6315753677884615 0.3036807331730769 0.6323096081730769 0.29274550240384617 0.6232693966346154 0.28777637259615385 0.6150540961538462 0.29378957451923077
3 0.5117930408653846 0.36580669711538466 0.5119885985576923 0.3861620841346154 0.5181202980769231 0.3879126610576923 0.5277134086538461 0.3381114350961539 0.5254342451923077 0.3255198245192308 0.5204421298076923 0.3300650528846154 0.5117930408653846 0.36580669711538466
3 0.4702063004807692 0.38020384855769235 0.4744641754807692 0.38659385336538465 0.47914161778846154 0.3867351538461538 0.48600755528846157 0.37755049999999996 0.48437196153846157 0.3321060985576923 0.4755273125 0.34749235576923077 0.4702063004807692 0.38020384855769235
3 0.5183158557692308 0.4082680480769231 0.5192598774038462 0.39420846634615386 0.5075209399038462 0.38289643028846154 0.5167993798076923 0.3377817307692308 0.5241897740384616 0.3207861971153846 0.5204563509615384 0.3065853173076923 0.5141148725961538 0.3079590889423077 0.5120312692307692 0.31572287019230766 0.5033964014423077 0.32798477644230767 0.4972647043269231 0.3262341971153846 0.4978940528846154 0.31686114182692304 0.49374106730769235 0.30890896153846154 0.4870849134615384 0.3149692644230769 0.48579777163461535 0.38067485096153847 0.47903672596153846 0.38829733173076925 0.4767433389423077 0.3991854615384615 0.4778829206730769 0.4054812644230769 0.4883773870192308 0.41205966826923074 0.5132188509615385 0.4143754495192308 0.5183158557692308 0.4082680480769231
3 0.4103293581730769 0.38778709134615386 0.4223065264423077 0.34901529807692305 0.41284675240384616 0.35029487259615383 0.4103293581730769 0.38778709134615386
3 0.4703254158653846 0.35516193509615385 0.4661724302884615 0.3472097548076923 0.45650287259615385 0.3516136802884615 0.46001228605769234 0.3924186538461539 0.4675982403846154 0.39577850721153846 0.4703254158653846 0.35516193509615385
3 0.5752647331730769 0.25814999759615387 0.567993454326923 0.2501036177884615 0.5597781514423077 0.25611681971153843 0.5495841394230769 0.26833162259615384 0.5454311538461538 0.26037944471153845 0.5405439302884616 0.2633624927884615 0.5315801658653846 0.3037906658653846 0.5308317043269231 0.3382056370192308 0.5262449302884615 0.3599818966346154 0.5505619375 0.37010855769230766 0.5556589423076923 0.36400115384615384 0.5602599399038461 0.3187451538461538 0.5640075841346154 0.30946629807692305 0.5692237019230769 0.2783169831730769 0.5746353846153845 0.2675230528846154 0.5752647331730769 0.25814999759615387
3 0.62196803125 0.37696169711538463 0.6161225625 0.41748406971153845 0.6189261826923077 0.4222647980769231 0.6297353221153846 0.4241566754807692 0.6379506225961538 0.4181434735576923 0.6415027067307691 0.38850923317307695 0.6389088677884616 0.38060415384615387 0.62196803125 0.37696169711538463
3 0.5779687932692308 0.42728889423076927 0.5787314759615385 0.36939418509615385 0.5751936177884616 0.3755486875 0.56861390625 0.4270062908653846 0.5729766754807692 0.43183412019230766 0.5779687932692308 0.42728889423076927
3 0.3775534951923077 0.27096147115384617 0.3715266875 0.26764871634615384 0.3615424567307692 0.27673917067307696 0.3611228918269231 0.282987875 0.36776481971153846 0.30040731009615385 0.35763303125 0.3814991538461538 0.3601219759615385 0.39096641105769236 0.38797684375 0.3949385673076923 0.3944232139423077 0.3920026153846154 0.3969263846153846 0.3779901346153846 0.40092647836538464 0.29514771394230765 0.39729794951923075 0.27938465384615385 0.3924107259615385 0.2823677043269231 0.39188626923076925 0.2901785841346154 0.38845330048076926 0.2947709110576923 0.3775534951923077 0.27096147115384617
3 0.45747534134615386 0.2905946201923077 0.44852580048076923 0.30754305288461536 0.44821112740384617 0.3122295793269231 0.44321901201923075 0.3167748076923077 0.44031050000000005 0.31355625480769234 0.4339832403846154 0.2914502908653846 0.4309698389423077 0.28979391346153843 0.42597772355769237 0.29433914182692306 0.42223008173076926 0.3036179951923077 0.42158650961538463 0.3364707908653846 0.4242852379807692 0.3428136947115385 0.42176784615384616 0.3803059158653846 0.42446657451923075 0.38664881971153847 0.4319476370192307 0.3915708485576923 0.44442081490384616 0.39194765144230764 0.45741844711538465 0.3845135745192308 0.4567126538461539 0.3484893293269231 0.46254390144230767 0.3314466947115384 0.46578131009615387 0.30649898076923077 0.46360703846153845 0.2923451971153846 0.45747534134615386 0.2905946201923077
3 0.5192598774038462 0.39420846634615386 0.5075209399038462 0.38289643028846154 0.5167993798076923 0.3377817307692308 0.5241897740384616 0.3207861971153846 0.5188972043269231 0.3065382139423077 0.5141148725961538 0.3079590889423077 0.5018372548076923 0.32793767307692306 0.4972647043269231 0.3262341971153846 0.49374106730769235 0.30890896153846154 0.4870849134615384 0.3149692644230769 0.4837426153846154 0.34147915384615385 0.48590266346153843 0.3791126754807692 0.47914161778846154 0.3867351538461538 0.47663844711538467 0.4007476370192308 0.4807914326923077 0.40869981730769234 0.49450908173076924 0.4138102475961538 0.5132188509615385 0.4143754495192308 0.5183158557692308 0.4082680480769231 0.5192598774038462 0.39420846634615386
3 0.2476535985576923 0.39069954086538466 0.2597072091346154 0.3973250456730769 0.2706212379807692 0.3976547475961538 0.28517802163461536 0.3902677716346154 0.29183417548076923 0.38420746875 0.30139884134615386 0.3813657211538462 0.3066007403846154 0.37369614182692307 0.3108728389423077 0.35660640865384613 0.31265599038461533 0.3300494158653846 0.3065527403846154 0.2813393629807692 0.3029242115384615 0.26557630528846154 0.2896261274038462 0.2542171706730769 0.2898359086538461 0.25109281971153846 0.28608826923076924 0.2603716730769231 0.2778729663461538 0.266384875 0.27163637740384616 0.26619647596153845 0.26592424759615385 0.25819719471153846 0.2596876586538462 0.25800879326923076 0.25157724759615385 0.2624598173076923 0.24793449519230767 0.27017649759615386 0.24657090865384615 0.2904847836538461 0.24219391826923076 0.3091366947115385 0.2367822355769231 0.31993062259615385 0.2334399375 0.34644051201923076 0.23487996875 0.37152952884615387 0.24215125 0.37957590865384616 0.2476535985576923 0.39069954086538466
3 0.6360003581730769 0.3773856009615385 0.6377977307692307 0.32734887259615386 0.6327149495192308 0.3099765360576923 0.6336589711538461 0.2959169543269231 0.6248285456730769 0.28782347115384616 0.6184870649038461 0.28919724759615384 0.6069436875 0.2982406009615385 0.5963443317307692 0.2932243701923077 0.5864649927884615 0.3007526466346154 0.5840524903846154 0.33668269471153844 0.57122196875 0.4114316322115385 0.5731864591346154 0.4287097668269231 0.5890926057692307 0.42449424278846154 0.6139340649038462 0.4268100264423077 0.6189261826923077 0.4222647980769231 0.6298402139423077 0.4225945 0.6380555144230768 0.41658129807692307 0.6412929230769231 0.39163358413461535 0.6360003581730769 0.3773856009615385