0 0.60390625 0.6055555552884615 0.6046875 0.611111110576923 0.61015625 0.6194444447115385 0.6171875 0.6194444447115385 0.6195312500000001 0.6180555552884616 0.621875 0.613888889423077 0.6226562499999999 0.5861111105769231 0.6171875 0.5638888894230769 0.6140625 0.5583333341346154 0.61015625 0.5583333341346154 0.59609375 0.5694444447115384 0.5953125 0.573611110576923 0.5984375 0.5833333341346154 0.59921875 0.5902777788461538 0.60390625 0.6055555552884615
3 0.46640625 0.5875 0.47421875 0.5833333341346154 0.44062500000000004 0.47222222115384616 0.43359375 0.4402777788461538 0.43281250000000004 0.4041666658653846 0.42734375 0.388888889423077 0.43828124999999996 0.3055555552884615 0.45781249999999996 0.2625 0.46953124999999996 0.2555555552884615 0.47890625 0.2666666658653846 0.48046875 0.2625 0.478125 0.24722222115384615 0.4625 0.22361111057692307 0.4390625 0.23055555528846156 0.41953125 0.29305555528846156 0.40390625 0.451388889423077 0.39765625000000004 0.4972222211538462 0.39453125 0.5013888894230769 0.39453125 0.5555555552884616 0.40078125 0.5652777788461538 0.4390625 0.5861111105769231 0.46640625 0.5875
3 0.25703125 0.5847222211538461 0.26328125 0.5875 0.27265625 0.5791666658653847 0.275 0.5277777788461538 0.26875 0.5541666658653847 0.26015625 0.573611110576923 0.253125 0.5791666658653847 0.25703125 0.5847222211538461
3 0.22734375 0.5819444447115385 0.234375 0.5833333341346154 0.246875 0.576388889423077 0.24375000000000002 0.5666666658653846 0.2453125 0.5055555552884615 0.25234375 0.48888888942307696 0.2515921875 0.46841805528846153 0.25979765625 0.4434041658653846 0.27181328125 0.4543472211538461 0.27239921875 0.4772777788461538 0.26953125 0.49027777884615387 0.275 0.5152777788461539 0.278125 0.4625 0.26796875 0.42638888942307696 0.25859375 0.42500000000000004 0.23125 0.46527777884615384 0.2296875 0.5055555552884615 0.221875 0.5402777788461539 0.221875 0.5527777788461539 0.22734375 0.5819444447115385
3 0.36953125 0.5708333341346153 0.36406249999999996 0.5388888894230769 0.37187499999999996 0.49027777884615387 0.3765625 0.47916666586538464 0.3765625 0.4458333341346154 0.37968749999999996 0.4375 0.38593750000000004 0.4347222211538462 0.38593750000000004 0.423611110576923 0.3765625 0.423611110576923 0.36250000000000004 0.45833333413461536 0.35 0.5527777788461539 0.35 0.5680555552884615 0.35703125 0.5777777788461539 0.36953125 0.5708333341346153
3 0.5671875 0.4986111105769231 0.57421875 0.45833333413461536 0.57265625 0.4430555552884616 0.55625 0.45833333413461536 0.553125 0.4930555552884615 0.55234375 0.5652777788461538 0.57890625 0.5652777788461538 0.58046875 0.5541666658653847 0.5671875 0.4986111105769231
3 0.6234375000000001 0.5875 0.6234375000000001 0.6083333341346153 0.63671875 0.6125 0.684375 0.6013888894230769 0.69453125 0.575 0.6937500000000001 0.5583333341346154 0.6796875 0.48888888942307696 0.68046875 0.45833333413461536 0.6898437500000001 0.39722222115384614 0.6859375000000001 0.35416666586538464 0.67109375 0.3444444447115385 0.65546875 0.3916666658653846 0.64695859375 0.3890930552884615 0.63203125 0.375 0.6226562499999999 0.361111110576923 0.61015625 0.361111110576923 0.60703125 0.35555555528846156 0.58671875 0.3722222211538462 0.6 0.42500000000000004 0.6046875 0.5180555552884616 0.6078125 0.5388888894230769 0.6234375000000001 0.5875
2 0.65703125 0.9291666658653847 0.6859375000000001 0.9319444447115385 0.6859375000000001 0.9222222211538462 0.6890624999999999 0.9180555552884615 0.6820312500000001 0.9138888894230769 0.67578125 0.8972222211538461 0.6734374999999999 0.8652777788461539 0.6765625 0.8500000000000001 0.6781250000000001 0.784722221153846 0.65625 0.777777778846154 0.6484375 0.777777778846154 0.6453125 0.7833333341346154 0.640625 0.8527777788461539 0.6421874999999999 0.8986111105769231 0.6515625 0.923611110576923 0.65703125 0.9291666658653847
2 0.59296875 0.9430555552884615 0.603125 0.9430555552884615 0.60625 0.925 0.6109375 0.9208333341346153 0.60859375 0.9013888894230769 0.6125 0.8875 0.6203125 0.8 0.6187499999999999 0.7861111105769231 0.609375 0.7819444447115385 0.59375 0.7833333341346154 0.5875 0.7875000000000001 0.58671875 0.7930555552884615 0.584375 0.8319444447115385 0.5875 0.8513888894230769 0.5859375 0.9194444447115384 0.59296875 0.9430555552884615
2 0.5203125 0.9444444447115384 0.5265625 0.9263888894230768 0.5265625 0.9152777788461539 0.51796875 0.902777778846154 0.50078125 0.9013888894230769 0.48203125 0.9180555552884615 0.45859375 0.9111111105769231 0.45703125 0.9263888894230768 0.46171874999999996 0.936111110576923 0.48203125 0.9458333341346153 0.5203125 0.9444444447115384
2 0.43515625 0.9694444447115385 0.41484374999999996 0.9791666658653846 0.38593750000000004 0.9791666658653846 0.38046875 0.9680555552884615 0.3765625 0.9805555552884615 0.37578124999999996 0.998611110576923 0.46562499999999996 0.998611110576923 0.45859375 0.9819444447115384 0.43515625 0.9694444447115385
2 0.278125 0.7208333341346154 0.2796875 0.7208333341346154 0.28984375 0.7124999999999999 0.2921875 0.7083333341346154 0.2921875 0.7027777788461538 0.29140625 0.701388889423077 0.2921875 0.6875 0.29375 0.6819444447115385 0.296875 0.6763888894230768 0.2984375 0.6694444447115384 0.29453125 0.6625000000000001 0.28984375 0.659722221153846 0.2828125 0.6694444447115384 0.28359375 0.6763888894230768 0.278125 0.6805555552884616 0.2765625 0.6847222211538462 0.27734375 0.7138888894230769 0.278125 0.715277778846154 0.278125 0.7208333341346154
2 0.20625 0.7319444447115384 0.21718749999999998 0.7333333341346153 0.2375 0.7305555552884615 0.24140625 0.7277777788461539 0.2421875 0.7250000000000001 0.24062499999999998 0.7208333341346154 0.24062499999999998 0.7138888894230769 0.23984375000000002 0.7111111105769231 0.23828125 0.7097222211538461 0.23515625 0.7097222211538461 0.23203125000000002 0.7124999999999999 0.22499999999999998 0.7111111105769231 0.22421875000000002 0.7097222211538461 0.21875 0.7097222211538461 0.21640625000000002 0.7111111105769231 0.21484375 0.7138888894230769 0.203125 0.7236111105769231 0.203125 0.7277777788461539 0.20625 0.7319444447115384
2 0.38898671875 0.6623597211538462 0.38976796874999997 0.6651375 0.38976796874999997 0.6706930552884616 0.38742421875 0.6734708341346154 0.38742421875 0.6845819447115384 0.38820546874999995 0.6887486105769232 0.39054921875000004 0.691526389423077 0.39289296875 0.6859708341346155 0.39367421874999997 0.6859708341346155 0.40304921875 0.6706930552884616 0.40383046874999995 0.6665263894230768 0.40226796875000004 0.6595819447115385 0.39601796874999995 0.6484708341346154 0.39445546875000004 0.6470819447115385 0.38976796874999997 0.6470819447115385 0.38976796874999997 0.6512486105769231 0.38898671875 0.6526375000000001 0.38898671875 0.6554152788461539 0.38976796874999997 0.6568041658653846 0.38976796874999997 0.6609708341346153 0.38898671875 0.6623597211538462
2 0.5625 0.686111110576923 0.55234375 0.7 0.553125 0.7041666658653847 0.55546875 0.7055555552884616 0.5609375 0.7055555552884616 0.56328125 0.7083333341346154 0.57578125 0.7083333341346154 0.57734375 0.701388889423077 0.57890625 0.6777777788461539 0.578125 0.675 0.578125 0.6708333341346153 0.57890625 0.6694444447115384 0.578125 0.6666666658653846 0.578125 0.6555555552884615 0.57578125 0.6499999999999999 0.575 0.6513888894230769 0.57109375 0.6513888894230769 0.5671875 0.6555555552884615 0.56484375 0.652777778846154 0.56328125 0.652777778846154 0.5609375 0.6569444447115385 0.5609375 0.6652777788461539 0.5625 0.673611110576923 0.56171875 0.6763888894230768 0.5625 0.686111110576923
2 0.35703125 0.7055555552884616 0.35390625 0.7124999999999999 0.35468750000000004 0.715277778846154 0.35703125 0.7180555552884615 0.365625 0.7180555552884615 0.38203125000000004 0.7138888894230769 0.38749999999999996 0.688888889423077 0.38671875 0.6458333341346154 0.384375 0.6430555552884616 0.3734375 0.6486111105769231 0.36406249999999996 0.6499999999999999 0.36328125 0.652777778846154 0.36484375 0.6791666658653847 0.36796874999999996 0.6958333341346153 0.36250000000000004 0.7041666658653847 0.35703125 0.7055555552884616