3 0.2640625 0.37812500000000004 0.271875 0.3921875 0.2796875 0.39531249999999996 0.2890625 0.3921875 0.303125 0.36250000000000004 0.30625 0.34843749999999996 0.30625 0.3265625 0.3 0.31718749999999996 0.2953125 0.31718749999999996 0.2890625 0.328125 0.2640625 0.3578125 0.2640625 0.37812500000000004
3 0.1765625 0.39531249999999996 0.184375 0.40937500000000004 0.1921875 0.4140625 0.2 0.40625 0.203125 0.3984375 0.203125 0.3828125 0.21250000000000002 0.3671875 0.2109375 0.3578125 0.20468750000000002 0.353125 0.18906250000000002 0.35468750000000004 0.1828125 0.3578125 0.175 0.3734375 0.1765625 0.39531249999999996
3 0.3515625 0.396875 0.34843749999999996 0.3734375 0.3421875 0.36875 0.3203125 0.37031250000000004 0.3140625 0.38125 0.3140625 0.39531249999999996 0.34687500000000004 0.4046875 0.3515625 0.396875
3 0.4765625 0.43125 0.4828125 0.43281250000000004 0.490625 0.4234375 0.490625 0.40156250000000004 0.4828125 0.37031250000000004 0.47968750000000004 0.36406249999999996 0.47343749999999996 0.36250000000000004 0.4671875 0.375 0.47187500000000004 0.3921875 0.46875 0.4234375 0.4765625 0.43125
3 0.6156250000000001 0.44843750000000004 0.6296875 0.44843750000000004 0.6328125 0.43437499999999996 0.6296875 0.4140625 0.6312500000000001 0.3765625 0.628125 0.3734375 0.609375 0.375 0.6046875 0.38125 0.6 0.3984375 0.6015625 0.421875 0.6156250000000001 0.44843750000000004
3 0.6937500000000001 0.459375 0.7 0.4609375 0.7046874999999999 0.45625000000000004 0.7078125 0.44218749999999996 0.70625 0.4078125 0.7015625000000001 0.396875 0.6859375000000001 0.39531249999999996 0.6812499999999999 0.40625 0.6796875 0.428125 0.690625 0.45625000000000004 0.6937500000000001 0.459375
3 0.5546875 0.459375 0.5625 0.44999999999999996 0.5640625 0.4296875 0.5609375 0.421875 0.5515625 0.4140625 0.5421875 0.4140625 0.5328125 0.43281250000000004 0.5328125 0.44843750000000004 0.5390625 0.45625000000000004 0.5546875 0.459375
3 0.32499999999999996 0.4921875 0.3421875 0.49687499999999996 0.34843749999999996 0.478125 0.353125 0.428125 0.3609375 0.4046875 0.3515625 0.3984375 0.34375 0.4078125 0.334375 0.4 0.31875 0.40156250000000004 0.31562500000000004 0.3984375 0.3125 0.40156250000000004 0.3125 0.48906249999999996 0.31562500000000004 0.49375 0.32499999999999996 0.4921875
3 0.5140625 0.46562499999999996 0.5203125 0.45781249999999996 0.521875 0.43437499999999996 0.509375 0.4234375 0.5046875 0.4296875 0.5046875 0.453125 0.5078125 0.4609375 0.5140625 0.46562499999999996
3 0.5296875 0.41093749999999996 0.5328125 0.4140625 0.5234375 0.4296875 0.5140625 0.42500000000000004 0.5171875 0.421875 0.5125 0.41874999999999996 0.5109375 0.43125 0.515625 0.4296875 0.51875 0.4375 0.5109375 0.478125 0.5109375 0.5015625 0.5140625 0.5078125 0.5609375 0.5109375 0.56875 0.428125 0.559375 0.38125 0.546875 0.38125 0.5390625 0.3890625 0.5296875 0.38749999999999996 0.5296875 0.41093749999999996
3 0.21875 0.37968749999999996 0.2109375 0.37812500000000004 0.20625 0.3828125 0.20468750000000002 0.4140625 0.1984375 0.4296875 0.2 0.5203125 0.2296875 0.5265625 0.2453125 0.5265625 0.259375 0.5234375 0.2640625 0.51875 0.265625 0.4765625 0.2609375 0.41874999999999996 0.2609375 0.396875 0.2640625 0.39375000000000004 0.2640625 0.38749999999999996 0.259375 0.375 0.24843749999999998 0.37812500000000004 0.234375 0.40156250000000004 0.2234375 0.39375000000000004 0.21875 0.37968749999999996
3 0.4609375 0.5078125 0.46562499999999996 0.5328125 0.46875 0.5359375 0.475 0.5359375 0.47968750000000004 0.53125 0.47968750000000004 0.47187500000000004 0.47343749999999996 0.43437499999999996 0.4671875 0.4296875 0.45625000000000004 0.44375 0.4546875 0.4625 0.4609375 0.48750000000000004 0.4609375 0.5078125
3 0.628125 0.48124999999999996 0.6203125 0.4828125 0.6140625 0.54375 0.6156250000000001 0.5453125 0.6140625 0.58125 0.6171875 0.5859375 0.6343749999999999 0.5921875 0.6515625 0.590625 0.6703125000000001 0.58125 0.684375 0.5703125 0.684375 0.54375 0.6781250000000001 0.521875 0.6781250000000001 0.503125 0.6812499999999999 0.49375 0.6796875 0.44999999999999996 0.6765625 0.44218749999999996 0.671875 0.44062500000000004 0.6671875 0.45781249999999996 0.6625000000000001 0.4609375 0.6546875000000001 0.453125 0.64375 0.428125 0.6390625000000001 0.428125 0.6359375 0.43125 0.6343749999999999 0.47187500000000004 0.628125 0.48124999999999996
3 0.39531249999999996 0.46406250000000004 0.3828125 0.44062500000000004 0.3828125 0.4203125 0.38125 0.41874999999999996 0.3828125 0.40937500000000004 0.3671875 0.41093749999999996 0.3609375 0.415625 0.3578125 0.421875 0.35624999999999996 0.4546875 0.35468750000000004 0.45625000000000004 0.35624999999999996 0.45781249999999996 0.35624999999999996 0.509375 0.359375 0.5203125 0.359375 0.546875 0.35468750000000004 0.56875 0.353125 0.6140625 0.35624999999999996 0.6265624999999999 0.365625 0.6390625000000001 0.39375000000000004 0.640625 0.4046875 0.6375 0.4203125 0.628125 0.4375 0.6078125 0.4390625 0.6015625 0.4375 0.5109375 0.4390625 0.509375 0.44218749999999996 0.446875 0.4453125 0.4234375 0.44218749999999996 0.415625 0.43281250000000004 0.41093749999999996 0.428125 0.41093749999999996 0.42500000000000004 0.4203125 0.41093749999999996 0.43437499999999996 0.39531249999999996 0.46406250000000004