0 0.3060162283653846 0.5970792620192308 0.3077115913461539 0.6218472331730769 0.31718972115384614 0.6395903822115384 0.32659349278846156 0.6433123221153847 0.3296867716346154 0.6367634014423077 0.3295215240384615 0.6056051442307692 0.3263290985576923 0.593459110576923 0.3060162283653846 0.5970792620192308
2 0.8310889951923077 0.8103400697115385 0.8358032740384616 0.8145379062500001 0.8420724543269231 0.8170191995192309 0.8467619471153847 0.816543298076923 0.8545612403846155 0.8126343028846155 0.8592259447115385 0.8074846634615385 0.8607725841346153 0.804210204326923 0.860747798076923 0.7995364663461538 0.8623026971153845 0.7978199182692307 0.8622283365384615 0.7837987043269231 0.8637832403846153 0.78208215625 0.8637336658653846 0.7727346802884616 0.8621622379807692 0.7713354014423076 0.8496569278846154 0.7726044711538461 0.8481020264423077 0.7743210168269231 0.8418493701923077 0.7749555528846154 0.8340748629807693 0.7835382836538461 0.8294514711538461 0.7964774855769231 0.8295010456730769 0.8058249663461539 0.8310889951923077 0.8103400697115385
2 0.7416003221153846 0.7461602884615384 0.7432213245192307 0.7569070432692308 0.7510701923076923 0.7623455264423077 0.7541882572115385 0.7604703461538461 0.7620040769230769 0.7596771754807693 0.7760064519230769 0.7457861730769231 0.7853606490384616 0.7401606322115384 0.7884621899038462 0.7351696249999999 0.7898270552884615 0.6976210841346154 0.7835248269230769 0.6889081418269231 0.7741293197115385 0.6867441177884616 0.7616322716346153 0.6895711009615385 0.7601352043269232 0.7021930384615385 0.7617066322115384 0.7035923173076923 0.7617479423076923 0.7113818798076923 0.7446853389423077 0.738053454326923 0.7416003221153846 0.7461602884615384
2 0.7181528629807693 0.7485397932692308 0.7196995024038462 0.7452653317307691 0.7162509447115385 0.684824 0.7208908605769231 0.6750006249999999 0.7222887764423077 0.6436837331730769 0.7207173509615384 0.642284454326923 0.6957232548076924 0.6479384182692307 0.692613451923077 0.6513715120192308 0.6945566850961539 0.7228768653846154 0.6993122740384615 0.7348642668269231 0.6993618485576923 0.7442117451923077 0.7056558173076923 0.7513667740384615 0.7181528629807693 0.7485397932692308
2 0.6306156850961538 0.7574232764423077 0.6352721298076923 0.7507157259615386 0.6336511298076922 0.7399689711538462 0.6380514374999999 0.6849661201923076 0.6411199278846154 0.6737434639423078 0.64255915625 0.6502161394230769 0.6409629423076922 0.6441431201923078 0.633147125 0.6449362884615385 0.6190373365384616 0.6385744278846153 0.6159110096153846 0.6388916971153846 0.6143643701923077 0.6421661538461538 0.6149427379807693 0.7512200504807692 0.621236704326923 0.758375079326923 0.6306156850961538 0.7574232764423077
2 0.5539958677884615 0.7605225889423076 0.5602485264423077 0.7598880552884615 0.5649214903846154 0.7562963293269231 0.5702328533653847 0.747449173076923 0.5619356778846154 0.7158707235576922 0.5629105072115385 0.6720160865384616 0.5643596514423077 0.6503582572115385 0.5627882259615384 0.6489589783653845 0.5409039302884615 0.6511798509615385 0.5378189158653846 0.6592866826923077 0.5396051634615385 0.7011916947115384 0.5427728004807693 0.7086639903846154 0.5445177379807692 0.7427794375 0.5492815889423077 0.7563247524038462 0.5539958677884615 0.7605225889423076
2 0.48366202884615384 0.7692704302884615 0.48984032451923076 0.7546146802884616 0.49417453365384617 0.6871485288461538 0.4924709110576923 0.6608226442307692 0.46899040384615387 0.6569704975961539 0.4692134855769231 0.6990341442307693 0.4724720120192308 0.7236434807692308 0.46581598798076923 0.7641169879807692 0.46959355528846153 0.7706981322115385 0.47272814423076925 0.7719387764423077 0.48366202884615384 0.7692704302884615
2 0.43485665625000003 0.7087043245192307 0.4348814447115385 0.7133780624999999 0.43645287019230766 0.7147773413461539 0.4473950168269231 0.71366690625 0.4504965576923077 0.7086758990384615 0.45358157451923076 0.7005690697115384 0.4535485240384615 0.6943374182692307 0.4551034254807692 0.6926208725961539 0.453532 0.6912215913461538 0.4534576394230769 0.6772003774038461 0.45029826201923073 0.6712859927884616 0.4487350985576923 0.6714446274038461 0.44875162259615387 0.6745604519230769 0.4456418197115385 0.6779935432692308 0.4346996706730769 0.6791039807692307 0.43328523076923076 0.707305045673077 0.43485665625000003 0.7087043245192307
2 0.37548121875 0.7194061418269231 0.3785910192307692 0.7159730480769231 0.38320614903846156 0.7014759326923077 0.38298306490384615 0.6594122884615385 0.37517550961538465 0.6617633677884616 0.36421683653846154 0.6597579783653846 0.36135490625 0.7099284543269231 0.3598000024038462 0.7116450024038462 0.35982479086538466 0.7163187403846153 0.3614127403846154 0.7208338461538462 0.36455559615384614 0.7236324014423077 0.3676819230769231 0.7233151370192308 0.37548121875 0.7194061418269231
2 0.30369135096153843 0.7485140697115384 0.3052710408653846 0.7514712620192309 0.3162544975961538 0.758150391826923 0.32412815384615384 0.7682626129807691 0.3381966298076923 0.7668349086538462 0.3428695961538461 0.7632431826923077 0.34281176201923075 0.7523377908653845 0.3412320721153846 0.7493806009615385 0.3255095456730769 0.7338298966346154 0.3255012836538462 0.7322719831730768 0.3176524158653846 0.7268335024038461 0.31608925240384617 0.7269921346153846 0.3114245480769231 0.7321417740384616 0.3036665625 0.7438403317307691 0.30369135096153843 0.7485140697115384
2 0.28972202403846153 0.7686367283653847 0.2897468125 0.7733104663461539 0.2929144519230769 0.7807827620192308 0.2976287307692308 0.7849806009615385 0.30078810576923076 0.7908949831730769 0.30705728846153846 0.7933762740384616 0.3117467788461538 0.7929003725961539 0.3211009759615384 0.7872748341346154 0.3226476153846154 0.7840003725961538 0.3225815168269231 0.7715370721153847 0.3210018269230769 0.7685798798076923 0.31158153365384617 0.7617421177884616 0.3021199254807692 0.7471147908653847 0.2864965480769231 0.7502590384615384 0.28179053125000003 0.7476191153846153 0.2786807307692308 0.7510522091346155 0.27871377644230766 0.757283860576923 0.28972202403846153 0.7686367283653847
3 0.21916416346153847 0.5334315504807692 0.21020880288461538 0.5210707115384615 0.19915924519230768 0.5019282788461539 0.183457375 0.49027235817307696 0.18183224519230767 0.47874664663461536 0.1693765048076923 0.4893631923076923 0.16475311538461537 0.5023023966346154 0.16984746153846153 0.5781642211538461 0.1776963317307692 0.5836027067307692 0.17618274038461537 0.5931088173076924 0.18566913461538462 0.6124098798076922 0.18432079326923076 0.6530742475961537 0.19080479326923075 0.6960612692307693 0.19869497355769233 0.7092893173076923 0.22057100721153844 0.7055105312500001 0.24239746394230768 0.6923842716346154 0.26257813461538465 0.6638375144230769 0.27027828125000003 0.6412335697115386 0.26837636057692305 0.5775177788461539 0.25866582451923076 0.5348270144230769 0.2520506826923077 0.44823943749999995 0.24574845192307693 0.4395264975961538 0.23325140384615384 0.44235347836538463 0.22704832211538462 0.45233549038461535 0.22426075240384616 0.5165271826923077 0.21916416346153847 0.5334315504807692
3 0.37567289663461534 0.36568887740384615 0.3749705264423077 0.3282113942307693 0.37494574038461537 0.32353765625 0.36708034615384616 0.31498334855769233 0.36547586778846153 0.30735241826923076 0.3576517860576923 0.3065876730769231 0.34832237740384614 0.3168869519230769 0.34856198798076926 0.36206642307692305 0.35333410096153844 0.37716965144230774 0.36123254567307694 0.39195561057692313 0.37377090625 0.39691819230769226 0.38007313701923073 0.40563113221153846 0.38476262740384615 0.40515523317307695 0.40185828125 0.3847153076923077 0.41885478605769233 0.3455804302884615 0.42507439423076926 0.3387142451923077 0.4233707692307692 0.31238836057692304 0.40763171875 0.2937218317307692 0.39979937740384613 0.29139917548076927 0.39209923076923076 0.31400312259615387 0.39374501923076927 0.3294236153846154 0.3898728052884615 0.3418594903846154 0.3857186153846154 0.3615815264423077 0.37567289663461534 0.36568887740384615
3 0.3740848774038461 0.45611887740384616 0.3662607932692307 0.45535413461538465 0.3647058942307692 0.45707068028846154 0.36320882692307693 0.46969261538461543 0.36970109375000004 0.5142375528846154 0.3775830096153846 0.5259076875 0.39008832211538463 0.5246386177884615 0.3963244519230769 0.5208882572115384 0.4057034375 0.519936454326923 0.41037640144230775 0.5163447283653846 0.419747125 0.513835014423077 0.42441182932692306 0.508685375 0.4290186947115385 0.49263034615384615 0.4289443341346154 0.47860912980769227 0.4304992379807692 0.4768925841346154 0.42881213701923077 0.4536825264423077 0.4256527596153846 0.4477681418269231 0.42561970913461533 0.4415364903846154 0.4068617451923077 0.44344009375 0.4021392019230769 0.43768434375 0.39587828365384614 0.43676096394230773 0.39119705528846155 0.4387947788461538 0.3740848774038461 0.45611887740384616
3 0.4903306826923077 0.25727181490384615 0.4840697644230769 0.2563484375 0.4700591274038462 0.26868153125 0.4638808317307692 0.28333728125 0.47598797596153847 0.5018925504807693 0.5057211370192308 0.5051101610576922 0.5494566754807693 0.4944367668269231 0.5541213798076924 0.4892871274038461 0.5472325216346154 0.36996237740384613 0.5499959326923076 0.32628162740384614 0.5593825528846155 0.3017030576923077 0.5592173028846154 0.27054480048076923 0.551327125 0.2573167548076923 0.5340827475961538 0.24971424759615385 0.5171110264423077 0.2935228653846154 0.5115682139423077 0.3085661634615385 0.5010750024038462 0.30113740384615384 0.49356442307692305 0.2772074134615385 0.4903306826923077 0.25727181490384615
3 0.5686789110576923 0.285172125 0.565569110576923 0.2886052211538461 0.5718548125 0.2942023365384615 0.5766682427884615 0.31709512740384616 0.5705312596153846 0.3395404423076923 0.5753446850961539 0.3624332331730769 0.5771970336538461 0.4168015456730769 0.5743103125 0.46229828605769235 0.5774449038461539 0.46353893028846155 0.603985641826923 0.4546105072115385 0.6070789182692308 0.4480615889423077 0.6052183100961538 0.39213536298076923 0.6159538966346154 0.3520771057692308 0.6203046322115384 0.28772677884615383 0.6124392379807693 0.2791724711538462 0.6061865841346153 0.2798070048076923 0.6000082884615384 0.2944627548076923 0.5957836899038461 0.3265653028846154 0.5864564951923077 0.3201779278846154 0.5797119447115384 0.30119873076923076 0.5686789110576923 0.285172125
3 0.6391039110576924 0.2936127403846154 0.6312715649038462 0.29129008173076926 0.6297497163461538 0.29923828125 0.6362337163461539 0.3422253028846154 0.637175625 0.5198273629807693 0.6794636754807691 0.5311233822115384 0.7029193942307692 0.5303017908653846 0.7138284927884615 0.5229597043269231 0.7053021105769232 0.3897723701923077 0.7100131802884615 0.32730741826923077 0.7142679735576922 0.3109249278846154 0.7125478269230769 0.28148321875 0.6937154975961538 0.2693656081730769 0.6861145 0.3106645096153846 0.67637896875 0.33728148317307693 0.6686233774038463 0.3349806514423077 0.66581815625 0.3174004855769231 0.6515844350961538 0.2876699326923077 0.6391039110576924 0.2936127403846154
3 0.7763070504807692 0.21266272596153846 0.7801522043269231 0.3478838725961539 0.7726916658653846 0.4156672932692308 0.7759667187500001 0.44339245432692304 0.7838238485576923 0.45038885096153847 0.8245322091346154 0.4587276778846154 0.8511225192307692 0.4591467283653846 0.8604436658653847 0.44728953846153846 0.8629007427884615 0.32078133413461535 0.8548948870192308 0.28574250721153843 0.8649033076923077 0.21945567788461537 0.8746541778846153 0.17774219951923076 0.846418079326923 0.16190265144230767 0.81235896875 0.22770910576923079 0.8061862908653846 0.2454880216346154 0.7982367860576923 0.219010375 0.7918478028846153 0.19393934855769232 0.7824770841346154 0.19644906490384614 0.7763070504807692 0.21266272596153846