3 0.27321152884615385 0.27831869951923077 0.27416060576923074 0.2860879471153846 0.2790095504807692 0.2871069879807692 0.33317621153846155 0.27931369471153844 0.36541046875 0.2724623317307692 0.3735553125 0.2746786826923077 0.39647131490384613 0.26889693509615387 0.4048404903846154 0.2600580673076923 0.41324418028846155 0.2386101346153846 0.4049440408653846 0.22223086778846154 0.3964195673076923 0.21690681730769232 0.36380568028846155 0.22065048317307692 0.35020793028846153 0.22536261057692306 0.3360407331730769 0.2254131875 0.3261530336538462 0.2218212596153846 0.26869047115384614 0.2284172403846154 0.2634273798076923 0.2368995673076923 0.2641866394230769 0.24311496634615384 0.2740743413461538 0.2467068966346154 0.28824153846153844 0.2466563173076923 0.2981292403846154 0.2502482475961539 0.3018047692307692 0.2545532596153846 0.2885866514423077 0.2623730841346154 0.27321152884615385 0.27831869951923077
3 0.41578076201923075 0.37539948076923074 0.4200602596153846 0.37175697115384615 0.41277823076923076 0.33792881971153843 0.38016434134615384 0.34167248557692304 0.32346104086538463 0.3544838629807692 0.2898980745192308 0.35045828125 0.28463498557692307 0.3589406081730769 0.28520443028846154 0.36360215865384615 0.31661038942307695 0.3757535288461539 0.3138839375 0.3792177692307692 0.29873314663461537 0.3841081658653846 0.3039617211538462 0.38823490384615383 0.40509928125 0.37820121875 0.41578076201923075 0.37539948076923074
3 0.32958688942307696 0.45619716826923074 0.36822312980769234 0.4501865769230769 0.3876534182692308 0.4416536706730769 0.4192837091346154 0.4427498245192308 0.4253060625 0.4404828966346154 0.4286364783653846 0.42907113942307695 0.4232526081730769 0.41078148317307694 0.4133649086538461 0.40718955288461534 0.37143276682692306 0.41200283653846154 0.3632879230769231 0.4097864879807692 0.3275679519230769 0.41388668990384614 0.3188191442307692 0.4196178581730769 0.3209416346153846 0.4241011370192308 0.34189044711538463 0.4279990288461538 0.3504149206730769 0.4333230793269231 0.3315540793269231 0.44651753125 0.32242564182692307 0.449141 0.32454813221153844 0.4536242788461538 0.32958688942307696 0.45619716826923074
3 0.4624064927884615 0.4992497548076923 0.46088796634615387 0.4868189567307692 0.45357142067307693 0.4655998725961539 0.4483428461538462 0.46147313221153846 0.4283431129807692 0.46534449038461534 0.4199739399038461 0.47418335576923076 0.3603888846153846 0.4762960576923077 0.35281349038461535 0.4787412572115385 0.3504666658653846 0.48531319471153844 0.35724828365384614 0.48926166346153843 0.3650134927884615 0.48837031730769226 0.3686890264423077 0.49267532451923074 0.3503976346153846 0.5105313293269231 0.3558160216346154 0.5162119182692307 0.3682403605769231 0.5147857620192308 0.3785422115384615 0.5088763221153847 0.4226313557692307 0.49593725 0.44104353125 0.5048532307692308 0.45812699519230765 0.5028922644230769 0.4624064927884615 0.4992497548076923
3 0.4213543942307692 0.5370504206730768 0.4138135168269231 0.5268865528846154 0.41112157932692306 0.5177417259615384 0.4062726370192308 0.5167226826923077 0.3849096778846154 0.5223261586538461 0.3722955240384615 0.52219846875 0.32297780048076924 0.5310108004807692 0.3083964591346154 0.5405627451923076 0.3169209326923077 0.545886795673077 0.301735625 0.5633862596153846 0.3023050721153846 0.5680478076923077 0.3123825865384615 0.5731935889423077 0.32404766346153846 0.5655520336538461 0.35900837019230775 0.5552364302884615 0.4050301923076923 0.5452267884615385 0.41609130288461543 0.5455327475961538 0.42211365624999997 0.5432658197115384 0.4213543942307692 0.5370504206730768
3 0.45581463701923075 0.6386625697115385 0.48494280528846156 0.6321677427884616 0.4898262668269231 0.62057771875 0.4898607836538461 0.6079686514423077 0.4812155288461539 0.5758726177884615 0.4851153918269231 0.5691224086538461 0.48454594471153845 0.5644608605769231 0.4775745144230769 0.5589585432692308 0.4635971346153846 0.56056296875 0.3996980673076923 0.5789272475961538 0.35640269951923076 0.5854726514423076 0.34511725480769234 0.59622190625 0.3454968870192308 0.5993296057692308 0.3522785048076923 0.6032780745192308 0.36451302644230765 0.6002980673076923 0.3664456995192307 0.6032274975961539 0.3580765240384615 0.6120663629807692 0.34038909615384616 0.6219748509615385 0.3392156826923077 0.6252608197115385 0.3432708461538461 0.6326735264423077 0.3500524639423077 0.6366219951923077 0.3756604014423077 0.6399850793269231 0.39584995192307687 0.6376675697115384 0.417972173076923 0.6382794951923076 0.44107799278846155 0.6340515985576923 0.45581463701923075 0.6386625697115385
0 0.5020607884615385 0.6175977091346153 0.5001281153846153 0.6146682812500001 0.49024041346153846 0.6110763485576923 0.4873241466346154 0.6129867379807693 0.4902058966346154 0.6236854158653846 0.5020607884615385 0.6175977091346153
0 0.44810122836538463 0.5497365985576923 0.432984954326923 0.5420179302884616 0.42113006249999996 0.5481056370192308 0.44810122836538463 0.5497365985576923
0 0.43793744711538457 0.5052097692307692 0.41055213461538465 0.5130801754807692 0.4173337475961538 0.5170286466346155 0.44646192067307694 0.5105338197115384 0.43793744711538457 0.5052097692307692
0 0.4176444014423077 0.4035470432692308 0.4149179495192307 0.40701128124999997 0.42673832211538465 0.41353264423076924 0.4273422860576923 0.405585125 0.4176444014423077 0.4035470432692308
0 0.4100862932692308 0.3287839927884615 0.3978517716346154 0.331764 0.39861103365384615 0.3379793990384616 0.4265657956730769 0.3347705432692308 0.4100862932692308 0.3287839927884615
0 0.40956859615384617 0.37611256009615385 0.40858499759615385 0.3809523774038462 0.42313182692307694 0.3840095 0.42994795673076924 0.37534890144230765 0.40956859615384617 0.37611256009615385