3 0.8747274423076923 0.5267252235576924 0.8443134326923077 0.47238555528846154 0.7935636490384615 0.4542669759615385 0.7363961899038463 0.46906550240384615 0.710807298076923 0.5288073100961539 0.7244040504807692 0.5425381322115385 0.7443026442307693 0.5534072668269231 0.7394790697115384 0.6035177932692307 0.7375864591346153 0.6243955600961539 0.7322101225961538 0.6286058245192307 0.7326728052884615 0.6395451442307691 0.7408090120192308 0.6472597956730769 0.8487262596153846 0.6505798461538461 0.8587845793269231 0.6339780048076923 0.8566914615384615 0.6173209831730768 0.8499074855769231 0.5882131850961538 0.8495894591346154 0.5478998125 0.8631138413461539 0.5393862259615385 0.8747274423076923 0.5267252235576924
1 0.7936704567307692 0.3870308389423077 0.7843696899038461 0.38871257451923075 0.7605150408653846 0.4155967644230769 0.7627371586538462 0.4312045360576923 0.7930598750000001 0.44645537740384617 0.8146515048076922 0.4399267235576923 0.8217301514423077 0.42263721875 0.8128668701923077 0.39773220673076926 0.7936704567307692 0.3870308389423077
3 0.7176465625 0.5099572451923077 0.6940311057692308 0.50556640625 0.6614453677884615 0.5106711009615384 0.6407130072115385 0.5375156322115384 0.6385160841346154 0.5594339302884616 0.6579107884615384 0.574823576923077 0.6632551971153846 0.5903916899038462 0.6510147259615385 0.6702907403846154 0.6836004615384615 0.6651860432692308 0.7402643389423077 0.6754115048076923 0.7407679230769231 0.6503875168269231 0.7325656177884615 0.6411101033653845 0.7202086586538462 0.6443942572115385 0.7105774014423076 0.6382621947115384 0.707338625 0.5616869567307693 0.7127239350961538 0.5412917596153846 0.7091389639423077 0.5303920985576923 0.7176465625 0.5099572451923077
3 0.6055825841346154 0.6465741658653846 0.6119200216346153 0.6692237163461539 0.6307859495192307 0.6721112836538462 0.6250858581730768 0.6112033028846153 0.6387552764423077 0.5281589038461538 0.6214504975961539 0.5252515072115385 0.5971331634615384 0.541196375 0.5810181370192308 0.5664186586538462 0.5892372932692308 0.5883922860576922 0.6143331225961538 0.5908536033653846 0.6055825841346154 0.6465741658653846
3 0.29232475 0.46619222355769235 0.24074089423076922 0.4652838341346154 0.20562774519230767 0.48449302884615386 0.18359862980769232 0.5176084278846154 0.18134758653846153 0.5546442956730769 0.21240474278846153 0.566763298076923 0.21540193269230767 0.6376266490384614 0.23222707692307692 0.6702235120192307 0.26819949278846156 0.6713301947115385 0.31314218749999995 0.6629413437499999 0.34297702644230765 0.6297267956730769 0.33917688701923077 0.60964059375 0.3314751418269231 0.5916647740384615 0.32891187259615384 0.5638918413461538 0.3443530889423077 0.5678673942307693 0.36412167788461536 0.5387694471153845 0.33208042788461534 0.4828868485576923 0.29232475 0.46619222355769235
3 0.14582933413461538 0.551977625 0.1302344326923077 0.5771995552884616 0.12110873317307692 0.5912189951923077 0.13696127163461538 0.6049196009615385 0.15402382692307695 0.61443471875 0.15895141826923076 0.6324457764423077 0.15811507211538461 0.6783339735576923 0.18114044711538463 0.6975051947115385 0.2226539591346154 0.6941978173076924 0.232756125 0.6704341322115385 0.2043330721153846 0.6221375024038461 0.1844133798076923 0.577901423076923 0.17588735576923076 0.5404739495192308 0.14582933413461538 0.551977625
1 0.30186912259615384 0.42924040625 0.2962603221153846 0.4074212548076923 0.2768656177884615 0.3920316081730769 0.2567029375 0.39541490865384615 0.24643590384615385 0.41118131730769225 0.2489224110576923 0.433040125 0.30186912259615384 0.42924040625
1 0.4818381971153846 0.40037327884615387 0.46616065624999997 0.39900881009615385 0.4481539975961538 0.41643712499999996 0.44582487980769236 0.4352299038461539 0.45090489663461536 0.44454697355769235 0.4869434086538461 0.4472164182692308 0.5052805528846154 0.4376019038461539 0.4979784182692307 0.41267706249999997 0.4818381971153846 0.40037327884615387
1 0.44141231490384614 0.4566134471153846 0.4504322235576923 0.4571915528846154 0.4468161514423077 0.42583571394230774 0.43432699519230766 0.4259943485576923 0.42555500721153844 0.4401781658653846 0.42542109375000003 0.4547385408653846 0.44141231490384614 0.4566134471153846
1 0.17493805048076924 0.49339664423076923 0.17540073076923074 0.5043359639423077 0.18639483653846153 0.5057599182692308 0.21363616586538464 0.48508711057692305 0.21480072596153846 0.47569072115384614 0.20354223076923078 0.4680157259615385 0.18955802884615383 0.46975694951923075 0.17493805048076924 0.49339664423076923
1 0.6887276009615384 0.4540349855769231 0.6830118028846154 0.46661638221153845 0.6865306754807693 0.47595328365384615 0.7288137668269231 0.4785434110576923 0.7280866923076924 0.4613530504807692 0.7164977091346153 0.4458642572115385 0.7023813125 0.44447996153846153 0.6887276009615384 0.4540349855769231
2 0.22239572115384615 0.8399129375 0.24126164663461538 0.8428005048076923 0.23857684375000002 0.8162534134615385 0.22399776442307692 0.8039298004807692 0.20669298557692306 0.8010224014423077 0.20442996153846152 0.8213779423076922 0.22239572115384615 0.8399129375
1 0.5767469951923077 0.5023653293269231 0.5646544254807693 0.5119005240384615 0.5668104471153846 0.5259455336538461 0.5982316249999999 0.5302372259615384 0.6041457163461538 0.522344108173077 0.59886740625 0.5083387572115384 0.5907311971153846 0.5006241057692308 0.5767469951923077 0.5023653293269231
1 0.6194014759615385 0.4768059471153846 0.6183030120192308 0.4877650985576923 0.6334108701923077 0.5125907908653846 0.6535735504807693 0.5092074879807693 0.6680613365384616 0.4824422764423077 0.6484022403846155 0.4608015913461539 0.6328568942307692 0.4625626418269231 0.6194014759615385 0.4768059471153846
2 0.8007461610576924 0.849766420673077 0.7662687932692307 0.8470771466346154 0.7602225072115385 0.8518447451923077 0.7638735745192308 0.8643071658653846 0.7921063653846154 0.8670757572115384 0.8198764759615386 0.8589050288461538 0.8256583701923077 0.847886391826923 0.8080891995192307 0.838727954326923 0.8007461610576924 0.849766420673077
2 0.3017748822115385 0.8701766658653847 0.25779845192307693 0.8644808509615385 0.2519504591346154 0.8739367283653846 0.2555354326923077 0.884836389423077 0.2898806057692308 0.8844001418269231 0.3017748822115385 0.8701766658653847
2 0.7142883509615385 0.8367921971153846 0.6831315625 0.838751548076923 0.6835942451923077 0.8496908653846155 0.7116948413461538 0.8493339375000001 0.7145527403846154 0.8430432379807692 0.7142883509615385 0.8367921971153846
2 0.5143296923076923 0.8362048413461539 0.5018405384615384 0.8363634759615385 0.4990487379807692 0.8442169350961539 0.5024606129807693 0.8879543822115384 0.5089034807692308 0.8925633461538461 0.5291322596153847 0.8907428028846154 0.5309986947115385 0.8610107067307692 0.5256542860576923 0.8454425961538461 0.5143296923076923 0.8362048413461539
2 0.7254807499999999 0.8429044326923076 0.7441483846153846 0.8411037187500001 0.7413313870192308 0.811431108173077 0.7300067932692307 0.8021933557692308 0.7175837355769231 0.80391475 0.7205990240384617 0.8382756394230769 0.7254807499999999 0.8429044326923076
2 0.36243601923076924 0.8271889711538462 0.3343354230769231 0.8275459014423077 0.33519468990384615 0.84786178125 0.35249947115384617 0.8507691754807692 0.3679126225961538 0.8458826033653846 0.36243601923076924 0.8271889711538462
2 0.6023895504807693 0.8131959254807692 0.6031575240384616 0.7944229759615384 0.5826643557692308 0.7899924807692307 0.5820285745192307 0.8118909471153846 0.6023895504807693 0.8131959254807692
2 0.6599787884615385 0.8453000264423077 0.6593839110576922 0.8312351875 0.6329105576923078 0.833135045673077 0.6270625649038462 0.8425909254807693 0.6599787884615385 0.8453000264423077
3 0.5505727163461539 0.6590577427884615 0.5367970961538462 0.5713365360576923 0.5651423052884615 0.5603659134615385 0.5677358149038462 0.5478241754807692 0.5621931129807692 0.5275677836538462 0.5358267572115385 0.49506709375 0.4844655 0.48302461298076926 0.4469392788461538 0.4821112235576923 0.4035260817307692 0.5061291538461539 0.39030264423076927 0.5217579879807692 0.3781660528846154 0.5302523822115385 0.3719923485576923 0.5484044471153846 0.3878433293269231 0.5621050745192308 0.40351958894230766 0.5716378004807692 0.40912984375 0.5729581442307692 0.4162438509615385 0.5770379014423077 0.4245348293269231 0.6089081995192308 0.42524009134615387 0.6255828485576923 0.4324354567307692 0.664417266826923 0.43537852884615386 0.6683389182692309 0.4562021826923077 0.6805832163461538 0.4877555552884615 0.6880004254807692 0.5421312139423077 0.6810553581730769 0.5505727163461539 0.6590577427884615