1 0.5109375 0.171875 0.49531250000000004 0.16249999999999998 0.46562499999999996 0.159375 0.44843750000000004 0.16875 0.4453125 0.1828125 0.44999999999999996 0.1875 0.5125 0.19374999999999998 0.5109375 0.171875
1 0.6921875 0.19687500000000002 0.6781250000000001 0.1828125 0.65625 0.17812499999999998 0.6390625000000001 0.18125000000000002 0.6265624999999999 0.19374999999999998 0.625 0.20468750000000002 0.6375 0.2109375 0.6890624999999999 0.20625 0.6921875 0.19687500000000002
1 0.5828125 0.1421875 0.5640625 0.128125 0.5421875 0.1328125 0.5390625 0.1421875 0.5390625 0.153125 0.5515625 0.15781250000000002 0.56875 0.15781250000000002 0.5828125 0.1421875
1 0.8999999999999999 0.026562500000000003 0.890625 0.0125 0.871875 0.014062499999999999 0.8656250000000001 0.020312499999999997 0.8640625 0.028124999999999997 0.875 0.034375 0.8953125 0.0328125 0.8999999999999999 0.026562500000000003
1 0.7984374999999999 0.0296875 0.8015625 0.04375 0.8218749999999999 0.0390625 0.8140624999999999 0.026562500000000003 0.7984374999999999 0.0296875
1 0.7375 0.025 0.7390625 0.0390625 0.7671874999999999 0.0359375 0.7578125 0.020312499999999997 0.7375 0.025
1 0.6578124999999999 0.1171875 0.64375 0.11406250000000001 0.6265624999999999 0.115625 0.6203125 0.1234375 0.621875 0.1375 0.65625 0.1359375 0.6609375 0.1296875 0.6578124999999999 0.1171875
1 0.5171875 0.1515625 0.509375 0.14375 0.49375 0.140625 0.47343749999999996 0.146875 0.4703125 0.15781250000000002 0.503125 0.1671875 0.5171875 0.1640625 0.5171875 0.1515625
1 0.6109375 0.246875 0.603125 0.2390625 0.5765625 0.2296875 0.540625 0.23281249999999998 0.5203125 0.24843749999999998 0.51875 0.259375 0.5328125 0.2765625 0.6125 0.2625 0.6109375 0.246875
1 0.6484375 0.0921875 0.6359375 0.0921875 0.6265624999999999 0.1 0.625 0.10625000000000001 0.6328125 0.11249999999999999 0.6578124999999999 0.109375 0.6484375 0.0921875
3 0.5796875 0.4125 0.5875 0.421875 0.6078125 0.42656249999999996 0.6390625000000001 0.4234375 0.7203124999999999 0.390625 0.71875 0.359375 0.7015625000000001 0.3 0.684375 0.2859375 0.621875 0.28125 0.5859375 0.30625 0.60625 0.31718749999999996 0.6156250000000001 0.34062499999999996 0.58125 0.4 0.5796875 0.4125
3 0.8296874999999999 0.271875 0.8234375 0.234375 0.8187500000000001 0.22812500000000002 0.8015625 0.22812500000000002 0.7515624999999999 0.2390625 0.73125 0.2515625 0.7234375 0.271875 0.7281249999999999 0.290625 0.765625 0.2828125 0.8187500000000001 0.284375 0.8296874999999999 0.271875
3 0.778125 0.06875 0.7734375 0.0421875 0.7546875 0.0390625 0.746875 0.04375 0.7421875 0.071875 0.7484375000000001 0.0796875 0.7703125 0.08124999999999999 0.778125 0.06875
3 0.8796875 0.09687499999999999 0.909375 0.0953125 0.91875 0.0640625 0.9156249999999999 0.045312500000000006 0.9015625 0.0359375 0.8796875 0.040624999999999994 0.8812500000000001 0.056249999999999994 0.8687499999999999 0.0796875 0.8703125 0.0875 0.8796875 0.09687499999999999
3 0.6812499999999999 0.24375000000000002 0.717303125 0.23781562499999997 0.6921875 0.2265625 0.6453156250000001 0.2365296875 0.6337468749999999 0.25195625 0.6265624999999999 0.2765625 0.6578124999999999 0.2796875 0.66716875 0.2558125 0.6812499999999999 0.24375000000000002
3 0.6968749999999999 0.19374999999999998 0.7046874999999999 0.1671875 0.6859375000000001 0.140625 0.66875 0.1375 0.6640625 0.1453125 0.6864515625000001 0.16197187500000002 0.6765625 0.18125000000000002 0.6968749999999999 0.19374999999999998
3 0.48719999999999997 0.2789515625 0.44349375 0.273809375 0.42500000000000004 0.284375 0.4375 0.3015625 0.44999999999999996 0.30781250000000004 0.49375 0.3046875 0.503125 0.290625 0.4984375 0.2765625 0.503125 0.2640625 0.5 0.215625 0.48906249999999996 0.2078125 0.4609375 0.21250000000000002 0.44375 0.20156249999999998 0.41718750000000004 0.2078125 0.4370671875 0.230103125 0.45377812500000003 0.2506703125 0.49105781249999997 0.2648109375 0.48719999999999997 0.2789515625
3 0.8500000000000001 0.056249999999999994 0.8453124999999999 0.05 0.8265625000000001 0.048437499999999994 0.825 0.0796875 0.83125 0.0875 0.84375 0.0875 0.8500000000000001 0.056249999999999994
2 0.6890624999999999 0.46562499999999996 0.6812499999999999 0.46406250000000004 0.6828125 0.44999999999999996 0.6578124999999999 0.44999999999999996 0.6484375 0.4671875 0.653125 0.5484375 0.7 0.5484375 0.6953125 0.47968750000000004 0.6890624999999999 0.46562499999999996
2 0.4140625 0.4125 0.41718750000000004 0.4359375 0.47187500000000004 0.4359375 0.46562499999999996 0.4140625 0.4140625 0.4125
2 0.4984375 0.4 0.4703125 0.40312499999999996 0.46875 0.4140625 0.475 0.4203125 0.5015625 0.415625 0.4984375 0.4
2 0.6343749999999999 0.5359375 0.596875 0.5328125 0.5875 0.5359375 0.58746875 0.5566171875 0.590625 0.571875 0.628125 0.575 0.6359375 0.5703125 0.6343749999999999 0.5359375
2 0.8734375000000001 0.1453125 0.8734375000000001 0.1640625 0.8859375 0.16562500000000002 0.8890625000000001 0.1453125 0.8734375000000001 0.1453125
2 0.7359374999999999 0.1296875 0.7328125000000001 0.134375 0.7546875 0.13125 0.7515624999999999 0.1234375 0.7359374999999999 0.1296875