1 0.4584375 0.15878472115384618 0.45614583413461535 0.17291666586538462 0.4611111105769231 0.17750000000000002 0.5239814807692308 0.18236111057692309 0.5211226850961539 0.1605208341346154 0.5049421298076923 0.15149305528846152 0.47506944471153845 0.14902777884615384 0.4584375 0.15878472115384618
1 0.6668055552884616 0.1635416658653846 0.6498032403846155 0.16704861057692308 0.6380439807692307 0.1798263894230769 0.6371296298076923 0.19079861057692307 0.6499999999999999 0.19677083413461538 0.7012847211538461 0.1909375 0.7038541658653846 0.18149305528846152 0.6889583341346154 0.16774305528846153 0.6668055552884616 0.1635416658653846
1 0.5474884254807693 0.13020833413461538 0.5481365745192307 0.1411458341346154 0.5609143509615385 0.14555555528846154 0.5781018509615385 0.14517361057692307 0.5912384254807692 0.12923611057692308 0.57165509375 0.11559027884615383 0.5500578701923077 0.12076388942307692 0.5474884254807693 0.13020833413461538
1 0.8678192956730769 0 0.8668287043269232 0.0010763894230769232 0.8657291658653846 0.008923610576923077 0.8770370360576922 0.014930555288461538 0.8972569447115385 0.012916665865384615 0.9015740745192308 0.0065625 0.896738548076923 0 0.8678192956730769 0
1 0.8241898149038461 0.020798610576923077 0.8156365745192308 0.008472221153846153 0.8001967596153846 0.011944444711538462 0.80415509375 0.0259375 0.8241898149038461 0.020798610576923077
1 0.7693171298076924 0.018888889423076923 0.7590162043269231 0.003472221153846154 0.7389814807692308 0.008611110576923077 0.7413773149038462 0.022638889423076923 0.7693171298076924 0.018888889423076923
1 0.6276273149038462 0.10965277884615385 0.6300231490384616 0.12368055528846153 0.6643055552884616 0.12135416586538463 0.6686226850961539 0.115 0.6647569447115385 0.10256944471153846 0.6505092596153846 0.09975694471153845 0.6334143509615384 0.10170138942307692 0.6276273149038462 0.10965277884615385
1 0.4821412043269231 0.1363541658653846 0.4796643509615385 0.14736111057692308 0.51303240625 0.15600694471153845 0.5269097211538462 0.15256944471153847 0.5261689807692307 0.14006944471153845 0.5178935192307692 0.13243055528846154 0.5020833341346154 0.12965277884615384 0.4821412043269231 0.1363541658653846
1 0.5901736105769231 0.21687499999999998 0.554421295673077 0.22079861057692307 0.5350347211538462 0.236875 0.5341203701923077 0.24784722115384616 0.549201389423077 0.26472222115384614 0.6280555552884616 0.24888888942307694 0.6255671298076924 0.23329861057692308 0.6172916658653846 0.22565972115384614 0.5901736105769231 0.21687499999999998
1 0.6394791658653846 0.09843750000000001 0.6642939807692307 0.09475694471153846 0.6539004639423076 0.07777777884615385 0.6414004639423077 0.07805555528846155 0.6324884254807692 0.08607638942307692 0.6312962956730769 0.09236111057692308 0.6394791658653846 0.09843750000000001
3 0.6250462956730769 0.30371527884615385 0.6358101850961538 0.3269444447115385 0.6049537043269231 0.3870833341346154 0.6041319447115385 0.3996180552884615 0.6125 0.40881944471153847 0.6330902788461539 0.4130555552884615 0.66415509375 0.40923611057692305 0.7434606490384615 0.3746180552884616 0.7400462956730769 0.3434027788461539 0.7193402788461539 0.28440972115384616 0.7013194447115385 0.27072916586538465 0.6385416658653846 0.26743055528846155 0.6040856490384615 0.2932291658653846 0.6250462956730769 0.30371527884615385
3 0.8457986105769231 0.25343750000000004 0.837326389423077 0.21607638942307691 0.8322685192307693 0.20993055528846155 0.8150810192307693 0.21031249999999999 0.7657291658653846 0.2223611105769231 0.7461574062499999 0.2353125 0.7395486105769231 0.2557986105769231 0.7453472211538461 0.27444444471153845 0.7823842596153846 0.26579861057692306 0.8356018509615384 0.2661805552884615 0.8457986105769231 0.25343750000000004
3 0.74946759375 0.027152778846153844 0.7464467596153846 0.05538194471153846 0.7531597211538461 0.06305555528846153 0.7751273149038462 0.06413194471153846 0.7821990745192308 0.05145833413461538 0.7759375000000001 0.025 0.7570023149038462 0.022291665865384613 0.74946759375 0.027152778846153844
3 0.9150231490384615 0.07510416586538461 0.922546295673077 0.04364583413461538 0.9183101850961539 0.024965278846153845 0.9036921298076923 0.015902778846153844 0.88209490625 0.02107638942307692 0.8845833341346154 0.03666666586538461 0.8734722211538462 0.06038194471153846 0.8754976850961539 0.06815972115384615 0.8854282403846153 0.07732638942307692 0.9150231490384615 0.07510416586538461
3 0.7056134254807692 0.21118055528846155 0.6593321995192307 0.22218934134615387 0.6486776153846154 0.23787298557692307 0.642951389423077 0.26263888942307695 0.6743865745192308 0.2650694447115385 0.6823280096153846 0.24098652884615385 0.6956944447115384 0.22861111057692307 0.7313959038461538 0.22187555528846153 0.7056134254807692 0.21118055528846155
3 0.6768981490384616 0.12263888942307692 0.6726736105769231 0.13055555528846152 0.6960498966346154 0.1467173966346154 0.6873032403846153 0.16621527884615384 0.7083564807692307 0.17826388942307692 0.71459490625 0.15152777884615384 0.6942708341346153 0.12538194471153846 0.6768981490384616 0.12263888942307692
3 0.5013773149038461 0.19694444471153846 0.47353009375 0.2022569447115385 0.45569444471153847 0.1917013894230769 0.42950231490384616 0.19854166586538463 0.45070292788461536 0.2203905216346154 0.4686326610576923 0.24058635336538461 0.5067503125 0.2538985408653846 0.5037304639423077 0.26812489663461536 0.4597194903846154 0.2639539591346154 0.44185185096153845 0.27493055528846155 0.4553703701923077 0.2918402788461539 0.4682407403846154 0.2978125 0.5118055552884615 0.29371527884615384 0.5203472211538461 0.27944444471153845 0.5148263894230769 0.26548611057692306 0.5187731490384615 0.25288194471153846 0.5127777788461538 0.2045138894230769 0.5013773149038461 0.19694444471153846
3 0.8364351850961539 0.06902777884615384 0.8489351850961538 0.06875 0.8533333341346154 0.03736111057692308 0.8482754639423077 0.031215278846153847 0.8294328701923077 0.03006944471153846 0.8297222211538462 0.06135416586538462 0.8364351850961539 0.06902777884615384
2 0.7094791658653846 0.43482638942307694 0.6844791658653846 0.43538194471153846 0.6761226850961539 0.4527777788461539 0.685625 0.5339236105769231 0.7325 0.5328819447115385 0.7237384254807692 0.46423611057692304 0.7166550937499999 0.4503125 0.70875 0.44892361057692304 0.7094791658653846 0.43482638942307694
2 0.4977083341346154 0.4254513894230769 0.4901620360576923 0.4037152788461539 0.4385069447115385 0.40329861057692307 0.4430208341346154 0.42666666586538465 0.4977083341346154 0.4254513894230769
2 0.5221412043269231 0.3889236105769231 0.4942013894230769 0.3926736105769231 0.4932870360576923 0.40364583413461536 0.49990740624999996 0.40975694471153845 0.5261921298076924 0.40447916586538457 0.5221412043269231 0.3889236105769231
2 0.6204534711538462 0.5435623269230769 0.624513889423077 0.55875 0.6621990745192308 0.5610416658653846 0.6697337956730769 0.5561805552884616 0.6661342596153846 0.5218402788461538 0.6284490745192308 0.5195486105769231 0.6192592596153846 0.5228819447115385 0.6204534711538462 0.5435623269230769
2 0.8957523149038462 0.1459375 0.8976736105769232 0.12555555528846155 0.8820486105769232 0.12590277884615386 0.8831597211538462 0.14465277884615385 0.8957523149038462 0.1459375
2 0.7624652788461539 0.11447916586538462 0.7588773149038462 0.10673611057692309 0.7436226850961538 0.11333333413461538 0.7407754639423078 0.11809027884615385 0.7624652788461539 0.11447916586538462