3 0.12586003365384615 0.46681386298076927 0.11430237740384615 0.47174591826923074 0.08272032451923078 0.4636555024038461 0.0578840625 0.4676516875 0.03842364663461539 0.5124889735576923 0.04071825480769231 0.5203128798076923 0.04980986538461539 0.5274370384615384 0.05540242067307692 0.5294520456730769 0.07426764663461538 0.5262432956730769 0.07827134134615385 0.5276158605769231 0.08716184375 0.5238219711538462 0.10417402403846153 0.5095198028846154 0.11971756490384615 0.4874814110576923 0.12853311778846155 0.4718353293269231 0.12586003365384615 0.46681386298076927
3 0.28220145432692306 0.5933254326923076 0.25316632451923077 0.5911906322115384 0.24853183413461538 0.5944887980769231 0.2431581971153846 0.6218707403846153 0.24291181009615384 0.6298986658653847 0.24647394711538462 0.6345407427884615 0.25753289903846155 0.63950490625 0.2744938629807692 0.6379890793269231 0.2904908341346154 0.6250004447115385 0.2982852427884616 0.6045082620192308 0.2971379375 0.6005963100961538 0.28563743028846156 0.5989016586538461 0.28220145432692306 0.5933254326923076
3 0.9459485745192308 0.6476799639423076 0.9545808221153845 0.6395947331730769 0.9600687548076923 0.5989593774038462 0.9581585600961537 0.5944926658653846 0.91533425 0.5889989447115385 0.890239735576923 0.5887037836538462 0.8856052451923078 0.5920019495192308 0.8891043004807693 0.5971110985576923 0.8983851490384616 0.6028340408653846 0.8970604759615385 0.6126425745192308 0.8871606995192308 0.6239096346153846 0.8783273437500001 0.6210768149038461 0.8731251370192308 0.6285786370192308 0.8757982211538462 0.6336001033653846 0.8939124302884616 0.6421558629807692 0.8951858918269231 0.6451336682692308 0.9186974783653846 0.6509460192307692 0.9459485745192308 0.6476799639423076
3 0.5086160745192307 0.6538416225961539 0.5075318509615385 0.6494625985576923 0.48681357451923074 0.6415779326923077 0.47118321153846154 0.6394448629807693 0.4556456057692308 0.6676428846153846 0.45958621875000005 0.6694825240384615 0.45507788701923074 0.6718465432692308 0.45705116346153846 0.6758461802884616 0.4653798822115384 0.6824155817307692 0.4862814663461539 0.6827393942307692 0.49022207692307695 0.6845790336538461 0.49733447836538464 0.6815439206730769 0.501899954326923 0.6725531971153846 0.5022094182692307 0.6640581971153845 0.5086160745192307 0.6538416225961539
0 0.8769551899038461 0.5816082764423076 0.8646917908653846 0.5793588701923077 0.8562428461538462 0.5798832451923077 0.8554858918269231 0.5854881225961539 0.8653344591346154 0.5870074038461538 0.8753781995192308 0.5932851033653846 0.88128021875 0.5868051105769231 0.8769551899038461 0.5816082764423076
0 0.954563016826923 0.6211158317307692 0.9641592668269231 0.6245034062499999 0.9696828076923077 0.6208258533653847 0.970698014423077 0.6195123173076923 0.9586179206730769 0.6097020576923077 0.9533526322115384 0.6176709495192308 0.954563016826923 0.6211158317307692
0 0.47916906249999996 0.6857745072115384 0.4739549855769231 0.6809570576923077 0.47058802403846156 0.6810733942307692 0.4688158581730769 0.6879918076923077 0.47707556490384617 0.6888686514423077 0.47916906249999996 0.6857745072115384
0 0.5089314735576923 0.6515062596153847 0.512361514423077 0.6509228509615385 0.5170590841346153 0.647157610576923 0.5170531490384616 0.6409979783653846 0.510697701923077 0.6384282115384615 0.5058799110576924 0.6492872307692308 0.5089314735576923 0.6515062596153847
0 0.30557501442307694 0.5877526634615384 0.2975676274038462 0.5850075288461538 0.29116097115384615 0.5952241057692308 0.2999943269230769 0.5980569230769232 0.3050703774038462 0.59148925 0.30557501442307694 0.5877526634615384
0 0.12744889182692307 0.4674563028846154 0.12014131730769231 0.46573299999999995 0.10909423557692308 0.47308810576923077 0.1200270264423077 0.4789864134615385 0.12650269711538462 0.47446239903846155 0.12744889182692307 0.4674563028846154
2 0.13095168028846155 0.4105020408653846 0.14276758413461538 0.40986132932692304 0.14899093509615385 0.4072056057692308 0.14638093028846152 0.4017170649038461 0.1282095769230769 0.39978801201923075 0.10451468509615386 0.40153651682692304 0.10235810576923078 0.4050977331730769 0.1061725625 0.4078715168269231 0.11735173557692308 0.4057419014423077 0.13095168028846155 0.4105020408653846
2 0.33711552403846157 0.552725639423077 0.3191964903846154 0.5489282932692308 0.31564029086538464 0.5504458509615385 0.3143096802884615 0.5540947524038462 0.3253055528846154 0.5595259855769231 0.34163572355769234 0.5626808894230769 0.34398154086538457 0.557718454326923 0.33711552403846157 0.552725639423077
2 0.28538884134615383 0.5387065360576924 0.2627663028846154 0.5325147956730769 0.26233068028846157 0.5419439399038462 0.2752938894230769 0.5452151802884615 0.2838059158653846 0.5442237307692308 0.28538884134615383 0.5387065360576924
2 0.5049945889423078 0.5876032043269231 0.48358243509615384 0.5848563461538462 0.4792002644230769 0.5862862163461539 0.48009524759615385 0.5920664639423077 0.4897545769230769 0.5949869639423077 0.50760459375 0.5930917475961539 0.509761173076923 0.5895305288461539 0.5049945889423078 0.5876032043269231
2 0.5182219879807692 0.6013254206730769 0.5268661081730769 0.6055594591346154 0.5460526682692307 0.6061749759615385 0.5451576850961538 0.6003947283653847 0.5249499759615385 0.5949331153846154 0.5198679927884615 0.5953411562500001 0.5182219879807692 0.6013254206730769
2 0.9001087331730768 0.5125270336538461 0.9087183461538462 0.5139147908653846 0.9097335528846154 0.5126012548076923 0.9113164807692308 0.5070840624999999 0.9058500841346154 0.5041349086538461 0.874337045673077 0.5017370552884615 0.8665248341346155 0.5037503365384615 0.8683719471153846 0.5086841201923077 0.885023451923077 0.5156632908653846 0.9001087331730768 0.5125270336538461