3 0.35 0.7046874999999999 0.365625 0.69609375 0.36953125 0.6585937500000001 0.37031250000000004 0.6515625 0.36953125 0.6421874999999999 0.37421875000000004 0.6195312500000001 0.37968749999999996 0.5984375 0.35078125000000004 0.59140625 0.32499999999999996 0.596875 0.265625 0.5921875 0.2609375 0.60390625 0.25625 0.6226562499999999 0.24843749999999998 0.6375 0.2453125 0.6671875 0.26328125 0.6773437499999999 0.31171875000000004 0.6976562500000001 0.35 0.7046874999999999
2 0.34843749999999996 0.8578125000000001 0.3296875 0.8484375 0.31718749999999996 0.8578125000000001 0.2859375 0.8531249999999999 0.284375 0.8640625 0.2921875 0.875 0.3453125 0.8703125 0.34843749999999996 0.8578125000000001
1 0.3421875 0.546875 0.3296875 0.5421875 0.2984375 0.54375 0.2828125 0.559375 0.28125 0.56875 0.33828125 0.56328125 0.359375 0.5671875 0.3421875 0.546875
1 0.5445765625 0.547334375 0.55625 0.5375 0.55625 0.5359375 0.553125 0.5328125 0.55 0.53125 0.5453125 0.53125 0.541440625 0.5309109375 0.5296875 0.534375 0.528125 0.5359375 0.528125 0.5453125 0.534375 0.5484375 0.5445765625 0.547334375
1 0.5533281250000001 0.5574046874999999 0.571875 0.5578125 0.578125 0.5546875 0.578125 0.553125 0.58125 0.55 0.58125 0.5453125 0.5796875 0.54375 0.5671875 0.5375 0.5609375 0.5375 0.55625 0.5390625 0.55 0.54375 0.55 0.5453125 0.546875 0.5484375 0.546875 0.553125 0.5533281250000001 0.5574046874999999
1 0.7593749999999999 0.5453125 0.7640625000000001 0.5453125 0.765625 0.546875 0.778125 0.546875 0.7859375 0.540625 0.784375 0.53125 0.7796875000000001 0.5265625 0.7749999999999999 0.525 0.765625 0.525 0.7609375 0.5265625 0.753125 0.5328125 0.7515624999999999 0.5359375 0.7546875 0.5421875 0.7562500000000001 0.5421875 0.7593749999999999 0.5453125
3 0.7374328124999999 0.6097140625 0.7428671875 0.6120921874999999 0.7686828124999999 0.6131109375 0.78125 0.6140625 0.791440625 0.6144703125000001 0.796875 0.6125 0.8 0.60625 0.7999328124999999 0.5954484375 0.8036687499999999 0.5839 0.8046875 0.5730296874999999 0.8077453124999999 0.5625 0.8016296875000001 0.557065625 0.7906249999999999 0.5578125 0.7859375 0.5546875 0.7609375 0.553125 0.7593749999999999 0.5515625 0.7503390625 0.5543484375 0.7390625 0.5546875 0.734375 0.5578125 0.737771875 0.56929375 0.7350546875 0.5859375 0.734375 0.60258125 0.7374328124999999 0.6097140625
2 0.7906249999999999 0.6937500000000001 0.7906249999999999 0.6875 0.7875000000000001 0.6828125 0.7875000000000001 0.6781250000000001 0.7859375 0.6765625 0.784375 0.6781250000000001 0.7749999999999999 0.6781250000000001 0.7718750000000001 0.6812499999999999 0.7718750000000001 0.690625 0.7749999999999999 0.6937500000000001 0.7906249999999999 0.6937500000000001
2 0.7671874999999999 0.6968749999999999 0.76875 0.6953125 0.7703125 0.6921875 0.76875 0.6828125 0.753125 0.6828125 0.7515624999999999 0.684375 0.7515624999999999 0.6937500000000001 0.7546875 0.6968749999999999 0.7671874999999999 0.6968749999999999
1 0.9624999999999999 0.5484375 0.9703124999999999 0.5484375 0.9734375 0.546875 0.9734375 0.540625 0.971875 0.5375 0.9578125 0.5375 0.9546874999999999 0.540625 0.953125 0.54375 0.95625 0.546875 0.9609375 0.546875 0.9624999999999999 0.5484375
2 0.9696687500000001 0.623621875 0.965625 0.6203125 0.9640625 0.621875 0.9593750000000001 0.621875 0.9578125 0.6203125 0.95625 0.621875 0.95 0.621875 0.95 0.6296875 0.9796875 0.6296875 0.980009375 0.624540625 0.9738046875 0.6247703125 0.9696687500000001 0.623621875
3 0.5553125 0.5834375 0.5596875 0.59 0.5603125 0.6018749999999999 0.546875 0.6034375 0.546875 0.6109375 0.55 0.6125 0.5796875 0.6125 0.5828125 0.6109375 0.5859375 0.60625 0.5865625 0.5953125 0.584375 0.5903125 0.5859375 0.5671875 0.58125 0.5625 0.5775 0.566875 0.5659375 0.57625 0.5496875 0.5765625 0.54375 0.56875 0.5421875 0.565625 0.543125 0.573125 0.543125 0.58 0.544375 0.5840625 0.5553125 0.5834375
3 0.52 0.5828125 0.5234375 0.584375 0.53125 0.584375 0.5390625 0.58125 0.540625 0.5796875 0.5415625 0.568125 0.5421875 0.5640625 0.5521875 0.5584375 0.54625 0.5543750000000001 0.5459375000000001 0.54875 0.540625 0.55 0.5296875 0.549375 0.5203125 0.5515625 0.5171875 0.5578125 0.5171875 0.5609375 0.5203125 0.564375 0.52 0.5828125
2 0.5828125 0.6796875 0.584375 0.6781250000000001 0.581503125 0.6727203125 0.58125 0.66875 0.5796875 0.6671875 0.56875 0.6671875 0.5684125 0.6710296875 0.5696796875 0.6790546875 0.572634375 0.68074375 0.5828125 0.6796875