0 0.5734375 0.7328125000000001 0.584375 0.7296875 0.590625 0.7171875000000001 0.5890625 0.6765625 0.578125 0.6765625 0.575 0.6812499999999999 0.578125 0.71875 0.5734375 0.7328125000000001
3 0.30937499999999996 0.625 0.328125 0.6171875 0.3421875 0.596875 0.33906250000000004 0.4390625 0.290625 0.42656249999999996 0.2671875 0.45781249999999996 0.278909375 0.5287765624999999 0.278125 0.6187499999999999 0.2859375 0.6265624999999999 0.30937499999999996 0.625
3 0.4359375 0.5875 0.4453125 0.571875 0.44218749999999996 0.525 0.44843750000000004 0.5203125 0.44375 0.4390625 0.4125 0.43281250000000004 0.3734375 0.4359375 0.37031250000000004 0.5046875 0.37968749999999996 0.5875 0.38593750000000004 0.5953125 0.4359375 0.5875
3 0.5453125 0.5640625 0.5546875 0.4984375 0.5765625 0.45625000000000004 0.5734375 0.44843750000000004 0.54375 0.47343749999999996 0.521875 0.46406250000000004 0.5140625 0.4390625 0.5015625 0.44062500000000004 0.4828125 0.51875 0.47343749999999996 0.5328125 0.47343749999999996 0.575 0.5015625 0.6 0.5203125 0.603125 0.5453125 0.5640625
3 0.6359375 0.6046875 0.6499999999999999 0.4859375 0.6640625 0.45781249999999996 0.6453125 0.4296875 0.6375 0.4375 0.6265624999999999 0.4359375 0.6140625 0.42500000000000004 0.59375 0.43125 0.5875 0.44062500000000004 0.5890625 0.6109375 0.5953125 0.6265624999999999 0.6187499999999999 0.628125 0.6359375 0.6046875
3 0.7718750000000001 0.5265625 0.7828124999999999 0.4765625 0.7828124999999999 0.44999999999999996 0.7734375 0.41718750000000004 0.7593749999999999 0.41874999999999996 0.7359374999999999 0.40312499999999996 0.7250000000000001 0.41874999999999996 0.7203124999999999 0.46406250000000004 0.71875 0.5765625 0.73125 0.5890625 0.7703125 0.596875 0.7718750000000001 0.5265625
2 0.7437499999999999 0.8234375 0.7390625 0.7671874999999999 0.7296875 0.765625 0.7234375 0.778125 0.721875 0.8421875000000001 0.7265625 0.8515625 0.7375 0.8531249999999999 0.7437499999999999 0.8234375
2 0.7546875 0.8609374999999999 0.7593749999999999 0.85625 0.7593749999999999 0.84375 0.7578125 0.8390625 0.7546875 0.8343750000000001 0.7484375000000001 0.83125 0.746875 0.8265625000000001 0.7437499999999999 0.828125 0.7390625 0.8421875000000001 0.7375 0.8546875 0.7406250000000001 0.859375 0.7437499999999999 0.8609374999999999 0.7546875 0.8609374999999999
2 0.6234375000000001 0.9156249999999999 0.628125 0.91875 0.6359375 0.91875 0.65625 0.9078124999999999 0.6578124999999999 0.9046875000000001 0.6578124999999999 0.8984375 0.659375 0.8968750000000001 0.6578124999999999 0.89375 0.6578124999999999 0.8875 0.6546875000000001 0.8843749999999999 0.653125 0.8843749999999999 0.6499999999999999 0.8812500000000001 0.6499999999999999 0.8796875 0.6468750000000001 0.8796875 0.64375 0.8828125 0.64375 0.8859375 0.640625 0.8921874999999999 0.6328125 0.8968750000000001 0.6234375000000001 0.8953125 0.621875 0.8984375 0.621875 0.9078124999999999 0.6234375000000001 0.909375 0.6234375000000001 0.9156249999999999
2 0.5953125 0.8984375 0.603125 0.9156249999999999 0.6078125 0.91875 0.6125 0.91875 0.6187499999999999 0.9140625 0.6187499999999999 0.903125 0.6203125 0.9015625 0.6171875 0.8343750000000001 0.6109375 0.825 0.60625 0.8218749999999999 0.5984375 0.8234375 0.5953125 0.828125 0.59375 0.8328125 0.59375 0.8890625000000001 0.5953125 0.890625 0.5953125 0.8984375
2 0.559375 0.9624999999999999 0.5671875 0.9624999999999999 0.571875 0.9609375 0.575 0.95625 0.575 0.9437500000000001 0.5640625 0.909375 0.559375 0.9015625 0.5578125 0.903125 0.5484375 0.903125 0.546875 0.9046875000000001 0.546875 0.91875 0.553125 0.9593750000000001 0.559375 0.9624999999999999
2 0.528125 0.9859374999999999 0.5359375 0.9921875 0.5421875 0.9921875 0.5453125 0.9906250000000001 0.5484375 0.9875 0.55 0.9828125000000001 0.55 0.9468749999999999 0.5484375 0.9421875 0.5421875 0.9484375 0.534375 0.9468749999999999 0.5234375 0.9515625000000001 0.521875 0.95625 0.521875 0.965625 0.5203125 0.9671875000000001 0.5203125 0.971875 0.528125 0.9859374999999999
2 0.44999999999999996 0.8640625 0.44999999999999996 0.846875 0.44843750000000004 0.8453124999999999 0.44843750000000004 0.840625 0.44218749999999996 0.8374999999999999 0.44218749999999996 0.8343750000000001 0.4390625 0.840625 0.43125 0.8484375 0.428125 0.8453124999999999 0.42500000000000004 0.8453124999999999 0.4234375 0.846875 0.421875 0.871875 0.42656249999999996 0.878125 0.43437499999999996 0.878125 0.44999999999999996 0.8640625
2 0.390625 0.9125000000000001 0.396875 0.9156249999999999 0.40312499999999996 0.9156249999999999 0.40625 0.9125000000000001 0.40937500000000004 0.903125 0.40937500000000004 0.8984375 0.41093749999999996 0.8968750000000001 0.40937500000000004 0.89375 0.40937500000000004 0.8890625000000001 0.4078125 0.8875 0.4078125 0.871875 0.4046875 0.8703125 0.4 0.8703125 0.390625 0.8734375000000001 0.38749999999999996 0.8890625000000001 0.384375 0.8968750000000001 0.384375 0.90625 0.390625 0.9125000000000001
2 0.29375 0.925 0.29375 0.934375 0.2984375 0.940625 0.3 0.9453125 0.30937499999999996 0.9546874999999999 0.3203125 0.9546874999999999 0.328125 0.9515625000000001 0.33125000000000004 0.9484375 0.33125000000000004 0.9375 0.3296875 0.9328125 0.32499999999999996 0.9265625 0.32499999999999996 0.9140625 0.3265625 0.9109375 0.32499999999999996 0.909375 0.32499999999999996 0.9015625 0.321875 0.8953125 0.3140625 0.8968750000000001 0.30937499999999996 0.890625 0.3046875 0.8890625000000001 0.3015625 0.890625 0.296875 0.903125 0.296875 0.9156249999999999 0.2953125 0.9171875 0.2953125 0.9234374999999999 0.29375 0.925