0 0.3788289110576923 0.36085664903846154 0.38370909375 0.32847796153846154 0.39052069471153844 0.3043653509615385 0.38797215865384616 0.28965347355769233 0.3808558725961539 0.29470711298076924 0.36979671153846155 0.2942999278846154 0.36268042788461535 0.2993535673076923 0.35347263221153846 0.3182837884615385 0.3547791754807692 0.3517762019230769 0.35694297836538463 0.3585004375 0.36397921875 0.36451812740384615 0.3750383798076923 0.3649253125 0.3788289110576923 0.36085664903846154
0 0.2780131754807692 0.2286831418269231 0.2727560072115385 0.22140204326923077 0.2678835721153846 0.22210858894230767 0.26409304086538465 0.22617725 0.25736148798076924 0.23921853365384615 0.25410803365384615 0.2608043269230769 0.2583555961538461 0.28532412259615386 0.2714262163461539 0.28292605288461536 0.27684347596153847 0.26806449759615386 0.2736778173076923 0.2469068173076923 0.2780131754807692 0.2286831418269231
0 0.06213617788461538 0.34343778846153844 0.06398754326923077 0.36277519471153846 0.06793042067307692 0.3682360168269231 0.07837245673076923 0.36219740144230766 0.08440684134615384 0.35378164423076924 0.08580118028846154 0.3445305889423077 0.08363737740384615 0.3378063557692308 0.07064680288461539 0.3291330961538461 0.06213617788461538 0.34343778846153844
0 0.4241965 0.4814647475961538 0.43154517548076926 0.4748692668269231 0.4324024375 0.4481010841346154 0.4251338100961538 0.4436252355769231 0.40517929326923074 0.4495351009615384 0.4009239807692308 0.45668744471153844 0.416695483173077 0.4785307427884616 0.4241965 0.4814647475961538
0 0.5450132548076924 0.4176955336538462 0.5558400240384616 0.4196445625 0.5675963557692307 0.41542621875 0.5739431754807692 0.3943972932692308 0.5691507884615384 0.3840325096153846 0.5614173774038462 0.3826403461538461 0.5525220240384615 0.38895739663461537 0.5450132548076924 0.4176955336538462
0 0.8855155817307693 0.4774088245192308 0.9045405408653846 0.4776663317307692 0.9087958533653846 0.4705139855769231 0.9098054567307692 0.4532752884615385 0.9008378052884616 0.4389915216346154 0.8926396201923077 0.4406830432692308 0.8859080649038462 0.45372432692307696 0.8855155817307693 0.4774088245192308
0 0.7420046802884616 0.68120725 0.7464923822115386 0.6725130625000001 0.7491287139423076 0.64448146875 0.7467325216346155 0.6392990793269231 0.7379172115384616 0.6345447980769231 0.7331971201923076 0.644780829326923 0.7360503437499999 0.6785516802884615 0.7420046802884616 0.68120725
3 0.3257195793269231 0.5143703245192308 0.30652397596153846 0.506686329326923 0.3042612307692308 0.47668165384615385 0.3174812644230769 0.4452341778846154 0.34544080769230767 0.4172857788461538 0.35016036538461537 0.36908733173076924 0.35488147115384616 0.32088916586538463 0.32747087980769235 0.30580653125 0.30797061057692304 0.3564182644230769 0.2922285024038462 0.3933315048076923 0.27482235817307693 0.48068460817307695 0.2788610552884615 0.5101633052884615 0.2849639158653846 0.5259362884615385 0.3257195793269231 0.5143703245192308
3 0.25385694471153847 0.310312375 0.2447551826923077 0.37632856009615384 0.23771485576923077 0.45117109134615385 0.2390275793269231 0.4818504278846154 0.2522038125 0.4830520673076923 0.25580341826923075 0.4324396129807692 0.2566430769230769 0.38185134134615384 0.2680171754807692 0.3120158052884615 0.2765697524038461 0.2890321971153846 0.25385694471153847 0.310312375
3 0.8717167908653847 0.6111209903846154 0.8750663076923076 0.5585314278846154 0.887214608173077 0.4872167451923077 0.8824222211538462 0.4768519591346154 0.8715954495192307 0.47490293509615383 0.8487489567307692 0.6054026634615385 0.8512174471153846 0.6311858653846154 0.8717167908653847 0.6111209903846154
3 0.8072131947115384 0.6280152860576924 0.8187603870192308 0.5303223581730769 0.8153700889423077 0.4790343798076923 0.8063223894230769 0.47582194230769226 0.7981964975961537 0.49811427884615384 0.8003525528846154 0.53651065625 0.7902797451923077 0.6138811995192308 0.8072131947115384 0.6280152860576924
3 0.5769822860576923 0.6166591538461539 0.5929939254807692 0.6052884663461539 0.5944683125 0.5849660841346154 0.578616764423077 0.5741941153846154 0.5699460480769231 0.6106414663461538 0.5769822860576923 0.6166591538461539
3 0.6354880168269231 0.5483859663461538 0.6344053341346154 0.5618090985576922 0.6153523870192308 0.5728888509615385 0.6125637115384616 0.5913909591346154 0.6199046346153847 0.6164676177884616 0.6349066730769231 0.6223356274038461 0.6431048581730768 0.6206441057692308 0.6443546033653846 0.5701914254807693 0.6582101947115385 0.520424358173077 0.6582256923076923 0.4570800745192308 0.6560618894230769 0.4503558413461538 0.631162641826923 0.43637143509615384 0.5859964399038462 0.44091006490384616 0.5673562139423077 0.44864020432692303 0.5619389543269231 0.46350176201923077 0.5650168173076924 0.5274029110576923 0.590300798076923 0.5493749615384615 0.6015569374999999 0.5516689254807692 0.6281307860576923 0.5409564495192307 0.6354880168269231 0.5483859663461538
0 0.6264193004807692 0.5416238942307692 0.6114895576923077 0.5563566971153846 0.5984189375 0.558754766826923 0.5972569903846154 0.5664639759615384 0.6005026947115385 0.576550326923077 0.6117942451923077 0.5754156706730769 0.627341108173077 0.5671286658653846 0.6340726610576923 0.5540873822115384 0.6310593437500001 0.5424591899038462 0.6264193004807692 0.5416238942307692
3 0.48218741105769236 0.57114825 0.4799594206730769 0.5890608076923077 0.4817051538461538 0.6058421442307692 0.5082388774038461 0.5773615144230769 0.5150504783653846 0.5532489014423077 0.5118202716346154 0.4798182668269231 0.5196414783653845 0.43846695673076924 0.4384368221153846 0.43968532692307694 0.43085575721153846 0.44782264903846153 0.43255478125 0.4576305697115384 0.4145239278846154 0.5034786514423076 0.42426104567307693 0.5337377043269231 0.41280165384615386 0.5886871586538461 0.4329808100961538 0.6129075961538462 0.440177141826923 0.5967826298076923 0.4573883533653846 0.5544753774038461 0.48185374999999997 0.5358703774038461 0.48218741105769236 0.57114825
3 0.08641830048076923 0.3509763918269231 0.10783302163461538 0.3741665625 0.1293251514423077 0.41412913942307694 0.12637638221153846 0.45477390384615385 0.15988180048076922 0.3800380048076923 0.16267047836538462 0.3615358966346154 0.11983592548076924 0.31898396153846154 0.10081096634615384 0.3187264567307692 0.08812507692307693 0.3291121682692308 0.08641830048076923 0.3509763918269231
3 0.07001417788461538 0.38603157932692306 0.05972448317307692 0.4015996826923077 0.05128349519230769 0.4470630841346154 0.05216946153846154 0.4622865096153846 0.05030918028846154 0.47462895673076927 0.04748012259615385 0.5039181346153846 0.07377370913461538 0.5086514879807692 0.07864614423076924 0.5079449423076923 0.06952614903846153 0.4841316923076923 0.08168271153846153 0.42455670913461535 0.07001417788461538 0.38603157932692306
3 0.02560969230769231 0.43821763942307695 0.03335085096153846 0.4079376586538462 0.029872754807692307 0.3993931514423077 0.03583483894230769 0.3703765793269231 0.039525334134615384 0.34308745913461536 0.051469499999999994 0.3193461057692308 0.04110750961538461 0.3143133942307692 0.01217964423076923 0.41517416586538464 0.015552387019230769 0.45224389903846157 0.02560969230769231 0.43821763942307695
2 0.14052636057692308 0.15008785576923078 0.1696809206730769 0.15691991586538462 0.17859177884615385 0.08725858173076924 0.17202031971153844 0.07815720913461538 0.1567858918269231 0.07383104086538461 0.14052636057692308 0.15008785576923078
2 0.13938904326923077 0.11592591826923077 0.1467285889423077 0.08785730288461538 0.12399314663461539 0.08059713221153847 0.11206897115384615 0.1386302716346154 0.1301643701923077 0.14505514423076923 0.13789777884615384 0.14644730769230768 0.13938904326923077 0.11592591826923077
2 0.3179377091346154 0.15351912740384616 0.3279149663461538 0.15056419711538463 0.3285475913461538 0.09366571394230769 0.31934754807692306 0.0809237908653846 0.2972292283653846 0.08010942067307693 0.29295841346153845 0.1506060528846154 0.29535460817307696 0.15578844230769232 0.3179377091346154 0.15351912740384616
2 0.4060185096153846 0.18046110576923077 0.4167729855769231 0.16180931971153845 0.4236646298076923 0.1266253798076923 0.4051844975961538 0.11221286298076924 0.3881555 0.17249438942307693 0.4060185096153846 0.18046110576923077
2 0.6951679134615384 0.24359929807692307 0.6827944615384616 0.24137183653846156 0.6807829975961539 0.2441770889423077 0.6800858293269231 0.24880261778846155 0.6783067572115384 0.2500660264423077 0.67242471875 0.26801126923076923 0.6707979903846154 0.27880416586538465 0.683940908653846 0.2970069110576923 0.6872666586538462 0.2960219350961538 0.6884286105769231 0.2883127235576923 0.6902076802884616 0.2870493125 0.6977964951923077 0.24723984615384614 0.6951679134615384 0.24359929807692307
2 0.6106297524038461 0.2774747860576923 0.6139555048076922 0.2764898076923077 0.6174413533653845 0.25336217307692305 0.6161270600961538 0.2515419014423077 0.6192281730769231 0.2204266201923077 0.6179138822115384 0.21860634855769231 0.6188434399038462 0.21243897836538464 0.6175291466346154 0.21061870432692306 0.6082490600961539 0.20894810817307694 0.6031442355769231 0.2111964951923077 0.5957878100961538 0.24946412019230768 0.5940087403846154 0.25072753125 0.5905228918269231 0.2738551658653846 0.5977915216346154 0.27833100961538465 0.6106297524038461 0.2774747860576923
2 0.5235740576923077 0.16994982692307692 0.5152235288461539 0.16211186298076924 0.5028500745192308 0.15988440384615382 0.4988271538461539 0.16549490865384617 0.4969680360576923 0.17782964663461537 0.49518896394230766 0.1790930576923077 0.4930974543269231 0.19296963701923076 0.4913183870192308 0.19423304567307692 0.4824152788461538 0.2322222379807692 0.4868229326923077 0.23459937740384615 0.4965678004807692 0.2331862860576923 0.5093259879807692 0.2434013894230769 0.5115698389423077 0.2390542956730769 0.5235740576923077 0.16994982692307692
2 0.4620037307692308 0.20954364423076924 0.4662512932692308 0.23406343990384615 0.4655541225961538 0.23868896875 0.4722056298076923 0.2367190120192308 0.4750666033653846 0.23881771875 0.48063620673076923 0.23348564903846156 0.4817981538461539 0.2257764375 0.4855886875 0.22170777403846154 0.4890745336538461 0.1985801418269231 0.48606121875 0.1869519471153846 0.4874555576923077 0.1777008942307692 0.48482697115384615 0.17406034615384616 0.4862213100961539 0.16480929086538462 0.4827432139423077 0.15626478365384616 0.47013737499999997 0.15557916586538462 0.46348586778846157 0.1575491201923077 0.4618591394230769 0.16834201682692307 0.4618513894230769 0.20001415865384614 0.46316568269230773 0.20183443269230766 0.4620037307692308 0.20954364423076924