1 0.609375 0.37187499999999996 0.5953125 0.353125 0.5796875 0.35468750000000004 0.5671875 0.37187499999999996 0.5609375 0.3921875 0.56875 0.396875 0.609375 0.3921875 0.609375 0.37187499999999996
2 0.7095687500000001 0.9175546874999999 0.7143265625 0.901040625 0.72636875 0.8983203125 0.7240374999999999 0.875396875 0.7259796875 0.8625750000000001 0.7203124999999999 0.8546875 0.7 0.8500000000000001 0.6983046875000001 0.8825859375 0.6893703125 0.8876375000000001 0.684375 0.8953125 0.6831546875 0.9206625 0.6890624999999999 0.921875 0.7 0.921875 0.7095687500000001 0.9175546874999999
3 0.7046874999999999 0.6125 0.7453125 0.6171875 0.7515624999999999 0.609375 0.7640625000000001 0.6078125 0.7671874999999999 0.6140625 0.7921875 0.6171875 0.7953125000000001 0.5921875 0.7749999999999999 0.578125 0.7973484375000001 0.4862859375 0.7983171874999999 0.46366718749999997 0.8018703125000001 0.4481578125 0.7921875 0.43437499999999996 0.7796875000000001 0.43125 0.7515624999999999 0.4625 0.721875 0.43125 0.715940625 0.4362015625 0.7152953125000001 0.44945 0.7182031249999999 0.471421875 0.7198171874999999 0.4798234375 0.7275703124999999 0.5408953125 0.70625 0.566746875 0.7046874999999999 0.6125
1 0.296875 0.31718749999999996 0.296875 0.334375 0.3109375 0.3375 0.30937499999999996 0.31718749999999996 0.296875 0.31718749999999996
3 0.559375 0.6046875 0.5823640625000001 0.6043796875 0.5862406250000001 0.586284375 0.597546875 0.6069656250000001 0.6272671875 0.607934375 0.63825 0.6098734375 0.6379265625 0.5736828125 0.617575 0.5497703125 0.6188671875 0.5061484375 0.6240359375 0.46511093750000004 0.6282359375000001 0.45186249999999994 0.6343749999999999 0.4515625 0.6109375 0.43437499999999996 0.603125 0.4375 0.59278125 0.47933593750000003 0.5879359375 0.493553125 0.5817984375 0.44508437500000003 0.5775984375 0.4392671875 0.5703125 0.44062500000000004 0.5546875 0.46406250000000004 0.5616890625000001 0.520365625 0.55878125 0.5578484375 0.553125 0.5984375 0.559375 0.6046875
2 0.6492140625 0.8527359375000001 0.6397484375 0.8446921875 0.6367140625 0.8261734375 0.6085890625 0.8230484375 0.6098390625 0.8485781250000001 0.6184812500000001 0.84614375 0.6429640625 0.8652359375 0.6492140625 0.8527359375000001
2 0.34062499999999996 0.7824234375000001 0.334375 0.7949234375 0.334375 0.8136734375000001 0.35 0.8292984375000001 0.35 0.7949234375 0.34062499999999996 0.7824234375000001
3 0.3055984375 0.34572499999999995 0.30625 0.34062499999999996 0.290625 0.33125000000000004 0.2828125 0.35 0.28125 0.38125 0.2984375 0.38593750000000004 0.30093749999999997 0.350775 0.3055984375 0.34572499999999995
2 0.275 0.7851609375 0.2734375 0.8101609375 0.2859375 0.8132859375 0.2890625 0.7882859375 0.275 0.7851609375
3 0.3262921875 0.5359375 0.3075359375 0.5551875 0.3043046875 0.6072109375 0.3059796875 0.6328125 0.30624375000000004 0.6353234375000001 0.3262921875 0.640625 0.3356671875 0.6343749999999999 0.3403546875 0.6156250000000001 0.341778125 0.5926703125 0.34694687500000004 0.56488125 0.35441718749999995 0.6109375 0.3637921875 0.6343749999999999 0.3747296875 0.6375 0.38410468750000004 0.6296875 0.3872296875 0.6140625 0.38344999999999996 0.566496875 0.3760203125 0.550340625 0.373759375 0.5328906250000001 0.37666718749999994 0.514471875 0.38248125 0.50219375 0.38566718749999995 0.48124999999999996 0.37629218750000004 0.47343749999999996 0.37785468749999995 0.45781249999999996 0.37004218749999995 0.453125 0.3591046875 0.46562499999999996 0.34533125000000003 0.5105953125 0.3379015625 0.483128125 0.33722968750000004 0.4625 0.3341046875 0.446875 0.3101203125 0.4472609375 0.3094734375 0.462771875 0.3059796875 0.47343749999999996 0.315934375 0.5089796875 0.3122296875 0.521875 0.3262921875 0.528125 0.3262921875 0.5359375
1 0.371659375 0.386453125 0.36541406249999997 0.373059375 0.353246875 0.368034375 0.3431625 0.372475 0.3367703125 0.3812828125 0.3344296875 0.39485468749999997 0.33378281249999997 0.4022859375 0.339275 0.3997015625 0.3725484375 0.400025 0.38005937500000003 0.40164062500000003 0.371659375 0.386453125
1 0.7835375 0.3675546875 0.78063125 0.35576093750000004 0.77223125 0.33928125 0.7551109375 0.3400890625 0.743803125 0.341865625 0.7334671875 0.3596390625 0.7308828125000001 0.3627078125 0.7221593749999999 0.375471875 0.7195750000000001 0.3806421875 0.7208671874999999 0.384034375 0.7576953125 0.3848421875 0.7612484375 0.37805625 0.7654468750000001 0.38080312499999996 0.7712625 0.379671875 0.7828921875 0.38823593749999996 0.7835375 0.3675546875
2 0.5146734375 0.9041390625 0.530209375 0.9076359375 0.5384640625 0.885109375 0.5474765625 0.8771078125 0.5489515625 0.8684031249999999 0.5423484375000001 0.8629625 0.5229265625 0.86024375 0.5213734375 0.8808359375 0.5131187500000001 0.8878203125 0.5100109374999999 0.904528125 0.5146734375 0.9041390625
2 0.8027921874999999 0.9105609374999999 0.8024046874999999 0.90395625 0.7946359375000001 0.8985171875 0.789975 0.8849171874999999 0.778321875 0.8775359375 0.7759906249999999 0.8713187499999999 0.7673296875000001 0.8604109375 0.769271875 0.8475890625000001 0.7612296875000001 0.845675 0.7425859375 0.8464515625 0.744528125 0.870153125 0.741809375 0.877146875 0.74103125 0.8810328125000001 0.75113125 0.8969625 0.7647265625 0.9109499999999999 0.7860906249999999 0.9187203125000001 0.8027921874999999 0.9105609374999999