2 0.8029686875 0.16474209134615383 0.7946161562499999 0.1601140432692308 0.7852628389423076 0.15941915865384615 0.7557017139423077 0.16323424759615385 0.7088238774038461 0.17372219471153846 0.69943203125 0.18254229086538462 0.7099228966346154 0.1995743798076923 0.7127456057692307 0.19160208173076926 0.7282403942307693 0.18896836057692307 0.7613683052884616 0.19610496153846152 0.7700459278846155 0.18801104086538462 0.7994659447115384 0.17850815865384614 0.8039309399038461 0.17032391105769232 0.8029686875 0.16474209134615383
2 0.672458076923077 0.2500575432692308 0.6709954375 0.24644230528846153 0.6654270817307691 0.24335693990384616 0.643042403846154 0.2449778533653846 0.6044829086538461 0.2550262548076923 0.5937353317307692 0.26085131730769234 0.5953390841346153 0.27015434615384615 0.6012281875000001 0.2751003173076923 0.6049062355769231 0.2720896370192308 0.621329079326923 0.26997014423076926 0.6363576658653846 0.27437059375 0.6465706586538461 0.2654445240384615 0.6686003918269231 0.2568954134615385 0.672458076923077 0.2500575432692308
2 0.5321366346153846 0.31254713701923076 0.5314951370192308 0.3088259230769231 0.5181430240384615 0.3092811153846154 0.48697381009615387 0.3183757451923077 0.4801181129807693 0.3224305264423077 0.4827568389423077 0.3328679903846154 0.48986056490384616 0.3351212019230769 0.5091745024038462 0.33516459375 0.5123179639423077 0.3290529014423077 0.5208159447115385 0.32478616826923074 0.5300623437499999 0.3248608533653846 0.5279581995192307 0.31752440144230765 0.5321366346153846 0.31254713701923076
2 0.5330945456730769 0.33271153124999997 0.536913701923077 0.3353886418269231 0.5388425432692308 0.3319697091346154 0.5545511658653847 0.33057638942307693 0.5534136129807693 0.3142391875 0.5425249278846154 0.31437645192307695 0.5315635192307693 0.31896110817307693 0.5330945456730769 0.33271153124999997
2 0.3663983149038461 0.36880696634615384 0.36504258653846156 0.36581193028846154 0.34776440625 0.36296980528846157 0.31916553365384615 0.3723667139423077 0.31712977403846154 0.37516544711538463 0.31966158653846155 0.38498270673076923 0.3340486730769231 0.3856619447115385 0.33818857692307697 0.39019966346153845 0.34568577403846157 0.38986609375 0.34936381971153846 0.3868554110576923 0.3503304086538461 0.37785465865384615 0.36304102163461544 0.3736782548076923 0.3663983149038461 0.36880696634615384
2 0.3529215985576923 0.37696803125 0.34745330288461534 0.38878842067307695 0.3453016153846154 0.3947321754807692 0.37011703846153843 0.39632386778846157 0.37718017788461544 0.39039990625 0.39632731009615385 0.37921131490384613 0.3955923629807692 0.37494804567307694 0.3897483918269231 0.37286890624999997 0.38094421874999995 0.3720435552884615 0.3529215985576923 0.37696803125
3 0.39025325 0.5850925048076923 0.38900878365384617 0.5681350961538462 0.3918314903846154 0.560162798076923 0.40122334134615384 0.5513426995192308 0.3961939110576923 0.5367757740384616 0.38716568509615384 0.5233589230769231 0.3797412115384615 0.5192451009615385 0.37613588942307696 0.5178083942307692 0.3466816850961539 0.5222436826923077 0.3443978990384616 0.518734420673077 0.3316530985576923 0.5178432331730769 0.32868927884615384 0.5201277379807693 0.32983117067307693 0.5218823701923078 0.31858320432692305 0.5296740120192308 0.3048376201923077 0.532715985576923 0.3069417620192308 0.5400524375 0.3152215697115385 0.549127875 0.318146858173077 0.5563583509615385 0.32628555528846154 0.5597459927884615 0.33499302884615384 0.5713022379807693 0.3513046177884615 0.5831451153846154 0.3830768028846154 0.5872866802884615 0.39025325 0.5850925048076923
3 0.5939225913461539 0.4713153413461538 0.5914635048076924 0.4570506899038461 0.5449449495192308 0.4598842620192308 0.52166640625 0.4660585408653847 0.5132753437500001 0.47094547355769234 0.5228680024038461 0.5071135024038461 0.53664778125 0.5091391201923077 0.5480325144230769 0.5216178461538461 0.5314642211538462 0.5326321201923077 0.5306772692307692 0.5378056850961539 0.5449145649038462 0.5619622764423077 0.5684753269230769 0.5671635889423077 0.5990757692307692 0.5499003557692308 0.609036391826923 0.5492488629807692 0.6157167884615385 0.5344386947115385 0.6033100961538461 0.4770778173076923 0.5939225913461539 0.4713153413461538
3 0.7004485769230769 0.48546337259615385 0.6934306033653846 0.4350150480769231 0.6865792451923076 0.42448725961538464 0.6793300721153847 0.4311288269230769 0.6734751610576922 0.43125044711538457 0.6621588125 0.4289069038461539 0.6594131634615384 0.4178492403846154 0.6503806009615385 0.41901496153846157 0.6288854495192309 0.4306650841346154 0.6082456346153846 0.4472768221153846 0.6222218846153846 0.5088731394230769 0.634423423076923 0.5358284639423077 0.6609436610576923 0.55332784375 0.6725465697115385 0.5524643990384616 0.7052169615384615 0.5374700264423077 0.7011155913461539 0.523417326923077 0.7061195096153846 0.5037515120192307 0.7004485769230769 0.48546337259615385
3 0.8132441274038461 0.5457183149038461 0.806961545673077 0.5433591274038462 0.8092838629807692 0.5373534086538462 0.806358576923077 0.5301229326923077 0.8107166538461539 0.5213184807692308 0.827964985576923 0.5045104399038461 0.8375750096153846 0.4823481754807692 0.8362192812499999 0.4793531370192308 0.7378021394230768 0.4489425817307692 0.7299456586538462 0.4569305264423077 0.7210156682692308 0.4732990240384615 0.73135240625 0.5283910408653847 0.7562303629807693 0.5461023701923077 0.7929977860576923 0.5597432692307692 0.8152028221153846 0.5619495456730769 0.8415521009615384 0.5541109663461539 0.8420524927884615 0.5521443846153846 0.820595875 0.5542795240384616 0.8132441274038461 0.5457183149038461
0 0.8964579086538461 0.43924485336538466 0.8804328798076924 0.4241949903846154 0.8597632139423077 0.4211565649038462 0.8552640264423077 0.42427322115384614 0.8558241201923077 0.4616069711538462 0.8651432427884616 0.4572342620192308 0.8686416490384615 0.4580507692307692 0.8707457908653846 0.46538721875 0.8742441923076923 0.46620372355769235 0.8798896153846154 0.45025912740384616 0.889174545673077 0.4408188269230769 0.8964579086538461 0.43924485336538466
0 0.5059360841346154 0.5403647235576924 0.5189674423076923 0.5380489254807692 0.5211828461538461 0.5314230048076923 0.5058335072115384 0.5251619471153846 0.5019758197115385 0.5319998173076923 0.5031519062500001 0.5388220408653847 0.5059360841346154 0.5403647235576924
0 0.49857999519230767 0.5463860889423077 0.4983276274038462 0.5546606658653845 0.5146435600961539 0.55192096875 0.5277134495192308 0.5400901899038462 0.5265373677884615 0.5332679663461538 0.5196474759615385 0.53225515625 0.5115771610576924 0.5390026995192307 0.5052945817307692 0.5366435096153845 0.49857999519230767 0.5463860889423077
0 0.3881368677884615 0.5084150889423077 0.3928585793269231 0.5184702379807692 0.41651427403846153 0.5107003269230769 0.4237719302884615 0.5070976947115384 0.4245019543269231 0.5018763173076923 0.4190031634615385 0.49992000721153845 0.4115611514423077 0.5008804567307692 0.4005828966346154 0.5049632548076923 0.3881368677884615 0.5084150889423077