2 0.16441813221153845 0.49209110576923076 0.16097539182692305 0.46698769230769227 0.12439994951923078 0.4796943076923077 0.11664814423076922 0.4926668317307692 0.12544924519230768 0.5440771538461538 0.13553638942307694 0.5580612620192308 0.15458196153846154 0.55558309375 0.16441813221153845 0.49209110576923076
1 0.659941360576923 0.4631206394230769 0.6753556490384616 0.45496209134615384 0.6822836274038462 0.4147080745192308 0.6720915528846153 0.3942856802884615 0.6486999903846153 0.3783154014423077 0.6139352379807692 0.3857872283653846 0.5959020360576923 0.3961238581730769 0.5933880552884616 0.4047402211538461 0.6366547259615385 0.4535886466346154 0.659941360576923 0.4631206394230769
1 0.7132526754807693 0.6164140192307692 0.7128641730769231 0.6391104447115384 0.7216340576923077 0.642071201923077 0.7435878245192308 0.6163550625 0.7481067475961538 0.5911556947115385 0.7313595913461538 0.5640661081730769 0.7076688485576923 0.5530057596153847 0.6815690528846154 0.5570000576923078 0.6696868245192308 0.5724755216346155 0.6973137379807692 0.5923811442307693 0.7132526754807693 0.6164140192307692
1 0.5813228581730769 0.2926534903846154 0.5910952163461538 0.2873227451923077 0.6079316947115385 0.29662583173076923 0.6204434999999999 0.3197800745192308 0.63596271875 0.31805981009615386 0.6463334374999999 0.30290920673076926 0.6448063197115383 0.2790092860576923 0.6296756009615384 0.25803312259615385 0.6113276105769231 0.24905489903846154 0.5784784807692308 0.25773021875 0.5670003629807693 0.2747340384615385 0.5813228581730769 0.2926534903846154
2 0.24944428846153846 0.7532480096153846 0.29125755288461536 0.7361852331730769 0.2971986658653846 0.7284474999999999 0.2844926105769231 0.7166414711538462 0.28428275240384615 0.7037649014423076 0.2376201658653846 0.7024874110576923 0.20719569471153848 0.7203328653846154 0.22084611538461538 0.7900834543269231 0.23787684615384613 0.7880383269230768 0.24944428846153846 0.7532480096153846
2 0.06419187019230768 0.41510451442307694 0.07347079567307692 0.42603191105769234 0.07287243269230768 0.43585176682692306 0.09283686298076922 0.45094341586538456 0.13247940384615384 0.4015051346153846 0.13228357451923076 0.3584744423076923 0.11595613701923077 0.35713799519230766 0.10054184855769231 0.3652965432692307 0.06264914423076923 0.3669798100961538 0.06698942548076924 0.3773534375 0.06419187019230768 0.41510451442307694
3 0.3498206129807692 0.2810312451923077 0.34408935817307695 0.30164554567307694 0.34893868028846153 0.3199858149038462 0.3434016730769231 0.3292519014423077 0.3652080120192308 0.3875583245192308 0.5121393605769231 0.37536156249999997 0.5333005120192308 0.37081349278846154 0.5535485168269231 0.3567704278846154 0.5431465841346154 0.32347146634615387 0.5593534855769231 0.2941448461538462 0.5587395192307693 0.2797399230769231 0.5265780697115384 0.2608088870192308 0.4988618341346154 0.2586897620192308 0.3498206129807692 0.2810312451923077
2 0.15930084615384615 0.5271103317307693 0.1594369903846154 0.5819981802884615 0.173161125 0.6097374903846154 0.18978774519230768 0.6061640072115385 0.19421735096153844 0.5987511370192308 0.19439599278846156 0.563178141826923 0.20033710576923078 0.5554404086538461 0.19316805528846154 0.5343682932692307 0.19628039903846156 0.5159320697115384 0.19466395913461537 0.5098186466346154 0.16483784855769232 0.5178442427884615 0.15930084615384615 0.5271103317307693
3 0.5482213725961539 0.37891308653846156 0.48755107451923074 0.37903099759615383 0.3914127355769231 0.3900023100961538 0.37257131490384615 0.39728222596153845 0.3668400600961539 0.41789652884615386 0.37884282451923074 0.4330841298076923 0.37685349038461535 0.4738919158653846 0.39451379567307693 0.5104764975961539 0.43534019951923075 0.5259300048076923 0.4681893293269231 0.5172546850961539 0.5049590264423076 0.4931998557692308 0.5269283966346154 0.49170849759615387 0.5808181418269232 0.44782204326923075 0.5927896923076923 0.4145600793269231 0.5833009110576923 0.39075611298076923 0.5482213725961539 0.37891308653846156
3 0.6468199086538462 0.5886966658653846 0.5936915600961539 0.562965485576923 0.5633564134615384 0.5630244423076923 0.5149880600961538 0.5734200264423077 0.4170546418269231 0.6138509110576923 0.4238195817307692 0.633394670673077 0.42414997836538465 0.6769343076923077 0.43908644230769234 0.7092586826923076 0.48747039903846157 0.7230878822115384 0.5551892115384616 0.7133790192307692 0.6056830408653846 0.7170634975961538 0.6103962163461538 0.6805159158653846 0.6385009567307692 0.6599386129807693 0.6469560528846153 0.6435845168269231 0.6399968581730769 0.6353889687500001 0.6468199086538462 0.5886966658653846
2 0.24112100961538463 0.6613547620192308 0.24201855288461538 0.6466249759615385 0.22980593028846152 0.6185608052884616 0.1564451826923077 0.6310974711538461 0.1437547331730769 0.6435162235576922 0.15153775480769233 0.6789932668269232 0.16071175 0.6834823774038461 0.2187475264423077 0.6613177644230769 0.24112100961538463 0.6613547620192308
2 0.16597214182692308 0.4013053990384616 0.1493455216346154 0.40487887980769227 0.1444820360576923 0.41669223076923073 0.16597214182692308 0.4013053990384616
2 0.1319418966346154 0.4538452163461538 0.14846358894230768 0.44383344951923076 0.14350933653846154 0.4190548966346154 0.1444820360576923 0.41669223076923073 0.11761939903846154 0.43592576442307696 0.1319418966346154 0.4538452163461538