3 0.6778202307692307 0.5211916899038461 0.7013129110576923 0.4645207211538462 0.7094932596153847 0.3454519326923077 0.74255909375 0.11628097836538462 0.5609410432692308 0.08299174038461538 0.5528498028846154 0.10130326201923076 0.5378105889423077 0.2616198221153846 0.545642141826923 0.2871541826923077 0.579431125 0.3018900745192308 0.5868843966346154 0.3306182572115385 0.5604870865384616 0.45350309615384615 0.533139 0.5177330697115384 0.5673518100961539 0.5455335288461538 0.6395101105769231 0.41964902644230767 0.6718488701923077 0.3382750432692308 0.6758013822115385 0.36323729086538464 0.6362968004807693 0.5134426899038462 0.6398233413461539 0.5253400576923076 0.6778202307692307 0.5211916899038461
3 0.7558647115384616 0.28727728125 0.7409622932692308 0.3630952788461539 0.7890629951923077 0.3653151153846154 0.8158964254807692 0.38877399759615383 0.8410867235576922 0.251087875 0.8212118341346154 0.21889925721153844 0.8238606490384615 0.1965354326923077 0.8102062403846154 0.17014227403846152 0.7768217403846154 0.16034045432692307 0.7578460697115385 0.17054383413461538 0.7510821610576923 0.24431254326923077 0.7558647115384616 0.28727728125
3 0.9416869615384615 0.16840436778846155 0.9191611105769231 0.15857925721153845 0.9080191418269231 0.19431730769230768 0.8905591610576923 0.1917421778846154 0.878586735576923 0.20948127163461538 0.8464320432692307 0.22261892307692308 0.8152187668269231 0.552833516826923 0.8422180625 0.6332066899038461 0.858544920673077 0.6453671418269231 0.892163326923077 0.6031916442307692 0.9387628269230769 0.35976147596153846 0.9649756490384616 0.3051165048076923 0.9786933822115385 0.22262095432692305 0.9634777379807692 0.1927479230769231 0.9406728557692308 0.21863820673076925 0.9416869615384615 0.16840436778846155
1 0.79823203125 0.5795855024038462 0.8050908990384615 0.5383377283653846 0.7984161009615385 0.511349170673077 0.7696752067307693 0.6290103413461539 0.79823203125 0.5795855024038462
1 0.7497268461538462 0.5724315913461538 0.7595655384615385 0.4893639326923077 0.7436169615384615 0.4740096610576923 0.7173087596153847 0.4961372307692308 0.7100221923076924 0.5243162716346154 0.7090313076923077 0.5826847644230769 0.7215504495192308 0.618662923076923 0.7455167908653846 0.5913155360576924 0.7497268461538462 0.5724315913461538
1 0.6695089423076923 0.8580372524038461 0.6973564711538462 0.8312622932692307 0.7161379302884616 0.7560164086538462 0.7125400649038462 0.71972921875 0.6946046971153846 0.6878266610576923 0.6257804495192307 0.7605698701923077 0.5998251658653846 0.7713686466346155 0.6053883341346153 0.8160733221153845 0.6477890721153846 0.858087048076923 0.6695089423076923 0.8580372524038461
1 0.5068665600961538 0.8145446370192307 0.5424739038461538 0.78891775 0.5613051971153846 0.7299308798076923 0.5516924086538462 0.627742704326923 0.5159660528846154 0.6127210697115385 0.4904126875 0.6284571418269231 0.4715341201923077 0.6711817764423077 0.4651489158653846 0.7417531298076923 0.4812182355769231 0.7977597716346154 0.5068665600961538 0.8145446370192307
1 0.5127705216346153 0.5813676442307693 0.5438608557692308 0.6022083485576923 0.5705709759615385 0.5850180721153846 0.5673754447115384 0.5536646466346153 0.5070625576923077 0.4878830096153846 0.5010083629807692 0.5389983052884616 0.5127705216346153 0.5813676442307693
1 0.39060541346153843 0.4544517596153846 0.3830056177884615 0.3769397740384616 0.3387362668269231 0.35903334615384613 0.31436758173076923 0.38144696875 0.2890561225961539 0.4784842524038462 0.30436887740384616 0.5408785408653846 0.3400952331730769 0.5559001778846153 0.37220223557692306 0.5265038221153846 0.39060541346153843 0.4544517596153846
1 0.09326858173076923 0.5064942475961538 0.11891690865384616 0.5232791129807692 0.1572229014423077 0.49154741826923076 0.17415980048076923 0.4485364134615385 0.17387276923076925 0.35097328365384617 0.15752227884615386 0.33068171634615384 0.1291993533653846 0.3281292451923077 0.10946884375 0.34472411778846157 0.09598286778846155 0.3752420336538461 0.07989791346153846 0.4443827956730769 0.09326858173076923 0.5064942475961538
0 0.7453647572115384 0.5993632283653846 0.7099412427884615 0.658843420673077 0.7023558533653845 0.7044558557692308 0.7186828461538461 0.714053295673077 0.7597591322115385 0.6805697668269232 0.7681282139423077 0.6099099711538462 0.7453647572115384 0.5993632283653846