3 0.5116340817307692 0.7332666225961538 0.5056416947115385 0.7399526009615385 0.4873315384615384 0.7589118365384616 0.4972879855769231 0.7848334663461538 0.5251178942307692 0.8182456514423078 0.5468638533653846 0.8088189639423077 0.5366151466346154 0.7139495528846154 0.5116340817307692 0.7332666225961538
3 0.5197985961538462 0.6965195528846154 0.5224059975961539 0.685533545673077 0.5652614086538461 0.6346913341346153 0.577423576923077 0.5456109975961538 0.5741512620192307 0.5413812403846154 0.5210590649038461 0.5416651057692308 0.4971027956730769 0.5516149639423077 0.48095115384615383 0.5494007259615384 0.4770139302884615 0.5299552091346154 0.46751187740384614 0.5456677524038461 0.45916831009615383 0.5733363052884616 0.4387107956730769 0.6466558245192308 0.4364676778846154 0.789077358173077 0.4702233125 0.8126106971153846 0.45907655048076923 0.76948990625 0.47017106490384614 0.7407616442307692 0.5021594567307692 0.7167883076923077 0.5069192692307692 0.6985350697115386 0.5197985961538462 0.6965195528846154
3 0.7604811899038462 0.6085179879807693 0.7445493341346154 0.5879045456730769 0.6846765360576923 0.5944298100961538 0.6592645264423077 0.6277801586538462 0.6324201322115385 0.6191883317307691 0.6313027524038461 0.6834470745192308 0.6298523317307693 0.7072377572115385 0.6296695480769231 0.7489585120192307 0.6581517019230769 0.7307623100961538 0.7057029134615385 0.7176361538461538 0.7196371754807692 0.7244581298076922 0.739276139423077 0.7517052451923077 0.7604455865384616 0.7843366850961538 0.7491064711538461 0.7014874278846153 0.7604811899038462 0.6085179879807693
3 0.7673226658653847 0.800404079326923 0.746743670673077 0.8240509591346155 0.7250799182692307 0.7946129975961539 0.7151404495192307 0.7932503894230769 0.6983238966346155 0.775820389423077 0.6720052908653845 0.7741029350961538 0.6292899807692307 0.7928245576923078 0.6301648173076924 0.8269748605769232 0.6377068124999999 0.858258016826923 0.6568856995192308 0.887355326923077 0.6668251682692308 0.8887179326923077 0.6740857644230769 0.8017031923076924 0.7177743798076922 0.8469824399038461 0.7319805480769231 0.8783964927884615 0.7634552620192309 0.8320136899038462 0.7673226658653847 0.800404079326923
0 0.5896546346153846 0.7760474711538462 0.5781402716346153 0.76690665625 0.5687607499999999 0.7712925408653846 0.55300678125 0.7988375528846153 0.5522568076923077 0.8183797163461539 0.6228503173076922 0.7938323197115384 0.6235503725961539 0.7674602235576924 0.5896546346153846 0.7760474711538462
0 0.47067830288461543 0.8088919206730769 0.4973820745192308 0.7558354711538461 0.5101564399038462 0.7443526826923077 0.5117489014423077 0.7313369615384615 0.5050993149038462 0.7134101802884616 0.4731109206730769 0.7373835168269232 0.4599865264423077 0.7620523509615384 0.4599689567307692 0.7828462812500001 0.47067830288461543 0.8088919206730769
0 0.608781735576923 0.5990648822115385 0.6106890817307693 0.6144509711538462 0.6277506971153847 0.6092276538461538 0.63559046875 0.5554757043269231 0.6283633605769231 0.5525943605769231 0.6141190673076923 0.5657662115384615 0.608781735576923 0.5990648822115385
0 0.4794289783653846 0.4792407331730769 0.46836960817307693 0.4663811394230769 0.45514025240384615 0.4815827043269231 0.45195532932692306 0.5076141490384616 0.4549825769230769 0.5344972211538461 0.4679668653846154 0.5419489735576923 0.4764539807692308 0.5242067163461539 0.4794289783653846 0.4792407331730769
2 0.5130283317307692 0.1529960625 0.5079712067307692 0.12205356009615385 0.4925020480769231 0.11426115865384616 0.4822125504807693 0.12608459615384615 0.48116247115384614 0.1656427403846154 0.4948292427884615 0.16751632451923076 0.5114358701923076 0.1660117860576923 0.5130283317307692 0.1529960625
2 0.5996486706730769 0.17810492548076923 0.5990013293269231 0.14209523557692308 0.5743801490384615 0.13682932692307692 0.5720876322115385 0.17621714423076923 0.5996486706730769 0.17810492548076923
2 0.7166473725961539 0.21305010096153848 0.7164374495192308 0.19411556249999998 0.6899089230769231 0.1734635673076923 0.6669851610576922 0.1646492091346154 0.65489328125 0.1705538293269231 0.6543157572115385 0.18559926682692307 0.6721296778846154 0.2258529110576923 0.7083877524038461 0.22893297115384614 0.7166473725961539 0.21305010096153848
2 0.7874138509615385 0.150909625 0.7725046442307693 0.14886571153846154 0.7632300889423077 0.1627188701923077 0.7528004855769231 0.20666289423076922 0.7834063437500001 0.21463982211538463 0.7928034326923077 0.18946000721153847 0.7972307884615385 0.1635988894230769 0.7874138509615385 0.150909625