1 0.38583892548076926 0.20120911778846157 0.40978148317307694 0.16736524759615384 0.4071403052884615 0.1595233245192308 0.3649714158653846 0.16507226442307693 0.34008609615384616 0.18073431490384614 0.33879172115384615 0.19886642067307692 0.37220662980769226 0.21841844471153846 0.3888841442307692 0.21684324759615384 0.38583892548076926 0.20120911778846157
1 0.4572029014423077 0.2631150096153846 0.4523919278846154 0.25652207692307694 0.4145626274038462 0.2595730408653846 0.4005936322115385 0.2702888581730769 0.4056739663461538 0.2820765985576923 0.42973628846153844 0.2936375576923077 0.44539624278846157 0.29398555769230766 0.4572029014423077 0.2631150096153846
1 0.4866598870192308 0.3571683605769231 0.48131765144230765 0.3187820985576923 0.46416875721153844 0.31126638701923076 0.4287112740384615 0.31696446634615383 0.41711409375 0.33032740384615383 0.4271400817307692 0.35130548076923074 0.4644905432692308 0.3605673221153846 0.4866598870192308 0.3571683605769231
1 0.35665920913461535 0.4788111225961539 0.40601089182692307 0.4825022355769231 0.3964637427884616 0.44921135336538465 0.37525207451923076 0.4279847043269231 0.3651512884615385 0.4271116394230769 0.33348722115384616 0.4413258509615385 0.32731453365384616 0.4515663173076923 0.3325295456730769 0.4659514615384615 0.35665920913461535 0.4788111225961539
1 0.43946308653846156 0.3950356875 0.41437574759615386 0.4068016370192308 0.4082703990384615 0.4183408052884615 0.4234515168269231 0.4310016129807692 0.4401963701923077 0.4307251177884615 0.45328994711538456 0.40312618028846153 0.43946308653846156 0.3950356875
1 0.46597225000000003 0.5830708798076923 0.4704539807692308 0.5617665961538462 0.47100015625 0.5507524927884615 0.45324520432692306 0.5315484663461538 0.41324610817307694 0.5358484182692307 0.39934445192307694 0.5478629374999999 0.40489616346153845 0.5687415865384615 0.4561408269230769 0.5873926201923078 0.46597225000000003 0.5830708798076923
1 0.4411917836538462 0.6869451947115385 0.41231103125 0.6901950168269231 0.3829514375 0.7057576394230769 0.3930447644230769 0.7280344182692308 0.43059724759615386 0.7411923653846154 0.4415284855769231 0.693438701923077 0.4411917836538462 0.6869451947115385
1 0.5237640384615385 0.8788206442307692 0.5258066129807693 0.8535705408653846 0.5237116105769231 0.834714514423077 0.4978835336538462 0.8321947524038461 0.4639149903846154 0.8450605456730769 0.46024879567307697 0.8605455336538461 0.48234334375 0.8772515817307693 0.5162370913461538 0.8844908004807692 0.5237640384615385 0.8788206442307692
1 0.47694845673076924 0.6008270625000001 0.4948455480769231 0.6012247764423078 0.49206968990384614 0.590785451923077 0.47539217548076923 0.5923606490384615 0.47694845673076924 0.6008270625000001
3 0.4705956658653846 0.1550960216346154 0.4604200841346154 0.17432797115384616 0.4710595889423077 0.18559064663461539 0.6943617379807693 0.20417356730769232 0.4620287884615385 0.22690051682692308 0.4568736586538461 0.2352177908653846 0.4794395841346154 0.26101475 0.5019456298076923 0.26410929326923077 0.584315639423077 0.2581565096153846 0.7075601658653846 0.26478689182692305 0.7117650769230769 0.2596915144230769 0.7046046586538461 0.18624031971153845 0.6907179182692308 0.1554474110576923 0.6173637956730769 0.16289775240384616 0.5812329086538461 0.15560881971153848 0.5410991346153846 0.15731136778846155 0.48042709134615386 0.15077428125 0.4705956658653846 0.1550960216346154
3 0.5501376177884615 0.2885299158653846 0.5944763076923076 0.28173198798076926 0.5472270817307693 0.27549318509615384 0.4942092067307692 0.28728706009615385 0.48891939423076924 0.2930069326923077 0.5032176346153846 0.3101883317307692 0.5179273725961538 0.31375822596153846 0.5344028653846153 0.3082869278846154 0.5501376177884615 0.2885299158653846
3 0.5329064711538462 0.32252292788461534 0.5876078461538461 0.3431965865384615 0.5577095336538462 0.3483696033653846 0.5371638100961539 0.36153368028846156 0.5479379927884616 0.37539375721153845 0.6572883197115384 0.3726349447115384 0.7513827307692308 0.37732034375 0.7611542716346154 0.3502961850961538 0.7585205504807693 0.32105055048076925 0.7380570817307692 0.29270590384615386 0.682061329326923 0.2901643485576923 0.6133161586538461 0.3003115216346154 0.550272298076923 0.2911273173076923 0.5365053197115385 0.30573924038461536 0.5329064711538462 0.32252292788461534
3 0.7198833990384615 0.5024492307692308 0.7240883100961538 0.4973538533653846 0.7220606514423077 0.47979652644230775 0.7118925288461538 0.47762476201923076 0.53265225 0.4684528269230769 0.4534022548076923 0.4699347259615384 0.485388108173077 0.5050214519230769 0.5944690769230769 0.49706783413461536 0.7198833990384615 0.5024492307692308
3 0.7056149879807693 0.39965296875 0.5739606346153846 0.40321334134615383 0.4661740456730769 0.39303485336538463 0.4467730985576923 0.4282768557692308 0.5557119302884616 0.43912955048076924 0.7138752163461538 0.4296722403846154 0.7056149879807693 0.39965296875
3 0.5332809086538461 0.6098621225961538 0.6221603076923077 0.6001623798076923 0.6113861201923076 0.5863023004807693 0.6319318461538461 0.5731382211538462 0.6578272644230769 0.5769566875 0.6653467572115385 0.5926902451923077 0.6941527115384616 0.6095454375 0.7546227379807693 0.6121864230769231 0.7586256298076923 0.6031949423076923 0.757690326923077 0.5636094086538461 0.7434668846153846 0.5263229927884615 0.5183316370192308 0.5154825649038461 0.5040184855769231 0.54110859375 0.5853634783653846 0.55848271875 0.5104456177884615 0.578870358173077 0.5332809086538461 0.6098621225961538
3 0.5043703245192307 0.6987268004807692 0.5312833028846154 0.7006220721153846 0.5655810913461539 0.7156534975961539 0.5949332259615384 0.7214945865384615 0.6453698052884616 0.7245612091346154 0.5906609711538462 0.7252912620192308 0.5019835961538461 0.7388871129807693 0.5111267019230769 0.7643857884615385 0.5261058004807693 0.7731504903846154 0.5418330961538461 0.7747971875 0.6021684423076923 0.7748407716346153 0.6330843100961538 0.7677445600961538 0.6961281730769231 0.7769287644230769 0.7653447235576922 0.7758725000000001 0.767387295673077 0.7506223942307693 0.7327528076923078 0.7290974615384616 0.7709936057692308 0.7124349927884615 0.7681578629807693 0.67929325 0.7556179230769231 0.6744743701923077 0.6215244158653845 0.6740889230769231 0.5763103076923077 0.6640037331730769 0.5136031442307692 0.6613130336538462 0.4982724326923077 0.6888622548076923 0.5043703245192307 0.6987268004807692
3 0.5798944711538462 0.8839596033653846 0.5876159807692308 0.9035892644230769 0.6024603966346154 0.9097565625 0.7589926105769231 0.9119378509615385 0.6280939134615384 0.8869765072115385 0.5798944711538462 0.8839596033653846
3 0.579842045673077 0.8398534711538462 0.6106157764423077 0.8515635745192308 0.6262757307692308 0.8519115721153846 0.6951555817307693 0.8443618028846154 0.8535882307692308 0.8400993004807693 0.8448491610576923 0.8223928317307692 0.8322418822115385 0.8162752475961538 0.7515702884615384 0.8118881370192308 0.6715720985576923 0.8204880384615384 0.6262233052884615 0.8078054423076922 0.5949033942307692 0.8071094447115384 0.579842045673077 0.8398534711538462