0 0.4651274423076923 0.5002544951923077 0.45849223557692304 0.5096543028846153 0.4536408004807692 0.5312232067307693 0.4611894711538461 0.5499215048076923 0.4842059086538461 0.5320112043269231 0.48151945913461536 0.5027507884615384 0.4651274423076923 0.5002544951923077
0 0.3781361033653846 0.5518479278846153 0.3707996153846154 0.5236639855769231 0.3652576875 0.5186559158653846 0.3561805817307692 0.5223300048076923 0.3482183317307692 0.5336097764423077 0.3524440048076923 0.5515045889423077 0.3686238413461539 0.5634865264423077 0.37482389423076923 0.5620512211538462 0.3781361033653846 0.5518479278846153
0 0.4666774543269231 0.4998956682692308 0.45849223557692304 0.5096543028846153 0.4538637716346154 0.53274434375 0.4609665 0.5484003677884616 0.4813288533653846 0.5342499927884615 0.47996944711538464 0.503109610576923 0.4666774543269231 0.4998956682692308
2 0.19139726682692307 0.9725386274038462 0.17792801923076923 0.9945645625 0.2301865264423077 0.9934032620192308 0.20424331490384617 0.9727102980769231 0.19139726682692307 0.9725386274038462
2 0.2790790985576923 0.9475221682692307 0.27750750721153844 0.9258674326923076 0.24515862980769232 0.9129103413461539 0.21638808413461538 0.9352982139423076 0.19956091105769233 0.9407664326923076 0.19891357211538463 0.9582165841346153 0.21974344471153848 0.9691220432692307 0.26713572596153845 0.9644418245192308 0.2790790985576923 0.9475221682692307
2 0.28639400721153846 0.9536925480769232 0.30124680048076924 0.9675544447115385 0.3220550985576923 0.9564463413461539 0.3140281201923077 0.9016854278846154 0.27992783173076924 0.9095795913461538 0.28639400721153846 0.9536925480769232
2 0.3671313533653846 0.848500514423077 0.33788250000000003 0.8348257716346155 0.3130930793269231 0.8515737620192307 0.31421872596153844 0.8701862235576924 0.3445716490384615 0.8804598653846154 0.3664948052884615 0.8769574471153846 0.37357595673076927 0.8705999086538461 0.3671313533653846 0.848500514423077
2 0.45832679086538464 0.7927883317307691 0.42289946153846153 0.802562454326923 0.41030875000000006 0.8369322620192308 0.4178574182692308 0.8556305625 0.4304804951923077 0.85428109375 0.4428698125 0.8404037091346154 0.4612146346153846 0.8015563245192308 0.45832679086538464 0.7927883317307691
2 0.5068123509615384 0.773700233173077 0.48378512740384616 0.7806037524038462 0.4953472860576923 0.8266825072115385 0.5044351802884616 0.8340151971153846 0.5225893942307692 0.8266670192307692 0.5196799735576924 0.7958854663461538 0.5068123509615384 0.773700233173077
2 0.5814683173076923 0.7910180889423077 0.5770088846153846 0.7605953605769231 0.5721250841346154 0.7491439206730769 0.5404666971153846 0.7627638004807692 0.5402653004807692 0.7832562259615384 0.5234597043269231 0.8107380048076924 0.5279083485576923 0.830153951923077 0.5454044375 0.8292491466346154 0.5814683173076923 0.7910180889423077
2 0.6148888990384616 0.7675537403846153 0.6107387475961539 0.8267063942307692 0.6171833485576923 0.8488057908653845 0.633129420673077 0.8482598052884616 0.6444146682692308 0.8377835216346153 0.6434688389423078 0.7766650697115385 0.6148888990384616 0.7675537403846153
2 0.7026354639423077 0.8085779615384615 0.7006287163461539 0.794887735576923 0.6789285336538462 0.7999112908653847 0.6618676009615385 0.7928515889423077 0.6488201610576922 0.8131723461538461 0.6459646826923078 0.8374246947115385 0.6563796177884615 0.842877423076923 0.6818379543269231 0.83069284375 0.7026354639423077 0.8085779615384615
2 0.7668764903846154 0.8204430889423077 0.7582237500000001 0.805145889423077 0.7287735024038462 0.8119635745192307 0.7412167620192308 0.8531200937500001 0.7505276274038462 0.8619739206730769 0.7662507307692308 0.8599068028846154 0.7715588966346154 0.8523869567307693 0.7668764903846154 0.8204430889423077
3 0.44826431971153846 0.24308111057692308 0.4460777572115384 0.27189686778846156 0.46563453125000004 0.3397161923076923 0.4788006466346154 0.4404700264423077 0.4934196778846154 0.44180400480769233 0.5080495 0.4541447668269231 0.5738189639423077 0.4436375048076923 0.576250076923077 0.43835644471153845 0.5691041971153846 0.37867329807692307 0.5484217740384616 0.29224150961538464 0.5481556514423077 0.24669325 0.5638463870192308 0.21160578846153846 0.5527625336538462 0.2015896514423077 0.5270596514423077 0.19023953125 0.500306639423077 0.2373244158653846 0.4871962451923077 0.2729594951923077 0.48303352403846156 0.23975036057692306 0.4752618798076923 0.21953092548076925 0.45378466826923075 0.22607561778846152 0.44826431971153846 0.24308111057692308