1 0.1389583341346154 0.4912037043269231 0.143125 0.4521180552884615 0.06583333413461538 0.4407754639423077 0.046458334134615385 0.45042824038461543 0.03625 0.4630671298076923 0.02 0.4960879639423077 0.014895834134615383 0.5258217596153846 0.026458334134615385 0.5631134254807693 0.047395834134615386 0.6002662043269231 0.05197916586538461 0.6017592596153846 0.08510416586538462 0.5731712956730769 0.11750000000000001 0.5321064807692307 0.1389583341346154 0.4912037043269231
1 0.09114583413461538 0.2952314807692308 0.11437499999999999 0.2980092596153846 0.125 0.2791203701923077 0.10614583413461538 0.18730324038461538 0.09760416586538462 0.1749421298076923 0.06458333413461538 0.20196759375 0.05114583413461538 0.23962962980769228 0.05822916586538462 0.27386574038461536 0.09114583413461538 0.2952314807692308
3 0.22802083413461538 0.46646990625 0.21677083413461537 0.47131944471153847 0.18604166586538462 0.5107986105769231 0.1464583341346154 0.6596759254807693 0.1448958341346154 0.7065277788461538 0.15166666586538463 0.7454513894230769 0.171875 0.7701273149038462 0.2114583341346154 0.7851504639423077 0.2563541658653846 0.8141435192307692 0.30947916586538465 0.8133564807692307 0.35666666586538465 0.7611458341346153 0.368125 0.753171295673077 0.3882291658653846 0.7559953701923077 0.3917708341346154 0.7496990745192308 0.3846875 0.7154629639423077 0.3613541658653846 0.6674189807692308 0.3915625 0.6357523149038461 0.3992708341346154 0.6137847211538461 0.41812499999999997 0.58853009375 0.4532291658653846 0.5536689807692308 0.46166666586538463 0.5207638894230769 0.4034375 0.5044560192307692 0.3778125 0.4907870360576923 0.2732291658653846 0.4673611105769231 0.22802083413461538 0.46646990625
3 0.1598958341346154 0.1771412043269231 0.17885416586538463 0.2205671298076923 0.1678125 0.24570601923076923 0.18166666586538463 0.24862268509615384 0.21156250000000001 0.2918865745192308 0.23427083413461539 0.3024768509615385 0.2728125 0.3097106490384615 0.3027083341346154 0.3061458341346154 0.30916666586538466 0.30292824038461535 0.30979166586538465 0.2935532403846154 0.3427083341346154 0.26809027884615383 0.39 0.2611458341346154 0.40135416586538464 0.20790509375 0.39984375 0.11348958413461538 0.41625 0.10153935096153846 0.42010416586538457 0.043726850961538465 0.3033333341346154 0.015798610576923076 0.22843750000000002 0.038761574519230776 0.18447916586538463 0.06594907451923077 0.1697916658653846 0.09894675961538463 0.15239583413461538 0.17256944471153846 0.1598958341346154 0.1771412043269231
2 0.7503124999999999 0.10127314903846153 0.7344791658653846 0.08121527884615384 0.6745833341346154 0.06649305528846153 0.6153125 0.06581018509615386 0.6129166658653846 0.1485763894230769 0.6410416658653847 0.14815972115384615 0.6844791658653846 0.12878472115384615 0.6945833341346154 0.14112268509615383 0.7301041658653846 0.14684027884615383 0.7370833341346154 0.15922453605769232 0.7503124999999999 0.10127314903846153
2 0.6148958341346155 0.751076389423077 0.7351041658653846 0.7508564807692307 0.7501041658653846 0.7365856490384615 0.7523958341346154 0.7256250000000001 0.744375 0.705451389423077 0.7266666658653846 0.6901041658653846 0.6155208341346154 0.6714583341346153 0.619375 0.7073032403846155 0.6148958341346155 0.751076389423077
2 0.6586458341346154 0.21189814903846155 0.6770833341346154 0.2163078701923077 0.68625 0.17246527884615384 0.6808333341346154 0.1600578701923077 0.6684375 0.15868055528846153 0.5714583341346153 0.20850694471153847 0.5696875 0.23506944471153846 0.6586458341346154 0.21189814903846155
0 0.42531250000000004 0.1060879639423077 0.4517708341346154 0.10725694471153847 0.4555208341346154 0.09783564903846154 0.4685416658653846 0.0898379639423077 0.46833333413461536 0.06954861057692308 0.44041666586538464 0.04342592548076923 0.4198958341346154 0.04685185096153846 0.4146875 0.1015625 0.42531250000000004 0.1060879639423077
2 0.5989583341346154 0.5452662043269231 0.5864583341346153 0.5688657403846153 0.588125 0.5906944447115385 0.6065625 0.5951041658653846 0.6183333341346154 0.5824421298076923 0.71875 0.5512962956730769 0.7335416658653846 0.5401504639423077 0.7390625 0.5275810192307693 0.60875 0.5388773149038462 0.5989583341346154 0.5452662043269231
0 0.5136458341346154 0.560578704326923 0.4994791658653846 0.5155208341346154 0.5032291658653846 0.5060995360576923 0.463125 0.5223032403846154 0.45645833413461534 0.5520601850961538 0.4729166658653846 0.58615740625 0.5015625 0.5779282403846154 0.5136458341346154 0.560578704326923
0 0.3677083341346154 0.665763889423077 0.36791666586538463 0.6860532403846153 0.3817708341346154 0.7123842596153847 0.3907291658653846 0.7184953701923077 0.40552083413461537 0.7073495360576924 0.41812499999999997 0.6587731490384615 0.42479166586538464 0.6524305552884615 0.4164583341346154 0.6369444447115384 0.3882291658653846 0.638923610576923 0.3677083341346154 0.665763889423077
0 0.241875 0.3991435192307692 0.2636458341346154 0.40038194471153843 0.27666666586538463 0.39238425961538465 0.29281250000000003 0.36092592548076924 0.2933333341346154 0.3296990745192308 0.27125 0.3331481490384615 0.23135416586538463 0.36964120432692305 0.2289583341346154 0.38216435096153845 0.241875 0.3991435192307692