3 0.16829764903846153 0.54044890625 0.17826436298076923 0.4973108942307692 0.16013760817307693 0.4721907596153846 0.14598031009615384 0.4738861153846154 0.14509918509615385 0.5218632211538462 0.14200748317307693 0.5329103004807693 0.14239077403846154 0.563790298076923 0.16829764903846153 0.54044890625
2 0.1734338317307692 0.77317596875 0.1765532043269231 0.76764209375 0.18039754567307692 0.7525486682692308 0.18037587980769232 0.7154584783653846 0.17400421634615387 0.6830655673076923 0.16962945192307693 0.6780981923076923 0.14339996875 0.6800809399038462 0.14869238942307691 0.7456684038461538 0.1384548173076923 0.7652239615384615 0.131588375 0.7710410865384615 0.13596313701923077 0.7760084639423077 0.1734338317307692 0.77317596875
2 0.2227543221153846 0.7429573437499999 0.21274940144230767 0.7225213341346154 0.20586385576923077 0.6965514519230769 0.20898323076923075 0.6910175745192307 0.20710014423076922 0.6752656971153846 0.18836479807692308 0.6766819471153845 0.1977802283653846 0.7554413413461538 0.21465159134615386 0.7700602235576923 0.22214573076923075 0.7694937235576924 0.22526510336538463 0.7639598461538462 0.2227543221153846 0.7429573437499999
3 0.3261876298076923 0.3430809951923077 0.3193211875 0.3488981225961538 0.3137101370192308 0.36521649999999994 0.32701166586538466 0.37366277403846154 0.3360634783653846 0.3940012884615385 0.34198218028846156 0.4250721298076923 0.3243113197115385 0.42486087499999997 0.3193784951923077 0.44425914663461535 0.3387415384615385 0.44809352644230765 0.3418609110576923 0.44255964903846157 0.36059625721153843 0.44114340144230774 0.36746269711538465 0.4353262764423077 0.37370144951923073 0.42425852403846154 0.3674435985576923 0.40353926682692304 0.35806637259615387 0.3883538870192308 0.3536725048076923 0.35159949999999995 0.3492977403846154 0.34663212499999996 0.35253715865384616 0.40263691826923076 0.3261876298076923 0.3430809951923077
3 0.44550435336538463 0.3923404014423077 0.4436212668269231 0.37658852163461537 0.42837580048076923 0.2989373846153846 0.41172342307692306 0.2995286177884615 0.3929880769230769 0.3009448677884615 0.38612163221153845 0.30676199278846156 0.38800471875000003 0.3225138725961539 0.39237948557692304 0.32748125 0.3955370625 0.38552138942307695 0.4005395240384615 0.39573939423076926 0.44550435336538463 0.3923404014423077
3 0.7094827139423077 0.4458964639423077 0.7075996274038462 0.43014458173076925 0.7181940360576923 0.3922571971153846 0.6944753341346155 0.4152424495192308 0.6827220264423077 0.4795223822115385 0.6742952884615385 0.39979817307692306 0.6613603028846153 0.3912553149038462 0.6544938605769232 0.39707244230769234 0.6507658942307692 0.42914269951923073 0.6539043725961539 0.45539583413461543 0.6507850000000001 0.4609297091346154 0.6539234735576923 0.4871828413461538 0.6508040985576924 0.4927167163461539 0.6564533581730768 0.5399723557692307 0.6477229326923077 0.5618246081730769 0.6483697307692308 0.5988622451923077 0.6527444951923077 0.6038296225961539 0.748304310096154 0.6125002620192308 0.7514236850961539 0.6069663870192308 0.7451467331730769 0.5544601177884615 0.7413996634615384 0.5547433677884616 0.7259486923076923 0.5643405841346154 0.7071669711538462 0.5363984038461539 0.7063633389423077 0.45143033653846154 0.7094827139423077 0.4458964639423077
3 0.7783010360576923 0.3933454278846154 0.7759123413461538 0.4362390745192308 0.7709289831730769 0.4578080817307692 0.7728120697115385 0.4735599591346154 0.7865449567307692 0.4619257115384615 0.820268579326923 0.4593764639423077 0.8246433413461538 0.4643438413461538 0.8390039254807693 0.45796021634615386 0.8264500144230769 0.3529476826923077 0.8177004903846155 0.34301293269230765 0.7862844375000001 0.3401956298076923 0.7652415192307692 0.34697842548076924 0.7627498413461539 0.3577629278846154 0.7671246057692307 0.3627303076923077 0.7783010360576923 0.3933454278846154
2 0.7649958870192308 0.9774679711538461 0.7793564663461539 0.9710843485576923 0.7824758389423077 0.9655504711538462 0.7636640817307693 0.8398186826923077 0.7592893197115385 0.8348513076923076 0.7330598341346154 0.8368340552884616 0.7343152235576924 0.8473353076923077 0.7386899903846154 0.8523026850961538 0.7496354254807692 0.9100826057692307 0.7524992884615384 0.9678164687499999 0.7649958870192308 0.9774679711538461
2 0.6918420745192309 0.8399498028846154 0.6974722307692307 0.8554184302884615 0.7093511850961539 0.8775829951923076 0.7093793365384615 0.9233933245192307 0.7256230048076924 0.932761579326923 0.7399835865384615 0.926377954326923 0.7387281947115384 0.9158767019230769 0.7372327427884616 0.8893881105769231 0.7349620240384614 0.8843729447115384 0.7337066346153847 0.8738716923076922 0.7199355408653846 0.8219319254807692 0.7149330793269232 0.811713920673077 0.7036918725961538 0.8125636706730769 0.6899589879807693 0.824197920673077 0.6918420745192309 0.8399498028846154
2 0.8441210048076923 0.6589002716346154 0.8322521009615385 0.6544993918269231 0.8172638245192307 0.655632391826923 0.8141444495192308 0.661166266826923 0.8280329951923077 0.6986228125 0.8279346442307692 0.7448930432692307 0.8510447548076924 0.7484441730769231 0.8610305697115385 0.7370931682692308 0.8475131778846153 0.6770599567307692 0.8441210048076923 0.6589002716346154
2 0.8647776418269231 0.7368099182692307 0.8785105264423076 0.7251756682692307 0.8847492740384616 0.7141079134615385 0.8828661875 0.6983560360576924 0.8791191201923076 0.6986392860576923 0.8741290673076924 0.7059516754807693 0.8709781826923078 0.6621681514423077 0.8697227908653846 0.6516668966346154 0.8609732620192307 0.6417321418269231 0.8497320552884615 0.6425818918269232 0.8466126826923077 0.6481157692307692 0.8441210048076923 0.6589002716346154 0.8560281105769231 0.7268751658653846 0.8647776418269231 0.7368099182692307
0 0.6297055 0.20211744951923077 0.6366244927884614 0.1954115721153846 0.6477314687500001 0.18632287019230767 0.6421013149038461 0.1708542379807692 0.6289770216346154 0.15595210817307692 0.6176551658653846 0.15666490625 0.6167610240384616 0.1860944278846154 0.6297055 0.20211744951923077
0 0.6669029879807693 0.2549406971153846 0.6763724711538461 0.2511308004807692 0.6969548653846154 0.2387562596153846 0.6933430985576923 0.21996150961538463 0.6802188052884616 0.20505937740384614 0.6672429471153846 0.2116403173076923 0.6615025600961538 0.2382626346153846 0.6669029879807693 0.2549406971153846
0 0.10465478125 0.640625173076923 0.10902954567307692 0.6455925504807692 0.11652368509615384 0.6450260504807692 0.12213473798076922 0.6287076730769231 0.11962395673076923 0.6077051658653846 0.10463567788461538 0.6088381634615385 0.10151630528846155 0.6143720408653845 0.10465478125 0.640625173076923
0 0.10904865144230769 0.6773795600961539 0.10532068269230768 0.7094498173076923 0.10969544951923077 0.7144171947115385 0.12093665625 0.7135674471153847 0.12717540384615383 0.7024996947115384 0.12778399759615386 0.6759633100961538 0.11903446634615385 0.6660285576923077 0.11154032932692307 0.6665950576923076 0.10904865144230769 0.6773795600961539