2 0.2562246105769231 0.19102668990384614 0.18014894951923077 0.18634025480769228 0.18174917067307692 0.252943125 0.20305426201923077 0.30147821394230767 0.22998958653846155 0.2553272572115385 0.26767726442307693 0.24859567067307695 0.2562246105769231 0.19102668990384614
2 0.1802271346153846 0.15051329326923077 0.1730294278846154 0.16435067788461538 0.20166389182692307 0.18065506009615387 0.25405804567307694 0.17323698557692307 0.24639687980769232 0.14679998557692306 0.1802271346153846 0.15051329326923077
2 0.4389367596153846 0.5972106634615385 0.44992595673076924 0.6145052596153846 0.5083563533653847 0.6201819086538461 0.5045648629807692 0.5890499326923077 0.44063986778846154 0.5747259807692308 0.4389367596153846 0.5972106634615385
2 0.5032470264423077 0.6876359591346154 0.5049501346153846 0.6651512740384615 0.4382387475961539 0.6644171538461539 0.435994 0.6824544134615385 0.5032470264423077 0.6876359591346154
2 0.37895397596153846 0.7976009134615385 0.39365648317307694 0.8818544471153846 0.45154523557692305 0.8830836754807693 0.4544098125 0.8336668846153846 0.4076529399038461 0.8230050865384615 0.37895397596153846 0.7976009134615385
2 0.39411993990384614 0.9221288341346153 0.4950385721153846 0.9119876706730768 0.4785547740384616 0.8860457788461538 0.40356239903846153 0.8902541947115385 0.39411993990384614 0.9221288341346153
2 0.3699080865384615 0.3951046201923077 0.41626599999999997 0.37459182932692303 0.40256859134615386 0.33506010336538466 0.3606219951923077 0.35532534375 0.3699080865384615 0.3951046201923077
2 0.40837028365384614 0.4556357043269231 0.44512575 0.44682946634615384 0.43770275480769233 0.40473359134615383 0.38439610817307696 0.42479002403846156 0.40837028365384614 0.4556357043269231
0 0.6021498125 0.8432873125 0.5845745600961538 0.8665149375 0.6114359038461539 0.8830665913461538 0.6456431490384615 0.8721913100961539 0.6423933004807693 0.8455067572115385 0.6021498125 0.8432873125
0 0.6351687548076923 0.5717486081730769 0.652383048076923 0.5628434014423077 0.6468884471153846 0.5541961033653846 0.6115979182692308 0.5561765336538461 0.6093531682692308 0.5742137884615385 0.6143061249999999 0.5784136610576923 0.6280817139423077 0.5821184254807692 0.6351687548076923 0.5717486081730769
0 0.6277689807692308 0.7254262620192308 0.6454142427884615 0.7244360456730768 0.6482006346153846 0.7108462163461537 0.6471173509615386 0.7019513629807693 0.6372114375 0.6935516201923076 0.6208181033653847 0.699424048076923 0.6074155048076924 0.7041793485576923 0.6030041899038461 0.7044269014423077 0.6139933894230769 0.7217214975961539 0.6277689807692308 0.7254262620192308
3 0.6673144567307693 0.7948521947115386 0.66344478125 0.7995471754807693 0.641388201923077 0.8007849447115384 0.5994416057692308 0.8210501850961538 0.6457769110576923 0.8429839278846154 0.65065840625 0.8728546802884616 0.6095234038461539 0.8726510360576923 0.6003685192307693 0.9015989519230769 0.6157690360576923 0.9186459951923076 0.6570958052884616 0.9297602884615385 0.7056202860576923 0.9270371971153846 0.7613424711538461 0.9104767235576923 0.7823157692307692 0.9003441009615384 0.8115214663461539 0.8638273846153847 0.8199292307692307 0.8444994543269231 0.8001174014423077 0.8276999687500001 0.7665299807692307 0.8071957139423076 0.7252032115384615 0.7960814230769231 0.6673144567307693 0.7948521947115386
3 0.7146831153846154 0.5638250721153846 0.6606640384615384 0.5579008677884615 0.6557110817307692 0.5537009951923078 0.6336544975961539 0.5549387644230769 0.6297848221153846 0.5596337427884616 0.6480348485576923 0.5750969278846154 0.6616481706730769 0.5743329783653845 0.6886946081730769 0.5816096298076923 0.6668773918269231 0.5865998149038462 0.6255863173076922 0.5851511346153846 0.6269202500000001 0.6090505312500001 0.6307117403846154 0.6401825144230769 0.6268420649038462 0.6448774927884616 0.6382214927884615 0.6786509591346154 0.705647420673077 0.6798912740384615 0.6482288269230769 0.6994441009615385 0.6498255600961538 0.7241884951923077 0.7336405673076923 0.7194849711538461 0.76676453125 0.6997148365384616 0.7811599495192307 0.6720400697115385 0.765888485576923 0.64259565625 0.7330006947115385 0.6180624014423077 0.767519108173077 0.6048188004807693 0.7669990841346154 0.5922339615384615 0.7427759375 0.5756820264423077 0.7146831153846154 0.5638250721153846
3 0.5408717836538461 0.12131903125 0.5287211177884615 0.13095654326923076 0.5209817692307692 0.14034650240384614 0.5323562403846154 0.2337424423076923 0.5301114903846154 0.25177969951923074 0.5185024663461538 0.2658646394230769 0.5881077596153846 0.30808457692307695 0.5464389206730769 0.3493755120192308 0.5336684278846154 0.3903925552884615 0.543032701923077 0.39434487500000004 0.6481547379807692 0.36124288221153844 0.723632358173077 0.35700723557692304 0.7606255192307692 0.34362475721153846 0.754390608173077 0.30636094951923076 0.7495158341346154 0.26633411778846156 0.7292405456730768 0.20926024519230768 0.6450402644230769 0.13786242548076924 0.6026302115384615 0.11785328125 0.5408717836538461 0.12131903125
3 0.5729124639423077 0.09265404807692307 0.578948704326923 0.1057487716346154 0.6544045360576922 0.14181474278846154 0.6885336009615385 0.16676641826923078 0.6973562331730769 0.1662713125 0.7089652572115385 0.15218637499999998 0.7108267980769232 0.12910620673076922 0.6875144158653845 0.11157177403846154 0.706900201923077 0.08661709855769231 0.6997573509615385 0.07658013942307693 0.6512328725961538 0.07930322836538463 0.5900160865384616 0.08721640624999999 0.5729124639423077 0.09265404807692307
0 0.5265489038461538 0.3684029831730769 0.44638835817307687 0.39932056971153845 0.45677256971153846 0.4384158052884616 0.49388839663461537 0.4284475 0.5303403942307692 0.3995349615384616 0.5265489038461538 0.3684029831730769