3 0.15136255048076924 0.70573134375 0.14741035817307693 0.6865671634615385 0.16334661298076922 0.48756218990384614 0.13944223076923076 0.48756218990384614 0.12749004086538462 0.5174129350961538 0.12798406490384615 0.5726169158653847 0.12050199278846155 0.6041442788461538 0.11489243028846154 0.6169850745192308 0.09561752884615383 0.5323383076923076 0.07968127403846154 0.48756218990384614 0.055776891826923074 0.4925373125 0.04382470192307693 0.5074626875 0.04382470192307693 0.7080646754807692 0.10834661298076922 0.7080646754807692 0.15136255048076924 0.70573134375
2 0.12350597596153846 0.9452736322115385 0.13944223076923076 0.9452736322115385 0.15139442307692308 0.9402985072115384 0.15537848557692308 0.9353233822115385 0.15537848557692308 0.9253731346153846 0.13452987980769232 0.9217462692307692 0.12517928365384615 0.9042288557692307 0.1317250985576923 0.8843781105769231 0.13147410336538462 0.8706467668269231 0.13545816826923077 0.8109452740384615 0.12749004086538462 0.8109452740384615 0.12350597596153846 0.8159203990384616 0.09960159375000001 0.8159203990384616 0.09561752884615383 0.8109452740384615 0.09163346634615385 0.8159203990384616 0.09163346634615385 0.9253731346153846 0.10756972115384615 0.9402985072115384 0.12350597596153846 0.9452736322115385
2 0.05179282932692308 0.9900497524038462 0.059760956730769234 0.9800995024038461 0.06772908413461538 0.8457711442307693 0.055776891826923074 0.8457711442307693 0.05179282932692308 0.8507462692307691 0.03187250961538462 0.8507462692307691 0.03187250961538462 0.9900497524038462 0.05179282932692308 0.9900497524038462
2 0.14342629567307694 0.9751243774038462 0.13545816826923077 0.9850746274038461 0.13545816826923077 0.9950248749999999 0.15936255048076922 0.9900497524038462 0.18725099519230767 0.9552238798076923 0.19123506009615385 0.9452736322115385 0.19920318750000002 0.8706467668269231 0.19920318750000002 0.8407960192307692 0.19123506009615385 0.8358208966346155 0.16733067788461536 0.8358208966346155 0.16334661298076922 0.8457711442307693 0.15936255048076922 0.9353233822115385 0.15537848557692308 0.9402985072115384 0.14741035817307693 0.9751243774038462 0.14342629567307694 0.9751243774038462
2 0.24302788942307693 0.9751243774038462 0.2509960168269231 0.9701492548076923 0.26693227163461536 0.9502487572115386 0.27490039903846153 0.8258706466346154 0.2509960168269231 0.8258706466346154 0.24701195192307693 0.8208955216346154 0.24302788942307693 0.8258706466346154 0.23904382451923079 0.8955223870192307 0.22310756971153844 0.9651741298076922 0.2270916346153846 0.9751243774038462 0.24302788942307693 0.9751243774038462
2 0.2828685264423077 0.8955223870192307 0.27490039903846153 0.9004975120192308 0.27490039903846153 0.9104477620192307 0.29083665384615387 0.9104477620192307 0.30278884375000004 0.8955223870192307 0.30677290865384615 0.8955223870192307 0.3187250985576923 0.8805970144230769 0.3227091634615385 0.8606965168269232 0.3227091634615385 0.8059701490384616 0.32669322596153844 0.8009950240384616 0.3227091634615385 0.7810945264423077 0.29880478125 0.7810945264423077 0.29083665384615387 0.7960199014423076 0.29482071634615387 0.8557213942307692 0.29083665384615387 0.8606965168269232 0.29083665384615387 0.8805970144230769 0.2828685264423077 0.8955223870192307
2 0.35458167307692307 0.8706467668269231 0.3705179278846154 0.8855721394230769 0.39043824759615386 0.8805970144230769 0.3944223100961538 0.8706467668269231 0.37579282932692304 0.8458457716346154 0.37953386538461537 0.8003084567307692 0.38233864423076924 0.7699502475961538 0.36254980048076924 0.7611940288461538 0.35059761057692307 0.7611940288461538 0.34661354567307695 0.7661691538461538 0.34661354567307695 0.8159203990384616 0.35059761057692307 0.8208955216346154 0.35458167307692307 0.8706467668269231
2 0.3824701201923077 0.9353233822115385 0.3824701201923077 0.9452736322115385 0.3944223100961538 0.9452736322115385 0.42231075721153843 0.9303482596153846 0.45019920432692306 0.9004975120192308 0.4493585649038462 0.8201442788461539 0.4493585649038462 0.7979601995192307 0.43426294711538466 0.8009950240384616 0.41832669230769226 0.7910447764423078 0.4143426298076923 0.7960199014423076 0.41035856490384615 0.8955223870192307 0.40637450240384615 0.9054726370192309 0.39043824759615386 0.9154228846153847 0.3824701201923077 0.9353233822115385
2 0.5099601586538461 0.9253731346153846 0.5179282860576924 0.9203980096153846 0.5258964134615385 0.9054726370192309 0.5185577692307692 0.8715223870192308 0.5179282860576924 0.8109452740384615 0.5139442235576923 0.8009950240384616 0.49402390384615386 0.8009950240384616 0.49003984134615386 0.8159203990384616 0.49003984134615386 0.9104477620192307 0.50199203125 0.9253731346153846 0.5099601586538461 0.9253731346153846
2 0.601593625 0.8258706466346154 0.601593625 0.8109452740384615 0.5856573701923077 0.8009950240384616 0.5856573701923077 0.7960199014423076 0.5776892427884616 0.7910447764423078 0.5657370528846154 0.7960199014423076 0.5657370528846154 0.8109452740384615 0.5856573701923077 0.8258706466346154 0.601593625 0.8258706466346154
2 0.6812749014423077 0.8855721394230769 0.6812749014423077 0.865671641826923 0.6733067740384615 0.8457711442307693 0.6693227091346153 0.8407960192307692 0.657370516826923 0.8407960192307692 0.6533864543269231 0.8457711442307693 0.6533864543269231 0.875621889423077 0.6613545817307693 0.8855721394230769 0.6812749014423077 0.8855721394230769
2 0.745019920673077 0.8358208966346155 0.749003983173077 0.8258706466346154 0.7290836658653846 0.8109452740384615 0.7011952187499999 0.8109452740384615 0.7011952187499999 0.8258706466346154 0.7250996009615385 0.8358208966346155 0.745019920673077 0.8358208966346155
2 0.7410358557692308 0.9552238798076923 0.752988048076923 0.9552238798076923 0.7609561754807692 0.9502487572115386 0.7848605576923077 0.9203980096153846 0.7888446225961538 0.9104477620192307 0.7848605576923077 0.9054726370192309 0.7689243028846153 0.9054726370192309 0.7649402379807693 0.9004975120192308 0.749003983173077 0.9004975120192308 0.7410358557692308 0.9104477620192307 0.7410358557692308 0.9154228846153847 0.7330677283653846 0.9253731346153846 0.7330677283653846 0.9502487572115386 0.7410358557692308 0.9552238798076923
2 0.8486055769230769 0.9502487572115386 0.8605577692307692 0.9651741298076922 0.8764940240384615 0.9651741298076922 0.8804780865384616 0.9601990048076924 0.8804780865384616 0.9353233822115385 0.8725099591346154 0.9154228846153847 0.8645418317307693 0.9054726370192309 0.8326693221153847 0.9054726370192309 0.8326693221153847 0.9203980096153846 0.8486055769230769 0.9452736322115385 0.8486055769230769 0.9502487572115386
2 0.9282868533653846 0.8308457716346154 0.9282868533653846 0.8159203990384616 0.9043824711538462 0.8109452740384615 0.89641434375 0.8258706466346154 0.8924302788461538 0.8407960192307692 0.89641434375 0.8507462692307691 0.9203187259615385 0.8507462692307691 0.9282868533653846 0.8308457716346154
2 0.9960159350961538 0.8159203990384616 0.9681274903846154 0.8159203990384616 0.9681274903846154 0.8407960192307692 0.9960159350961538 0.865671641826923 0.9960159350961538 0.8159203990384616
3 0.29482071634615387 0.5572139302884616 0.25865338701923074 0.5434179110576923 0.2828685264423077 0.41293532451923076 0.2611394423076923 0.4253233822115385 0.2312749014423077 0.52321890625 0.21136255048076924 0.5263233822115384 0.2163426298076923 0.4330945264423077 0.20318725 0.4179104471153846 0.19123506009615385 0.4477611947115384 0.19123506009615385 0.5820895528846154 0.24701195192307693 0.5721393028846153 0.2828685264423077 0.5870646754807692 0.29482071634615387 0.5572139302884616