3 0.496838375 0.5068813413461538 0.4841271346153846 0.4441626225961538 0.4748347956730769 0.44126528125000003 0.450674485576923 0.4534046850961539 0.4468834230769231 0.43412388221153847 0.42807567307692307 0.4329810625 0.40978728846153845 0.5193463341346154 0.41283403125 0.6197082908653846 0.43112127884615387 0.6317054495192308 0.4362507716346154 0.6230750889423077 0.4534974014423077 0.6239934567307692 0.46085683894230767 0.6344194423076923 0.4717846514423077 0.6359906153846153 0.48405088701923077 0.609650625 0.49267476923076925 0.56092859375 0.496838375 0.5068813413461538
3 0.5324451009615385 0.6493961538461538 0.5380207331730769 0.6314620721153846 0.5441927307692308 0.4699731201923077 0.5337110576923076 0.4590982283653846 0.522188391826923 0.46993201682692304 0.5151996033653846 0.550115358173077 0.5140834951923077 0.6389496153846154 0.5190638942307693 0.66620796875 0.5324451009615385 0.6493961538461538
3 0.48338129567307697 0.6563936826923077 0.4897744735576923 0.6541902572115385 0.5041226995192308 0.5844329014423078 0.5095507524038462 0.4712376298076923 0.5068746610576923 0.4614850024038461 0.48977674278846156 0.45746539663461544 0.4969127307692308 0.5053307211538461 0.49393845913461537 0.5673555264423077 0.4804081586538462 0.6200560600961539 0.48338129567307697 0.6563936826923077
3 0.5454541490384616 0.6731249182692308 0.5529623004807692 0.6804496634615386 0.5593554783653846 0.6782462355769231 0.5725155096153846 0.5021488966346154 0.5699137764423077 0.4908456490384615 0.5530389254807692 0.4821741826923077 0.5444897788461538 0.49655811778846154 0.5485031586538461 0.576762014423077 0.54314984375 0.6556191874999999 0.5454541490384616 0.6731249182692308
3 0.7228284014423078 0.5471801682692308 0.7090761634615385 0.5061701322115385 0.7100428004807693 0.48601206971153843 0.7011222475961538 0.4753616298076923 0.6742114903846154 0.47929902403846153 0.6508691105769231 0.4743816057692308 0.6438803197115385 0.5545649471153846 0.6343645336538462 0.5891069447115385 0.6336949447115384 0.6358500024038461 0.6495287980769231 0.6662301514423077 0.6577061610576924 0.6595993173076924 0.6725745072115384 0.6117750985576923 0.6953220336538461 0.6290974807692307 0.7017891923076923 0.65813090625 0.7134605697115385 0.6441958798076922 0.7228284014423078 0.5471801682692308
3 0.8903154567307693 0.4307430432692308 0.8648914615384615 0.4364555120192308 0.8573085745192308 0.46346886057692305 0.8418442403846154 0.6220604711538461 0.854034985576923 0.69563353125 0.8908329326923077 0.682188516826923 0.8999769350961538 0.6553996201923076 0.8990865432692308 0.5100696802884616 0.8913556971153846 0.47460931490384617 0.8979719447115385 0.46775402644230774 0.899087298076923 0.4444947259615385 0.8903154567307693 0.4307430432692308
3 0.7886172067307692 0.6503177764423077 0.7999907812499999 0.6753727043269231 0.8168656274038462 0.684044173076923 0.8192446706730769 0.6672118028846155 0.8011812475961538 0.5849878293269231 0.7960532692307692 0.4624682836538462 0.7874301418269231 0.4456153629807692 0.7831925576923078 0.46842575721153845 0.7901794567307692 0.5521798004807692 0.7886172067307692 0.6503177764423077
3 0.7602196923076924 0.6524800985576923 0.7462455168269231 0.5177594927884616 0.7373978100961539 0.6367083365384616 0.7399995432692308 0.6480115865384615 0.7552389182692308 0.65800921875 0.7602196923076924 0.6524800985576923
3 0.7302606826923077 0.6872054423076922 0.73063246875 0.67945234375 0.7291457091346154 0.6776772692307692 0.7283281610576923 0.6619466129807693 0.7268414014423077 0.6601715408653847 0.7275849735576922 0.6446653389423077 0.7244627379807693 0.6442164326923077 0.7212661490384615 0.6453181466346154 0.7211917956730769 0.6468687668269231 0.7114533125 0.6532751466346153 0.7079592980769231 0.6605793413461538 0.7078105841346154 0.6636805817307692 0.7106353870192308 0.67033196875 0.7121965048076924 0.6705564230769231 0.7271384519230769 0.6867565384615385 0.7302606826923077 0.6872054423076922
3 0.6248495024038461 0.5580739879807692 0.6368934254807692 0.47081090384615387 0.6151865144230769 0.4645673197115385 0.6079754110576923 0.4838275673076923 0.6034388894230769 0.6439903509615384 0.6202393774038462 0.6542124375 0.6321338293269231 0.6356255504807693 0.6248495024038461 0.5580739879807692
2 0.4639100048076923 0.1773942956730769 0.44859627403846153 0.16894728125000003 0.4434667836538461 0.17757764182692307 0.4458450697115385 0.22632022836538462 0.46145623076923076 0.2285647620192308 0.4639100048076923 0.1773942956730769
2 0.49959260096153846 0.18720858173076924 0.4787775961538462 0.19514502884615387 0.47052587740384616 0.20332648557692307 0.47238404086538466 0.23013593509615385 0.48487296875 0.23193155769230772 0.5033093100961539 0.2080400048076923 0.5055396370192308 0.19430887740384614 0.49959260096153846 0.18720858173076924
2 0.5260564591346154 0.2581498605769231 0.5384710288461538 0.26149610817307695 0.5522240264423077 0.23693119230769233 0.5514064759615385 0.22120053605769233 0.5371333629807692 0.22383231730769232 0.5256106971153847 0.23466610576923078 0.5260564591346154 0.2581498605769231
2 0.5602526754807692 0.23340159855769232 0.5547514014423076 0.24978506009615384 0.5664224014423077 0.26863750721153845 0.5820335624999999 0.27088203846153847 0.5827771322115385 0.2553758389423077 0.5695450144230769 0.2362989375 0.5602526754807692 0.23340159855769232
2 0.6036664927884615 0.24588876923076922 0.6006182403846154 0.2766767211538462 0.6180135865384616 0.27449384615384614 0.6253734014423077 0.25213235576923076 0.6231434519230769 0.23307600721153848 0.6137024014423077 0.23327990865384615 0.6036664927884615 0.24588876923076922
2 0.6443302427884615 0.21738645913461538 0.6398699639423077 0.2120612379807692 0.6253737788461537 0.21934487980769232 0.6269345192307691 0.25235681009615385 0.6298336802884615 0.2574575769230769 0.6346657403846153 0.2550296971153846 0.6429918173076923 0.24529762019230766 0.6443302427884615 0.21738645913461538
2 0.6825405913461539 0.20726713461538462 0.6676730024038461 0.1895164014423077 0.6536229567307692 0.1874963221153846 0.6499802283653846 0.19790175721153844 0.6587516923076924 0.24444091346153846 0.6824658581730769 0.24160523317307694 0.6867034423076923 0.21879483653846155 0.6825405913461539 0.20726713461538462
2 0.7121278173076924 0.18029489423076922 0.7024636923076923 0.18515065384615384 0.6968880649038461 0.20308473317307693 0.6947317139423077 0.24805272115384616 0.7117552764423076 0.25362294711538463 0.7135394639423077 0.24919554086538462 0.7229069134615386 0.18496730528846153 0.7121278173076924 0.18029489423076922
2 0.7170334783653847 0.24189134615384617 0.7319010697115385 0.25964207932692307 0.7475865865384616 0.26033599278846153 0.750486125 0.23264928365384613 0.7211967067307692 0.2206315673076923 0.7144317451923077 0.23058809615384618 0.7170334783653847 0.24189134615384617
2 0.7888455673076924 0.18664124278846156 0.7734574783653846 0.17974484855769232 0.7513787860576924 0.18125436298076922 0.7536830913461539 0.19876009375 0.7685506826923076 0.21651082692307694 0.7889939038461539 0.21632747836538463 0.7932314879807693 0.19351708413461538 0.7888455673076924 0.18664124278846156
2 0.8254211995192308 0.11227313461538461 0.847573875 0.14200047596153847 0.8729978701923078 0.13628800721153847 0.8730726033653846 0.10194991105769231 0.8517374783653846 0.0879532235576923 0.8249754374999999 0.08878937740384615 0.8254211995192308 0.11227313461538461
2 0.7759852355769231 0.1598112403846154 0.8020037067307692 0.1744812860576923 0.8323341201923077 0.16479031971153846 0.8324832115384615 0.12890160336538461 0.781783935096154 0.13722529807692307 0.7736065697115385 0.14385613221153845 0.7759852355769231 0.1598112403846154