3 0.44605304807692303 0.5168206298076923 0.4482700072115385 0.5249313966346154 0.46519588221153846 0.5401222235576923 0.48750584375000006 0.5318120576923077 0.49401411298076925 0.5072292475961538 0.4955411730769231 0.4473940264423077 0.47739934134615386 0.43667569230769226 0.47334162980769234 0.44494116105769227 0.4659489350961538 0.4735999423076923 0.45101815384615385 0.44093037980769234 0.4362944399038462 0.45342210576923075 0.4342915841346154 0.46776058653846153 0.44605304807692303 0.5168206298076923
1 0.5891605817307692 0.41902241826923076 0.5906477716346153 0.43771737259615384 0.6071784783653846 0.42818283894230774 0.6217063317307693 0.4329867860576923 0.6186600144230769 0.41445046634615385 0.605071625 0.40169831971153847 0.5972760024038462 0.4024914879807693 0.5891605817307692 0.41902241826923076
1 0.6856503725961538 0.38721771875 0.68478284375 0.3763123293269231 0.6727535793269231 0.3634015480769231 0.6602805841346153 0.36467061778846155 0.6533524879807693 0.37636917548076926 0.6562748725961539 0.3933475841346154 0.6856503725961538 0.38721771875
2 0.6225903173076923 0.7799822860576923 0.6360027764423077 0.7707650192307691 0.6390690288461538 0.7500362548076923 0.6301580120192308 0.7368082067307692 0.6130076394230769 0.7385531754807692 0.6141750336538462 0.7729858918269231 0.6225903173076923 0.7799822860576923
3 0.5569173725961538 0.5380379495192308 0.5414603581730769 0.55652515625 0.5287048894230769 0.54815796875 0.5321368317307692 0.5912996899038462 0.5762880504807693 0.5930895985576923 0.5689760264423077 0.5011727427884616 0.5742929975961538 0.46922131971153846 0.5658777115384616 0.4622249230769231 0.5521896033653846 0.4938203413461538 0.5378134663461538 0.4650803293269231 0.5232136826923077 0.47912996875 0.5331759182692308 0.5283730721153846 0.5569173725961538 0.5380379495192308
3 0.3441223533653846 0.5790188413461539 0.36020932932692307 0.58366415625 0.3723625264423077 0.5981328485576923 0.4048562764423077 0.5916857163461539 0.42868687740384614 0.5751263629807692 0.4300180721153846 0.5325868149038462 0.4113484447115384 0.4559602451923077 0.3959530649038462 0.44025090624999996 0.36764095673076924 0.43999048798076923 0.3483637980769231 0.4545160264423077 0.34086803846153846 0.4788365216346154 0.3348594711538461 0.52185196875 0.3441223533653846 0.5790188413461539
0 0.4822127788461538 0.5366993798076923 0.4636272139423077 0.5401608966346154 0.46910018509615387 0.5694439759615384 0.48350410576923075 0.5726900096153846 0.49062806490384614 0.5436957764423077 0.4822127788461538 0.5366993798076923
2 0.8228498629807692 0.7486131538461538 0.8123077884615384 0.7543973269230769 0.8179046899038462 0.7852383173076922 0.8319368100961538 0.7838106153846154 0.8342594663461539 0.7537343701923077 0.8228498629807692 0.7486131538461538
2 0.6871340889423077 0.7812678701923077 0.7010422788461538 0.7782822548076923 0.7020536754807692 0.7514804711538462 0.684283641826923 0.745435875 0.6723063725961538 0.7529365985576923 0.6724823076923077 0.7749060096153847 0.6871340889423077 0.7812678701923077
2 0.6555997355769231 0.74050171875 0.6422479735576924 0.7443965913461539 0.6419457932692307 0.7710052884615385 0.6691161923076923 0.772107451923077 0.6555997355769231 0.74050171875
2 0.44499398317307687 0.7603593533653845 0.46620206249999996 0.7503489158653847 0.4661500649038462 0.7299374158653846 0.4473166346153846 0.730283108173077 0.44157586778846153 0.7371492932692308 0.4399448100961539 0.756161514423077 0.44499398317307687 0.7603593533653845
2 0.3728825192307692 0.8022478509615384 0.3836724591346154 0.7995795 0.3909723509615385 0.7925546826923077 0.39260340865384613 0.7735424615384615 0.36909260817307693 0.7743640528846154 0.36602635817307694 0.7950928221153847 0.3728825192307692 0.8022478509615384
2 0.593626483173077 0.7122557163461539 0.5745451899038462 0.7094855817307693 0.5755886490384615 0.7423603846153846 0.5808856875 0.7496740456730768 0.5934826177884616 0.749962891826923 0.593626483173077 0.7122557163461539
1 0.7492226177884616 0.3367749110576923 0.7407353990384615 0.34863210336538464 0.7444013774038462 0.37495798557692306 0.7732811514423077 0.36259646875 0.761819548076923 0.3370637524038462 0.7492226177884616 0.3367749110576923
1 0.385059125 0.40209625721153847 0.3963447956730769 0.4056595576923077 0.38619445432692306 0.3768523846153846 0.3735975264423077 0.37656353846153845 0.36654549519230767 0.38670418509615384 0.36503837259615385 0.4072743173076923 0.385059125 0.40209625721153847
3 0.6784986778846154 0.5936838004807693 0.7171049951923076 0.58504421875 0.7215943028846153 0.46365723076923077 0.7119396923076924 0.44108170673076924 0.6848868437500001 0.4171353293269231 0.6576901298076923 0.4308961225961539 0.6420789495192308 0.4717475480769231 0.6429984783653846 0.5030644375000001 0.6598091153846154 0.5563223173076923 0.6589216538461538 0.584682014423077 0.6784986778846154 0.5936838004807693
0 0.3551402235576923 0.61873140625 0.3639992403846154 0.6115479543269231 0.36525850000000004 0.5878619951923076 0.35671928124999996 0.5793076850961538 0.34461808413461537 0.5852504927884615 0.3449179471153846 0.6087778197115384 0.3551402235576923 0.61873140625
0 0.6155140288461538 0.5922395841346154 0.6258082403846154 0.5833395841346154 0.6261280360576923 0.5676018221153846 0.6101649951923077 0.5645144182692308 0.5954412764423077 0.5770061466346154 0.5982397259615385 0.5924266418269231 0.6155140288461538 0.5922395841346154
2 0.5619283269230769 0.7484618245192307 0.5674212283653847 0.7384798149038462 0.56612990625 0.7024891875 0.553285108173077 0.6990845168269231 0.5505386586538461 0.7040755240384615 0.5493313966346154 0.7481729831730769 0.5619283269230769 0.7484618245192307
1 0.45190561778846156 0.4125706826923077 0.4766037451923077 0.40691671634615384 0.4667012692307692 0.38122536778846156 0.4556634639423077 0.38077788942307694 0.4484875048076923 0.38936062259615384 0.4468564471153846 0.40837284615384617 0.45190561778846156 0.4125706826923077
2 0.5146068581730769 0.726577685096154 0.4977043533653846 0.7314384807692308 0.4989436802884616 0.7470176081730769 0.5197080288461539 0.7511870240384616 0.5217108846153846 0.7368485408653846 0.5146068581730769 0.726577685096154
2 0.41668187500000003 0.7600989326923078 0.39678505288461535 0.7668349086538462 0.39272734134615384 0.7751003725961538 0.3919118125 0.784606485576923 0.4006988966346154 0.7962766177884616 0.42420969951923077 0.7954550264423077 0.43150959134615385 0.7884302067307692 0.43014633173076927 0.7712931658653847 0.41668187500000003 0.7600989326923078
3 0.6393966274038461 0.5960917307692308 0.6444458004807692 0.6002895673076923 0.6491951057692307 0.5809600793269231 0.6341593942307693 0.47098280528846154 0.6181963509615385 0.4678954014423077 0.5829561490384616 0.4793335408653846 0.5709069495192307 0.5056878485576923 0.5851990673076923 0.6063176442307692 0.5903721706730769 0.6120733942307692 0.6034128317307692 0.5981823894230769 0.6393966274038461 0.5960917307692308
2 0.7631593966346154 0.7688210817307692 0.7735775408653847 0.7614789951923077 0.7782029134615385 0.7405915937499999 0.7574385649038462 0.7364221826923077 0.7457091634615385 0.7470387259615384 0.7425189807692308 0.7662095817307691 0.7631593966346154 0.7688210817307692
3 0.8291136057692309 0.4762754783653846 0.808441125 0.4139873894230769 0.7783939615384615 0.3919161923076923 0.7654772331730769 0.4073651081730769 0.7625639495192308 0.44825324278846157 0.7508254495192308 0.40100324759615386 0.7302890288461538 0.43921474759615386 0.7312605552884615 0.4909431370192308 0.7503739134615385 0.553389858173077 0.8123670985576923 0.5423707740384616 0.8291136057692309 0.4762754783653846
0 0.42866694471153843 0.6143914495192307 0.43896115384615386 0.6054914495192307 0.4398486153846154 0.5771317499999999 0.4363585673076923 0.57277528125 0.4180208701923077 0.5793526225961538 0.42230651201923075 0.6134680721153847 0.42866694471153843 0.6143914495192307
2 0.73504315625 0.7512649879807692 0.7119041538461539 0.7567603197115385 0.7181926490384616 0.7765372860576923 0.7372739423076923 0.7793074206730769 0.7400923269230769 0.755462826923077 0.73504315625 0.7512649879807692
0 0.6888648197115385 0.5659302139423077 0.6939859254807692 0.5512744639423077 0.6849509759615385 0.5364885048076923 0.6783426802884616 0.5324492980769231 0.6662414783653846 0.5383921081730769 0.6694117283653847 0.5584863413461538 0.6888648197115385 0.5659302139423077