1 0.24615623798076922 0.9135772211538461 0.25578411778846155 0.896462170673077 0.25945004326923077 0.8573147884615384 0.2526027908653846 0.8307853990384615 0.2333518173076923 0.8237760432692307 0.21309559375 0.8281658004807693 0.2061236033653846 0.8587720384615385 0.21533164423076923 0.8972935961538462 0.23570303846153845 0.9182471225961539 0.24615623798076922 0.9135772211538461
1 0.29346553365384614 0.8567962740384616 0.30497917307692307 0.8740186298076923 0.3123014543269231 0.87820278125 0.32765616586538465 0.8736729519230769 0.3404749423076923 0.8397557620192307 0.3240645745192308 0.7811538798076924 0.3158569975961539 0.7724726658653847 0.2882784927884615 0.7726782692307693 0.2823717283653846 0.7839373076923077 0.2863231826923077 0.8287678605769231 0.29346553365384614 0.8567962740384616
3 0.2816615769230769 0.7968354423076923 0.2807210889423077 0.7590470096153846 0.28791440384615385 0.7295650360576923 0.2832597956730769 0.6917921971153846 0.3015722980769231 0.7164158365384616 0.33050634375 0.7396015096153847 0.33723363942307694 0.7820270769230769 0.3476868413461538 0.7773571754807692 0.3635165817307692 0.7504821081730769 0.3341722692307692 0.7004541298076923 0.3256839519230769 0.5665555264423077 0.32084241586538464 0.5584673701923077 0.2835808389423077 0.54249665625 0.27100196875 0.5446214975961539 0.2548771298076923 0.569997548076923 0.23367562980769233 0.577838329326923 0.23332055528846155 0.5842873942307693 0.24276371875 0.6322560600961539 0.27411853365384614 0.6594858124999999 0.265020875 0.6875469927884615 0.2551578701923077 0.6952149350961538 0.26229543509615383 0.7644828028846155 0.2767600673076923 0.7966953701923077 0.2816615769230769 0.7968354423076923
3 0.24240864423076922 0.6387051274038461 0.22641332692307692 0.5657060889423077 0.2187959471153846 0.5600229158653847 0.19936504326923077 0.5768578245192308 0.18111931730769232 0.5584493557692307 0.16546950961538462 0.5614801658653846 0.12849824278846153 0.5882479302884616 0.1428381346153846 0.6775961225961539 0.15039553846153847 0.6912273822115385 0.16043847115384613 0.6597151802884615 0.16288984855769228 0.6432168533653846 0.19408030288461536 0.6257565769230768 0.24240864423076922 0.6387051274038461
3 0.22453968750000003 0.7413968100961538 0.24912158413461538 0.8048490600961539 0.26288563221153843 0.7674808461538463 0.2604096730769231 0.7301453990384614 0.24606499759615386 0.6820366610576923 0.23390118028846155 0.6697643485576923 0.1868917716346154 0.6868048605769231 0.18865279326923076 0.7782778966346153 0.20459291826923076 0.8179855673076923 0.22453968750000003 0.7413968100961538
2 0.23157867548076924 0.32785653365384615 0.22980808173076922 0.31886240865384613 0.22313597596153847 0.30972821153846153 0.21764426682692306 0.3065900985576923 0.2127427548076923 0.3064500264423077 0.20748616346153848 0.3127590216346154 0.20677601442307691 0.3256571514423077 0.21929012019230767 0.3727198533653846 0.22324635817307692 0.3763109519230769 0.2327542860576923 0.3750920745192308 0.24273245432692309 0.3927674110576923 0.24226221153846156 0.37387319471153846 0.2334092451923077 0.3289025721153846 0.23157867548076924 0.32785653365384615
2 0.15990091346153848 0.20308312259615385 0.15777524519230768 0.2005380625 0.15104316346153845 0.19935195432692307 0.13722392307692308 0.20342880048076922 0.13474317548076925 0.20733280769230772 0.13373792548076924 0.21873191826923077 0.13769416586538463 0.22232301682692307 0.13857946153846154 0.22682007692307693 0.14224060336538463 0.22891215384615385 0.15942588461538462 0.2254283605769231 0.16220172836538463 0.22302337500000002 0.15954583653846152 0.20953218990384614 0.16078621153846154 0.20758018509615386 0.15990091346153848 0.20308312259615385
2 0.16497278605769233 0.26185784615384616 0.1623168966346154 0.24836665865384616 0.1604863269230769 0.2473206201923077 0.1405252019230769 0.2532093990384615 0.14294596874999999 0.25725347596153847 0.14170559615384615 0.2592054807692308 0.1434761875 0.2681996057692308 0.1453067596153846 0.26924564423076924 0.14678225240384615 0.27674074759615386 0.14890792307692308 0.27928580528846153 0.15073849278846155 0.28033184615384615 0.16178188942307692 0.27865998557692306 0.1646177091346154 0.2683069110576923 0.16373241346153847 0.2638098485576923 0.16497278605769233 0.26185784615384616
2 0.1293666346153846 0.22953797355769232 0.12759604086538462 0.22054385096153845 0.12883641346153846 0.21859184615384614 0.12795111778846155 0.2140947860576923 0.12919148798076924 0.21214278125 0.1286012908653846 0.2091447379807692 0.12677072115384616 0.20809870192307692 0.12340468028846155 0.20750564423076925 0.10344355528846154 0.21339442307692308 0.10066771153846155 0.2157994110576923 0.10184810817307693 0.22179549278846153 0.10060773317307693 0.22374749759615384 0.10479909615384615 0.23678570192307694 0.10970060576923077 0.23692577403846155 0.1235198485576923 0.2328489278846154 0.12535041826923077 0.23389496634615387 0.1293666346153846 0.22953797355769232
2 0.2298824158653846 0.1871959543269231 0.2268114735576923 0.18810192067307693 0.21765862259615384 0.18287173076923077 0.20874089423076925 0.18708864903846154 0.2034843076923077 0.19339764182692307 0.20584509615384614 0.2053898076923077 0.20767566826923078 0.20643584855769231 0.20856096394230766 0.21093290865384617 0.21222210336538463 0.21302498557692306 0.21712361778846154 0.2131650576923077 0.23708474278846153 0.20727628125 0.23832511538461537 0.20532427644230772 0.23566922355769232 0.1918330889423077 0.2298824158653846 0.1871959543269231
2 0.2371999110576923 0.23261956250000002 0.2335387716346154 0.23052748557692307 0.22893235576923077 0.23188643509615386 0.22710178605769232 0.2308403966346154 0.21635348798076923 0.23401127884615386 0.2135776466346154 0.23641626442307692 0.21475803846153846 0.2424123485576923 0.21351766826923077 0.24436435096153847 0.21528825961538461 0.2533584759615385 0.2195395985576923 0.25844859375 0.22385091346153846 0.255590625 0.22633165865384616 0.2516866153846154 0.23773013221153846 0.24356568990384617 0.23595953846153844 0.2345715673076923 0.2371999110576923 0.23261956250000002