3 0.052201182692307696 0.5247060240384616 0.05941566105769231 0.5413879134615385 0.06273186538461538 0.5747878389423077 0.07078420673076923 0.5831143317307692 0.11563561057692308 0.5612515264423077 0.11687387259615385 0.5311778653846153 0.10860280048076923 0.5161699447115384 0.10974931490384615 0.44934480528846155 0.08936358173076922 0.43771734615384617 0.07713955769230768 0.43775709615384617 0.05484175240384615 0.4695697716346154 0.05620881971153846 0.5113287067307692 0.052201182692307696 0.5247060240384616
3 0.3011304591346154 0.7277018774038461 0.3132998004807692 0.7259917692307692 0.3239750913461539 0.7125927764423078 0.3256508149038462 0.6958819735576923 0.32032896875000005 0.5672680625000001 0.30772215865384617 0.5556153100961538 0.280996875 0.5540316754807693 0.26582180528846155 0.5657747692307692 0.26292543749999997 0.5791484687499999 0.2638921105769231 0.6426256682692307 0.26986832932692306 0.6893812211538461 0.3011304591346154 0.7277018774038461
3 0.5745235841346154 0.7953048245192308 0.5601122475961539 0.7285302740384616 0.5601298701923076 0.6951195120192307 0.5192314182692308 0.7019346466346155 0.5115989230769231 0.7403817740384616 0.5127472620192308 0.7754592812500001 0.5271039134615385 0.8405634735576922 0.5713361899038462 0.8337375024038463 0.5855093533653846 0.8253387379807692 0.5745235841346154 0.7953048245192308
3 0.6606896346153845 0.6095952211538461 0.6678123677884616 0.5895256370192308 0.6682127692307692 0.567807375 0.6530553149038462 0.5461397067307693 0.6487372019230769 0.516084110576923 0.6613069399038461 0.4926557427884615 0.6544752451923077 0.4876663533653846 0.6334703822115385 0.4910757259615384 0.6146704519230769 0.5278886346153846 0.6214669110576924 0.5996995504807692 0.6296286153846153 0.6113667596153847 0.6606896346153845 0.6095952211538461
3 0.8392397716346154 0.5639101730769231 0.8276524975961539 0.5155023293269231 0.8025658701923077 0.4621267740384616 0.8138056081730769 0.43202059134615384 0.776240985576923 0.4388248798076923 0.7646184663461538 0.4572385625 0.7619408341346153 0.4772936947115385 0.7615404350961538 0.49901195192307696 0.7727449326923076 0.5357272956730769 0.7772817788461539 0.5724643197115384 0.8392397716346154 0.5639101730769231
2 0.7102382860576923 0.42567522355769233 0.7060119206730769 0.43237110576923077 0.7062853317307692 0.4407228918269231 0.7383482620192308 0.4356070264423077 0.7279093245192307 0.42227668990384615 0.7102382860576923 0.42567522355769233
2 0.8993792620192308 0.7374502860576923 0.8830558509615384 0.7141158701923077 0.8687733221153846 0.7191739182692308 0.8727633413461539 0.7392073677884615 0.8993792620192308 0.7374502860576923
2 0.7989464807692308 0.7929045288461538 0.8101139134615385 0.79453875 0.8231211201923077 0.7844732427884615 0.8191311009615384 0.7644397932692308 0.8025713413461539 0.7678347139423077 0.7953392403846155 0.784563579326923 0.7989464807692308 0.7929045288461538
2 0.7124134471153846 0.8316082235576924 0.697365358173077 0.8132812668269231 0.6796396418269232 0.8150094399038461 0.6803505168269232 0.8367240889423078 0.7124134471153846 0.8316082235576924
2 0.6615135216346153 0.838455875 0.6586894639423077 0.820089170673077 0.6453541610576923 0.8201325336538462 0.6483422692307692 0.8435103100961538 0.6615135216346153 0.838455875
2 0.6039402524038462 1 0.6275950240384615 0.9905848774038462 0.6261556538461538 0.9805663485576923 0.6192692692307692 0.9739066009615385 0.5948759014423077 0.9756564567307693 0.5911416754807692 0.9973855576923077 0.5947214879807692 1 0.6039402524038462 1
2 0.5509113125 1 0.5484757572115385 0.984160014423077 0.5329725889423077 0.9858809615384616 0.5323912475961539 1 0.5509113125 1
2 0.27916257211538464 0.8714393461538462 0.3022259375 0.8630116730769231 0.30401102403846153 0.8496415865384616 0.2815667908653846 0.8430324278846153 0.2708915024038462 0.856431423076923 0.27127428365384615 0.8681239254807692 0.27916257211538464 0.8714393461538462