1 0.31776654567307694 0.40193368269230767 0.30796309615384615 0.40325943990384616 0.2939506418269231 0.43405201923076925 0.32247639903846154 0.4426502403846154 0.33625284615384615 0.43729955528846154 0.32882301442307693 0.41040317067307697 0.31776654567307694 0.40193368269230767
1 0.41312520673076925 0.4184338197115384 0.38958944951923075 0.44104780769230767 0.4236655168269231 0.46184954567307696 0.4300341995192308 0.43757124759615385 0.4260170625 0.4256586298076923 0.41312520673076925 0.4184338197115384
1 0.5170784374999999 0.4397504951923077 0.5060440408653846 0.43924978125 0.49626265865384617 0.44854431009615386 0.4898939759615385 0.4728226105769231 0.5193263942307692 0.4768141057692308 0.5260193677884616 0.45896900721153844 0.5170784374999999 0.4397504951923077
1 0.23787198798076922 0.4361551682692308 0.23171724519230769 0.4270228004807692 0.21759443990384617 0.4179715168269231 0.20291133653846155 0.4279289254807692 0.19474634615384617 0.45594426682692313 0.2048249014423077 0.4550227403846154 0.21760827884615383 0.4475339014423077 0.23474775480769233 0.4394554735576923 0.23787198798076922 0.4361551682692308
1 0.602913798076923 0.4480720432692307 0.5921816201923077 0.44603575240384613 0.5830046802884615 0.45225913461538464 0.5763117067307693 0.4701042355769231 0.6039308052884615 0.4833091802884616 0.6084641009615385 0.4602755600961539 0.602913798076923 0.4480720432692307
3 0.4593477139423077 0.6199468894230769 0.4805098533653846 0.625555045673077 0.4974409158653846 0.6526612451923076 0.5054089759615384 0.6525801634615385 0.5203280913461539 0.6171808629807691 0.5345103461538462 0.5370400745192307 0.5148151682692308 0.5078165024038461 0.4909299423076923 0.5528609495192307 0.4866136995192308 0.5056514783653846 0.4636603125 0.5172255432692308 0.43509717067307696 0.6057881658653846 0.4324434014423077 0.6435146562499999 0.4593477139423077 0.6199468894230769
2 0.5102359375 0.8462389735576923 0.49866331009615383 0.8727157259615385 0.5182922788461538 0.8780329807692309 0.5259360528846154 0.8715187019230769 0.5304693485576923 0.8484850793269231 0.5264742812500001 0.8445412331730769 0.5102359375 0.8462389735576923
3 0.2536162427884615 0.4773724399038462 0.25704338701923074 0.49856973317307696 0.2469453389423077 0.5031863149038461 0.2531221514423077 0.5202874543269231 0.2431268317307692 0.5629926466346153 0.24567700721153846 0.5985206850961539 0.25705776682692305 0.6134233701923077 0.2831216298076923 0.6183686466346153 0.2950626875 0.6142626370192308 0.3052311875 0.5787584278846154 0.3151457427884615 0.5265887235576924 0.3324564086538461 0.5050746610576924 0.32902164423076924 0.48212212259615383 0.3198005625 0.4724079591346154 0.29933114423076923 0.49560374519230765 0.28890118509615387 0.4920318798076923 0.2854443485576923 0.46111056971153846 0.27104139423076923 0.4615636298076923 0.2536162427884615 0.4773724399038462
3 0.5209546009615384 0.622078485576923 0.5274336346153846 0.6376440480769231 0.56885125 0.6534670841346154 0.5841608629807692 0.648407295673077 0.6120533557692307 0.5390095048076924 0.6009748197115384 0.5225712451923077 0.590589 0.5349369278846153 0.5675914735576923 0.5305734495192308 0.5663163870192307 0.5128094278846154 0.5479404326923076 0.5172874206730769 0.5263724855769231 0.5864693677884616 0.5209546009615384 0.622078485576923
2 0.5295406177884615 0.8451230336538462 0.5172973413461539 0.8507646153846153 0.5142972139423077 0.8740891370192307 0.5314863533653846 0.88372221875 0.5400588557692307 0.8805699879807692 0.5396683581730769 0.8502304735576923 0.5295406177884615 0.8451230336538462
2 0.40481575000000003 0.8485377163461538 0.4109704903846154 0.8576700841346153 0.4324348485576923 0.8617426634615384 0.4431449567307692 0.8558101802884616 0.4446560552884616 0.8481323052884615 0.4216364615384615 0.8358000552884615 0.40481575000000003 0.8485377163461538
2 0.35631465865384615 0.8202202668269231 0.35350640384615384 0.8021653485576923 0.34035646634615385 0.8124136586538462 0.3318281057692308 0.8315034350961539 0.35882069471153843 0.8398107596153845 0.36307384374999996 0.826281485576923 0.35631465865384615 0.8202202668269231
2 0.3259976514423077 0.8288042668269231 0.32929999759615386 0.8039441706730769 0.3170346514423077 0.8016169807692308 0.30330234375000004 0.8229052139423078 0.3259976514423077 0.8288042668269231
2 0.22225836057692308 0.7740769254807692 0.21275712980769232 0.7738671081730769 0.20450891826923076 0.7834525384615384 0.20427290865384615 0.8088944278846154 0.22297314903846152 0.8108496394230769 0.22780866346153847 0.7862804423076923 0.22225836057692308 0.7740769254807692
2 0.22687993509615384 0.7829183918269231 0.22664392548076923 0.8083602860576923 0.24074465865384614 0.809442795673077 0.24067844951923079 0.7855364807692309 0.23085293028846154 0.7788934663461539 0.22687993509615384 0.7829183918269231