1 0.5319452572115385 0.32340312740384614 0.5288379495192308 0.3139639951923077 0.49601954567307693 0.30558690625 0.4928296225961538 0.3352571658653846 0.5006210264423077 0.3479043653846154 0.5256645480769231 0.3358123774038461 0.5319452572115385 0.32340312740384614
1 0.5333039350961538 0.4204208557692307 0.5067629399038461 0.4011988918269231 0.49261151682692306 0.4385059591346154 0.517625298076923 0.44049335336538464 0.5285834903846154 0.43442092307692304 0.5333039350961538 0.4204208557692307
1 0.5315156514423077 0.5267719639423076 0.5299752163461539 0.5157948966346153 0.519046764423077 0.5077879447115385 0.49403298557692304 0.5058005504807692 0.4955337620192308 0.5355501274038461 0.51428996875 0.5389961442307692 0.5315156514423077 0.5267719639423076
1 0.4836266682692308 0.2506222475961538 0.49146102884615384 0.24293256009615385 0.4977483485576923 0.22739456009615383 0.48526624278846153 0.21466804326923078 0.4562519326923077 0.21156952884615385 0.4590129543269231 0.22135167307692308 0.46872110096153846 0.23264050240384615 0.47981044951923074 0.24812346153846151 0.4836266682692308 0.2506222475961538
1 0.539151733173077 0.6129448197115385 0.5391748677884615 0.6019941899038461 0.5313735504807693 0.5940401177884616 0.5126173461538461 0.5905941033653846 0.50473671875 0.620185045673077 0.528190235576923 0.620581627403846 0.539151733173077 0.6129448197115385
3 0.34393377884615384 0.5016980624999999 0.3423239471153846 0.5235728822115384 0.31882416586538465 0.5450775625 0.3203712091346154 0.5529258774038461 0.35788031249999996 0.5613822836538461 0.4391891418269231 0.5611927211538462 0.4642591033653846 0.5365857307692308 0.41562739182692304 0.5209889134615385 0.461191451923077 0.5083740889423077 0.4455987331730769 0.4877728197115384 0.3533713653846154 0.4752623076923077 0.3158358221153846 0.47932090384615383 0.34393377884615384 0.5016980624999999
2 0.13109027884615385 0.5919649375 0.10295927403846153 0.5852315384615385 0.10135274759615384 0.6055419855769231 0.10915736778846154 0.6119316778846154 0.13261088461538462 0.6123282596153846 0.1357479326923077 0.6076880120192307 0.13109027884615385 0.5919649375
3 0.44605147115384614 0.2734533509615385 0.4258672211538462 0.28058690625 0.41947412259615385 0.27143951923076926 0.4038186153846154 0.2805613870192308 0.36004202163461535 0.2782567283653846 0.3256237043269231 0.2870613293269231 0.3130854182692308 0.3009291995192308 0.31302924038461544 0.32752358653846153 0.31926037980769234 0.3385799735576923 0.35599761298076926 0.3423300336538461 0.4090533293269231 0.3428798581730769 0.43336778125000003 0.35615375480769235 0.45527425480769235 0.34870201682692303 0.4631152259615385 0.33788358173076927 0.43656761778846154 0.32179036778846154 0.43815431971153845 0.3108661754807692 0.46788193509615383 0.30198225721153843 0.46478454326923074 0.2878499975961538 0.44605147115384614 0.2734533509615385
3 0.3531863052884615 0.56286734375 0.33909436538461535 0.5720156490384615 0.33118399759615386 0.6156859759615384 0.33897209375000004 0.6298975504807692 0.4515357596153846 0.6380586370192307 0.46563761057692304 0.6242172067307692 0.4515820216346154 0.6161573798076923 0.4516315913461538 0.5926917427884615 0.46884075480769233 0.5882894447115384 0.46105926442307693 0.5709491177884616 0.38915166826923075 0.5619110600961539 0.3531863052884615 0.56286734375
2 0.13574132451923077 0.6108167620192307 0.12794661778846156 0.5997339399038462 0.10448979567307691 0.6009017331730769 0.0981958701923077 0.6195684855769231 0.10287004807692307 0.6274696802884615 0.13259105528846155 0.6217145120192308 0.13574132451923077 0.6108167620192307
2 0.10941843509615384 0.488346 0.10158407211538462 0.4960356875 0.10153780769230769 0.5179369447115385 0.1093358173076923 0.5274553918269231 0.11715365865384617 0.5275875865384616 0.1250243701923077 0.5026897692307692 0.10941843509615384 0.488346
2 0.12829360576923077 0.4354744927884615 0.14550607211538463 0.42950781490384615 0.1330206610576923 0.4183456778846154 0.1127041923076923 0.4133088461538461 0.10951757451923078 0.44141473076923077 0.12358637980769231 0.44321705528846156 0.12829360576923077 0.4354744927884615
2 0.11428098076923078 0.40707778125 0.1393013701923077 0.40593642788461537 0.1393278076923077 0.3934214206730769 0.11589411778846154 0.3836385865384615 0.11428098076923078 0.40707778125
2 0.14891740625 0.2950243870192307 0.14737366826923076 0.2856116923076923 0.13644191105769232 0.2791691201923077 0.1114149110576923 0.2834392283653846 0.11293882451923078 0.30223817548076926 0.13795590865384616 0.30266119471153846 0.14891740625 0.2950243870192307
2 0.14108635096153846 0.30114969471153846 0.11605935096153847 0.3054198028846154 0.11759317548076924 0.31952562259615386 0.14105660817307691 0.31522907692307695 0.14577044471153847 0.30435776201923076 0.14108635096153846 0.30114969471153846