3 0.7728359375 0.6640625 0.7674281249999999 0.6826921875 0.7718750000000001 0.6953125 0.7782453125 0.7277640624999999 0.7680281250000001 0.7325718750000001 0.7734375 0.7409859375000001 0.76875 0.76875 0.7734375 0.7796875000000001 0.7875000000000001 0.7796875000000001 0.8389421875 0.7139421875 0.85516875 0.7019234375000001 0.8531249999999999 0.6609375 0.84375 0.6203125 0.8078125 0.5484375 0.796875 0.5282453125 0.7830531249999999 0.5228359375 0.7554093749999999 0.5462734375 0.746875 0.546875 0.734375 0.5984375 0.7328125000000001 0.6484375 0.7578125 0.6586531250000001 0.7662265625 0.65204375 0.7728359375 0.6640625
3 0.08894218749999999 0.6388218750000001 0.09795625 0.6550484375000001 0.109375 0.6592546875 0.12860625 0.6646640625 0.1316109375 0.6694718749999999 0.138221875 0.6658656249999999 0.1375 0.6187499999999999 0.125 0.59795625 0.1183890625 0.5769234375 0.12019218749999999 0.564303125 0.1334140625 0.552884375 0.1490390625 0.55108125 0.169471875 0.5733171875 0.1765625 0.525 0.171875 0.46754843749999997 0.17812499999999998 0.446875 0.17031249999999998 0.415625 0.1640625 0.4125 0.1171875 0.42656249999999996 0.06875 0.48124999999999996 0.0546875 0.5203125 0.053125000000000006 0.559375 0.0703125 0.6015625 0.076321875 0.6123796875 0.08894218749999999 0.6388218750000001
0 0.16562500000000002 0.64375 0.1640625 0.6296875 0.15204375 0.6237984375000001 0.146034375 0.6322109375 0.1453125 0.6499999999999999 0.15781250000000002 0.65625 0.15564843750000001 0.640625 0.16562500000000002 0.64375
2 0.1796875 0.7828124999999999 0.15781250000000002 0.7625 0.146875 0.7359374999999999 0.11406250000000001 0.7375 0.1328125 0.80108125 0.140625 0.7984374999999999 0.17031249999999998 0.8 0.1796875 0.7828124999999999
3 0.5109375 0.5640625 0.5186296875 0.567909375 0.52704375 0.5474765625 0.529446875 0.575721875 0.540625 0.5984375 0.55 0.6 0.578125 0.5765625 0.5949515625 0.5576921875 0.596875 0.540625 0.5829328125 0.48317343749999997 0.583534375 0.5072109375 0.576321875 0.5162265625 0.56670625 0.501803125 0.5637015625 0.48016875000000003 0.567909375 0.44290937500000005 0.5318515625 0.43509687500000005 0.536659375 0.4447109375 0.536659375 0.45552812499999995 0.528846875 0.4915859375 0.5222359375 0.533653125 0.5108171875 0.48016875000000003 0.49375 0.46562499999999996 0.48016875000000003 0.478365625 0.506009375 0.5066109375 0.5078125 0.5171875 0.5109375 0.5640625
0 0.6171875 0.55625 0.6296875 0.5453125 0.6312500000000001 0.525 0.625 0.5046875 0.6109375 0.5125 0.61358125 0.521634375 0.60625 0.5484375 0.609375 0.55625 0.6171875 0.55625
0 0.540625 0.6375 0.5375 0.6187499999999999 0.5384609375 0.607571875 0.534375 0.5921875 0.525 0.5921875 0.521875 0.603125 0.51875 0.6328125 0.525 0.6453125 0.5328125 0.6453125 0.540625 0.6375
2 0.515625 0.753125 0.515625 0.70625 0.490625 0.6875 0.4828125 0.7375 0.459375 0.7625 0.4609375 0.7749999999999999 0.478125 0.7765625 0.50625 0.7671874999999999 0.515625 0.753125
2 0.58125 0.7546875 0.58125 0.6984375 0.578125 0.6937500000000001 0.5546875 0.7015625000000001 0.5546875 0.7546875 0.5578125 0.7671874999999999 0.5671875 0.7718750000000001 0.58125 0.7546875
2 0.8109375000000001 0.815625 0.796875 0.825 0.7953125000000001 0.8546875 0.8015625 0.85625 0.8109375000000001 0.8484375 0.8109375000000001 0.815625
2 0.7796875000000001 0.9234374999999999 0.7890625 0.8640625 0.7796875000000001 0.8671875 0.7602156250000001 0.8581734375000001 0.7548078125 0.8768031249999999 0.7421875 0.8888218750000001 0.7234375 0.8875 0.7203124999999999 0.8999999999999999 0.7296875 0.9140625 0.7718750000000001 0.9312499999999999 0.7796875000000001 0.9234374999999999
0 0.7734375 0.703125 0.7609375 0.7015625000000001 0.7578125 0.715625 0.7625 0.7281249999999999 0.7703125 0.7296875 0.7734375 0.703125
0 0.8968750000000001 0.5546875 0.8859375 0.55 0.878125 0.55625 0.8765624999999999 0.5796875 0.8875 0.584375 0.8984375 0.5703125 0.8968750000000001 0.5546875