1 0.19510038221153847 0.1897316418269231 0.1787189110576923 0.19237671634615383 0.18066296394230769 0.22165922836538463 0.20627321875 0.22738947596153844 0.19510038221153847 0.1897316418269231
1 0.21194949038461536 0.28319939663461535 0.18620718269230768 0.2873559423076923 0.18993940384615385 0.31388335336538464 0.21678579086538463 0.31448127163461537 0.21194949038461536 0.28319939663461535
1 0.23497925721153848 0.3510055024038462 0.24283986057692308 0.37439994711538466 0.2665298918269231 0.3927720865384616 0.30218507932692307 0.38948130528846153 0.28025939182692305 0.32642966346153846 0.2575413870192308 0.3226987764423077 0.23497925721153848 0.3510055024038462
1 0.26739368990384615 0.4592245360576923 0.27415021394230765 0.4778645192307692 0.3032047596153846 0.4879713629807692 0.32673891105769226 0.47430589423076924 0.3045491153846154 0.4310278389423077 0.27701863701923074 0.4379394807692308 0.26739368990384615 0.4592245360576923
1 0.23933499759615387 0.5056833485576923 0.24609151923076922 0.5243233317307692 0.26344501682692306 0.5363195144230769 0.2886352860576923 0.5297857403846155 0.26878570192307694 0.48612981490384616 0.24951198317307693 0.48677552644230765 0.23933499759615387 0.5056833485576923
1 0.27642985096153844 0.6131466514423077 0.3160813653846154 0.6166096947115385 0.30338446394230767 0.561933375 0.27172560336538465 0.5719779831730769 0.26210065625 0.5932630408653846 0.27642985096153844 0.6131466514423077
1 0.24805939903846155 0.5955302451923077 0.24269488461538463 0.6037955408653846 0.25344773798076925 0.6291893509615385 0.2889708701923077 0.635785358173077 0.29557151442307694 0.6223877331730769 0.27064535096153847 0.6091479230769231 0.2563161610576923 0.5892643125 0.24805939903846155 0.5955302451923077
1 0.3200171201923077 0.7590235192307693 0.3214091298076923 0.7859287980769231 0.3340822067307692 0.7986807163461538 0.36382084134615383 0.8012779951923077 0.3593807019230769 0.7403357451923077 0.33363839423076924 0.7444922884615385 0.3200171201923077 0.7590235192307693
1 0.3648135961538461 1 0.3633641105769231 0.966598375 0.3469826394230769 0.9692434495192307 0.3344654447115385 0.9885291394230769 0.33712919951923076 1 0.3648135961538461 1
2 0.746121579326923 0.9961645769230769 0.7585551129807692 0.9946379062499999 0.7575127860576922 0.9534402908653846 0.7438922740384615 0.9416897860576923 0.7458327860576923 0.9582118822115385 0.7321682740384615 0.9666704951923077 0.746121579326923 0.9961645769230769
2 0.7166592620192307 0.9427204350961538 0.7125916658653846 0.9549395528846154 0.7130417884615384 0.9577352548076923 0.7242723990384616 0.9693882451923077 0.7379696490384616 0.9671765865384615 0.7422078100961538 0.9568734302884615 0.7343226778846154 0.9249567115384616 0.7194945961538461 0.9182106057692307 0.7166592620192307 0.9427204350961538
2 0.6893232524038461 0.9514627860576923 0.70019821875 0.947302125 0.6824251947115385 0.9054369134615385 0.6707405480769231 0.9020332451923078 0.6684663485576923 0.9187549374999999 0.6601716850961539 0.9283393221153846 0.6893232524038461 0.9514627860576923
2 0.7846557620192307 0.7184053557692308 0.7769682283653846 0.7056993317307693 0.7611788197115386 0.711134454326923 0.7620400024038462 0.7148429375 0.7635054110576923 0.7415415192307692 0.7719377379807693 0.7411443245192307 0.7878417451923077 0.7525236538461539 0.8000651826923076 0.7582475024038462 0.8048667788461539 0.7483318413461538 0.7846557620192307 0.7184053557692308
2 0.7603564278846153 0.6300867572115384 0.7585362620192307 0.6385591274038462 0.7442796706730769 0.6485561706730769 0.7382000192307692 0.6557284182692308 0.7576736298076923 0.6858356346153845 0.7773600120192307 0.6869878653846153 0.7756370985576923 0.6795685288461539 0.774314375 0.66775609375 0.7744613725961538 0.6398352740384615 0.7732182475961539 0.6222386899038461 0.7603564278846153 0.6300867572115384
2 0.7295156009615386 0.5727660985576923 0.7460402980769231 0.5888570913461538 0.7500374110576923 0.579554735576923 0.7372378365384615 0.548912483173077 0.7290835673076923 0.519924875 0.7087565 0.5241689158653846 0.7101428725961539 0.5566540288461538 0.7295156009615386 0.5727660985576923
2 0.7100141274038462 0.46432168269230767 0.7265547644230769 0.45395584375 0.7139470384615384 0.43434426923076924 0.6833769975961539 0.43367675 0.7022282403846154 0.4675026153846154 0.7100141274038462 0.46432168269230767
2 0.6723648677884615 0.3554014879807692 0.6781260216346153 0.38614927644230773 0.6924462620192308 0.3968249158653846 0.7051587427884616 0.41689804807692304 0.7232321971153847 0.411094125 0.7126885721153846 0.382011375 0.6931497451923078 0.35294069951923074 0.6723648677884615 0.3554014879807692
2 0.6744842259615385 0.31403865625000005 0.6765477980769231 0.3426334807692308 0.6895757163461538 0.34774402163461543 0.6980945841346154 0.3579135697115384 0.7080591730769231 0.36207591346153845 0.7143351346153846 0.344227125 0.69404221875 0.3119091514423077 0.6744842259615385 0.31403865625000005
2 0.7492435336538462 0.2294019951923077 0.71557453125 0.22735055048076921 0.7127349182692307 0.25982990865384614 0.7314383197115385 0.2832641754807692 0.7478863149038462 0.30514131971153846 0.7666033149038461 0.30211913461538464 0.7631247812499999 0.2728574879807692 0.7509201442307692 0.24885481971153847 0.7492435336538462 0.2294019951923077
2 0.7106525697115385 0.28758227884615384 0.7201197139423077 0.3120294302884616 0.7372266442307692 0.31022910096153844 0.72778525 0.28385402644230767 0.7166828389423077 0.26255903846153844 0.692728454326923 0.26546500721153843 0.6978628365384616 0.2732929206730769 0.7106525697115385 0.28758227884615384
2 0.6468983557692307 0.6285202139423076 0.6736267283653846 0.6515909975961538 0.6766443413461538 0.6273329038461538 0.6687611394230769 0.6131046610576922 0.6619680408653846 0.5904282091346154 0.6430156899038462 0.5986579014423077 0.6468983557692307 0.6285202139423076
2 0.44592247115384614 0.11053968028846153 0.45222307932692307 0.12830372596153847 0.4677069831730769 0.12939461057692309 0.46815157692307696 0.12075959374999999 0.4715070985576923 0.10944715865384615 0.4627260192307692 0.09622465865384615 0.4520718413461538 0.1054032596153846 0.44592247115384614 0.11053968028846153
2 0.4696437908653846 0.14593210336538462 0.45618587259615384 0.14679054326923077 0.44959291586538463 0.14392123317307692 0.4515176033653846 0.16626157932692306 0.46486298076923077 0.17570853125 0.4763091370192308 0.1804899471153846 0.4784325480769231 0.1685452908653846 0.4730887211538462 0.15725388461538461 0.4696437908653846 0.14593210336538462