0 0.32464875 0.6835114086538462 0.31692457932692303 0.6821911346153846 0.3133522451923077 0.6847438605769232 0.32102877163461535 0.7066176754807691 0.3314567932692307 0.721053454326923 0.3448776418269231 0.7265107836538461 0.3669879903846154 0.7271267163461539 0.3767873100961538 0.7050766682692308 0.3604212788461538 0.68804425 0.35163493509615384 0.6833790865384616 0.3346417548076923 0.6804744831730769 0.32464875 0.6835114086538462
0 0.33218544471153844 0.8682731298076922 0.35975113461538466 0.8745665336538462 0.36486830528846154 0.8722778629807693 0.3690677908653846 0.8555973221153846 0.3688741033653846 0.8365841995192308 0.3605704230769231 0.8288381995192308 0.3435772427884615 0.8259335961538461 0.3252329134615385 0.8417780649038461 0.3249439350961539 0.8638720216346154 0.33218544471153844 0.8682731298076922
0 0.3986040264423077 0.5759456298076923 0.37543150721153845 0.5719848052884615 0.3669833365384615 0.5752857860576923 0.36756284375 0.5817115120192308 0.4153082283653846 0.6009441899038461 0.3986040264423077 0.5759456298076923
0 0.4280019783653846 0.509795485576923 0.4123122980769231 0.5086953557692308 0.4124091418269231 0.5182019158653847 0.42380249278846155 0.5264760264423077 0.43331283173076923 0.5265199375 0.4280019783653846 0.509795485576923
0 0.43644859375 0.45588086057692306 0.4290625961538461 0.4625267307692308 0.43142826923076927 0.46767609615384614 0.4463939519230769 0.4733974783653846 0.4555661177884615 0.46547524519230765 0.43644859375 0.45588086057692306
2 0.24889179326923075 0.2862171201923077 0.26511178365384613 0.263682875 0.2458974158653846 0.24458192788461539 0.2271180673076923 0.24295368990384617 0.2218564110576923 0.2562893389423077 0.22895343028846152 0.2717374278846154 0.24889179326923075 0.2862171201923077
2 0.2546407692307692 0.4216415625 0.25488210096153846 0.4201011442307693 0.2622680985576923 0.41345527403846155 0.26453693028846154 0.4090980769230769 0.2752539278846154 0.40143989903846156 0.27930892548076924 0.39580633653846153 0.28075691826923077 0.38656382932692307 0.27945341586538464 0.3847593581730769 0.27172924278846156 0.3834390841346154 0.2675774014423077 0.3795660841346154 0.2667565625 0.3746807764423077 0.2641495576923077 0.37107183173076924 0.2648735528846154 0.3664505769230769 0.25869421634615386 0.3653943581730769 0.2569080480769231 0.36667072115384614 0.25473606009615385 0.3805344807692308 0.24841223076923077 0.39052524038461534 0.24493674278846156 0.40258452884615387 0.2431505769230769 0.4038608918269231 0.2444540793269231 0.40566536538461534 0.2437300841346154 0.41028661778846154 0.24667526442307694 0.4218617091346154 0.25130976923076925 0.42265387019230766 0.2546407692307692 0.4216415625
2 0.3313521923076923 0.4584786778846154 0.32850385576923075 0.4564101514423077 0.32208318509615386 0.4568943485576923 0.3184632043269231 0.4800006153846154 0.321552875 0.48052872596153845 0.32512520913461534 0.477976 0.3312077043269231 0.46952565865384616 0.33217303125 0.4633639855769231 0.3313521923076923 0.4584786778846154
2 0.32005723798076924 0.5103247740384615 0.3185124014423077 0.51006071875 0.31117405048076924 0.49615304807692306 0.31296021875 0.4948766850961538 0.31392554567307696 0.48871501201923073 0.31571171153846156 0.48743865144230775 0.31691837259615385 0.4797365600961539 0.30716669951923076 0.48123306971153845 0.30335303365384614 0.4853262139423077 0.3019050432692308 0.49456871875 0.3032085456730769 0.4963731899038461 0.30200188701923075 0.50407528125 0.3030640576923077 0.507420170673077 0.3076985600961538 0.5082123341346154 0.3090020649038462 0.5100168076923077 0.31981590625 0.5118651923076923 0.32005723798076924 0.5103247740384615
2 0.2904164014423077 0.5274016899038462 0.29471273076923077 0.5202277139423077 0.29625756490384614 0.5204917668269231 0.2998298990384615 0.5179390408653846 0.30079522596153846 0.5117773701923076 0.2955812139423077 0.5045594783653846 0.2927328774038461 0.5024909519230769 0.2834638701923077 0.500906625 0.28273987259615385 0.5055278774038462 0.28095370913461537 0.5068042379807692 0.2799883798076923 0.5129659110576923 0.28211272115384617 0.5196556899038461 0.2801820649038462 0.5319790336538461 0.2783958990384615 0.5332553990384615 0.27670657692307693 0.5440383197115385 0.2775274134615385 0.5489236298076923 0.28525158653846155 0.5502439014423077 0.28703775480769234 0.5489675408653846 0.28752041826923075 0.5458867043269231 0.2853960769230769 0.5391969254807693 0.2868440697115385 0.5299544182692307 0.2904164014423077 0.5274016899038462
2 0.18300817548076923 0.7067511778846154 0.18373217307692308 0.7021299230769231 0.1811251658653846 0.6985209759615384 0.17542849278846154 0.6943839230769231 0.17079398798076922 0.6935917572115385 0.16722165625000002 0.6961444855769231 0.16422883173076921 0.7051229350961539 0.16244266346153846 0.7063993004807692 0.16002934375000002 0.7218034783653846 0.16133284615384616 0.7236079495192308 0.16060885096153846 0.7282292019230769 0.1632158581730769 0.7318381490384614 0.17248486538461538 0.7334224759615384 0.17581586538461538 0.7324101682692308 0.18189836057692307 0.7239598269230769 0.1831050216346154 0.7162577355769231 0.18180151682692308 0.7144532644230769 0.18431168028846154 0.7085556490384615 0.18300817548076923 0.7067511778846154
2 0.15426067548076924 0.7691848629807693 0.14899647115384615 0.7592600673076924 0.13996362740384616 0.7607244375 0.1390532716346154 0.7633256802884615 0.13556491346153846 0.7807825817307692 0.13649086057692308 0.787710391826923 0.14213254807692308 0.7854148942307693 0.1481321706730769 0.7744054831730769 0.15426067548076924 0.7691848629807693