1 0.3171040576923077 0.08349101682692309 0.3380314134615385 0.07664059855769231 0.3383231658653846 0.05379924519230769 0.3219165769230769 0.05786341586538461 0.31531 0.06589524038461539 0.3171040576923077 0.08349101682692309
1 0.30784233653846155 0.12490242788461538 0.3165271586538462 0.12834648076923078 0.34669305048076926 0.12962851201923076 0.33692572115384617 0.07456469471153847 0.3191275649038462 0.08314570913461537 0.30263792548076923 0.09579911298076924 0.30784233653846155 0.12490242788461538
1 0.3350119639423077 0.18989077403846155 0.35855105048076924 0.19370418990384616 0.3646228028846154 0.14956957451923075 0.3332394951923077 0.1585221418269231 0.33289468509615383 0.1800380264423077 0.3350119639423077 0.18989077403846155
1 0.3377610360576923 0.19894346634615384 0.3392543269230769 0.21415986538461537 0.34023371153846155 0.21899720192307692 0.3475857596153846 0.22143279567307694 0.36167997836538457 0.2216115 0.36442965624999996 0.2180933125 0.36102199999999995 0.1917700673076923 0.3377610360576923 0.19894346634615384
1 0.2885145216346154 0.3444581971153846 0.2925247283653846 0.3259185625 0.3048435745192308 0.3245100889423077 0.33914699759615385 0.32972470192307696 0.3046367091346154 0.31747452644230767 0.2925124158653846 0.31904050480769236 0.2952412764423077 0.3061120360576923 0.26746112740384614 0.31262703365384614 0.25689413221153845 0.3200003461538462 0.25280562740384616 0.3292275576923077 0.2523839302884615 0.3456462043269231 0.26711227884615385 0.36598972596153845 0.29466030528846154 0.37915165865384615 0.2934431538461538 0.3697494759615385 0.2885145216346154 0.3444581971153846
1 0.3659907091346154 0.36095276201923077 0.34449822836538463 0.3631013822115384 0.3448982548076923 0.38487731490384613 0.3854951682692308 0.38081881490384617 0.3659907091346154 0.36095276201923077
1 0.36413121394230774 0.39363954086538466 0.35877989663461535 0.3898791995192308 0.33489936057692304 0.39226655528846155 0.3253845288461538 0.4058055480769231 0.32968416105769227 0.42672380769230767 0.33451860576923076 0.43011646634615386 0.34562350000000003 0.434297875 0.36385874759615383 0.4337086947115385 0.36956859375 0.42749482692307694 0.36413121394230774 0.39363954086538466
1 0.363963625 0.43872314663461537 0.3594116274038462 0.44237061057692306 0.3613560264423077 0.4559517716346154 0.37091593028846154 0.45780304567307695 0.37743478605769226 0.4619120697115384 0.37877217788461537 0.45454760096153846 0.3756935264423077 0.43756746874999997 0.363963625 0.43872314663461537
1 0.3345797091346154 0.523101951923077 0.32991263221153844 0.4965798004807693 0.3297839783653846 0.4874202764423077 0.3340057403846154 0.4797456394230769 0.3259918774038461 0.48583836538461533 0.31508977884615386 0.4872409495192308 0.2984636442307692 0.5082950096153847 0.30363978125 0.5295934735576924 0.3126205048076923 0.5411719519230769 0.3277456177884615 0.54512840625 0.3446302788461538 0.5436173870192308 0.3437427451923077 0.5354160649038462 0.3345797091346154 0.523101951923077
1 0.3919583942307692 0.5941529759615385 0.36769318990384614 0.5983337548076924 0.3610858581730769 0.6072940408653846 0.3657051634615385 0.6203484230769232 0.36651344951923076 0.6247423052884616 0.3797587115384615 0.6264166466346153 0.3919568173076923 0.62678490625 0.39051506249999995 0.6251401346153845 0.3919583942307692 0.5941529759615385
1 0.3735465048076923 0.6552650697115384 0.35649795432692305 0.6553792860576924 0.3394776899038462 0.6591315120192308 0.3312613653846154 0.670424545673077 0.3308421153846154 0.6855727764423077 0.33426249278846154 0.6935887620192307 0.34854770913461536 0.7056695625 0.3706105697115385 0.7090294110576922 0.3767058990384615 0.6549492211538461 0.3735465048076923 0.6552650697115384
1 0.39602299519230766 0.8139226466346153 0.41250948798076925 0.814063389423077 0.4267625456730769 0.8184027524038461 0.43465275 0.8241732860576924 0.42730980288461534 0.8149689975961538 0.42040610096153846 0.810689983173077 0.3891880985576923 0.8086429182692307 0.39694246874999994 0.7869050288461538 0.3662075576923077 0.792401610576923 0.3555514447115385 0.8078314855769231 0.35860430528846154 0.8270975961538463 0.37019993990384614 0.8397599735576923 0.3900490336538462 0.8457699711538461 0.3863315889423077 0.817053704326923 0.3888694615384616 0.8138427211538463 0.39602299519230766 0.8139226466346153
2 0.689152795673077 0.07602245432692308 0.6936349567307692 0.06372589903846154 0.6856168557692308 0.053641326923076924 0.6687570192307692 0.059137329326923074 0.6740608725961538 0.08041332932692308 0.689152795673077 0.07602245432692308
2 0.7229758966346154 0.08544950721153846 0.7014247211538461 0.08950067307692308 0.7038596153846155 0.11553947836538461 0.7258768509615384 0.11525820192307693 0.733215170673077 0.09787418509615384 0.7229758966346154 0.08544950721153846
2 0.7328618173076923 0.2778545360576923 0.7563760841346153 0.27678609134615384 0.7649420865384615 0.2688856201923077 0.7586992620192308 0.25029716105769234 0.7436933509615385 0.2479528605769231 0.7253748581730769 0.25458852644230767 0.7328618173076923 0.2778545360576923
2 0.7699852451923076 0.2978644639423077 0.7576574615384615 0.34315293028846156 0.7895860769230769 0.3354790432692308 0.8057399687500001 0.3466725 0.824231860576923 0.34386152884615384 0.8234535336538461 0.3205647860576923 0.7949666514423076 0.2955537019230769 0.7699852451923076 0.2978644639423077
2 0.6842661298076924 0.3697606490384615 0.6762148221153846 0.36928567548076924 0.676596139423077 0.39198217067307695 0.6980936947115384 0.3901530144230769 0.71061071875 0.38313742548076923 0.7102923485576924 0.3658789206730769 0.6999377740384615 0.3624296899038461 0.6842661298076924 0.3697606490384615
2 0.6526543990384616 0.39533554567307694 0.6547414326923077 0.4114573365384615 0.6765908774038463 0.4172794759615384 0.6810034783653846 0.4069120985576923 0.6771695264423077 0.3970467451923077 0.6592116874999999 0.39660223557692303 0.6526543990384616 0.39533554567307694
2 0.76189953125 0.47409707932692313 0.7733867139423077 0.46654451201923075 0.7610460384615384 0.44280140625000003 0.7258768245192309 0.4392513605769231 0.7332506009615384 0.48240299278846155 0.76189953125 0.47409707932692313
2 0.7815237596153846 0.5232160096153846 0.7959810096153846 0.5262550913461539 0.8115471850961539 0.5304607572115384 0.8170472788461538 0.5161426370192308 0.8087880528846154 0.4967958581730769 0.7770511634615385 0.4984390793269231 0.7815237596153846 0.5232160096153846
2 0.754838891826923 0.8037919399038462 0.7834476923076923 0.8124604014423077 0.7914073846153846 0.8097424423076922 0.7944026610576922 0.8007966225961538 0.7750304423076924 0.7671902860576923 0.7520381586538462 0.7669654663461538 0.754838891826923 0.8037919399038462
2 0.7375154591346154 0.9320415985576923 0.7557888341346154 0.9324569879807693 0.7701884326923077 0.9399837956730769 0.7732262307692307 0.9140633605769231 0.7469920937500001 0.8990732836538461 0.7314961610576923 0.9002685192307692 0.7375154591346154 0.9320415985576923
2 0.7738766899038462 0.6535064879807693 0.8010975985576922 0.6547799326923076 0.8085520913461538 0.6397695120192307 0.7965340649038463 0.6107268173076923 0.7869803245192308 0.6205270576923076 0.7742972283653846 0.6264466346153846 0.7738766899038462 0.6535064879807693
2 0.7797493533653845 0.6614809326923077 0.772042735576923 0.6525505552884615 0.7508540432692308 0.6692103293269231 0.7700352836538461 0.6744338461538462 0.7808388221153847 0.6764928774038462 0.7797493533653845 0.6614809326923077