1 0.4031855432692308 0.5497975913461539 0.3996650600961538 0.5575469879807693 0.40265783173076924 0.5580746995192307 0.4063542163461538 0.5490939759615384 0.4096963846153846 0.5416963846153846 0.41163373557692307 0.5335951802884615 0.42571325240384617 0.5327132524038461 0.42659518028846155 0.5230265072115384 0.42131325240384615 0.512812048076923 0.4100481923076923 0.5027734927884615 0.4008963846153846 0.5043566274038461 0.39068915625 0.5094650600961539 0.3866409639423077 0.5233783125 0.38241686778846157 0.5335951802884615 0.40115662740384617 0.5337349399038461 0.4065301201923077 0.5334168677884615 0.4058240961538461 0.5409903605769231 0.4031855432692308 0.5497975913461539
1 0.37196867548076923 0.49852771153846154 0.36658554326923076 0.49886987980769226 0.3642554206730769 0.5019228918269231 0.3606361442307692 0.5102626514423076 0.38153253125000003 0.5107204807692308 0.37690361538461536 0.5017686754807692 0.37196867548076923 0.49852771153846154
1 0.39995662740384613 0.4985903605769231 0.3923951802884615 0.4991277115384615 0.3855807235576923 0.4984024086538461 0.3805180721153846 0.5048385552884616 0.37242168750000004 0.5231710841346154 0.4047349399038461 0.5244409639423077 0.40504337259615386 0.50406746875 0.39995662740384613 0.4985903605769231
1 0.34728915624999995 0.5068626514423077 0.3395759038461538 0.5090240961538461 0.33686746875 0.5178746995192308 0.3514530120192308 0.5189012043269231 0.35021927644230766 0.5121108437499999 0.34728915624999995 0.5068626514423077
1 0.476 0.5051084326923078 0.46168674759615386 0.5051084326923078 0.46168674759615386 0.5176385552884615 0.476 0.5176385552884615 0.476 0.5051084326923078
1 0.9805421682692308 0.5044096394230769 0.9648072283653846 0.5044096394230769 0.9648072283653846 0.5170843365384615 0.9805421682692308 0.5170843365384615 0.9805421682692308 0.5044096394230769
1 0.9061204807692308 0.5106024086538462 0.8873253004807692 0.5106024086538462 0.8873253004807692 0.5257831322115385 0.9061204807692308 0.5257831322115385 0.9061204807692308 0.5106024086538462
1 0.8804819278846154 0.49998795192307693 0.8555180721153846 0.49998795192307693 0.8555180721153846 0.5176506033653846 0.8804819278846154 0.5176506033653846 0.8804819278846154 0.49998795192307693
1 0.8173734927884616 0.4994096394230769 0.7933734927884615 0.4994096394230769 0.7933734927884615 0.5155783125 0.8173734927884616 0.5155783125 0.8173734927884616 0.4994096394230769
1 0.7075542163461539 0.5044216875 0.6940843365384615 0.5044216875 0.6940843365384615 0.5171204807692308 0.7075542163461539 0.5171204807692308 0.7075542163461539 0.5044216875
1 0.5880843365384615 0.5090722884615384 0.5775542163461538 0.5090722884615384 0.5775542163461538 0.5194096394230769 0.5880843365384615 0.5194096394230769 0.5880843365384615 0.5090722884615384
2 0.35303614423076923 0.5896987956730769 0.33737349278846157 0.5896987956730769 0.33737349278846157 0.6002289158653846 0.35303614423076923 0.6002289158653846 0.35303614423076923 0.5896987956730769
2 0.3285710841346154 0.7931975913461538 0.3246192764423077 0.78811084375 0.3265951802884616 0.7756819278846153 0.3042915673076923 0.7687445793269231 0.3000578317307692 0.7816144567307692 0.3107855432692308 0.8039301201923077 0.32574698798076923 0.8030843365384615 0.3285710841346154 0.7931975913461538
2 0.36691325240384615 0.8035831322115385 0.35200240865384613 0.8225759038461539 0.38446746875 0.8341566274038462 0.3912433725961538 0.8135349399038462 0.36691325240384615 0.8035831322115385
2 0.4228602403846154 0.8180554206730769 0.3995469879807692 0.8273975913461539 0.40281686778846154 0.8482819278846154 0.41298072355769233 0.8482819278846154 0.43189397596153845 0.8270939759615386 0.4228602403846154 0.8180554206730769
2 0.4837228918269231 0.6195301201923077 0.4708795192307692 0.6195301201923077 0.4708795192307692 0.6280361442307693 0.4837228918269231 0.6280361442307693 0.4837228918269231 0.6195301201923077
2 0.5889734927884616 0.6277566274038461 0.5956289158653847 0.6229686754807692 0.5933397596153847 0.6136024086538462 0.5868915673076923 0.6148506033653847 0.5855638557692308 0.6138915673076923 0.5848120480769231 0.6190144567307693 0.5771156634615384 0.6210963846153846 0.5816915673076923 0.6281734927884616 0.5889734927884616 0.6277566274038461
2 0.5982361442307692 0.6171421682692307 0.5987493966346153 0.6292144567307693 0.6060289158653845 0.6296313245192308 0.6083180721153846 0.6177662644230769 0.5982361442307692 0.6171421682692307
2 0.6986457836538461 0.6378722884615384 0.7126819278846154 0.6368795192307692 0.7130120480769231 0.6261397596153846 0.7010819278846154 0.6216819278846154 0.6998024086538461 0.6272963846153845 0.6920409639423077 0.6266361442307692 0.6907204807692308 0.6362192764423077 0.6986457836538461 0.6378722884615384
2 0.7607325312500001 0.6553855432692307 0.7620530120192307 0.6499325312500001 0.7587493966346154 0.6439855432692307 0.7450457836538462 0.6375397596153847 0.7407518076923078 0.64348915625 0.7495036153846153 0.6494361442307692 0.7488433725961539 0.6547253004807693 0.7607325312500001 0.6553855432692307