1 0.045328762019230764 0.37499847596153846 0.11811740865384615 0.3879637860576923 0.12354170673076922 0.35449868028846154 0.10998186057692308 0.31892142548076924 0.07278847836538462 0.30991639663461534 0.040437769230769235 0.33065181490384615 0.03738649278846154 0.3643809399038461 0.045328762019230764 0.37499847596153846
1 0.24349989663461538 0.40434714903846153 0.29928996875 0.41785469471153847 0.30432681490384617 0.38677995192307696 0.2935757548076923 0.3636825576923077 0.2686349110576923 0.35360725721153846 0.23904467067307691 0.37221633173076923 0.23318460576923078 0.3934655961538462 0.24349989663461538 0.40434714903846153
1 0.3336262451923077 0.39977365624999994 0.38902887019230764 0.41567156730769234 0.3853485456730769 0.37876002163461536 0.3556616634615385 0.36815668269230767 0.3394863100961538 0.3785243918269231 0.3336262451923077 0.39977365624999994
1 0.46047348798076926 0.3871037235576923 0.4555031394230769 0.3787636201923077 0.44462566586538466 0.3707542836538461 0.43276057692307696 0.36943418990384613 0.4079163725961538 0.38857130288461533 0.40559167307692306 0.4029134927884615 0.4035087980769231 0.4087289302884616 0.39782998798076924 0.4123459543269231 0.40689306490384614 0.4149457908653846 0.40755748317307694 0.4249312451923077 0.4047801370192308 0.4366557620192308 0.4056378557692308 0.44436065625 0.41247441826923076 0.45202260817307693 0.41389333173076925 0.44651778605769227 0.40959539423076924 0.4416155528846154 0.40808986057692304 0.43790734615384613 0.4089405096153846 0.4261461129807692 0.41025896875 0.41585077644230767 0.41629441105769227 0.41140468028846156 0.4611069350961538 0.4135408653846154 0.46047348798076926 0.3871037235576923
1 0.4484509495192308 0.4514844519230769 0.4801233966346154 0.46474217307692306 0.4819640072115385 0.42357793750000006 0.45978362980769233 0.41137628846153845 0.44835431009615384 0.4222720360576923 0.4484509495192308 0.4514844519230769
1 0.4936349230769231 0.4857132211538462 0.48578929086538464 0.5043081033653846 0.4965403509615385 0.5274054975961538 0.5218686442307692 0.5350904350961538 0.5376565504807692 0.5271130865384616 0.5501998990384616 0.4944400384615385 0.5382381682692308 0.46390753125 0.5164935625 0.4639217259615384 0.4936349230769231 0.4857132211538462
1 0.5747541850961538 0.38766568509615384 0.560937639423077 0.3815730120192308 0.5431300552884616 0.38901416826923074 0.5424034783653846 0.4084011033653846 0.5800244014423077 0.4159011466346154 0.5809346153846154 0.39095469230769225 0.5747541850961538 0.38766568509615384
1 0.5846328125 0.5055714134615384 0.6087504375 0.5058212379807693 0.6253132427884616 0.49306316346153845 0.6232310336538462 0.4611963653846154 0.5932383293269231 0.45674245432692306 0.5781920192307692 0.47078621634615386 0.5719445048076923 0.49442584375 0.5846328125 0.5055714134615384
1 0.7004265889423077 0.4916862860576923 0.7360218533653846 0.4956465697115385 0.7533112355769231 0.46350155769230766 0.7413495072115384 0.4329690504807692 0.7223653677884615 0.4308568990384615 0.6951481442307692 0.4497299951923077 0.6896755288461538 0.46858889182692304 0.7004265889423077 0.4916862860576923
1 0.8401054567307693 0.4230578509615385 0.8090531754807693 0.42445535817307695 0.7846415504807692 0.4482714951923077 0.7806250985576924 0.4738408774038462 0.8013039951923078 0.5102101899038461 0.8440666346153846 0.5295687355769231 0.8803884783653846 0.5141420817307693 0.8987918894230769 0.46021976923076924 0.8748725456730769 0.43242563701923076 0.8401054567307693 0.4230578509615385
1 0.957149153846154 0.413176141826923 0.9397148100961539 0.40150252884615384 0.9128367163461538 0.4033790552884616 0.9022789375 0.4387064855769231 0.9047485937499999 0.46818291826923075 0.9679968533653847 0.4654859495192308 0.957149153846154 0.413176141826923
2 0.22744027884615384 0.7910203533653846 0.23253566346153848 0.8197084591346153 0.2521705865384615 0.8160916201923077 0.25649808173076927 0.7866657211538463 0.23873726682692306 0.7704782019230769 0.22744027884615384 0.7910203533653846