1 0.07105340144230769 0.3276553798076923 0.06973440144230769 0.34222123317307696 0.07224068509615385 0.36721669951923075 0.08085810576923078 0.3682166442307692 0.07691531009615385 0.3573710961538462 0.07746798798076923 0.33566370432692305 0.08646059855769231 0.32451034375000004 0.09401887980769232 0.31367315144230773 0.10519436538461538 0.3182469807692308 0.12629398798076924 0.3234456346153846 0.12264456971153846 0.3087482403846154 0.11509332932692308 0.2853957668269231 0.09685051682692307 0.27137183653846153 0.07249875240384615 0.2675096754807692 0.05691318509615385 0.27492484134615386 0.046248 0.3006321105769231 0.04803258173076923 0.3174179014423077 0.06108760817307693 0.3195513125 0.07105340144230769 0.3276553798076923
1 0.3340133822115385 0.34241640865384615 0.32687422355769236 0.3502548245192308 0.3235529350961538 0.354054 0.3232880576923077 0.36962106009615386 0.3344871394230769 0.36780605048076925 0.3464912067307692 0.36966974038461536 0.3500914423076923 0.3661122307692307 0.35287028125000003 0.3638819182692308 0.35588743990384614 0.36511467548076926 0.3667975673076923 0.3748301057692308 0.3760468701923077 0.3783478461538462 0.3746530408653846 0.37042902403846156 0.37544470673076924 0.3606452860576923 0.37035464423076925 0.34935603365384615 0.3622794615384616 0.34068016105769233 0.34555722596153843 0.33696094711538466 0.3340133822115385 0.34241640865384615
1 0.4355214158653846 0.3883926201923077 0.4462138293269231 0.38815468269230774 0.4571844134615385 0.38546694230769235 0.47616157932692305 0.3838712980769231 0.4874444663461538 0.38206820432692307 0.48575646875 0.3764056514423077 0.4828195913461538 0.36702346634615385 0.47318143990384615 0.35465087740384615 0.46192797596153845 0.35154015144230766 0.45339206490384615 0.35464354807692305 0.44295300000000004 0.36559618269230765 0.4430526754807692 0.37578051201923074 0.4382636754807692 0.38144465144230766 0.4369858653846154 0.38729759375 0.4355214158653846 0.3883926201923077
1 0.5884799014423077 0.385847125 0.5998700480769231 0.38562800240384615 0.5997777259615384 0.37526765384615385 0.5995170216346154 0.3647289711538461 0.5931720817307693 0.35735978124999995 0.5880200673076923 0.3507251923076923 0.5778010024038461 0.34799236298076924 0.5664374254807693 0.3559365456730769 0.5616629134615384 0.3654632403846154 0.5581401586538461 0.3701066634615385 0.5530242524038461 0.3752357644230769 0.5556425336538461 0.37794470432692306 0.5659437716346154 0.38032490625 0.5884799014423077 0.385847125
1 0.6866832427884616 0.3832133173076923 0.6851493822115385 0.3700550673076923 0.6766606971153847 0.3596880072115385 0.668455170673077 0.35678497596153846 0.6602720288461538 0.36043858653846156 0.6517801730769232 0.37154027403846157 0.6505963149038462 0.38194828125 0.6866832427884616 0.3832133173076923
1 0.7444865432692308 0.3570945048076923 0.7468697307692308 0.3629520144230769 0.7687571081730769 0.3630159110576923 0.7697403557692308 0.36040890384615387 0.7702970216346153 0.34708252884615387 0.7694092860576922 0.3389842451923077 0.7659575480769232 0.33362414903846155 0.7599370120192308 0.32679234134615387 0.74679784375 0.3227521322115384 0.7333412115384615 0.33046366826923074 0.7261686923076923 0.33869706009615386 0.7237896658653846 0.35372917307692303 0.719991266826923 0.35661028846153847 0.7199666826923077 0.35693871875 0.7194299879807692 0.36168597836538463 0.7444865432692308 0.3570945048076923
2 0.30936109855769234 0.7052181322115385 0.30473196875 0.691428485576923 0.26728448798076926 0.6946527475961539 0.2650101658653846 0.7166926971153846 0.3286901129807692 0.7171688798076924 0.32632944471153846 0.7084081081730769 0.30936109855769234 0.7052181322115385
2 0.3398060120192307 0.6883985096153846 0.3348875721153846 0.6755955721153846 0.305852 0.6772434831730769 0.3027692403846154 0.6968405360576924 0.3601446274038462 0.6998792259615385 0.3604867644230769 0.6916885793269232 0.3398060120192307 0.6883985096153846
2 0.43907100240384617 0.6759182427884615 0.4410461177884616 0.6583310312499999 0.41796571153846157 0.65396003125 0.4078692908653846 0.6633987596153846 0.4035749014423077 0.67123421875 0.4024295841346154 0.6808925600961538 0.43907100240384617 0.6759182427884615
2 0.454998625 0.6803232956730769 0.46214594951923077 0.6872241033653845 0.4785056129807692 0.6871679302884615 0.4782848870192308 0.6628134134615385 0.45759227884615383 0.6601530408653846 0.454998625 0.6803232956730769
2 0.5412451802884616 0.6553768822115384 0.5591401346153846 0.6600836057692308 0.5660657740384616 0.6485920937499999 0.5636853149038461 0.6343658221153846 0.5448309423076924 0.6365392716346154 0.5412451802884616 0.6553768822115384
2 0.6030152307692307 0.6540611850961539 0.6090927259615385 0.6509953004807693 0.6066386947115384 0.6444696586538462 0.6007582019230769 0.6428193509615384 0.5941489591346154 0.6289763149038462 0.5703731706730769 0.6290280600961539 0.5710379975961538 0.6482289014423077 0.6030152307692307 0.6540611850961539
2 0.6402234975961538 0.6349400552884615 0.6585760528846154 0.6346889879807692 0.6592790576923077 0.6297378100961539 0.6489850697115384 0.6210141875 0.646407608173077 0.6115041033653846 0.6230853341346154 0.6121160240384615 0.6204106754807692 0.6286898629807692 0.6402234975961538 0.6349400552884615
2 0.7284090336538462 0.7081933125 0.7367963894230769 0.7091653317307693 0.7379243245192307 0.6940415528846154 0.7142953341346154 0.67920459375 0.7110022091346154 0.6858617043269231 0.7026252283653847 0.6846413389423076 0.7006017067307693 0.6975057403846154 0.7284090336538462 0.7081933125
2 0.09862141826923078 0.8238836610576924 0.0859783125 0.822268264423077 0.07463850480769231 0.8198407475961538 0.05489207451923077 0.8057159350961538 0.011487834134615385 0.8113068990384615 0.00757271875 0.8328970817307693 0.007517661057692308 0.844363826923077 0.04851758173076923 0.8467413485576922 0.07484557932692307 0.8453294134615384 0.10036222836538461 0.8430435072115384 0.09862141826923078 0.8238836610576924
2 0.051839293269230764 0.8077578197115384 0.062243569711538466 0.8122843052884616 0.10112802163461539 0.8044134903846154 0.10171278846153846 0.7904144086538462 0.08951086057692306 0.7883860697115386 0.07452006490384616 0.79223028125 0.058070194711538466 0.7803185408653845 0.051839293269230764 0.8077578197115384