0 0.7139112692307693 0.4706539447115385 0.7210011802884615 0.48678451201923073 0.7319397764423077 0.49411247115384616 0.7395062115384616 0.49583403125 0.7569744831730769 0.49013023076923073 0.767265548076923 0.48118037980769235 0.7854686418269231 0.4788698653846154 0.7866363389423078 0.4742964038461538 0.7787679615384615 0.46121481009615384 0.759528110576923 0.4487720048076923 0.7511832091346153 0.4500994182692307 0.7401573197115384 0.45565598076923075 0.7306883653846155 0.4551145961538462 0.7173707235576923 0.46337581971153846 0.7139112692307693 0.4706539447115385
0 0.5310618341346154 0.4467944711538462 0.540487141826923 0.4537781153846154 0.5499560985576923 0.45431950240384616 0.5674680120192307 0.44217343990384617 0.5599452235576924 0.4340096201923077 0.5035643677884616 0.4227945552884615 0.4952631153846154 0.4176797091346154 0.4867872740384615 0.43833390384615384 0.49465565144230766 0.4514155 0.5124258629807692 0.4570717307692308 0.5310618341346154 0.4467944711538462
0 0.4960852259615385 0.40818847355769233 0.4938371201923077 0.404450875 0.47524479567307687 0.4082858798076923 0.46577584134615385 0.4077444903846154 0.46006827884615387 0.4112850168269231 0.4508576201923077 0.4285459254807692 0.4496462716346154 0.4395616490384615 0.48938096875 0.4469892764423077 0.4960852259615385 0.40818847355769233
0 0.37735408173076923 0.4279524399038461 0.3925742451923077 0.4185110384615385 0.40204319951923073 0.4190524254807692 0.3956881105769231 0.4063151418269231 0.3983690985576923 0.4020859927884616 0.3908026634615384 0.4003644326923077 0.3612280961538462 0.40331373798076925 0.35621170913461536 0.4166898076923077 0.3667610745192308 0.4255422548076923 0.37735408173076923 0.4279524399038461
0 0.3601476875 0.3950026754807692 0.36896911298076923 0.3792662548076923 0.3557387644230769 0.37464295913461537 0.34120977644230766 0.39391990624999995 0.33346875721153846 0.4179673870192308 0.34215924759615385 0.42155774759615383 0.35469842307692306 0.4163454951923077 0.36049327403846154 0.3999204495192308 0.3601476875 0.3950026754807692
0 0.30130049759615385 0.41226131971153845 0.2981429831730769 0.43089947596153844 0.30527653846153846 0.4405877860576923 0.3280631370192308 0.4328679471153846 0.33078777163461537 0.42219653846153843 0.3179903004807692 0.4096064927884615 0.30130049759615385 0.41226131971153845
2 0.6613976899038462 0.8393850240384615 0.6538312548076923 0.8376634639423077 0.6267630913461539 0.8621526610576923 0.6270213870192307 0.8799549543269231 0.6349334110576923 0.8865942884615384 0.6569415408653847 0.8819234254807693 0.6670179591346154 0.8487290192307693 0.6613976899038462 0.8393850240384615
2 0.6216594134615385 0.8884132548076923 0.6149150889423077 0.8772004567307692 0.5891892091346154 0.8713471514423077 0.5777304423076923 0.8848704615384615 0.5852095865384616 0.899476545673077 0.6113246995192307 0.9038053653846153 0.6235182884615385 0.8936753389423077 0.6216594134615385 0.8884132548076923
2 0.4836555096153846 0.7328090961538462 0.4848668557692308 0.7217933750000001 0.4609562043269231 0.7276444158653846 0.4408942403846154 0.72469284375 0.4198792259615385 0.7505592908653846 0.4364817355769231 0.7607889855769231 0.4521648028846154 0.7642282451923077 0.4609113774038462 0.7493055144230769 0.4836555096153846 0.7328090961538462
2 0.3690349278846154 0.7051168870192307 0.37660136298076924 0.7068384471153847 0.4042297620192308 0.711511579326923 0.4095480889423077 0.7094955432692308 0.41642335096153843 0.7013815552884615 0.4172454615384616 0.6918903197115385 0.41612140865384617 0.6900215216346154 0.4130948341346154 0.6893328990384616 0.3930328701923077 0.6863813269230769 0.3804936947115385 0.6915935769230769 0.3759101875 0.6970029014423077 0.367910875 0.7032480889423076 0.3690349278846154 0.7051168870192307
2 0.25108940865384616 0.6089201610576923 0.25372675 0.6111332716346154 0.26280647115384614 0.6131991442307693 0.26622227884615385 0.61236328125 0.2700273197115385 0.6100029302884615 0.27500006009615385 0.6030691201923077 0.2777246923076923 0.5923977091346153 0.2769898725961539 0.5890044254807693 0.27059113701923077 0.5827094014423077 0.2630247019230769 0.5809878413461539 0.2596088942307692 0.5818237043269231 0.2485830048076923 0.587380266826923 0.24629125240384614 0.5900849278846154 0.24434508653846151 0.5977073629807692 0.25108940865384616 0.6089201610576923
2 0.2974811346153846 0.6404451057692307 0.3095874326923077 0.6431996033653846 0.3114899543269231 0.6420194278846154 0.31343612019230765 0.6343969927884616 0.3153386394230769 0.6332168173076924 0.3161171057692308 0.63016784375 0.31499305288461543 0.6282990432692308 0.30137346875 0.6252002355769231 0.29346144471153846 0.6185609014423077 0.2858077211538462 0.6297238605769231 0.2846400192307692 0.6342973221153846 0.2872773605769231 0.6365104326923077 0.29635708173076925 0.6385763052884615 0.2974811346153846 0.6404451057692307