1 0.2741514423076923 0.4012019230769231 0.2620192307692308 0.3942307692307692 0.23557692307692307 0.4014423076923077 0.23076923076923078 0.4254807692307692 0.2764423076923077 0.4254807692307692 0.2764423076923077 0.4110576923076923 0.2741514423076923 0.4012019230769231
1 0.38240624999999995 0.4700168269230769 0.3787524038461539 0.47245432692307693 0.3699807692307692 0.47586538461538463 0.3616971153846154 0.4751346153846154 0.3694927884615385 0.48195913461538464 0.38508653846153845 0.4729423076923077 0.39897355769230775 0.45685817307692306 0.4057956730769231 0.4583197115384615 0.4082307692307693 0.4337043269230769 0.40025721153846155 0.42331971153846154 0.38102644230769234 0.4209158653846154 0.3666033653846154 0.43053125 0.36419951923076926 0.4401466346153846 0.3831370192307692 0.4424783653846154 0.3977548076923077 0.4493028846153846 0.38240624999999995 0.4700168269230769
1 0.4659735576923077 0.4607548076923077 0.47864182692307694 0.4522235576923077 0.4913125 0.4280985576923077 0.5005697115384615 0.42907211538461537 0.49910817307692307 0.4071394230769231 0.4831730769230769 0.39663461538461536 0.46207451923076925 0.39861057692307694 0.4584206730769231 0.4032403846153846 0.4543269230769231 0.4110576923076923 0.4543269230769231 0.4254807692307692 0.48375961538461537 0.42834134615384617 0.47986057692307693 0.44515625000000003 0.4659735576923077 0.4607548076923077
2 0.20579807692307692 0.8139639423076923 0.2250408653846154 0.8046562500000001 0.22525240384615383 0.7801225961538462 0.1971971153846154 0.7785384615384616 0.1926875 0.7928125 0.17090865384615384 0.8063485576923076 0.17260096153846155 0.8152331730769231 0.20579807692307692 0.8139639423076923
2 0.2613389423076923 0.7811802884615384 0.26070673076923073 0.7807572115384616 0.2700096153846154 0.8122716346153845 0.2890408653846154 0.8124831730769231 0.2873485576923077 0.7816033653846154 0.2613389423076923 0.7811802884615384
2 0.31623798076923076 0.7385817307692307 0.3149711538461538 0.72821875 0.29723976201923075 0.7280124903846155 0.29747596153846156 0.7284302884615385 0.2969777548076923 0.7281247668269231 0.2961514423076923 0.7506394230769231 0.3115865384615385 0.7531778846153846 0.32279326923076923 0.7491586538461538 0.31814182692307696 0.7398509615384616 0.31623798076923076 0.7385817307692307
2 0.3279110576923077 0.7906153846153846 0.37739182692307693 0.7859615384615384 0.3752764423076923 0.7595216346153847 0.3496923076923077 0.7599447115384615 0.3405985576923077 0.7732716346153846 0.3310841346153846 0.7791923076923077 0.32452884615384614 0.7808846153846154 0.3279110576923077 0.7906153846153846
2 0.47951682692307696 0.8133846153846154 0.4776129807692308 0.7850408653846154 0.43997355769230767 0.7835600961538461 0.43912740384615384 0.8025961538461538 0.42390384615384613 0.8093653846153847 0.42242307692307696 0.81909375 0.47951682692307696 0.8133846153846154
2 0.49165144230769225 0.7735336538461539 0.4918629807692308 0.7976466346153847 0.518295673076923 0.7929927884615384 0.5176610576923077 0.7709975961538462 0.49165144230769225 0.7735336538461539
2 0.6206923076923078 0.8174254807692307 0.6731322115384616 0.8115048076923077 0.6748245192307691 0.7772379807692308 0.6619254807692307 0.7738557692307692 0.6564278846153846 0.7899302884615385 0.6357043269230769 0.8041009615384614 0.6200576923076924 0.8068509615384615 0.6206923076923078 0.8174254807692307
2 0.9317427884615385 0.7875624999999999 0.9321322115384615 0.7548245192307692 0.9017427884615384 0.7556033653846155 0.8994038461538462 0.7766490384615385 0.8771971153846153 0.7860024038461538 0.8818725961538461 0.7980841346153846 0.9317427884615385 0.7875624999999999
2 0.9658990384615385 0.7934086538461538 0.9658990384615385 0.7595024038461538 0.9351177884615385 0.759891826923077 0.9374567307692309 0.7782091346153847 0.9210913461538461 0.7934086538461538 0.9245985576923077 0.8000336538461539 0.9658990384615385 0.7934086538461538
2 0.853173076923077 0.7812764423076923 0.8555096153846153 0.7536057692307693 0.8317347211538462 0.7579951538461539 0.829795673076923 0.7828341346153846 0.853173076923077 0.7812764423076923