1 0.685420673076923 0.47960096153846155 0.6830120192307692 0.4633125 0.6800793269230769 0.4611514423076923 0.6747836538461538 0.4599447115384615 0.6613653846153846 0.46153846153846156 0.6567259615384615 0.46303365384615386 0.653329326923077 0.46982932692307694 0.653639423076923 0.4804855769230769 0.685420673076923 0.47960096153846155
1 0.7815576923076922 0.46440384615384617 0.7815576923076922 0.4788269230769231 0.8055961538461538 0.47642307692307695 0.8031923076923076 0.462 0.7815576923076922 0.46440384615384617
1 0.8455024038461538 0.4479663461538462 0.8365384615384616 0.4519230769230769 0.8341346153846154 0.46634615384615385 0.8625841346153845 0.46475000000000005 0.8557692307692307 0.4495192307692308 0.8455024038461538 0.4479663461538462
1 0.3700288461538461 0.4524302884615385 0.3865360576923077 0.44999999999999996 0.38362259615384614 0.4429567307692308 0.36663221153846154 0.43882692307692306 0.3564350961538461 0.4390697115384615 0.34842548076923074 0.44271394230769234 0.3413870192307692 0.4563173076923077 0.3479399038461538 0.47088942307692305 0.34842548076923074 0.4721033653846154 0.3554639423076923 0.4604447115384615 0.3700288461538461 0.4524302884615385
1 0.5176298076923077 0.4816490384615385 0.5174735576923077 0.4818028846153846 0.5171658653846154 0.4833485576923077 0.5188629807692308 0.4776322115384615 0.5236490384615384 0.4702211538461538 0.5310552884615385 0.4646610576923077 0.5452548076923077 0.45832932692307693 0.5568317307692308 0.4557019230769231 0.5626971153846154 0.46388701923076925 0.5613076923076923 0.4544663461538461 0.5518918269230769 0.4442740384615385 0.5358413461538462 0.43979567307692313 0.5177836538461539 0.44937019230769226 0.5143870192307692 0.46172596153846157 0.516858173076923 0.4816490384615385 0.5156225961538461 0.4830384615384615 0.51546875 0.4831923076923077 0.5176298076923077 0.4816490384615385
1 0.6301875 0.4898533653846154 0.6473197115384616 0.48506490384615386 0.6448509615384614 0.48120432692307696 0.6355889423076923 0.4707019230769231 0.6249399038461539 0.4683846153846154 0.6090432692307692 0.4770336538461538 0.6031778846153846 0.4859927884615385 0.6087860576923076 0.5053197115384616 0.6132091346153846 0.5031346153846153 0.6183028846153846 0.49896634615384616 0.6301875 0.4898533653846154
2 0.4473774038461539 0.8138052884615384 0.43293750000000003 0.7974278846153846 0.40244951923076927 0.7990336538461539 0.3995625 0.8157307692307693 0.42010096153846155 0.824079326923077 0.44416826923076924 0.8295384615384616 0.4473774038461539 0.8138052884615384
2 0.5305745192307693 0.7988028846153846 0.5286490384615384 0.7808197115384616 0.4983004807692308 0.7819711538461539 0.5013725961538461 0.8074735576923077 0.5238365384615384 0.8190336538461539 0.5363509615384616 0.8155 0.5305745192307693 0.7988028846153846
2 0.5851153846153846 0.8031394230769231 0.5867211538461539 0.7909375 0.5706754807692308 0.78515625 0.5613677884615385 0.7668533653846155 0.5373004807692308 0.7726322115384616 0.5373004807692308 0.7983221153846153 0.5530240384615385 0.7989639423076924 0.5726009615384615 0.80378125 0.5851153846153846 0.8031394230769231
2 0.6278846153846154 0.7784134615384615 0.6323774038461539 0.7684591346153845 0.6012500000000001 0.7610721153846154 0.6051009615384616 0.7877259615384615 0.6282067307692307 0.7973581730769231 0.6349447115384615 0.7896514423076924 0.6278846153846154 0.7784134615384615
2 0.6783245192307692 0.7739182692307692 0.6696586538461538 0.7671730769230769 0.6667716346153847 0.7520817307692307 0.6381658653846153 0.7533966346153846 0.6394951923076923 0.7758437499999999 0.6651658653846154 0.7861201923076924 0.6754350961538461 0.7841923076923076 0.6783245192307692 0.7739182692307692
2 0.843764423076923 0.6714350961538462 0.8531201923076923 0.6681490384615384 0.8565673076923077 0.6661802884615384 0.8573870192307692 0.65221875 0.8427788461538461 0.6545168269230769 0.8424519230769231 0.6612524038461539 0.8316177884615384 0.6651947115384615 0.8345721153846154 0.6719278846153846 0.843764423076923 0.6714350961538462
2 0.8748389423076923 0.6765264423076923 0.8782860576923077 0.6643725961538463 0.8773004807692307 0.6520528846153847 0.8631850961538461 0.6559951923076923 0.8599014423076923 0.6704495192307692 0.8599014423076923 0.6765264423076923 0.8679447115384615 0.6794831730769231 0.8748389423076923 0.6765264423076923