1 0.6445768870192308 0.4564858605769231 0.6479360937499999 0.44607697115384615 0.6292092379807692 0.4468195264423077 0.6238695697115385 0.44739035576923075 0.6239376658653846 0.4397886947115385 0.6258319783653847 0.4308631442307692 0.6286960360576923 0.42295319951923077 0.6256628197115385 0.4225667331730769 0.6227266586538461 0.4317154615384616 0.6200110889423077 0.43926544230769227 0.6187576706730769 0.44745243028846154 0.604770858173077 0.4489965961538462 0.6047048317307693 0.458718375 0.6108389375000001 0.46867733653846155 0.6229335072115384 0.4781788413461538 0.6319401177884616 0.47616592067307695 0.64170425 0.4705803774038462 0.6445768870192308 0.4564858605769231
1 0.6613200264423077 0.48062909134615384 0.666667298076923 0.4800337283653846 0.6687375673076923 0.47687306250000006 0.6716506346153845 0.4683685 0.6507432331730769 0.46889472596153847 0.6561189879807692 0.47762262259615385 0.6613200264423077 0.48062909134615384
1 0.6264173413461538 0.45627573798076926 0.62782290625 0.47665011778846156 0.6333636322115385 0.4818840865384616 0.6408699326923077 0.4809911201923077 0.6477364278846154 0.4813951322115385 0.6522510817307693 0.4747249567307692 0.6587948846153846 0.4560235408653846 0.6264173413461538 0.45627573798076926
1 0.6947477932692308 0.4596425769230769 0.6800951033653846 0.45930341105769235 0.6818983461538461 0.46603114182692307 0.6852660288461538 0.47113787740384616 0.6927873365384615 0.46861476201923075 0.6947477932692308 0.4596425769230769
1 0.5568720889423078 0.4789503125 0.5711665072115385 0.4782764807692308 0.5701126129807692 0.4657547451923077 0.5558181947115385 0.46642857692307693 0.5568720889423078 0.4789503125
1 0.05305257211538462 0.503401233173077 0.0687668076923077 0.5026604711538462 0.06770075240384615 0.4899942572115385 0.05198651682692308 0.49073501923076923 0.05305257211538462 0.503401233173077
1 0.12685546875 0.4937090192307692 0.14562591826923077 0.49282418990384613 0.1443490841346154 0.4776536274038462 0.12557863461538463 0.4785384591346154 0.12685546875 0.4937090192307692
1 0.15335305528846155 0.5031093725961538 0.17828406490384616 0.5019341346153846 0.17679847836538462 0.4842833076923077 0.15186747115384616 0.4854585456730769 0.15335305528846155 0.5031093725961538
1 0.21642709615384614 0.5007163076923077 0.2403955168269231 0.49958644711538464 0.23903558653846155 0.4834285985576923 0.2150671658653846 0.4845584591346154 0.21642709615384614 0.5007163076923077
1 0.3256803125 0.49053759375 0.33913247115384615 0.4899034663461539 0.33806438701923075 0.47721317548076925 0.3246122307692308 0.4778473028846154 0.3256803125 0.49053759375
1 0.4446018365384615 0.48026576201923077 0.45511810096153843 0.47977003124999995 0.4542486394230769 0.46943959855769235 0.443732375 0.46993533173076923 0.4446018365384615 0.48026576201923077
2 0.67255934375 0.3886277403846154 0.688201389423077 0.3878903822115385 0.6873157115384616 0.3773673100961539 0.6716736682692308 0.3781046682692307 0.67255934375 0.3886277403846154
2 0.6967355889423076 0.17255077163461538 0.6818649663461538 0.17410033653846155 0.6798761514423077 0.18411341586538463 0.6842505985576923 0.18901071634615382 0.6833226778846153 0.20152433173076922 0.7061804350961538 0.20740703846153846 0.7093261298076924 0.19434646153846155 0.6967355889423076 0.17255077163461538
2 0.6407109158653845 0.1755398798076923 0.6540046778846154 0.1558578581730769 0.6206082956730768 0.1458132596153846 0.6155757740384615 0.16674013701923077 0.6407109158653845 0.1755398798076923
2 0.6010949759615385 0.13256126201923077 0.5909444927884615 0.13303974999999998 0.5738382235576923 0.15510390865384613 0.5836202932692308 0.16371112499999999 0.6061171105769231 0.15327767788461538 0.6010949759615385 0.13256126201923077
2 0.5395354759615384 0.3649687932692308 0.5523619471153846 0.3643641610576923 0.5516465168269231 0.35586383173076924 0.5388200432692307 0.35646846394230775 0.5395354759615384 0.3649687932692308
2 0.4383027668269231 0.37539799278846153 0.43862270432692313 0.3702431394230769 0.4461338533653846 0.36780027884615385 0.44096872355769234 0.3609433293269231 0.43373143990384616 0.36170273076923076 0.4274874831730769 0.3668007980769231 0.43056141586538466 0.3760530288461539 0.4368961370192308 0.37450210336538464 0.4383027668269231 0.37539799278846153
2 0.4253737451923077 0.3727461466346154 0.4238457836538462 0.3607061033653846 0.41654077884615387 0.36063221634615383 0.4152525913461539 0.3725971033653846 0.4253737451923077 0.3727461466346154
2 0.33089382932692313 0.36767462740384615 0.3314065456730769 0.3580357451923077 0.3233526370192308 0.3567569423076923 0.30941846153846153 0.35840983413461536 0.3099920865384615 0.36915794471153845 0.32228145432692307 0.3730511514423077 0.32308706249999997 0.36738021634615387 0.33089382932692313 0.36767462740384615
2 0.2715891033653846 0.34759508894230773 0.2718036105769231 0.3422783894230769 0.25987456249999996 0.34217830288461537 0.2590144663461538 0.34768982692307693 0.26281393028846156 0.3534773076923077 0.27704165865384617 0.3592736442307692 0.2808295889423077 0.35312608173076926 0.2715891033653846 0.34759508894230773