1 0.11538461538461539 0.4110576923076923 0.09615384615384616 0.37740384615384615 0.057692307692307696 0.37259615384615385 0.028846153846153848 0.39663461538461536 0.03125 0.43028846153846156 0.040865384615384616 0.43990384615384615 0.11538461538461539 0.44471153846153844 0.11538461538461539 0.4110576923076923
1 0.3004807692307692 0.4230769230769231 0.2860576923076923 0.4014423076923077 0.25961538461538464 0.3942307692307692 0.23317307692307693 0.41586538461538464 0.23076923076923078 0.4375 0.24278846153846154 0.44711538461538464 0.3004807692307692 0.4543269230769231 0.3004807692307692 0.4230769230769231
1 0.3485576923076923 0.39903846153846156 0.33413461538461536 0.4110576923076923 0.3317307692307692 0.4326923076923077 0.3894230769230769 0.4423076923076923 0.3798076923076923 0.40625 0.3485576923076923 0.39903846153846156
1 0.40708173076923077 0.43962740384615384 0.40935336538461536 0.4494182692307692 0.4084807692307692 0.46130528846153845 0.4105769230769231 0.4688221153846154 0.4186153846153846 0.4756394230769231 0.4191394230769231 0.470045673076923 0.41407211538461536 0.46567548076923077 0.41197596153846155 0.4621778846153846 0.41092548076923074 0.4504663461538462 0.4105769230769231 0.4401514423076923 0.41586538461538464 0.43509615384615385 0.4608004807692308 0.43228125 0.45590625 0.40623557692307694 0.4496153846153846 0.39854326923076927 0.4375 0.3918269230769231 0.4254807692307692 0.3918269230769231 0.40384615384615385 0.41346153846153844 0.40384615384615385 0.42788461538461536 0.40271153846153845 0.4338581730769231 0.3976442307692307 0.43805528846153846 0.40708173076923077 0.43962740384615384
1 0.45913461538461536 0.43028846153846156 0.4495192307692308 0.4423076923076923 0.4543269230769231 0.47115384615384615 0.4879807692307692 0.4807692307692308 0.4831730769230769 0.43990384615384615 0.45913461538461536 0.43028846153846156
1 0.5552884615384616 0.5360576923076923 0.5625 0.5024038461538461 0.5456730769230769 0.4735576923076923 0.5240384615384616 0.47596153846153844 0.5048076923076923 0.5 0.5 0.5192307692307693 0.5144230769230769 0.5408653846153846 0.5408653846153846 0.5456730769230769 0.5552884615384616 0.5360576923076923
1 0.5697115384615384 0.3942307692307692 0.5549807692307692 0.3897307692307692 0.5384615384615384 0.39903846153846156 0.5408653846153846 0.4182692307692308 0.5795096153846153 0.42154326923076924 0.5763918269230769 0.39680048076923075 0.5697115384615384 0.3942307692307692
1 0.6370192307692307 0.49278846153846156 0.6298076923076923 0.46153846153846156 0.5992451923076924 0.46043509615384615 0.5865384615384616 0.47596153846153844 0.5841346153846154 0.5 0.5985576923076923 0.5096153846153846 0.6225961538461539 0.5072115384615384 0.6370192307692307 0.49278846153846156
1 0.7596153846153846 0.4495192307692308 0.7427884615384616 0.4206730769230769 0.7235576923076923 0.4206730769230769 0.6995192307692307 0.4423076923076923 0.6971153846153846 0.46153846153846156 0.7115384615384616 0.4831730769230769 0.7475961538461539 0.4831730769230769 0.7596153846153846 0.4495192307692308
1 0.8942307692307693 0.4855769230769231 0.9038461538461539 0.43028846153846156 0.8755624999999999 0.40546153846153843 0.8394567307692308 0.40002884615384615 0.8087836538461539 0.4048221153846154 0.7883341346153846 0.43103125 0.7884615384615384 0.4567307692307692 0.8149038461538461 0.49038461538461536 0.8605769230769231 0.5048076923076923 0.8942307692307693 0.4855769230769231
1 0.9543269230769231 0.37740384615384615 0.9350961538461539 0.36778846153846156 0.9086538461538461 0.37259615384615385 0.9038461538461539 0.40865384615384615 0.9110576923076923 0.4375 0.9735576923076923 0.42788461538461536 0.9543269230769231 0.37740384615384615
2 0.31738461538461543 0.8233509615384615 0.29710096153846155 0.8093125 0.2891730769230769 0.8308461538461539 0.2988701923076923 0.858625 0.31782451923076926 0.8528942307692307 0.31738461538461543 0.8233509615384615