1 0.6235123846153846 0.4358172836538462 0.6127906394230769 0.47187084615384617 0.6640980841346154 0.4582794158653846 0.65879271875 0.44206140625 0.6396850048076923 0.4306293653846154 0.6235123846153846 0.4358172836538462
1 0.7441228052884615 0.44521755288461534 0.75089546875 0.45235401201923076 0.7535336105769231 0.4392028677884615 0.7784998076923078 0.4338638149038462 0.7968883004807693 0.4318508293269231 0.8032669375 0.4457691322115384 0.8135455745192307 0.43565554086538466 0.7995589110576924 0.4220076730769231 0.7953350576923076 0.41057283413461537 0.7799038317307693 0.40435202644230767 0.7590288245192307 0.4078919879807692 0.7480462283653846 0.41748915384615387 0.7448101129807692 0.4335025408653846 0.7441228052884615 0.44521755288461534
1 0.4346252716346154 0.47438751201923074 0.4511298173076923 0.46329639423076924 0.4949580120192308 0.4807433942307692 0.4953835480769231 0.48000119711538464 0.49595300240384615 0.4665406057692308 0.48861963942307696 0.45566241826923076 0.47061532692307695 0.44564010096153844 0.4552156466346154 0.4485694639423077 0.43929303846153844 0.4611587355769231 0.42767471394230766 0.46025807692307696 0.42578684375000003 0.4675940264423077 0.4346252716346154 0.47438751201923074
1 0.2964061514423077 0.47889439663461536 0.3075291947115385 0.4784558317307692 0.3322224903846154 0.47607795192307695 0.3326933966346154 0.4758000216346154 0.32581556971153847 0.45616591826923075 0.30794075 0.4490609927884615 0.28876845673076923 0.4530360408653846 0.2773370096153846 0.46094864903846156 0.2739465985576923 0.470393 0.27492262740384615 0.48308042548076924 0.27610211298076925 0.48975927644230766 0.2964061514423077 0.47889439663461536
1 0.07323363461538461 0.4864561105769231 0.08900329326923077 0.47826756971153844 0.11413356730769232 0.4738299375 0.13338676682692308 0.4773215985576923 0.14157020432692308 0.48398650961538464 0.13657626201923076 0.46824633413461536 0.12721104807692307 0.45542871875 0.11243808653846155 0.4481523653846154 0.08944694951923077 0.4506304086538462 0.07626284134615385 0.45837805048076924 0.06958096875 0.4778270841346154 0.0702533798076923 0.4846481682692308 0.07323363461538461 0.4864561105769231
2 0.9061063942307693 0.8182829254807692 0.9131966033653847 0.8530815216346154 0.9265414471153846 0.8617127019230769 0.9426035456730768 0.8509362596153847 0.9377098918269231 0.8366071826923077 0.9329455384615385 0.8123108028846153 0.9061063942307693 0.8182829254807692
2 0.8544200961538462 0.8147304302884616 0.8493452716346154 0.820802125 0.8393940600961538 0.8447548653846154 0.8639364062499999 0.8391722331730769 0.8820215096153846 0.8237879807692308 0.8787587331730768 0.8074827980769231 0.8544200961538462 0.8147304302884616
2 0.7237511177884616 0.8088381298076922 0.7204967235576922 0.8197853341346154 0.7224078846153846 0.8383347187500001 0.7365380096153846 0.839496579326923 0.7537323149038462 0.8286479615384615 0.7510081394230769 0.8044995793269231 0.7237511177884616 0.8088381298076922
2 0.690545516826923 0.7939523269230769 0.6885256442307692 0.8087935360576922 0.6730133485576922 0.8199046875 0.6723802067307693 0.8317743533653845 0.72178953125 0.8162819495192307 0.7167913822115385 0.7988038221153846 0.690545516826923 0.7939523269230769
2 0.6049848317307692 0.86748340625 0.5961073004807692 0.8487875312500001 0.5770887307692308 0.8512277091346154 0.5779443725961538 0.8590863533653846 0.5740976875 0.8714765144230768 0.5759286177884616 0.884857735576923 0.5887308725961539 0.8849976298076924 0.6056787644230769 0.87945815625 0.6049848317307692 0.86748340625
2 0.5703633990384616 0.863394423076923 0.5719308966346154 0.8561934999999999 0.5668365120192308 0.8420133942307693 0.5458391899038462 0.8421236610576923 0.5324243173076924 0.8556008461538462 0.5144312524038461 0.8602538149038461 0.5144378052884615 0.8723451298076923 0.5318650865384615 0.8715246514423077 0.5662594110576923 0.8672913798076922 0.5703633990384616 0.863394423076923
2 0.40084061298076923 0.8715126514423077 0.3888073605769231 0.8707092548076923 0.3870113629807692 0.8605255673076923 0.3603485432692307 0.8643305192307692 0.3617965072115385 0.8825794158653846 0.3708106466346154 0.8863866370192308 0.39370017307692307 0.8853514831730769 0.4125453966346154 0.8825103100961538 0.4079676201923077 0.8706610889423078 0.40084061298076923 0.8715126514423077
2 0.35496650240384614 0.8871171634615386 0.3283351298076923 0.8911001875 0.3286613125 0.9150512115384615 0.3440145817307692 0.9225861826923077 0.3602938221153846 0.9223149663461538 0.36229879086538463 0.9155729543269231 0.3558656033653846 0.9022581274038461 0.35496650240384614 0.8871171634615386
2 0.22695903365384615 0.9153170240384616 0.21098899999999998 0.90333578125 0.17818645432692307 0.9114954014423078 0.1777805456730769 0.9343283173076924 0.20952291586538463 0.9381914783653845 0.23385120673076923 0.9342444230769231 0.24446150240384615 0.9279994350961539 0.24012970673076922 0.917529264423077 0.22695903365384615 0.9153170240384616
2 0.1721507764423077 1 0.18016265865384615 0.9930341874999999 0.1734369639423077 0.9619861298076924 0.16434687259615383 0.9364327620192309 0.16612508173076923 0.9356641442307693 0.1370827235576923 0.940053576923077 0.1370771201923077 0.9510807668269231 0.14684532932692307 1 0.1721507764423077 1