1 0.5272709399038461 0.6451025288461539 0.5382135 0.6647768293269232 0.543014451923077 0.6649345697115384 0.5439417860576923 0.6480646057692308 0.5272709399038461 0.6451025288461539
1 0.3996367572115384 0.6900989158653845 0.40241350240384616 0.6743206466346153 0.40424016826923076 0.6631829206730769 0.3824594903846154 0.6698383004807693 0.36655135336538464 0.6742626225961538 0.3569188004807692 0.670348764423077 0.36654180528846153 0.6499812235576923 0.3637123389423077 0.6444946081730769 0.35304598076923077 0.6675246923076923 0.3525278653846154 0.6769501802884614 0.3554789086538461 0.6957993725961539 0.36211534375 0.704564204326923 0.3731291009615385 0.7063191466346154 0.38378449759615385 0.7050999134615386 0.3938628052884615 0.698629829326923 0.3996367572115384 0.6900989158653845
2 0.87843828125 0.14160466586538462 0.8819974687500001 0.1572651730769231 0.9005857932692307 0.1541747139423077 0.924079377403846 0.15568781490384614 0.9370372379807693 0.17461711298076923 0.9885525504807693 0.16224611298076924 0.97076709375 0.12391344711538463 0.9264790192307693 0.12542073317307692 0.8910964278846154 0.12573820673076924 0.87843828125 0.14160466586538462
2 0.8158589447115384 0.16280356730769233 0.8301258822115384 0.18473586298076924 0.8733658149038461 0.18081600721153845 0.8754697956730768 0.16402092067307691 0.8653772451923077 0.15998812980769234 0.8587937355769231 0.14571066586538461 0.8364838052884616 0.13609527644230768 0.8130343004807692 0.14716719951923077 0.8158589447115384 0.16280356730769233
2 0.7983454206730769 0.18685207211538463 0.790955875 0.18601293990384615 0.7820663052884615 0.18004473798076923 0.7685108365384615 0.1778055 0.748871514423077 0.18343512499999998 0.7474753918269231 0.19802743990384614 0.7648746322115384 0.20606909375000002 0.7759250144230769 0.21061381009615385 0.8178263365384615 0.20571562259615384 0.8210715889423077 0.1899889591346154 0.8093438870192308 0.18691646874999998 0.7983454206730769 0.18685207211538463
2 0.7148100793269231 0.2999743798076923 0.7156895961538462 0.31643531971153843 0.74348928125 0.3171338197115385 0.74515534375 0.3051554567307692 0.7563970841346154 0.2899884903846154 0.7480650769230769 0.2792581995192308 0.7308982548076923 0.28317519951923076 0.7200034567307692 0.2974554254807692 0.7148100793269231 0.2999743798076923
2 0.6662145721153846 0.2928271514423077 0.6463292716346154 0.2975505576923077 0.64483471875 0.31393349759615385 0.6570433509615385 0.32986852884615386 0.6784968100961539 0.32479103846153845 0.6836190769230769 0.31162248076923077 0.6662145721153846 0.2928271514423077
2 0.6295422379807692 0.3703299639423077 0.6525158581730769 0.3579845360576923 0.653790545673077 0.3457325625 0.6180551802884615 0.3466492716346154 0.6173337427884615 0.35439252403846155 0.6295422379807692 0.3703299639423077
2 0.6265516586538461 0.23027443269230768 0.6280462548076924 0.21655934615384617 0.6177636201923077 0.1872420985576923 0.5936359639423077 0.1825646826923077 0.5836100432692308 0.18641933653846154 0.5850523894230769 0.2088718629807692 0.5934337788461538 0.22408480288461538 0.6265516586538461 0.23027443269230768
2 0.5700450697115385 0.27303016826923077 0.5692446875 0.24432384375 0.5034591778846154 0.24007158653846156 0.49449047596153844 0.24634876682692308 0.49571430048076925 0.25654613701923074 0.5234206899038462 0.2610417548076923 0.5372135120192307 0.27523738942307696 0.5700450697115385 0.27303016826923077
2 0.5008585504807692 0.3125807235576923 0.4993286418269231 0.3241820985576923 0.5280766586538461 0.3231154831730769 0.5297013918269231 0.31263265384615385 0.5251284182692307 0.2984405673076923 0.5096879999999999 0.28180059375 0.49130272115384616 0.2916530697115384 0.49201812980769233 0.30571841346153844 0.5008585504807692 0.3125807235576923
2 0.45563673317307696 0.3276621778846154 0.4815764471153846 0.3239175288461539 0.4845726370192308 0.30979064182692306 0.44358674278846155 0.2926107283653846 0.43128541586538466 0.2999735168269231 0.45563673317307696 0.3276621778846154
2 0.4258644615384615 0.3132384903846154 0.40912381490384614 0.3094025384615385 0.40187055769230773 0.3169335961538462 0.3983818293269231 0.33713328365384615 0.42076118990384614 0.34115450240384615 0.4275991995192308 0.32494712499999995 0.4258644615384615 0.3132384903846154
2 0.30887913221153845 0.33001095673076924 0.32616881490384614 0.34551417307692306 0.35063908894230766 0.3396714663461538 0.3548725048076923 0.3264423173076923 0.33550927884615384 0.3216244783653846 0.3207653413461538 0.3139694447115385 0.3074395528846154 0.3129328557692308 0.3026259375 0.3193489711538462 0.30887913221153845 0.33001095673076924