1 0.3916297644230769 0.16584384375 0.4270424807692308 0.21082056730769233 0.43383368269230765 0.1746087283653846 0.43380756730769227 0.14197123798076922 0.4505072115384615 0.1167589326923077 0.43207924278846155 0.07057498076923077 0.3892368389423077 0.04325746634615384 0.3433794735576923 0.049671391826923074 0.31621076923076924 0.08779436298076923 0.31293512259615386 0.1360007091346154 0.32561723317307695 0.1837463389423077 0.3457610625 0.1902653653846154 0.3916297644230769 0.16584384375
1 0.49330616826923074 0.1464889326923077 0.4652514591346154 0.10013160576923076 0.44140184855769227 0.0876357451923077 0.4379958581730769 0.14307954326923078 0.45462541346153845 0.15544537259615382 0.4884059038461538 0.15122721153846153 0.49330616826923074 0.1464889326923077
1 0.5321172692307692 0.13029503846153848 0.5219691514423077 0.1590714783653846 0.5290588653846154 0.16643896153846155 0.5701028557692308 0.1599383485576923 0.6157429807692308 0.16558684375000002 0.6068548557692307 0.12440123557692308 0.5855857211538461 0.10229878365384616 0.5469484110576923 0.10884273798076924 0.5321172692307692 0.13029503846153848
1 0.7240797139423076 0.22355953365384615 0.7250338798076924 0.2728411466346154 0.6840391274038461 0.2991990096153846 0.6878915865384615 0.32390060576923074 0.7353227427884614 0.2810312548076923 0.7855803100961538 0.26034970432692306 0.8057027548076923 0.21244676201923077 0.7992647620192308 0.1688920096153846 0.7587855913461539 0.14403032451923076 0.7250485528846154 0.14583600000000002 0.7031711442307693 0.15750833173076922 0.664099358173077 0.1881771298076923 0.6663756971153846 0.19545792548076923 0.7240797139423076 0.22355953365384615
1 1 0.1441977596153846 0.9965640697115384 0.14107283413461538 0.965190264423077 0.14533433413461538 0.9479524374999999 0.16674329086538459 0.9474745096153847 0.19328062019230768 0.9861899951923078 0.24522359615384615 0.9915233052884616 0.23822946875 0.9721955048076923 0.21661084615384615 0.9821240913461539 0.18171040865384616 1 0.18310023076923077 1 0.1441977596153846
2 0.3962250096153846 0.8498995504807693 0.38412314903846156 0.9032102740384615 0.39967502163461543 0.9232815576923077 0.4333721033653846 0.9251650504807691 0.44453500240384614 0.9062119903846154 0.3962250096153846 0.8498995504807693
2 0.4236452019230769 0.8292266129807693 0.41360606730769234 0.8564967211538461 0.44075836298076926 0.8684777043269231 0.48126110817307693 0.8813362259615385 0.5175274495192308 0.8819893677884616 0.5292451995192308 0.8675180865384615 0.4902799735576923 0.8400025264423078 0.4690600793269231 0.8166364086538462 0.4236452019230769 0.8292266129807693
2 0.5452679951923077 0.8524848197115384 0.571922875 0.8567947163461539 0.5892741947115385 0.8475313677884616 0.5808727884615384 0.8192896298076923 0.5716957043269231 0.7986936394230769 0.5153114423076923 0.8071936875 0.5227084182692308 0.8329244278846153 0.5452679951923077 0.8524848197115384
2 0.6575838774038462 0.8040727235576923 0.6281037211538462 0.7799183245192308 0.5763354254807692 0.786365766826923 0.5695484927884615 0.8152558293269231 0.64742978125 0.837726264423077 0.6801894663461538 0.8210782908653846 0.6575838774038462 0.8040727235576923
2 0.86185909375 0.7400788197115384 0.8856343677884616 0.7628514447115384 0.9117893822115384 0.7594926298076923 0.9083485264423078 0.7032473942307692 0.8772043749999999 0.7007727788461539 0.86185909375 0.7400788197115384
2 1 0.7250376802884616 0.9860529254807692 0.7129484615384616 0.96209378125 0.7003854735576923 0.954710235576923 0.6862072860576922 0.91381671875 0.6950466490384616 0.9130694783653847 0.6937613990384615 0.9038719278846153 0.7172119855769231 0.9189239326923077 0.7296145576923077 0.9501460985576924 0.7276236249999999 0.990671826923077 0.7392059399038462 1 0.7273726875000001 1 0.7250376802884616