1 0.028846153846153848 0.2980769230769231 0.019230769230769232 0.3125 0.013192307692307694 0.3359543269230769 0.07932692307692307 0.33413461538461536 0.057692307692307696 0.3004807692307692 0.028846153846153848 0.2980769230769231
1 0.24759615384615385 0.3389423076923077 0.23076923076923078 0.3245192307692308 0.20283413461538463 0.3254182692307692 0.19839663461538462 0.32719230769230767 0.18597596153846155 0.35056490384615385 0.1778846153846154 0.3581730769230769 0.18990384615384615 0.3701923076923077 0.25 0.375 0.24759615384615385 0.3389423076923077
1 0.20178605769230767 0.3265240384615385 0.19232211538461538 0.3173533653846154 0.1813798076923077 0.3253413461538462 0.17291346153846154 0.3356586538461538 0.16670432692307693 0.3528173076923077 0.18552163461538462 0.3484158653846154 0.20178605769230767 0.3265240384615385
1 0.4390673076923077 0.32400240384615386 0.4310288461538461 0.32190384615384615 0.4219399038461538 0.3259254807692308 0.4123293269230769 0.34095913461538463 0.40865384615384615 0.3566947115384615 0.45567067307692305 0.35756730769230766 0.44728124999999996 0.3346658653846154 0.4390673076923077 0.32400240384615386
1 0.5706057692307692 0.3263317307692307 0.5528846153846154 0.31009615384615385 0.5264423076923077 0.3125 0.5144230769230769 0.3293269230769231 0.5120192307692307 0.35096153846153844 0.5753870192307692 0.3568052884615385 0.5732403846153846 0.34865384615384615 0.5706057692307692 0.3263317307692307
2 0.016620192307692308 0.7499230769230769 0.027879807692307693 0.7316706730769231 0.03253846153846154 0.7200216346153846 0.0007043269230769231 0.7219639423076922 0.001091346153846154 0.7487572115384615 0.016620192307692308 0.7499230769230769
2 0.11328846153846153 0.7289519230769231 0.09077163461538462 0.7037115384615386 0.058937500000000004 0.7091490384615384 0.058548076923076925 0.7095360576923077 0.06126682692307692 0.7297283653846154 0.08184134615384615 0.7320600961538462 0.10047596153846154 0.7382716346153846 0.11328846153846153 0.7289519230769231
2 0.14945192307692307 0.7942908653846155 0.1568293269230769 0.7795336538461538 0.14285336538461538 0.7647788461538462 0.11490144230769231 0.7845817307692309 0.11723076923076924 0.7985625 0.10868990384615386 0.8269086538461539 0.1121826923076923 0.8393365384615384 0.13741826923076922 0.8272980769230769 0.14945192307692307 0.7942908653846155
2 0.22748557692307692 0.8137067307692308 0.2041923076923077 0.7973966346153846 0.20457932692307693 0.7896298076923076 0.17034134615384613 0.7955168269230769 0.16808653846153848 0.81953125 0.21428605769230769 0.8443846153846154 0.22903846153846155 0.8358413461538461 0.22748557692307692 0.8137067307692308
2 0.26963221153846156 0.7591442307692307 0.28710096153846154 0.7502115384615385 0.2956418269230769 0.7474927884615384 0.29874759615384616 0.7253605769230769 0.26432211538461536 0.7207596153846154 0.2607019230769231 0.7339014423076923 0.24168028846153847 0.7525432692307692 0.2498317307692308 0.7614735576923077 0.26963221153846156 0.7591442307692307
2 0.3546514423076923 0.7494350961538461 0.3484399038461538 0.7319615384615384 0.3488269230769231 0.7179807692307693 0.31699278846153844 0.7245817307692307 0.3259230769230769 0.7397283653846153 0.32786298076923076 0.7591442307692307 0.3503798076923077 0.7599206730769231 0.3546514423076923 0.7494350961538461
2 0.37876201923076924 0.7184182692307692 0.3997259615384615 0.6978365384615385 0.3997259615384615 0.6737620192307693 0.37165384615384617 0.6737668269230769 0.3686682692307693 0.6982259615384615 0.3535264423076923 0.7118173076923077 0.36517307692307693 0.7226899038461538 0.37876201923076924 0.7184182692307692
2 0.44048798076923074 0.81278125 0.4505817307692308 0.7991899038461538 0.4532716346153846 0.7879278846153847 0.45679326923076924 0.7751129807692307 0.46106490384615384 0.7665697115384614 0.4598990384615385 0.7553100961538461 0.42772115384615383 0.7576033653846154 0.4280649038461538 0.7801610576923077 0.4074903846153846 0.8019086538461538 0.4164182692307692 0.8120048076923077 0.44048798076923074 0.81278125
2 0.5465120192307692 0.7944879807692308 0.5396298076923076 0.7788413461538461 0.5336826923076923 0.7735192307692308 0.5343100961538462 0.7644423076923077 0.5087091346153846 0.7681322115384616 0.5042716346153846 0.7857259615384616 0.524298076923077 0.8073221153846154 0.5436971153846154 0.8070072115384614 0.5465120192307692 0.7944879807692308
2 0.6065600961538462 0.8104519230769232 0.6309663461538462 0.8082596153846153 0.65725 0.8070072115384614 0.6563100961538461 0.7738317307692307 0.6096899038461538 0.7703894230769232 0.6100024038461538 0.7725817307692308 0.6084375000000001 0.7885432692307692 0.5859086538461539 0.7998100961538461 0.5887259615384616 0.8085721153846154 0.6065600961538462 0.8104519230769232