1 0.1658653846153846 0.3855421682692307 0.1466346153846154 0.38072289182692304 0.12980769230769232 0.38795180769230775 0.12259615384615384 0.4192771081730769 0.16346153846153846 0.4313253004807692 0.17548076923076922 0.42409638461538457 0.1658653846153846 0.3855421682692307
1 0.20673076923076922 0.36867469951923076 0.1778846153846154 0.3710843365384615 0.17307692307692307 0.3903614447115385 0.18269230769230768 0.4072289158653846 0.21875 0.40240963942307695 0.20673076923076922 0.36867469951923076
1 0.22355769230769232 0.3975903605769231 0.22596153846153846 0.4216867475961538 0.2548076923076923 0.4216867475961538 0.25 0.39518072355769235 0.22355769230769232 0.3975903605769231
1 0.37740384615384615 0.4192771081730769 0.3605769230769231 0.38072289182692304 0.34375 0.38313253124999996 0.3317307692307692 0.3975903605769231 0.3293269230769231 0.42409638461538457 0.33653846153846156 0.4289156634615384 0.3581730769230769 0.4313253004807692 0.37740384615384615 0.4192771081730769
1 0.43990384615384615 0.36144578365384616 0.41586538461538464 0.35903614423076924 0.40625 0.3710843365384615 0.4110576923076923 0.4 0.4375 0.40240963942307695 0.4495192307692308 0.3927710841346154 0.43990384615384615 0.36144578365384616
1 0.5 0.37590361538461536 0.5024038461538461 0.4048192764423077 0.5408653846153846 0.38795180769230775 0.5264423076923077 0.36626506009615384 0.5 0.37590361538461536
1 0.5480769230769231 0.33253012019230765 0.5504807692307693 0.36626506009615384 0.5841346153846154 0.35180722836538464 0.5769230769230769 0.33012048076923073 0.5480769230769231 0.33253012019230765
1 0.5889423076923077 0.3204819278846154 0.5889423076923077 0.34457831250000004 0.6129807692307693 0.3373493966346154 0.6105769230769231 0.31084337259615386 0.5889423076923077 0.3204819278846154
1 0.6153846153846154 0.3036144567307692 0.6177884615384616 0.33975903605769225 0.6514423076923077 0.33253012019230765 0.6418269230769231 0.3060240961538461 0.6153846153846154 0.3036144567307692
1 0.7235576923076923 0.30120481971153845 0.7115384615384616 0.3132530120192308 0.7067307692307693 0.34457831250000004 0.75 0.3349397596153846 0.7403846153846154 0.30120481971153845 0.7235576923076923 0.30120481971153845
1 0.7788461538461539 0.29397590384615385 0.7548076923076923 0.3060240961538461 0.7524038461538461 0.32530120432692305 0.7620192307692307 0.3373493966346154 0.7932692307692307 0.31807228846153845 0.7788461538461539 0.29397590384615385