0 0.3140625 0.46875 0.33125000000000004 0.46562499999999996 0.3359375 0.45625000000000004 0.334375 0.4453125 0.290625 0.44062500000000004 0.284375 0.44218749999999996 0.28125 0.446875 0.28125 0.46875 0.2921875 0.4765625 0.3015625 0.4765625 0.3140625 0.46875
0 0.34687500000000004 0.4296875 0.31875 0.42500000000000004 0.3109375 0.44062500000000004 0.31875 0.4453125 0.334375 0.4453125 0.3453125 0.4359375 0.34687500000000004 0.4296875
0 0.509375 0.5109375 0.5109375 0.51875 0.515625 0.5203125 0.5375 0.5 0.5421875 0.4828125 0.5359375 0.478125 0.509375 0.47187500000000004 0.5 0.48906249999999996 0.4984375 0.5 0.5015625 0.50625 0.509375 0.5109375
0 0.6328125 0.3671875 0.6390625000000001 0.37812500000000004 0.640625 0.3921875 0.64375 0.39531249999999996 0.653125 0.396875 0.671875 0.390625 0.6796875 0.3828125 0.6828125 0.37187499999999996 0.6984375 0.35624999999999996 0.7124999999999999 0.353125 0.7171875000000001 0.35 0.7171875000000001 0.3453125 0.7109375 0.3359375 0.7078125 0.32343750000000004 0.7046874999999999 0.3203125 0.6890624999999999 0.3203125 0.6812499999999999 0.32343750000000004 0.6359375 0.359375 0.6328125 0.3671875
2 0.5 0.809375 0.5046875 0.8062499999999999 0.5 0.7765625 0.509375 0.7546875 0.513140625 0.7216203125 0.5125 0.6921875 0.4859375 0.6859375000000001 0.4703125 0.6937500000000001 0.464 0.750340625 0.4546875 0.8078125 0.476125 0.8122484375 0.5 0.809375
2 0.4359375 0.7703125 0.446875 0.7375 0.4515625 0.6921875 0.44843750000000004 0.6875 0.4234375 0.690625 0.4295375 0.7382140625000001 0.42656249999999996 0.7953125000000001 0.43437499999999996 0.809375 0.4359375 0.7703125
2 0.6109375 0.78125 0.603125 0.8125 0.609375 0.8171875 0.6421874999999999 0.8187500000000001 0.653125 0.8062499999999999 0.6421874999999999 0.7718750000000001 0.6468750000000001 0.7406250000000001 0.65625 0.721875 0.653125 0.6656249999999999 0.6178765625 0.6713749999999999 0.596875 0.66875 0.609375 0.7421875 0.6109375 0.78125
2 0.7328125000000001 0.70625 0.73125 0.671875 0.7265625 0.6656249999999999 0.671875 0.66875 0.6796875 0.7234375 0.7078125 0.7484375000000001 0.715625 0.721875 0.7328125000000001 0.70625
3 0.3890625 0.4765625 0.39531249999999996 0.49531250000000004 0.40937500000000004 0.5109375 0.43125 0.509375 0.459375 0.49687499999999996 0.4921875 0.49531250000000004 0.5109375 0.4671875 0.509375 0.421875 0.4984375 0.37968749999999996 0.47968750000000004 0.34062499999999996 0.4780515625 0.3338125 0.459375 0.3296875 0.453075 0.3291296875 0.4244546875 0.3473421875 0.39531249999999996 0.3671875 0.3828125 0.41093749999999996 0.3755421875 0.42331874999999997 0.3453125 0.43281250000000004 0.33911562500000003 0.4498578125 0.3464015625 0.465990625 0.37031250000000004 0.46875 0.38490781249999995 0.46963281250000005 0.3890625 0.4765625
3 0.6192234375 0.274946875 0.6088171875 0.29211875 0.5926859375 0.303046875 0.5755140625 0.32178124999999996 0.5666671875 0.34051562500000004 0.56926875 0.36341249999999997 0.57083125 0.3790234375 0.5645859375 0.4050421875 0.5755140625 0.39515625 0.5994499999999999 0.381625 0.6270296875000001 0.3691359375 0.628590625 0.35872812499999995 0.650965625 0.34363750000000004 0.6686578125 0.3212609375 0.7009203125 0.3144953125 0.71445 0.31970000000000004 0.7284999999999999 0.3238625 0.7409875 0.3332296875 0.7373453125 0.3509234375 0.7409875 0.3628921875 0.7441109374999999 0.3576875 0.756078125 0.3478 0.7831374999999999 0.33375 0.7909421875 0.3238625 0.7899015625 0.313975 0.7768921874999999 0.2905578125 0.7623234375 0.2775484375 0.7409875 0.2759875 0.7311015625 0.26037656249999996 0.719653125 0.2458046875 0.697278125 0.23695937500000003 0.6738609375 0.2458046875 0.6566890625 0.2556921875 0.6405593749999999 0.251009375 0.6416 0.2556921875 0.6332734375 0.26401875 0.6192234375 0.274946875
3 0.588584375 0.4891125 0.6140828125 0.499 0.645303125 0.49431718750000003 0.6650781250000001 0.48026562500000003 0.699421875 0.47350156250000003 0.725959375 0.48182812499999994 0.74729375 0.4885921875 0.751978125 0.4875515625 0.7551 0.4558078125 0.74313125 0.42926875 0.7223171875 0.4079328125 0.6989 0.3928421875 0.679646875 0.3938828125 0.65206875 0.40325 0.6354171875 0.39440312499999997 0.6239687500000001 0.39180156250000003 0.5979515625 0.40689218749999995 0.576615625 0.43082968750000006 0.5589234375 0.4438390625 0.544875 0.4568484375 0.547996875 0.4693375 0.544875 0.4709 0.5464359375 0.47037968750000003 0.55944375 0.4823484375 0.5693312500000001 0.47610312499999996 0.5823406250000001 0.49171406250000005 0.588584375 0.4891125