1 0.5443655817307692 0.5793373221153846 0.5444914399038462 0.5721278149038461 0.5327257572115385 0.5574100192307692 0.5134140096153846 0.5617383052884615 0.5227762139423077 0.5763963461538462 0.5443655817307692 0.5793373221153846
1 0.5399483605769231 0.6946296923076923 0.540200079326923 0.6802106778846154 0.5331154975961538 0.6728219014423077 0.51388765625 0.6723438485576924 0.5278051033653847 0.7015404182692309 0.5399483605769231 0.6946296923076923
1 0.5687481682692308 0.6977499399038462 0.5617474927884616 0.6855548221153847 0.5473266129807692 0.6851962860576923 0.5398225024038461 0.7018391995192308 0.5468651322115384 0.7116311466346155 0.5612860120192308 0.7119896850961538 0.5686642644230769 0.7025562764423078 0.5687481682692308 0.6977499399038462
1 0.5696315360576923 0.28145609134615385 0.5751195240384616 0.27589695673076925 0.5817027427884616 0.2694442403846154 0.580244610576923 0.25586506009615384 0.5706220721153846 0.2511611971153846 0.5607544278846154 0.24796348798076923 0.5634186057692308 0.26683547596153845 0.5607993076923077 0.2756947908653846 0.5597743004807693 0.2815187548076923 0.5696315360576923 0.28145609134615385
1 0.5447798557692308 0.3160815649038462 0.5448597115384616 0.3026920889423077 0.5390633389423077 0.29947058413461536 0.5282229951923078 0.2933155528846154 0.5277931826923077 0.3098097860576923 0.5260350264423077 0.32223191346153846 0.52921128125 0.32554455048076925 0.5380723485576924 0.32083862740384617 0.5447798557692308 0.3160815649038462
2 0.3024382451923077 0.20764412259615384 0.30316753846153843 0.21889713701923078 0.3089700168269231 0.23058402403846154 0.32592104567307695 0.23008225240384617 0.32737408413461544 0.21475305769230768 0.30975034615384617 0.2035151658653846 0.3024382451923077 0.20764412259615384
2 0.30818626682692307 0.24903369711538462 0.31003287500000004 0.2578525817307692 0.32150641826923076 0.26244618990384616 0.3295258341346154 0.2618762235576923 0.3275195769230769 0.2444342716346154 0.3141384086538462 0.24333223557692307 0.30818626682692307 0.24903369711538462
2 0.35903611778846156 0.29605972836538463 0.35994881009615387 0.27711078125 0.344654125 0.2639978076923077 0.3366942331730769 0.2701109639423077 0.34683984375 0.2976053389423077 0.35903611778846156 0.29605972836538463
2 0.3498010168269231 0.3133760625 0.3518187692307692 0.30357617067307696 0.34151230048076925 0.28515850721153846 0.3351201706730769 0.2896180745192308 0.3373535240384615 0.3116817620192308 0.3498010168269231 0.3133760625
1 0.5283844711538461 0.4864018605769231 0.5346994735576923 0.4951755673076923 0.5348352379807693 0.5050289975961538 0.5309906875 0.5135525144230769 0.5383655600961539 0.5145052211538462 0.5475796346153846 0.5073461610576924 0.5505146322115384 0.4980330865384615 0.5461019711538462 0.4860706105769231 0.5384626947115385 0.48249554807692313 0.5309101153846154 0.4827693822115385 0.5212684591346154 0.47929840384615385 0.5191193870192308 0.4842240961538461 0.5283844711538461 0.4864018605769231
2 0.31472582451923076 0.47179750000000004 0.31230003605769235 0.4531814783653846 0.2929737235576923 0.44828924759615385 0.2833015096153846 0.46158208173076926 0.2893255817307692 0.4691151923076923 0.31472582451923076 0.47179750000000004
2 0.3197872067307692 0.4875074399038462 0.3013618629807692 0.4849985480769231 0.29109190865384615 0.4855630480769231 0.278722375 0.5123221346153847 0.2834586418269231 0.5231025721153846 0.30255261538461536 0.5108638197115385 0.31981894951923073 0.5092423100961538 0.3197872067307692 0.4875074399038462
2 0.3211003173076923 0.5617340817307692 0.3222868365384616 0.54183746875 0.2965475889423077 0.5340570168269231 0.29348219471153847 0.5450546057692308 0.3079367235576923 0.56345759375 0.3211003173076923 0.5617340817307692
2 0.30906303365384613 0.5930141322115385 0.31103381490384613 0.5741972788461539 0.29776695192307695 0.5582833245192308 0.28972913942307693 0.5720279182692308 0.2909485024038462 0.5962542259615384 0.30906303365384613 0.5930141322115385
1 0.5280200216346154 0.596532170673077 0.5259174855769231 0.6065054615384615 0.5291655432692308 0.6083220600961539 0.5371772884615384 0.6025443798076923 0.541732826923077 0.5957166802884616 0.5402464615384616 0.5814131274038462 0.5348895576923077 0.5787747524038461 0.5226048701923077 0.5751923846153846 0.5221270817307693 0.580385625 0.5274335168269231 0.5859150144230769 0.5280200216346154 0.596532170673077
1 0.5550326538461539 0.6784733605769231 0.5635092716346154 0.6792611201923078 0.5727981658653847 0.666576639423077 0.5726861346153846 0.6509560913461538 0.5638388677884616 0.6382053701923076 0.5556622211538461 0.6313911105769231 0.5555064615384615 0.6403134615384616 0.5525853389423078 0.6529639254807692 0.5413966971153846 0.6638677427884615 0.5346987067307692 0.6717986009615384 0.5412352211538461 0.6731175384615384 0.5550326538461539 0.6784733605769231
2 0.30313703125 0.7335781322115384 0.3090404807692308 0.7379659399038462 0.31497031249999996 0.7298236442307692 0.31979844711538463 0.7295566057692308 0.3220981033653846 0.7147653653846154 0.3057880024038461 0.7143646634615385 0.30313703125 0.7335781322115384
2 0.2963374495192308 0.6919580528846154 0.2999527019230769 0.6720521057692307 0.2764682644230769 0.6696794903846153 0.27295103846153845 0.6832816274038461 0.27742877403846156 0.6920673533653846 0.2963374495192308 0.6919580528846154
2 0.23850887740384616 0.6135734783653846 0.22865756730769232 0.625279889423077 0.22687285096153845 0.6501046875000001 0.2482744471153846 0.6620111129807692 0.2596061033653846 0.6367168341346154 0.2476263389423077 0.6328847980769231 0.23850887740384616 0.6135734783653846
2 0.2630699639423077 0.5881561225961538 0.25029066346153844 0.5907306658653846 0.2501298125 0.6331393750000001 0.26708060576923076 0.6347172427884615 0.2727185432692308 0.61023828125 0.26606571634615384 0.6044253798076923 0.2630699639423077 0.5881561225961538
1 0.5170478317307692 0.8446169134615384 0.5193877475961538 0.8392271442307693 0.515007125 0.8328672788461537 0.5067361706730769 0.8289759855769231 0.5058550817307692 0.8334427427884615 0.5060009879807692 0.8435416586538461 0.5039918942307693 0.8483001322115384 0.5107236778846154 0.8486261802884615 0.5170478317307692 0.8446169134615384
1 0.5128516706730769 0.9012423798076923 0.5055661225961539 0.9052277451923078 0.5106587740384616 0.9074388125 0.5213943485576923 0.9080254855769231 0.5251735817307692 0.9028301802884615 0.5240215216346154 0.8952715432692308 0.5214358028846153 0.8871940168269231 0.5156044014423077 0.8817092764423078 0.5141821634615384 0.8801231995192308 0.5180094278846153 0.8906334014423076 0.5128516706730769 0.9012423798076923