1 0.46187016105769235 0.882179545673077 0.4449914855769231 0.8829822403846154 0.44300799278846154 0.8999089278846154 0.46000887980769234 0.9039096658653847 0.46187016105769235 0.882179545673077
1 0.6168897403846153 0.8074778701923078 0.5878326538461539 0.804050485576923 0.5885048269230769 0.8304693725961538 0.6077947403846153 0.8295520048076923 0.6168897403846153 0.8074778701923078
1 0.47346559375 0.768610829326923 0.4591203701923077 0.7741022860576923 0.4572590889423077 0.7958324086538462 0.4742599783653846 0.7998331490384616 0.47346559375 0.768610829326923
1 0.4955003677884615 0.68580575 0.4764548774038462 0.6963299831730769 0.48417744711538463 0.715199704326923 0.5034673629807692 0.7142823365384616 0.4955003677884615 0.68580575
1 0.50828490625 0.5240880264423077 0.4914062331730769 0.5248907211538462 0.48466136538461535 0.54444846875 0.5065458413461539 0.5506215817307692 0.50828490625 0.5240880264423077
1 0.4832889375 0.585392326923077 0.5098736754807692 0.5865326658653847 0.5066680528846154 0.5554250144230769 0.4897893774038462 0.5562277115384615 0.4825515913461539 0.5668492764423078 0.4832889375 0.585392326923077
1 0.48468365384615386 0.47767103125 0.5128694639423077 0.48841383653846154 0.5221351730769231 0.47105666586538464 0.5237382740384615 0.46252096634615386 0.5136854302884616 0.45169250961538465 0.48969525240384615 0.4576426514423077 0.48468365384615386 0.47767103125
1 0.5500654302884616 0.36339597115384614 0.5331867524038462 0.36419866826923075 0.5287309134615384 0.3788383100961538 0.5434427764423077 0.38775715144230766 0.5500654302884616 0.36339597115384614
1 0.513219733173077 0.14873218028846155 0.49634106009615386 0.149534875 0.4942964591346154 0.16405984615384617 0.5088861081730769 0.16817525721153848 0.513219733173077 0.14873218028846155
1 0.5533553125 0.11315874038461539 0.5440158894230769 0.12562600721153847 0.5486310288461538 0.13707856490384615 0.56379465625 0.143922375 0.5703547067307693 0.1289614375 0.5767900745192308 0.12570492067307693 0.5751175745192307 0.11452842067307692 0.5533553125 0.11315874038461539
1 0.54499359375 0.16405347596153846 0.5234146514423077 0.1698889471153846 0.5213700504807692 0.18441391826923076 0.540904389423077 0.19310342067307693 0.54499359375 0.16405347596153846
1 0.5095582788461539 0.1945941394230769 0.49020725721153846 0.19310979086538463 0.48816265625 0.2076347596153846 0.4979909350961539 0.21438122836538462 0.5095582788461539 0.1945941394230769
1 0.5148696081730769 0.21357853125 0.4957630144230769 0.22170105048076924 0.5033022644230769 0.23336562259615384 0.5200587283653846 0.22775949278846155 0.5148696081730769 0.21357853125
1 0.5251256322115384 0.23713701923076924 0.5057746129807692 0.23565266826923076 0.5037300096153846 0.2501776394230769 0.5183196586538462 0.2542930480769231 0.5251256322115384 0.23713701923076924
1 0.5000917091346154 0.012293002403846155 0.5004583461538462 0.02670330528846154 0.5175203413461539 0.03310575961538462 0.5217277355769231 0.011593949519230769 0.5170001490384615 0.011488891826923076 0.5000917091346154 0.012293002403846155
1 0.5092197283653846 0.08640221153846153 0.5183147259615384 0.06432807932692307 0.5037250745192308 0.06021267067307692 0.4966746778846154 0.06776183413461538 0.4969802091346154 0.07977041586538462 0.5092197283653846 0.08640221153846153
2 0.659780358173077 0.01834255528846154 0.6690659687499999 0.03383880048076923 0.6776291442307693 0.021035733173076922 0.6762565240384616 0.015027923076923078 0.6611194086538461 0.01469154326923077 0.659780358173077 0.01834255528846154
2 0.6763654038461537 0.08779044951923076 0.6895385240384615 0.09306732932692308 0.6915463846153845 0.07880620913461539 0.6793789326923078 0.06874439903846154 0.6800729567307692 0.0704980264423077 0.6763654038461537 0.08779044951923076
2 0.7775903413461538 0.16101614903846156 0.7868366971153846 0.15172260096153847 0.7833357596153847 0.13064184615384616 0.7896235240384615 0.12148899999999999 0.778255139423077 0.11730936778846154 0.7717515721153846 0.14122724278846152 0.7775903413461538 0.16101614903846156