1 0.2 0.2932692307692308 0.18554216826923076 0.2403846153846154 0.14698795192307693 0.21875 0.10361445673076923 0.21875 0.06987951923076924 0.23317307692307693 0.05301204807692307 0.2668269230769231 0.04819277163461539 0.2932692307692308 0.05783132451923077 0.2980769230769231 0.08674698798076924 0.28846153846153844 0.2 0.2932692307692308
1 0.5325301201923077 0.2620192307692308 0.5180722884615384 0.21634615384615385 0.48674698798076926 0.1875 0.4313253004807692 0.1875 0.4048192764423077 0.2091346153846154 0.3975903605769231 0.25 0.4072289158653846 0.27403846153846156 0.5253012043269231 0.27163461538461536 0.5325301201923077 0.2620192307692308
1 0.9974843365384616 0.30512019230769233 0.9975903605769231 0.2869447115384615 0.9883759038461538 0.2730432692307692 0.9803397596153847 0.21263221153846154 0.9975903605769231 0.22115384615384615 0.9975903605769231 0.12740384615384615 0.9759036153846155 0.14423076923076922 0.9590361442307693 0.17548076923076922 0.9590361442307693 0.20192307692307693 0.9725710841346153 0.21156490384615384 0.9757855432692307 0.2618173076923077 0.9974843365384616 0.30512019230769233
1 0.7672963846153846 0.2309375 0.7641036153846154 0.2662668269230769 0.7408867475961538 0.30564903846153846 0.7255060240384614 0.31868028846153845 0.7408867475961538 0.31810096153846157 0.7594602403846153 0.29175 0.7701975913461538 0.26742307692307693 0.7699084326923077 0.21385096153846156 0.7888216874999999 0.20192307692307693 0.786412048076923 0.1658653846153846 0.7599060240384615 0.13221153846153846 0.7430385552884615 0.125 0.6924361442307692 0.1346153846153846 0.6659301201923077 0.17067307692307693 0.6659301201923077 0.21394230769230768 0.6996650600961538 0.2403846153846154 0.75626746875 0.22080048076923076 0.7672963846153846 0.2309375
1 0.2795180721153846 0.13701923076923078 0.25301204807692307 0.13942307692307693 0.22409638461538461 0.16826923076923078 0.22891566346153847 0.2091346153846154 0.33012048076923073 0.19230769230769232 0.31807228846153845 0.15625 0.2795180721153846 0.13701923076923078
1 0.0602409639423077 0.21875 0.06746987980769231 0.20192307692307693 0.06265060336538461 0.15865384615384615 0.036144579326923075 0.13942307692307693 0.012048192307692308 0.14182692307692307 0.004819276442307692 0.1466346153846154 0.019277108173076925 0.15865384615384615 0.026506024038461536 0.21153846153846154 0.0602409639423077 0.21875
1 0.004819276442307692 0.14423076923076922 0 0.20673076923076922 0.024096384615384617 0.2091346153846154 0.024096384615384617 0.16826923076923078 0.004819276442307692 0.14423076923076922
1 0.6096385552884616 0.19230769230769232 0.597590360576923 0.1466346153846154 0.5783132524038461 0.12740384615384615 0.5493975913461538 0.12259615384615384 0.5036144567307692 0.14182692307692307 0.5012048197115384 0.1875 0.5132530120192308 0.20192307692307693 0.5951807235576922 0.20192307692307693 0.6096385552884616 0.19230769230769232
1 0.8338746995192309 0.2241971153846154 0.8437132524038462 0.22409134615384613 0.8480674687499999 0.21019230769230768 0.8172457836538461 0.15989903846153847 0.7787373485576924 0.1485408653846154 0.7938265072115385 0.21977884615384616 0.7990506033653847 0.2163798076923077 0.8289421682692308 0.21348317307692308 0.8338746995192309 0.2241971153846154
1 0.47951807211538466 0.08653846153846154 0.4337349399038462 0.08173076923076923 0.4048192764423077 0.11298076923076923 0.4048192764423077 0.13942307692307693 0.4963855432692308 0.14903846153846154 0.49156626442307694 0.09615384615384616 0.47951807211538466 0.08653846153846154
1 0.35903614423076924 0.15144230769230768 0.3373493966346154 0.10336538461538461 0.3036144567307692 0.09375 0.2819277115384615 0.10576923076923077 0.26987951923076925 0.1346153846153846 0.3228915673076923 0.15865384615384615 0.32771084375 0.15144230769230768 0.35903614423076924 0.15144230769230768
1 0.17108433653846153 0.07211538461538461 0.1445783125 0.07692307692307693 0.1325301201923077 0.0889423076923077 0.1325301201923077 0.11298076923076923 0.17590361538461538 0.125 0.19277108413461536 0.08653846153846154 0.17108433653846153 0.07211538461538461
1 0.23373493990384614 0.08413461538461539 0.2 0.08653846153846154 0.18072289182692308 0.10576923076923077 0.17590361538461538 0.12259615384615384 0.18795180769230768 0.13942307692307693 0.25060240865384614 0.13221153846153846 0.23373493990384614 0.08413461538461539
1 0 0.13942307692307693 0.05783132451923077 0.14423076923076922 0.07228915625 0.125 0.06987951923076924 0.10096153846153846 0.019277108173076925 0.07932692307692307 0 0.08413461538461539 0 0.13942307692307693
1 0.7879518076923078 0.10817307692307693 0.7903614447115385 0.07451923076923077 0.7783132524038462 0.05048076923076923 0.7421686754807693 0.04567307692307692 0.7108433725961538 0.0625 0.7084337355769231 0.09375 0.7204819278846154 0.11057692307692307 0.7614457836538461 0.11778846153846154 0.7879518076923078 0.10817307692307693
1 0.8337349399038462 0.06971153846153846 0.8144578317307692 0.07211538461538461 0.7951807235576923 0.09134615384615384 0.7975903605769231 0.11538461538461539 0.8602409639423076 0.11057692307692307 0.8578313245192307 0.08413461538461539 0.8337349399038462 0.06971153846153846
1 0.9156626514423076 0.06971153846153846 0.8869445793269232 0.07953846153846154 0.8869445793269232 0.11589182692307692 0.9566265072115385 0.11057692307692307 0.9397590360576923 0.07692307692307693 0.9156626514423076 0.06971153846153846
1 0.9352072283653846 0.04326923076923077 0.9231590360576922 0.05048076923076923 0.9183397596153846 0.0673076923076923 0.9607228918269232 0.08458173076923077 0.9601879519230769 0.044485576923076926 0.9352072283653846 0.04326923076923077
1 0.8144578317307692 0.04326923076923077 0.7855421682692308 0.04567307692307692 0.7951807235576923 0.08413461538461539 0.8265060240384615 0.0673076923076923 0.8265060240384615 0.052884615384615384 0.8144578317307692 0.04326923076923077
1 0.7108433725961538 0.055288461538461536 0.6891566274038462 0.019230769230769232 0.6650602403846153 0.019230769230769232 0.6457831322115385 0.036057692307692304 0.6409638557692308 0.06971153846153846 0.6481927716346154 0.07692307692307693 0.6891566274038462 0.052884615384615384 0.7108433725961538 0.055288461538461536
1 0.52771084375 0.0985576923076923 0.5084337355769231 0.09615384615384616 0.4963855432692308 0.10096153846153846 0.5012048197115384 0.15384615384615385 0.5445783125 0.1201923076923077 0.52771084375 0.0985576923076923
1 0.5108433725961539 0.036057692307692304 0.5012048197115384 0.0625 0.5542168677884616 0.0673076923076923 0.5469879519230769 0.038461538461538464 0.5108433725961539 0.036057692307692304
1 0 0 0 0.021634615384615384 0.026506024038461536 0.019230769230769232 0.036144579326923075 0 0 0
1 0.12289156730769231 0.10336538461538461 0.10361445673076923 0.07692307692307693 0.0602409639423077 0.07932692307692307 0.05301204807692307 0.0889423076923077 0.07469879567307693 0.1201923076923077 0.11084337259615386 0.11538461538461539 0.12289156730769231 0.10336538461538461
1 0.4385542163461539 0.04807692307692308 0.4120481923076923 0.026442307692307692 0.36867469951923076 0.05048076923076923 0.36144578365384616 0.0673076923076923 0.37349397596153844 0.07451923076923077 0.44337349278846155 0.07211538461538461 0.4385542163461539 0.04807692307692308
1 0.2650602403846154 0.125 0.2963855432692308 0.08653846153846154 0.2554216875 0.057692307692307696 0.2409638557692308 0.0625 0.23373493990384614 0.07692307692307693 0.23855421634615384 0.09375 0.25060240865384614 0.1201923076923077 0.2650602403846154 0.125
1 0.5855421682692308 0.11057692307692307 0.5710843365384616 0.09134615384615384 0.5421686754807692 0.09134615384615384 0.5349397596153846 0.10336538461538461 0.5445783125 0.11778846153846154 0.5855421682692308 0.12740384615384615 0.5855421682692308 0.11057692307692307
1 0.1074698798076923 0.11797355769230769 0.07664337259615385 0.12716346153846153 0.061831324519230776 0.1499326923076923 0.07048433653846155 0.18225721153846156 0.11587710817307693 0.17749759615384614 0.11787951923076924 0.1287596153846154 0.1074698798076923 0.11797355769230769
1 0.18073253125 0.17230528846153847 0.19034216826923078 0.15193028846153847 0.17833012019230768 0.13555288461538462 0.15711325240384613 0.12156971153846154 0.12004578365384615 0.12073076923076922 0.11667710817307693 0.1755 0.17152530048076922 0.1842908653846154 0.18073253125 0.17230528846153847
1 0.18085542067307692 0.21836057692307692 0.23189879567307692 0.2187235576923077 0.2253373485576923 0.1990769230769231 0.22278554326923078 0.18015865384615384 0.23408674759615386 0.15323557692307693 0.2422192764423077 0.14146634615384615 0.21184578365384615 0.14305048076923077 0.19325301201923079 0.14996153846153845 0.17866746875 0.17215384615384616 0.18085542067307692 0.21836057692307692
1 0.6617397596153847 0.15231009615384614 0.6827542163461539 0.14360576923076923 0.7105108437500001 0.13094471153846154 0.689098795673077 0.10918269230769231 0.6732385552884614 0.10364182692307693 0.6407228918269231 0.10482932692307692 0.6157638557692308 0.1348125 0.6137590360576923 0.1356923076923077 0.6514289158653847 0.15428846153846154 0.6617397596153847 0.15231009615384614
1 0.9662650600961539 0.11192307692307693 0.9975903605769231 0.1191346153846154 0.9975903605769231 0.047019230769230765 0.9642746995192308 0.052271634615384616 0.9624 0.07178365384615384 0.9570433725961538 0.08461538461538462 0.9487397596153847 0.09584134615384615 0.9662650600961539 0.11192307692307693
1 0.9178313245192308 0.18412740384615384 0.9047060240384616 0.20577884615384615 0.8988120480769232 0.2143317307692308 0.9140481923076924 0.2240576923076923 0.9132457836538461 0.23742307692307693 0.9169951802884615 0.25239182692307693 0.9247638557692308 0.2619182692307692 0.9322650600961538 0.2918581730769231 0.9386939759615385 0.2990745192307692 0.9416409639423077 0.29506490384615386 0.9336048197115385 0.28357211538461535 0.9295855432692307 0.2704735576923077 0.9242289158653846 0.25389903846153844 0.92288915625 0.23358413461538463 0.9258361442307692 0.21487259615384616 0.9311927716346153 0.22610096153846154 0.9585156634615385 0.22743750000000001 0.9550337355769231 0.20043990384615384 0.9598554206730768 0.17745192307692306 0.9722096394230769 0.14937740384615383 0.9572096394230769 0.14723798076923075 0.9392602403846154 0.1573966346153846 0.9250650600961539 0.1654158653846154 0.9178313245192308 0.18412740384615384
1 0.9554698798076923 0.15064423076923078 0.9527903605769231 0.1284591346153846 0.9270746995192307 0.11242067307692308 0.89573253125 0.11509375 0.8818024086538461 0.12337980769230769 0.8801951802884616 0.19501682692307692 0.9088578317307692 0.20009615384615384 0.9305566274038461 0.15893028846153845 0.9554698798076923 0.15064423076923078
1 0.8130722884615385 0.15675721153846153 0.8516698798076923 0.20106490384615386 0.8824313245192308 0.19006009615384614 0.8821590360576923 0.11937259615384616 0.8597951802884616 0.11708413461538461 0.8235180721153846 0.12924759615384615 0.8092987956730769 0.14054086538461538 0.8130722884615385 0.15675721153846153
1 0.7906433725961539 0.13840384615384616 0.7897710841346155 0.15462259615384613 0.8095060240384615 0.1554903846153846 0.8158915673076923 0.13435096153846154 0.8414289158653846 0.12131971153846154 0.8614530120192309 0.11784375000000001 0.8396867475961538 0.10742067307692307 0.8161807235576923 0.11552884615384616 0.8013807235576924 0.12856009615384617 0.7906433725961539 0.13840384615384616
1 0.3340987956730769 0.3185889423076923 0.3633084326923077 0.31581490384615385 0.38939036057692306 0.3189375 0.38869638461538464 0.3432283653846154 0.38626024038461537 0.3633533653846154 0.3737421682692308 0.38313221153846155 0.3626144567307692 0.40048317307692305 0.34661686778846157 0.418875 0.3368795192307692 0.42477403846153844 0.31566746875 0.42616105769230767 0.30384337259615385 0.41748798076923077 0.2961927716346154 0.39493028846153844 0.2826313245192308 0.37792788461538457 0.27880722836538463 0.3584951923076923 0.2798506033653846 0.3258774038461538 0.27289397596153847 0.3237956730769231 0.2742843365384615 0.33837019230769233 0.2742843365384615 0.3574543269230769 0.27776385576923074 0.3945841346153846 0.2881951802884615 0.40950480769230774 0.30210602403846154 0.42616105769230767 0.33027228846153844 0.4292860576923077 0.35392048076923077 0.42373317307692304 0.36748192788461537 0.40221875 0.38208915624999995 0.3800096153846154 0.3900867475961538 0.36161778846153847 0.40330120432692307 0.3348990384615385 0.40816867548076924 0.3199783653846154 0.4112987956730769 0.3060985576923077 0.41199518028846155 0.2818076923076923 0.40225783173076923 0.25612740384615384 0.38347951923076923 0.23357211538461536 0.35774457932692305 0.21865144230769232 0.3104506033653846 0.2235096153846154 0.28923855528846154 0.239125 0.2735903605769231 0.2686201923076923 0.26698313221153847 0.29256490384615386 0.26259759134615385 0.31959615384615386 0.27706746875 0.3182427884615385 0.29827951923076923 0.3182427884615385 0.3340987956730769 0.3185889423076923
1 0.5717542163461539 0.34783653846153845 0.5771542163461538 0.37622115384615384 0.5973180721153846 0.40244951923076927 0.5998385552884615 0.39885576923076926 0.5847156634615385 0.3729879807692308 0.5789542163461538 0.34244711538461536 0.5818361442307692 0.31621875 0.5890361442307692 0.29394230769230767 0.5980385552884615 0.2874735576923077 0.624322891826923 0.2889110576923077 0.6776144567307691 0.3057980769230769 0.6981373485576923 0.3129831730769231 0.693455420673077 0.34100961538461544 0.6790530120192309 0.3589735576923077 0.6682530120192307 0.37586057692307695 0.6736530120192307 0.3826875 0.6786939759615385 0.37190865384615385 0.6876963846153846 0.36651923076923076 0.7107397596153846 0.33094951923076926 0.7136192764423076 0.3065168269230769 0.7096602403846154 0.25585576923076925 0.6837349399038462 0.22136298076923078 0.6347662644230769 0.2159735576923077 0.6074 0.22675240384615383 0.5850771081730769 0.2580120192307692 0.5731951802884615 0.27992788461538465 0.5595108437499999 0.3011274038461539 0.5670746995192307 0.3170817307692308 0.5670722884615385 0.3208894230769231 0.5742746995192308 0.3144206730769231 0.5717542163461539 0.34783653846153845
1 0.40260722836538465 0.11373557692307693 0.3858771081730769 0.08626923076923076 0.3610506033653846 0.07603846153846154 0.3421614447115384 0.07765384615384616 0.32974698798076924 0.08626923076923076 0.36590843269230766 0.10727403846153846 0.39235421634615386 0.1131971153846154 0.3901951802884615 0.1315096153846154 0.40260722836538465 0.1298918269230769 0.40260722836538465 0.11373557692307693
2 0.5475638557692307 0.9561177884615385 0.5733614447115385 0.9323557692307692 0.5746843365384615 0.89275 0.5700530120192308 0.8597475961538461 0.544255420673077 0.8465456730769231 0.5058819278846154 0.8575432692307692 0.5025831322115384 0.8887908653846155 0.4853831322115385 0.9310336538461539 0.4953060240384615 0.9567764423076923 0.5475638557692307 0.9561177884615385
2 0.47943132451923076 0.9455552884615385 0.48141445673076927 0.9396153846153846 0.4748 0.9118918269230769 0.45495421634615385 0.8808677884615383 0.39277590384615385 0.8749278846153847 0.3828530120192308 0.8980312500000001 0.3967445793269231 0.9376346153846153 0.4205566274038462 0.9495168269230769 0.47943132451923076 0.9455552884615385
2 0.25033493990384614 0.9291394230769231 0.2701783125 0.9066971153846153 0.2728240961538461 0.8809543269230768 0.26422650721153845 0.8505889423076923 0.2179204807692308 0.8631322115384615 0.21745542067307694 0.8629879807692308 0.19807710817307692 0.9047163461538462 0.17757108413461536 0.9231971153846155 0.22056867548076922 0.9410192307692308 0.25033493990384614 0.9291394230769231
2 0.7321132524038462 0.9365745192307693 0.7550289158653847 0.9450000000000001 0.8153349399038461 0.9486105769230769 0.8183493966346155 0.9251418269230769 0.7984481923076923 0.9125048076923077 0.7719156634615385 0.8794062500000001 0.7531662644230769 0.8388798076923076 0.7483951802884616 0.8396899038461538 0.7242746995192307 0.8457091346153847 0.7321132524038462 0.9365745192307693