1 0.5817307692307693 0.18269230769230768 0.6201923076923077 0.10576923076923077 0.6225961538461539 0.06490384615384616 0.6129807692307693 0.04567307692307692 0.5721153846153846 0.021634615384615384 0.5456730769230769 0.019230769230769232 0.5072115384615384 0.03125 0.4807692307692308 0.07692307692307693 0.47836538461538464 0.12259615384615384 0.5 0.18990384615384615 0.5384615384615384 0.20432692307692307 0.5817307692307693 0.18269230769230768
1 0.4495192307692308 0.15144230769230768 0.4375 0.13942307692307693 0.40865384615384615 0.14423076923076922 0.4014423076923077 0.1778846153846154 0.4110576923076923 0.17067307692307693 0.4543269230769231 0.18509615384615385 0.4495192307692308 0.15144230769230768
1 0.31009615384615385 0.2932692307692308 0.3076923076923077 0.30288461538461536 0.3269230769230769 0.30288461538461536 0.32211538461538464 0.28846153846153844 0.31009615384615385 0.2932692307692308
1 0.3317307692307692 0.2668269230769231 0.3269230769230769 0.2860576923076923 0.34375 0.28846153846153844 0.34375 0.2692307692307692 0.3317307692307692 0.2668269230769231
1 0.24759615384615385 0.24519230769230768 0.24759615384615385 0.25961538461538464 0.27163461538461536 0.2644230769230769 0.2668269230769231 0.24278846153846154 0.24759615384615385 0.24519230769230768
1 0.002403846153846154 0.28846153846153844 0.009615384615384616 0.2860576923076923 0.004807692307692308 0.2668269230769231 0.002403846153846154 0.28846153846153844
1 0.01201923076923077 0.30288461538461536 0.028846153846153848 0.3004807692307692 0.01201923076923077 0.28846153846153844 0.01201923076923077 0.30288461538461536
1 0.0673076923076923 0.24278846153846154 0.06009615384615385 0.2620192307692308 0.08653846153846154 0.25961538461538464 0.08173076923076923 0.2403846153846154 0.0673076923076923 0.24278846153846154
0 0.0753701923076923 0.32871153846153844 0.060439903846153845 0.3319423076923077 0.06245913461538462 0.3476899038461539 0.0785985576923077 0.34244230769230766 0.0753701923076923 0.32871153846153844
0 0.2745096153846154 0.3331538461538462 0.2648245192307692 0.3319423076923077 0.2587716346153846 0.33921153846153845 0.27571875 0.34607451923076926 0.27814182692307693 0.3408269230769231 0.2745096153846154 0.3331538461538462
0 0.5845817307692308 0.5599471153846154 0.6065721153846154 0.5285096153846154 0.6084591346153846 0.5002139423076923 0.5751538461538461 0.47254807692307693 0.5443653846153846 0.49895673076923075 0.5299134615384615 0.5398269230769231 0.5500216346153846 0.5574326923076923 0.5845817307692308 0.5599471153846154
3 0.8338846153846154 0.4984495192307692 0.9595721153846154 0.5826346153846154 0.9975961538461539 0.5714783653846154 0.9975961538461539 0.10819951923076923 0.942076923076923 0.17357692307692307 0.8910817307692308 0.25410336538461537 0.8663197115384615 0.35239423076923077 0.8338846153846154 0.4984495192307692
3 0.7681057692307692 0.5490360576923077 0.8280168269230769 0.4669519230769231 0.7810096153846153 0.29540625 0.7616538461538462 0.22807932692307692 0.7091177884615385 0.1672067307692308 0.6344615384615384 0.10704807692307691 0.6399903846153846 0.1513173076923077 0.6151057692307692 0.22233413461538462 0.5911418269230769 0.28320432692307695 0.5745504807692308 0.3569879807692308 0.5737246466346154 0.3900795408653846 0.5356129807692308 0.21001201923076923 0.5496658653846154 0.35627884615384614 0.5828461538461538 0.4448173076923077 0.6012788461538462 0.5305913461538462 0.6086538461538461 0.5794735576923077 0.7681057692307692 0.5490360576923077
2 0.5113581730769231 0.8969399038461539 0.5584759615384616 0.9056971153846154 0.5719375 0.8639375 0.5110264423076922 0.8158124999999999 0.44539423076923074 0.8039903846153845 0.4164495192307692 0.8167884615384615 0.4400096153846154 0.8450769230769232 0.5113581730769231 0.8969399038461539
2 0.7637740384615385 0.95890625 0.8001201923076924 0.9238822115384615 0.7967548076923077 0.8848173076923077 0.7112716346153847 0.8686514423076923 0.7052139423076924 0.90771875 0.6856923076923077 0.9366802884615384 0.7065600961538461 0.9514975961538461 0.7637740384615385 0.95890625
2 0.9549350961538461 0.8982884615384615 0.9455120192307693 0.8827956730769231 0.8660865384615384 0.8922259615384616 0.8916634615384615 0.9555384615384616 0.9401274038461539 0.9616009615384615 0.980514423076923 0.9380264423076923 0.9549350961538461 0.8982884615384615
2 0.4084951923076923 0.5582019230769231 0.40038221153846154 0.5689182692307692 0.41920432692307696 0.5809350961538462 0.43445913461538466 0.5695673076923077 0.43543269230769227 0.5481346153846154 0.41460769951923077 0.543713014423077 0.4084951923076923 0.5582019230769231
2 0.46496634615384613 0.5328701923076923 0.46009855769230773 0.5241009615384615 0.4431129807692308 0.531766826923077 0.44354567307692305 0.5549543269230769 0.4636682692307692 0.5643725961538462 0.4704831730769231 0.5549543269230769 0.46496634615384613 0.5328701923076923
3 0.3575264423076923 0.28167067307692306 0.35534615384615387 0.3335120192307693 0.3569807692307692 0.3809879807692308 0.39842788461538464 0.38371634615384614 0.4605961538461539 0.3777139423076923 0.4971322115384615 0.3635264423076923 0.5096754807692307 0.3040456730769231 0.5036754807692307 0.28221634615384616 0.49058894230769234 0.25875240384615383 0.4840456730769231 0.23528846153846153 0.4567788461538462 0.22328365384615384 0.44478125 0.21345913461538463 0.43768990384615386 0.2385625 0.4284206730769231 0.25493269230769233 0.42351201923076925 0.2854903846153846 0.427875 0.3264182692307692 0.43932692307692306 0.3771682692307692 0.39842788461538464 0.37498557692307694 0.40878846153846154 0.31823317307692306 0.41696875 0.2893100961538461 0.41587740384615385 0.2500216346153846 0.40878846153846154 0.22382932692307692 0.4089110576923077 0.21029807692307692 0.3820673076923077 0.22928605769230767 0.3684326923076923 0.23528846153846153 0.36079807692307697 0.24947596153846152 0.3575264423076923 0.28167067307692306
3 0.23818990384615385 0.3449495192307692 0.2680673076923077 0.3506995192307692 0.28300721153846153 0.33230048076923074 0.28415625 0.31562740384615384 0.27783653846153844 0.29550240384615384 0.2669182692307692 0.2805528846153846 0.24163701923076925 0.27940384615384617 0.2318701923076923 0.28917788461538463 0.22899759615384616 0.31735096153846154 0.23818990384615385 0.3449495192307692
3 0.32063221153846155 0.36597115384615386 0.34462259615384616 0.3758870192307692 0.3498365384615385 0.3466610576923077 0.34827163461538463 0.3221346153846154 0.33679807692307695 0.3090865384615385 0.30633173076923076 0.3078485576923077 0.2982043269230769 0.33674519230769234 0.30237740384615386 0.3503149038461538 0.32063221153846155 0.36597115384615386