1 0.4201842211538462 0.80087015625 0.40114134134615387 0.7979713125000001 0.39859028365384613 0.8145750480769232 0.41334788221153845 0.8215411706730769 0.4201842211538462 0.80087015625
1 0.37641843990384616 0.5862357788461539 0.37860129567307693 0.5917292259615384 0.3911859759615384 0.5974594014423077 0.3924987524038462 0.5922724110576923 0.38994178125 0.5779720865384615 0.37975416105769233 0.5751530408653847 0.37641843990384616 0.5862357788461539
1 0.2915348389423077 0.580602110576923 0.30453836778846155 0.5801138629807693 0.3015958966346154 0.5655316322115385 0.2897744254807692 0.5639086995192307 0.28764213701923075 0.5737273485576924 0.2915348389423077 0.580602110576923
1 0.3140750889423077 0.4322624831730769 0.2978907043269231 0.43268107932692307 0.29591740384615384 0.4456539831730769 0.3103768629807692 0.44987394471153846 0.3140750889423077 0.4322624831730769
1 0.28604538221153847 0.46962581971153844 0.28835676682692307 0.46391871394230766 0.2900200985576923 0.45811540865384615 0.2764086490384615 0.4551455697115384 0.2757757331730769 0.46856291586538457 0.28604538221153847 0.46962581971153844
1 0.2653888269230769 0.5013976322115384 0.2546848076923077 0.5047061201923077 0.2592079014423077 0.5170612283653846 0.27243435336538463 0.5197467812500001 0.2653888269230769 0.5013976322115384
1 0.40107651923076926 0.4628395144230769 0.40478746875 0.4685778413461538 0.41922008894230767 0.46963913221153847 0.4210536129807692 0.4489768004807692 0.41069047355769234 0.4488220024038462 0.40357204086538456 0.45122167307692307 0.40107651923076926 0.4628395144230769
1 0.5792122403846154 0.4146169783653846 0.5763155336538461 0.4260044903846154 0.5805104014423077 0.4296234831730769 0.5849052524038462 0.4341069447115385 0.5916769350961538 0.4272832067307692 0.5915833677884615 0.4111575216346154 0.5856266826923077 0.4126767908653846 0.5792122403846154 0.4146169783653846
1 0.606734670673077 0.4421471370192308 0.6107141298076922 0.4484120408653846 0.6263401033653846 0.4434316730769231 0.6257939302884614 0.4329330048076923 0.6199160168269231 0.427735625 0.6089995480769231 0.43343290624999997 0.606734670673077 0.4421471370192308
1 0.7247947451923077 0.35539226201923074 0.7394224110576922 0.3551659711538461 0.7387061370192308 0.3354327644230769 0.7264332211538461 0.3360175144230769 0.7216251538461538 0.3480363990384615 0.7247947451923077 0.35539226201923074
1 0.6519384423076923 0.3320364471153846 0.6383090841346154 0.32750866586538463 0.6306046562500001 0.34105396875000005 0.6437348605769231 0.34795878365384614 0.6519384423076923 0.3320364471153846
0 0.6311910817307692 0.4785614807692308 0.634686079326923 0.48199543749999996 0.6418527860576924 0.48347398317307694 0.6452136586538462 0.47934203124999997 0.6434451634615385 0.47076443509615384 0.6343402716346154 0.46995243028846156 0.6311910817307692 0.4785614807692308
0 0.570369391826923 0.45270071634615383 0.5766947307692308 0.4529669495192307 0.5811591899038462 0.4489490264423077 0.5851716875 0.44955983653846154 0.5850623269230769 0.4440631394230769 0.5714256875 0.44520563461538465 0.570369391826923 0.45270071634615383