1 0.09134615384615384 0.33975903605769225 0.06971153846153846 0.35421686778846156 0.0673076923076923 0.37349397596153844 0.11538461538461539 0.36626506009615384 0.11298076923076923 0.35421686778846156 0.09134615384615384 0.33975903605769225
1 0.3173076923076923 0.35180722836538464 0.31490384615384615 0.3783132524038461 0.3557692307692308 0.38072289182692304 0.34615384615384615 0.3493975913461539 0.3173076923076923 0.35180722836538464
1 0.3798076923076923 0.41686746874999997 0.3605769230769231 0.4120481923076923 0.34134615384615385 0.4289156634615384 0.34134615384615385 0.4409638557692308 0.3870192307692308 0.4530120480769231 0.3894230769230769 0.4337349399038462 0.3798076923076923 0.41686746874999997
1 0.40384615384615385 0.35421686778846156 0.38221153846153844 0.35421686778846156 0.37259615384615385 0.36626506009615384 0.36923557692307696 0.38423373557692303 0.41586538461538464 0.38795180769230775 0.41586538461538464 0.36867469951923076 0.40384615384615385 0.35421686778846156
1 0.44475721153846154 0.3780963846153846 0.4673365384615385 0.37944337259615385 0.46443028846153844 0.3565783125 0.4569543269230769 0.34698795192307696 0.44012740384615384 0.34216867548076924 0.4257043269230769 0.35180722836538464 0.4217283653846154 0.37540722836538465 0.44028605769230766 0.37742409615384614 0.44453365384615384 0.3987204807692307 0.44475721153846154 0.3780963846153846
1 0.4993245192307692 0.4337493966346154 0.5020072115384615 0.43330120432692304 0.49910096153846156 0.42186746875000003 0.4997716346153846 0.4034867475961538 0.5192307692307693 0.4072289158653846 0.5198918269230769 0.38457349278846154 0.5096153846153846 0.37349397596153844 0.49038461538461536 0.3710843365384615 0.4807692307692308 0.38072289182692304 0.4740625 0.40303855528846155 0.4935120192307692 0.40281445673076927 0.4953004807692307 0.4196265072115385 0.4993245192307692 0.4337493966346154
1 0.59375 0.4746987956730769 0.5793269230769231 0.46506024038461535 0.5576923076923077 0.4674698798076923 0.5456730769230769 0.48433734855769234 0.5432692307692307 0.49397590384615386 0.5649038461538461 0.5036144567307692 0.5985576923076923 0.5012048197115384 0.59375 0.4746987956730769
2 0.5003677884615384 0.7597590360576922 0.5362259615384615 0.7593710841346154 0.5416225961538461 0.7481614447115384 0.5319831730769231 0.7419759038461538 0.5161754807692308 0.7373373485576923 0.508048076923077 0.7276385552884614 0.47222355769230767 0.7462289158653845 0.47260817307692304 0.7574385552884616 0.5003677884615384 0.7597590360576922
2 0.3941225961538462 0.7025445793269232 0.4253533653846154 0.6975180721153845 0.4245817307692308 0.6878530120192308 0.41340144230769227 0.6882385552884615 0.4080024038461539 0.6828265072115385 0.38795432692307696 0.6921060240384616 0.3821706730769231 0.6994506033653847 0.3941225961538462 0.7025445793269232
2 0.3709903846153846 0.7133686754807692 0.39142307692307693 0.7110481923076922 0.3941225961538462 0.7052506033653846 0.38911057692307693 0.7009975913461539 0.3813990384615385 0.6936530120192308 0.34939903846153847 0.7009975913461539 0.34824278846153844 0.7122072283653846 0.3709903846153846 0.7133686754807692
2 0.31816826923076924 0.7408168677884616 0.3490120192307692 0.7334698798076923 0.35017067307692307 0.7245783125 0.3413028846153846 0.7226457836538462 0.32508653846153845 0.7148795192307692 0.2969639423076923 0.7319253004807693 0.29040865384615383 0.7435228918269231 0.31816826923076924 0.7408168677884616
2 0.13331490384615385 0.7425084326923077 0.15451923076923077 0.7367084326923077 0.1552908653846154 0.72511084375 0.1452668269230769 0.722790360576923 0.1256033653846154 0.7142867475961538 0.09013221153846153 0.73091084375 0.09321634615384615 0.7444409639423076 0.13331490384615385 0.7425084326923077