1 0.8619393028846154 0.7312559735576923 0.8655009302884615 0.7422746754807693 0.8712489399038461 0.7541906057692308 0.8854601129807692 0.7547984086538461 0.8934986009615385 0.7475567307692308 0.8950781850961539 0.7331795432692307 0.8619393028846154 0.7312559735576923
1 0.8646456826923077 0.7849078341346154 0.8665800697115384 0.7610613629807692 0.8144356730769231 0.7564257644230769 0.8163472187499999 0.7781021995192308 0.8266578052884616 0.7918161346153846 0.8360206033653846 0.7949154230769231 0.8568096009615385 0.7931635168269231 0.8646456826923077 0.7849078341346154
1 0.6611370024038461 0.7487791490384615 0.6681557379807692 0.7652386610576923 0.6820043052884616 0.7794518341346154 0.69677403125 0.7831918028846154 0.7155806490384615 0.7769813149038461 0.7172797091346154 0.7411283221153847 0.6611370024038461 0.7487791490384615
1 0.51308715625 0.738975733173077 0.5247863870192307 0.7663132187499999 0.5450585697115384 0.7771608149038461 0.5713727475961539 0.7717892548076922 0.5807104951923077 0.7580477403846154 0.5775994855769231 0.7218615913461538 0.51308715625 0.738975733173077
1 0.3959579206730769 0.7207289735576924 0.39539314182692303 0.6919133173076923 0.37486667548076924 0.688556389423077 0.3578158197115385 0.6914616778846153 0.35314217788461544 0.6996822043269231 0.3696437427884615 0.72610053125 0.38383338461538463 0.7285509423076924 0.3959579206730769 0.7207289735576924
1 0.23877699038461536 0.7181778894230769 0.24825104567307693 0.7062443461538461 0.25032662499999997 0.6896017932692308 0.21651495673076923 0.6800657884615385 0.21722093028846154 0.7160853605769231 0.23877699038461536 0.7181778894230769
1 0.18141032451923078 0.6728166947115385 0.18463120192307692 0.6481912379807693 0.17113857451923076 0.6890234591346154 0.15314876442307693 0.6893625552884616 0.15209675721153845 0.7019825408653847 0.15284560576923079 0.7279356899038463 0.16968503124999998 0.7415694615384615 0.1889723653846154 0.7453033894230768 0.2127403173076923 0.7325613389423077 0.21217553846153844 0.7037456802884615 0.17565082932692308 0.7030815793269232 0.18141032451923078 0.6728166947115385
2 0.8838384447115384 0.3925429423076923 0.8969081682692307 0.38086563701923076 0.9027512139423077 0.37532798557692304 0.8955622115384615 0.3657438653846154 0.8694583317307691 0.37302204807692313 0.8538919326923077 0.38243053605769234 0.8569568966346155 0.39592559134615385 0.8838384447115384 0.3925429423076923
2 0.7839186610576923 0.38352639182692305 0.7670292307692308 0.3788602451923077 0.7587766370192307 0.38632929567307694 0.7652072379807693 0.41089183173076926 0.78759178125 0.40758619230769233 0.7854991225961538 0.39272205048076925 0.7839186610576923 0.38352639182692305
2 0.6416024230769231 0.3763263004807692 0.6370051274038461 0.35167971634615386 0.6361200625 0.3421821081730769 0.6154576826923077 0.34144881730769233 0.6143848149038461 0.3581512307692308 0.6186242740384615 0.37802010576923073 0.6399247235576924 0.37564895673076926 0.6416024230769231 0.3763263004807692
2 0.6747698125 0.3983306754807692 0.6778506370192308 0.3821222475961538 0.6947893245192307 0.37141074759615383 0.6885895264423076 0.3587465120192308 0.6631375504807693 0.36362623798076926 0.6447761129807692 0.3731888509615385 0.6480605865384615 0.39788359375 0.6747698125 0.3983306754807692
2 0.5433633870192307 0.2634925 0.5226311298076923 0.27708508653846153 0.5157394903846154 0.2825501105769231 0.513046079326923 0.30578046875 0.541143141826923 0.3102516706730769 0.5485794567307692 0.29740721875 0.5699841394230769 0.28246314423076924 0.5711324519230769 0.2696100216346154 0.5653935432692307 0.2625699495192308 0.5433633870192307 0.2634925
2 0.5272231322115385 0.24349957692307692 0.515563670673077 0.23779761057692309 0.49424020192307694 0.23911682211538463 0.4906250576923077 0.2511012524038462 0.4798837163461539 0.2744744206730769 0.4775952139423077 0.28270427644230767 0.5108808725961539 0.28893051682692306 0.5148886874999999 0.2748006514423077 0.5255052764423077 0.2629534399038462 0.5323009062499999 0.2525897524038462 0.5272231322115385 0.24349957692307692
2 0.1809370408653846 0.3032260120192308 0.18236104326923078 0.28654792067307694 0.18533807451923076 0.2776655264423077 0.18755795432692307 0.26593456971153845 0.1720271201923077 0.25926662980769233 0.15216066586538463 0.2634828774038462 0.1531291971153846 0.29500751201923076 0.1809370408653846 0.3032260120192308
2 0.2567671057692308 0.29729368509615384 0.23477808413461537 0.30031497115384614 0.2201278485576923 0.30279421875 0.21770089903846154 0.32185124759615386 0.2510486610576923 0.3269571057692308 0.25507428365384616 0.3181473389423077 0.26795303846153845 0.3144950528846154 0.2759299903846154 0.310853375 0.27499004807692307 0.29855584375 0.2567671057692308 0.29729368509615384
2 0.26587512259615387 0.37084427403846154 0.26604799278846153 0.37966426442307694 0.29301322115384615 0.38790354326923077 0.29727986057692307 0.3792591466346154 0.3093076153846154 0.3742194014423077 0.3158614254807692 0.3710019278846154 0.31485175721153846 0.35698496634615384 0.2663084831730769 0.3554572572115384 0.26587512259615387 0.37084427403846154