1 0.36123651442307697 0.6647809711538462 0.35780317548076923 0.6715519254807693 0.35992213942307694 0.6816277548076923 0.3644453173076923 0.6899707836538462 0.3752519639423077 0.6959806923076923 0.39834481490384616 0.6962841850961539 0.3989407740384615 0.6910438461538462 0.39689854326923074 0.650400923076923 0.3776335072115385 0.6498534278846153 0.3671380841346154 0.655483 0.36123651442307697 0.6647809711538462
1 0.4423602307692308 0.5825578677884615 0.45691468269230767 0.5848864687499999 0.45567408653846153 0.5656475264423076 0.44127470913461536 0.565723795673077 0.4423602307692308 0.5825578677884615
1 0.37127122596153844 0.37363946634615386 0.38807050000000004 0.3735504879807693 0.38396478125000005 0.34710965625 0.3650757620192308 0.3520210817307692 0.37127122596153844 0.37363946634615386
1 0.43397115144230775 0.30354239182692305 0.4459706298076923 0.3034788341346154 0.4399302427884615 0.28426531730769233 0.42599608894230767 0.29155618509615383 0.43397115144230775 0.30354239182692305
1 0.4394574927884615 0.20247439903846154 0.42404636778846155 0.1496308701923077 0.40291252884615386 0.15695987500000003 0.3921536466346154 0.1762623701923077 0.4084139182692308 0.20504451201923077 0.4394574927884615 0.20247439903846154
3 0.5303071754807692 0.7398402836538461 0.5261450504807692 0.7213481466346153 0.5220954038461538 0.6483088245192307 0.4789419663461538 0.6495285360576923 0.5417276947115385 0.6303522235576923 0.5345518509615385 0.6112144855769231 0.4225628293269231 0.6451986105769231 0.4199662379807692 0.6561221634615385 0.4639817884615385 0.6734096610576923 0.4110877427884615 0.6910709230769231 0.4405013485576923 0.7340346995192307 0.5148563173076923 0.745873795673077 0.5303071754807692 0.7398402836538461
3 0.4679646033653846 0.5574391730769231 0.4702364471153846 0.5926704831730769 0.5352256322115385 0.5923262572115384 0.5329537884615385 0.5570949495192308 0.4679646033653846 0.5574391730769231
3 0.3999508389423077 0.33589867307692306 0.40337643990384614 0.3890221947115385 0.4862208509615385 0.38858340144230774 0.48279525 0.33545987740384614 0.3999508389423077 0.33589867307692306
3 0.45697511298076926 0.2822144014423077 0.4585863389423077 0.30720097355769227 0.5077122115384616 0.30694077403846154 0.506100983173077 0.2819541995192308 0.45697511298076926 0.2822144014423077
3 0.6281295 0.2106239110576923 0.6230740913461539 0.18010325 0.6153812067307692 0.15655862259615386 0.5474588798076924 0.15073094951923077 0.48068320192307695 0.1506973173076923 0.46023606009615387 0.16279316586538461 0.45833312019230765 0.19910509134615387 0.4913322884615384 0.21405487259615383 0.5310995048076923 0.22621910576923077 0.5723972307692308 0.23218539182692308 0.6198053677884615 0.24314961057692308 0.6281295 0.2106239110576923
1 0.42217920673076925 0.07782373076923076 0.41220820192307694 0.07118391586538461 0.4086516298076923 0.06044451201923077 0.4012796370192308 0.06454917307692308 0.3904087139423077 0.06986558894230768 0.39029206009615386 0.07918825 0.3958798341346154 0.09182941586538461 0.4103623605769231 0.10179164903846154 0.41138556249999997 0.09174729086538462 0.41024514182692307 0.07406189423076923 0.43039883653846156 0.08686407451923077 0.42217920673076925 0.07782373076923076
2 0.6063114447115384 0.05671042788461538 0.5919322524038462 0.05810490865384615 0.5917913629807692 0.07583798798076923 0.6011336466346153 0.07838664903846154 0.6032185985576923 0.08741377644230769 0.6070784735576923 0.09191121875 0.6151980985576923 0.08960926923076923 0.6167425841346154 0.08150594471153846 0.6153117235576923 0.07096938942307693 0.6063114447115384 0.05671042788461538
2 0.5846754615384615 0.09374272836538461 0.5936325072115385 0.09612503365384616 0.6006873245192308 0.11811415384615385 0.6083060120192307 0.11675548076923076 0.6109703389423077 0.11730670673076923 0.6082485745192308 0.08380987740384614 0.6004650600961539 0.07970850721153845 0.5843478004807692 0.08035921153846154 0.5846754615384615 0.09374272836538461
2 0.6535963100961539 0.31296896153846154 0.6581962572115384 0.31952415624999997 0.7053078389423076 0.3215335673076923 0.7248210456730769 0.3210525192307693 0.7266573341346153 0.31162933413461535 0.7108935721153846 0.3032423990384615 0.6626546129807692 0.29540275721153847 0.6539773990384615 0.30655578365384617 0.6535963100961539 0.31296896153846154
2 0.7837061274038462 0.19406667548076922 0.7822535865384614 0.20649975 0.776385670673077 0.2455078028846154 0.7899285649038461 0.24975909375 0.7999394062499999 0.2476347716346154 0.8037130456730769 0.2391419495192308 0.8022432788461539 0.18135305528846152 0.7987092475961538 0.17610091105769232 0.7861357163461539 0.1821913533653846 0.7837061274038462 0.19406667548076922
2 0.5676434759615385 0.29334875 0.5668549855769232 0.28406215384615385 0.5560330985576922 0.28354932451923076 0.5581279447115385 0.29548487980769234 0.558301860576923 0.2958736802884615 0.5676434759615385 0.29334875
2 0.5620340793269231 0.3149959783653846 0.5671740985576923 0.31250292307692307 0.5645230673076923 0.2948832644230769 0.5569415456730769 0.29473337259615384 0.5588136274038461 0.30786814182692307 0.5620340793269231 0.3149959783653846
2 0.5661821177884615 0.3411623389423077 0.5668875336538461 0.32276470432692306 0.5622979254807693 0.32202881490384616 0.5563343677884616 0.33230142067307694 0.5578938894230769 0.34204101201923076 0.5661821177884615 0.3411623389423077
2 0.6027184447115385 0.5773085072115385 0.600634795673077 0.561227891826923 0.5981421225961538 0.5685880673076923 0.5910306009615385 0.5693233846153846 0.5918879687499999 0.5791196177884615 0.6027184447115385 0.5773085072115385
2 0.6041452283653845 0.5804475913461539 0.5939037211538462 0.5813775072115385 0.5945832596153846 0.5911337884615384 0.6003623942307692 0.5921857379807692 0.6039210096153846 0.5986381923076923 0.6063589447115384 0.5958274639423077 0.6041452283653845 0.5804475913461539
2 0.6913113028846154 0.6880927524038462 0.6871438653846155 0.6721987860576923 0.6797033966346154 0.6759116850961538 0.6647001586538461 0.68963140625 0.6528326706730769 0.6896942620192308 0.6529201466346154 0.7065384326923076 0.6829767379807692 0.707724016826923 0.6913113028846154 0.6880927524038462
2 0.6240179639423077 0.6790260961538461 0.6306943245192307 0.6821157235576922 0.6420832067307691 0.6719130144230768 0.6546941899038461 0.6725462764423077 0.6612695024038462 0.666213358173077 0.6599346634615385 0.6536290504807692 0.6421547235576923 0.6540720480769231 0.6265841802884615 0.6616747043269231 0.6240179639423077 0.6790260961538461