1 0.5168269230769231 0.46153846153846156 0.4954302884615384 0.4610168269230769 0.4951923076923077 0.46634615384615385 0.49278846153846156 0.47596153846153844 0.5227932692307692 0.4791802884615385 0.5205528846153846 0.4647475961538462 0.5168269230769231 0.46153846153846156
1 0.7768437499999999 0.4216033653846154 0.771295673076923 0.40531730769230767 0.7524447115384615 0.40306009615384614 0.7447307692307692 0.4044447115384615 0.740733173076923 0.41281971153846153 0.7370408653846153 0.4191274038461538 0.7304014423076922 0.4259447115384616 0.7396634615384615 0.42821875000000004 0.7398365384615384 0.4201754807692308 0.7573245192307693 0.4186754807692308 0.7768437499999999 0.4216033653846154
1 0.7067307692307693 0.44471153846153844 0.6943798076923078 0.44329807692307693 0.6899038461538461 0.4495192307692308 0.6817980769230769 0.46182932692307693 0.717625 0.46235336538461536 0.7141298076923076 0.44679567307692303 0.7067307692307693 0.44471153846153844
1 0.9447115384615384 0.4423076923076923 0.9311177884615385 0.44122836538461535 0.9206730769230769 0.44711538461538464 0.9182692307692307 0.45913461538461536 0.9544951923076923 0.46505528846153843 0.9516009615384615 0.4501346153846154 0.9447115384615384 0.4423076923076923
1 0.9879807692307693 0.45243990384615385 0.9975961538461539 0.4504639423076923 0.9951923076923077 0.43320913461538463 0.9879807692307693 0.45243990384615385
1 0.6311826923076923 0.4525625 0.6255889423076924 0.4509903846153846 0.6206971153846154 0.44994230769230764 0.6114350961538462 0.45064182692307697 0.6081730769230769 0.4567307692307692 0.6058413461538461 0.4688221153846154 0.6153846153846154 0.45913461538461536 0.6367740384615386 0.46287740384615383 0.6311826923076923 0.4525625
1 0.8929783653846154 0.5152932692307692 0.8920024038461538 0.5250528846153846 0.9046899038461539 0.5231009615384615 0.9144495192307692 0.5240769230769231 0.9056658653846154 0.5123653846153846 0.8929783653846154 0.5152932692307692
1 0.5798509615384615 0.49759615384615385 0.5705120192307692 0.4976875 0.5654278846153846 0.5 0.5595024038461538 0.5113245192307693 0.5775024038461539 0.5083509615384615 0.5846586538461538 0.5096153846153846 0.5798509615384615 0.49759615384615385
2 0.5010096153846153 0.7058149038461539 0.49821394230769234 0.6993485576923076 0.48283413461538466 0.6989975961538462 0.48510576923076926 0.7178774038461538 0.5111466346153846 0.7182283653846154 0.508 0.7080889423076923 0.5010096153846153 0.7058149038461539
2 0.5099326923076923 0.7145985576923077 0.5380697115384615 0.7154735576923077 0.5370216346153847 0.7079567307692307 0.5221658653846154 0.7091802884615385 0.5184951923076923 0.7018389423076923 0.5057379807692308 0.7013125 0.50171875 0.7007884615384616 0.5018942307692308 0.7069086538461539 0.5099326923076923 0.7145985576923077
2 0.5536105769230769 0.6946298076923078 0.5415528846153846 0.6953293269230769 0.5415528846153846 0.7047692307692308 0.5391057692307692 0.7101875 0.5560576923076923 0.7117620192307693 0.5536105769230769 0.6946298076923078
2 0.5740600961538461 0.6953293269230769 0.5603365384615384 0.6968197115384616 0.5604278846153846 0.7121105769230769 0.582798076923077 0.7101875 0.5796514423076923 0.7021466346153846 0.5740600961538461 0.6953293269230769
2 0.62578125 0.6992620192307691 0.6129807692307693 0.7004254807692308 0.6137235576923077 0.712548076923077 0.6306754807692307 0.7108004807692307 0.6270048076923077 0.7029326923076924 0.62578125 0.6992620192307691
2 0.6533389423076923 0.6973605769230768 0.6442307692307693 0.7016274038461539 0.6435504807692307 0.711173076923077 0.6709903846153846 0.7108221153846154 0.6694158653846153 0.7043533653846155 0.6533389423076923 0.6973605769230768
2 0.6889254807692308 0.6976225961538461 0.6733725961538461 0.6983221153846154 0.6642836538461538 0.7033918269230769 0.686829326923077 0.7079375 0.6920721153846153 0.7063629807692308 0.6889254807692308 0.6976225961538461
2 0.7486947115384616 0.6909807692307692 0.7518413461538462 0.708110576923077 0.7756105769230769 0.7089855769230768 0.7670456730769231 0.6901057692307693 0.7486947115384616 0.6909807692307692