1 0.12259615384615384 0.24759615384615385 0.12259615384615384 0.2644230769230769 0.16105769230769232 0.2668269230769231 0.15144230769230768 0.24278846153846154 0.12259615384615384 0.24759615384615385
1 0.21634615384615385 0.23317307692307693 0.21634615384615385 0.25961538461538464 0.24759615384615385 0.25721153846153844 0.24278846153846154 0.23076923076923078 0.21634615384615385 0.23317307692307693
1 0.31009615384615385 0.2692307692307692 0.2860576923076923 0.2668269230769231 0.2620192307692308 0.2956730769230769 0.2692307692307692 0.3173076923076923 0.33413461538461536 0.3245192307692308 0.3317307692307692 0.28846153846153844 0.31009615384615385 0.2692307692307692
1 0.41586538461538464 0.2764423076923077 0.39663461538461536 0.27403846153846156 0.37740384615384615 0.28846153846153844 0.375 0.3173076923076923 0.4206730769230769 0.3293269230769231 0.43028846153846156 0.30288461538461536 0.41586538461538464 0.2764423076923077
1 0.4567307692307692 0.23798076923076922 0.4375 0.23557692307692307 0.4206730769230769 0.25 0.4230769230769231 0.2692307692307692 0.46875 0.27884615384615385 0.47115384615384615 0.25240384615384615 0.4567307692307692 0.23798076923076922
1 0.5264423076923077 0.23798076923076922 0.5072115384615384 0.25240384615384615 0.5024038461538461 0.2860576923076923 0.5576923076923077 0.2860576923076923 0.5480769230769231 0.24759615384615385 0.5264423076923077 0.23798076923076922
1 0.5721153846153846 0.2548076923076923 0.5600961538461539 0.22115384615384615 0.5336538461538461 0.21634615384615385 0.5264423076923077 0.22355769230769232 0.5216346153846154 0.23317307692307693 0.5432692307692307 0.24278846153846154 0.5600961538461539 0.2644230769230769 0.5721153846153846 0.2548076923076923
1 0.7235576923076923 0.25240384615384615 0.6971153846153846 0.25721153846153844 0.6850961538461539 0.27403846153846156 0.6850961538461539 0.3004807692307692 0.7451923076923077 0.29086538461538464 0.7379807692307693 0.2620192307692308 0.7235576923076923 0.25240384615384615
1 0.9230769230769231 0.21875 0.90625 0.23557692307692307 0.90625 0.25240384615384615 0.9567307692307693 0.24278846153846154 0.9399038461538461 0.21875 0.9230769230769231 0.21875
1 0.9783653846153846 0.24759615384615385 0.9591346153846154 0.24519230769230768 0.9375 0.25721153846153844 0.9326923076923077 0.2692307692307692 0.9807692307692307 0.2980769230769231 0.9855769230769231 0.25961538461538464 0.9783653846153846 0.24759615384615385
2 0.9957716346153845 0.6372235576923077 0.9953028846153846 0.6245624999999999 0.9643605769230769 0.6175288461538462 0.958266826923077 0.6330024038461539 0.9418581730769231 0.6348798076923077 0.9554543269230769 0.6456634615384615 0.9957716346153845 0.6372235576923077
2 0.9563918269230769 0.6297211538461538 0.9657668269230769 0.62315625 0.9657668269230769 0.6090865384615385 0.9526418269230769 0.6006466346153846 0.9498461538461539 0.60084375 0.938576923076923 0.6076802884615384 0.9151346153846155 0.6161225961538462 0.9240432692307692 0.6292524038461539 0.9563918269230769 0.6297211538461538
2 0.940451923076923 0.5903293269230769 0.942795673076923 0.5786057692307692 0.9156706730769231 0.5550600961538461 0.9076346153846154 0.5654759615384616 0.8916947115384615 0.5715721153846154 0.8968509615384614 0.5823581730769231 0.940451923076923 0.5903293269230769
2 0.77190625 0.732670673076923 0.7644038461538462 0.7218846153846153 0.7508100961538461 0.7087548076923077 0.7498701923076924 0.7003149038461539 0.7236177884615385 0.7050024038461539 0.7198677884615384 0.7050024038461539 0.7170552884615385 0.7218846153846153 0.7306490384615384 0.7265745192307692 0.7629975961538461 0.7397043269230769 0.77190625 0.732670673076923
2 0.6351201923076922 0.737360576923077 0.6524663461538461 0.7345456730769231 0.6796562500000001 0.7279807692307692 0.6913774038461539 0.7265745192307692 0.6988798076923076 0.7265745192307692 0.6946586538461539 0.7073485576923078 0.66225 0.6949903846153845 0.6562163461538462 0.7026586538461538 0.6487163461538461 0.7190721153846155 0.6407451923076923 0.7228221153846154 0.6351201923076922 0.737360576923077
2 0.5579903846153846 0.7185961538461538 0.5898701923076923 0.7242235576923076 0.5983076923076923 0.7181274038461538 0.5800240384615385 0.7054663461538462 0.5612716346153847 0.6899903846153846 0.529391826923077 0.6960865384615385 0.5284543269230769 0.7171875000000001 0.5579903846153846 0.7185961538461538
2 0.47313461538461543 0.7026514423076923 0.4371995192307692 0.6917644230769231 0.4426610576923077 0.7218774038461538 0.4637596153846154 0.7298509615384615 0.4712596153846154 0.7110913461538462 0.47313461538461543 0.7026514423076923
2 0.42427403846153844 0.7171875000000001 0.4027091346153846 0.7092163461538461 0.39005048076923077 0.6974927884615384 0.3591754807692308 0.6988581730769231 0.36004807692307694 0.7200024038461539 0.39145673076923077 0.7326634615384615 0.42146153846153844 0.7364158653846153 0.42427403846153844 0.7171875000000001
2 0.36567307692307693 0.7237548076923077 0.35442067307692304 0.7176586538461538 0.3473894230769231 0.7059350961538461 0.3191947115384615 0.7104663461538461 0.32019711538461537 0.7303197115384615 0.35488942307692306 0.7429807692307692 0.3712980769230769 0.7326634615384615 0.36567307692307693 0.7237548076923077
2 0.32207451923076924 0.8044110576923077 0.32207451923076924 0.7851850961538461 0.2981634615384615 0.7739302884615384 0.2723798076923077 0.7608004807692308 0.24117067307692308 0.7710793269230769 0.24846875 0.8039423076923077 0.2676923076923077 0.8011298076923077 0.29300721153846154 0.8076947115384615 0.32207451923076924 0.8044110576923077
2 0.2981634615384615 0.7701778846153846 0.32535576923076925 0.7734615384615384 0.3244182692307692 0.7561105769230768 0.29910096153846155 0.7523581730769231 0.2831610576923077 0.7429807692307692 0.27472355769230766 0.7396971153846154 0.2756610576923077 0.7640817307692308 0.2981634615384615 0.7701778846153846
2 0.6480552884615385 0.6320096153846154 0.6213629807692308 0.6108509615384615 0.5916466346153846 0.6138725961538462 0.586608173076923 0.6345288461538462 0.6097788461538461 0.6360408653846155 0.6248870192307692 0.6405745192307692 0.6480552884615385 0.6320096153846154
2 0.09834375000000001 0.5506201923076923 0.10668990384615386 0.5481947115384616 0.10318990384615384 0.5331153846153847 0.08488461538461538 0.5309615384615385 0.08084615384615385 0.5382307692307692 0.07357692307692308 0.550889423076923 0.08784615384615384 0.5565432692307692 0.09834375000000001 0.5506201923076923
2 0.15784375 0.5449639423076923 0.15138221153846154 0.5347307692307692 0.14007451923076925 0.5236899038461538 0.11799759615384617 0.5269206730769231 0.12183173076923078 0.5327884615384615 0.12311298076923077 0.5463100961538461 0.13468990384615384 0.5471177884615385 0.1465360576923077 0.5498125 0.15784375 0.5449639423076923