1 0 0.37966275240384617 0.04059627884615384 0.37943621875000005 0.03102008894230769 0.34474119230769235 0 0.3311577043269231 0 0.37966275240384617
1 0.14774110096153847 0.3340248052884615 0.12374835336538462 0.3317622403846154 0.1110605 0.34022060096153844 0.10675965384615385 0.36636586057692305 0.16434224759615385 0.37179601201923074 0.16332593269230772 0.3523904735576923 0.14774110096153847 0.3340248052884615
1 0.46147685576923075 0.4083416322115384 0.44676517307692304 0.40808390865384614 0.43812816346153843 0.4191231610576923 0.4382235504807692 0.4325403293269231 0.47683956009615386 0.4344778149038462 0.4729843245192308 0.4129701370192308 0.46147685576923075 0.4083416322115384
1 0.2942027355769231 0.35758058653846153 0.3135433100961539 0.35216812980769235 0.33751421634615386 0.36230457932692306 0.34104079086538464 0.37540568028846155 0.34465449278846155 0.35018041826923074 0.3268432548076923 0.3291910865384615 0.2956526875 0.3262497524038462 0.27524839903846154 0.34122157451923074 0.2728009350961539 0.35710713221153845 0.26305824759615387 0.3762777019230769 0.29544314663461535 0.37876926923076926 0.2942027355769231 0.35758058653846153
1 0.968596954326923 0.47418967307692306 0.9843509495192309 0.48178364423076925 0.9856454230769232 0.44683282932692303 0.9802684975961539 0.4463257740384616 0.968596954326923 0.47418967307692306
1 0.9200231466346154 0.4335699254807693 0.9088088677884615 0.43234585096153844 0.8894208918269231 0.4667232115384615 0.8984909639423078 0.4682036899038462 0.9241014615384615 0.4681978557692308 0.9273115841346153 0.4437455432692308 0.9200231466346154 0.4335699254807693
1 0.910889766826923 0.4321969230769231 0.9088571394230769 0.39338584375 0.8929265673076923 0.37981499759615384 0.8615631274038461 0.3792710745192308 0.8453106490384615 0.3918055480769231 0.837268764423077 0.41214544471153847 0.8951010625 0.43558612980769235 0.8980290408653846 0.44305269230769234 0.910889766826923 0.4321969230769231
1 0.8326628846153846 0.44543548798076926 0.8181341346153845 0.45034587740384613 0.8107244903846154 0.46654070673076925 0.8185310456730769 0.4686599375 0.8397423485576923 0.4720432620192308 0.8397276057692308 0.45238218509615385 0.8326628846153846 0.44543548798076926
1 0.75940628125 0.4103809447115384 0.7365797019230769 0.40886315865384615 0.7252497379807692 0.41373245432692307 0.7191214855769231 0.4405646658653846 0.7724286682692308 0.44930875721153846 0.7672516610576923 0.4189967235576923 0.75940628125 0.4103809447115384
1 0.6657697403846154 0.4528735985576923 0.6746753581730769 0.4633682668269231 0.6995324567307691 0.45364377884615387 0.6978246610576923 0.4438278798076923 0.6740047836538461 0.43916790625 0.6657697403846154 0.4528735985576923
1 0.5734290264423076 0.39347772355769234 0.5520084254807692 0.3890440072115385 0.5394384086538462 0.3970741826923077 0.5343974975961538 0.40939631971153845 0.5834140480769231 0.4302750288461539 0.5795896298076924 0.40854095673076923 0.5734290264423076 0.39347772355769234
1 0.5153924855769231 0.3915625769230769 0.49390722355769234 0.39080608653846155 0.4822416298076923 0.40019599038461534 0.47949066826923076 0.42323855048076925 0.5298754350961539 0.4279899326923077 0.5295506033653846 0.3989947524038462 0.5153924855769231 0.3915625769230769
1 0.6059582788461538 0.4097458894230769 0.6576708004807692 0.4136376923076923 0.6391996490384616 0.3758711682692307 0.6245488557692307 0.36307753846153845 0.5911292379807692 0.37064770913461537 0.5792603365384615 0.386475125 0.5747073365384615 0.40161179807692304 0.5889370192307692 0.42024551923076925 0.6048187211538462 0.4255496201923077 0.6059582788461538 0.4097458894230769
2 0.8641787836538461 0.8898513533653846 0.8368775745192308 0.8928693677884615 0.8444342355769231 0.9113517259615385 0.8387715889423077 0.9338373004807692 0.8405172115384616 0.9376345552884615 0.8610431610576923 0.9387640120192308 0.872293641826923 0.91720846875 0.8641787836538461 0.8898513533653846
2 0.8009116370192307 0.9209790673076923 0.8027914591346155 0.9397322692307692 0.8327476250000001 0.9389221442307693 0.8378071610576924 0.9192061514423078 0.8347270889423076 0.8946868485576923 0.8359436322115384 0.8721875 0.796928329326923 0.8724040096153847 0.8009116370192307 0.9209790673076923
2 0.7351568100961539 0.7598782644230769 0.7153835817307693 0.7587618605769231 0.7146060120192307 0.7695454134615385 0.7083852932692308 0.7727024543269232 0.704233764423077 0.783544375 0.7140651682692307 0.7874645 0.7338662067307692 0.7829692307692308 0.7351568100961539 0.7598782644230769
2 0.6983501153846153 0.75603078125 0.6980473389423077 0.7429102524038461 0.6770729567307693 0.7394237572115384 0.6663230072115385 0.7586272692307693 0.6643492163461538 0.7704228052884615 0.6707506778846154 0.7751442692307692 0.6823107836538462 0.7758602860576923 0.6866558605769231 0.75717515625 0.6983501153846153 0.75603078125
2 0.5700589711538462 0.8334717451923077 0.5699528149038462 0.8765175336538462 0.5972969254807692 0.8817150168269231 0.599485076923077 0.8669466923076924 0.5907765072115384 0.8526472884615385 0.5912800769230769 0.8373556322115385 0.5700589711538462 0.8334717451923077
2 0.47165031730769236 0.8250291706730769 0.48084972836538464 0.8169104399038462 0.49336712740384614 0.8199614831730769 0.4936233221153846 0.7919114975961539 0.4716225 0.7838413725961538 0.46834889663461543 0.7928930432692307 0.45316428125 0.8060616490384616 0.4509223701923077 0.8215755673076923 0.47165031730769236 0.8250291706730769
2 0.32618830528846154 0.7658688485576923 0.33521875721153843 0.7757042764423077 0.35581614423076924 0.7757760240384616 0.35251445673076925 0.7473956057692307 0.32729117067307695 0.7453814711538461 0.32618830528846154 0.7658688485576923
2 0.31976195913461536 0.7443069807692309 0.29768330048076924 0.7455823942307693 0.29587044951923075 0.7551459399038462 0.29076521875 0.7584105889423077 0.2886342451923077 0.7671934711538462 0.30388883413461537 0.7686320096153847 0.31984060817307697 0.7604017908653845 0.31976195913461536 0.7443069807692309
2 0.35704033653846157 0.7057345048076923 0.36141441586538464 0.7229946995192308 0.38791081490384616 0.7243709879807692 0.3829964110576923 0.6962126153846153 0.3629497596153846 0.6913171033653847 0.35704033653846157 0.7057345048076923
2 0.42877271875 0.6636382307692308 0.4259141802884615 0.6877037115384615 0.45253755288461534 0.6977040985576923 0.45634638461538457 0.6864557379807692 0.4467832764423077 0.6788148341346154 0.4458542427884616 0.6676458701923077 0.42877271875 0.6636382307692308
2 0.40474853365384617 0.6742402043269231 0.4104026298076923 0.6841337716346154 0.42319156490384613 0.6782265841346155 0.4215537091346154 0.654543264423077 0.40258256971153844 0.6523197788461539 0.40474853365384617 0.6742402043269231