1 0.15172924038461538 0.6026389399038462 0.1485541418269231 0.5860928125 0.12775744711538461 0.5926868245192307 0.13565482932692308 0.6082928870192308 0.15172924038461538 0.6026389399038462
1 0.19534838701923077 0.4467140769230769 0.1851830793269231 0.41928935336538464 0.16574713942307692 0.4329745576923077 0.1693758221153846 0.4518844158653846 0.19534838701923077 0.4467140769230769
1 0.2548055456730769 0.5649414278846154 0.2568063173076923 0.5498189735576923 0.22611146634615384 0.5559293725961538 0.23400885096153848 0.5715354399038461 0.2548055456730769 0.5649414278846154
1 0.3267334158653846 0.5309905889423077 0.33254930288461537 0.5102006081730769 0.3028548389423077 0.5087497764423077 0.3064835216346154 0.5276596370192308 0.3267334158653846 0.5309905889423077
1 0.4907458341346154 0.4787085456730769 0.4875707379807693 0.46216242067307695 0.46205175721153846 0.4696964903846154 0.47321745192307696 0.4895599903846154 0.4907458341346154 0.4787085456730769
1 0.4573294735576923 0.47063655048076924 0.4261810360576923 0.47438321875 0.4335316201923077 0.4999142451923077 0.4518236995192308 0.4965427980769231 0.4605045697115384 0.4871826778846154 0.4573294735576923 0.47063655048076924
1 0.5213538725961538 0.4498543269230769 0.5384629663461539 0.4748218942307692 0.5568578173076923 0.46554768509615385 0.55704425 0.44097030048076924 0.5441051370192308 0.43360727163461543 0.536140641826923 0.4370430889423077 0.5213538725961538 0.4498543269230769
1 0.6379631009615385 0.40277560096153847 0.6347880048076924 0.38622947355769227 0.6125373389423077 0.39802097836538464 0.6247034206730769 0.41032325240384615 0.6379631009615385 0.40277560096153847
1 0.8563625168269231 0.39120135336538464 0.853187420673077 0.3746552283653846 0.8352054519230769 0.3831429399038461 0.8426492499999999 0.3963852716346154 0.8563625168269231 0.39120135336538464
1 0.8607757307692308 0.30792885817307697 0.8591032908653846 0.31488766105769234 0.8460232716346153 0.3245468173076923 0.856267735576923 0.3377445168269231 0.8685410913461538 0.3396964302884615 0.8785324615384614 0.3278913485576923 0.8720890504807692 0.30708778846153845 0.8607757307692308 0.30792885817307697
1 0.8301227956730769 0.3694305745192308 0.8307628125 0.3472169230769231 0.8033362788461538 0.35758475721153843 0.81640953125 0.37461449278846154 0.8301227956730769 0.3694305745192308
1 0.8152227115384616 0.4067531057692308 0.8092328894230769 0.3883132764423077 0.7926116778846153 0.4038921850961538 0.8015094423076923 0.4119370216346154 0.8152227115384616 0.4067531057692308
1 0.7859818341346153 0.4076660096153846 0.7894365769230769 0.38734606009615385 0.7743625552884615 0.38543877884615385 0.7728153653846154 0.4029249663461538 0.7859818341346153 0.4076660096153846
1 0.770000639423077 0.4010312644230769 0.7640108125 0.38259143509615384 0.7488435745192308 0.3929728485576923 0.7562873701923076 0.40621518028846154 0.770000639423077 0.4010312644230769
1 0.9895868701923077 0.3573184038461538 0.9855046033653847 0.3360448125 0.9651614927884615 0.3450025552884615 0.9754200192307692 0.3601385889423077 0.9895868701923077 0.3573184038461538
1 0.9419104399038462 0.3643552884615385 0.934466641826923 0.35111295673076925 0.9150307043269231 0.3647981610576923 0.9243820576923076 0.3752067307692308 0.9361877692307693 0.37285657692307694 0.9419104399038462 0.3643552884615385
2 0.9563518341346153 0.19722995673076923 0.9574500721153847 0.18708724519230768 0.9393968509615385 0.18706630288461537 0.9288952620192308 0.19819257451923075 0.94621546875 0.20378283653846155 0.9563518341346153 0.19722995673076923
2 0.8796824062499999 0.18630064903846152 0.8662183389423077 0.19139078125 0.8744647572115384 0.20300337740384616 0.890492108173077 0.1955968076923077 0.8923684519230769 0.1958834158653846 0.8796824062499999 0.18630064903846152
2 0.7860796225961538 0.10995586778846154 0.7791675817307693 0.12097125961538462 0.7998737355769231 0.12227270192307692 0.8217191682692307 0.11069438461538463 0.8149682692307691 0.10059024278846153 0.8074996778846154 0.10870533894230769 0.7860796225961538 0.10995586778846154