1 0.5705854903846154 0.6445332115384615 0.5789086947115385 0.6209842091346154 0.5679284278846154 0.5972651778846154 0.5428076129807692 0.5913625985576924 0.5035462451923076 0.6032764663461538 0.4975611610576923 0.6271450817307692 0.5189791009615384 0.6671029423076923 0.5458954423076923 0.6658449423076923 0.5705854903846154 0.6445332115384615
1 0.59757428125 0.5272573870192307 0.557826235576923 0.5218240024038462 0.5384109350961539 0.5413880913461538 0.5540674447115385 0.56574634375 0.5739135120192308 0.5733965625 0.6020827836538462 0.5574977788461538 0.6068708509615385 0.5384028894230769 0.59757428125 0.5272573870192307
1 0.5846638221153846 0.3279985865384616 0.6148357355769231 0.37162175480769233 0.6400124639423077 0.36765727884615385 0.6565470480769231 0.3402933846153846 0.641489045673077 0.3135482716346154 0.6110934807692308 0.3093933317307692 0.5846638221153846 0.3279985865384616
1 0.6705529302884615 0.13977657932692306 0.6974692716346154 0.13851857451923077 0.7040528653846153 0.1122630985576923 0.6777350288461539 0.11113424038461539 0.6705529302884615 0.13977657932692306
0 0.3620964879807692 0.7378430384615384 0.35105660336538463 0.7202060817307692 0.3361496225961539 0.7097551177884616 0.3157757139423077 0.7266034663461538 0.32034917788461537 0.7412507115384616 0.3413673509615384 0.7588469807692307 0.3529098341346154 0.7607753413461539 0.3620964879807692 0.7378430384615384
0 0.30919969471153846 0.560439108173077 0.30530378125 0.5732275216346154 0.31713471875 0.5836110240384615 0.33104892067307695 0.5925240721153846 0.3496404254807692 0.5677199374999999 0.33376122355769233 0.552929451923077 0.30919969471153846 0.560439108173077
0 0.4360609471153846 0.30027426201923074 0.42237493990384617 0.3096235721153846 0.4111247620192308 0.3298199375 0.41702007692307697 0.34605255048076927 0.4323043605769231 0.36321557211538463 0.45606126201923075 0.35307047836538463 0.46158054567307694 0.3149828076923077 0.4563277764423077 0.3030446466346154 0.4445988245192308 0.3196725168269231 0.4360609471153846 0.30027426201923074
2 0.08453133413461539 0.6920309615384616 0.16134390865384615 0.7165603846153845 0.1745695985576923 0.6637389687499999 0.07979053365384615 0.6670664639423076 0.08453133413461539 0.6920309615384616
2 0.09198373798076923 0.6476902379807693 0.17921722115384617 0.6526011682692308 0.18644045192307693 0.6091647451923077 0.12321130528846155 0.6145510769230769 0.09761972355769231 0.6105837716346154 0.09198373798076923 0.6476902379807693
2 0.25941896634615386 0.4138233605769231 0.20226859615384615 0.41555752163461535 0.17881219471153847 0.40673983413461534 0.15978640144230769 0.37842043509615386 0.14189470432692308 0.4260098245192308 0.15859967067307693 0.45260976923076923 0.2534920576923077 0.45622733413461536 0.25941896634615386 0.4138233605769231
2 0.26188109134615384 0.3825559447115384 0.27109402403846156 0.3403271322115385 0.20624748076923077 0.3375432403846154 0.19119935817307693 0.31163636057692307 0.17951276923076923 0.3198592451923077 0.1776877860576923 0.36917583173076923 0.2075969855769231 0.37419991826923077 0.26188109134615384 0.3825559447115384
2 0.2265022355769231 0.5256823149038461 0.25807061057692304 0.53139978125 0.2599169182692308 0.4984509519230769 0.23218013461538461 0.5012063798076923 0.2265022355769231 0.5256823149038461
2 0.2726452043269231 0.5829581177884615 0.2524946634615385 0.5572918557692308 0.23015150721153846 0.5879054326923077 0.23629450240384614 0.59996775 0.26076180288461537 0.5864784278846155 0.2726452043269231 0.5829581177884615