1 0.9293560120192308 0.5375050288461538 0.929102389423077 0.52295096875 0.8931717067307693 0.5303054735576923 0.9065666177884615 0.54858990625 0.9293560120192308 0.5375050288461538
2 0.9380823701923077 0.3359543942307692 0.9367217740384616 0.32873087500000003 0.92367896875 0.3345177259615385 0.9139126826923077 0.34075456730769227 0.9190023822115384 0.3701931971153846 0.9338599350961538 0.36171832451923075 0.9295371875 0.34141002163461537 0.9380823701923077 0.3359543942307692
2 0.8847448629807692 0.3388570024038462 0.8703624206730769 0.3128598701923077 0.8833786947115385 0.29725103365384614 0.8838651033653846 0.28773527403846155 0.8703098004807692 0.29321821875 0.8483337067307691 0.307247375 0.8519829038461538 0.3290382572115385 0.8592939230769231 0.3484907764423077 0.8847448629807692 0.3388570024038462
2 0.8140630024038462 0.3116733173076923 0.8274511995192307 0.3464447764423077 0.8460056298076922 0.33602899519230767 0.8369785288461539 0.3098958413461539 0.844132423076923 0.29945753365384614 0.8399760625 0.2943363653846154 0.8140630024038462 0.3116733173076923
2 0.7897004543269232 0.3018589975961538 0.7811412283653846 0.2961853365384615 0.7549682115384615 0.31265725 0.7477469375 0.32129821153846155 0.7529855288461539 0.3418858004807692 0.7747641634615385 0.3315101971153846 0.7695948413461539 0.31801302884615384 0.7897004543269232 0.3018589975961538
2 0.7534141826923076 0.3044067668269231 0.7540931610576924 0.29354925240384616 0.7384318653846154 0.2971494206730769 0.7222802860576922 0.31622778846153843 0.7234456418269232 0.33325817307692307 0.7470295769230769 0.3234727067307693 0.7447283293269231 0.31611557932692314 0.7534141826923076 0.3044067668269231
2 0.7240537379807692 0.3722923221153846 0.719332108173077 0.36538518990384616 0.7051359567307693 0.37577337259615384 0.7022028990384614 0.37936570673076925 0.7067846995192307 0.39562103365384615 0.7192057740384615 0.38892393990384616 0.7195231995192307 0.38153559375 0.7240537379807692 0.3722923221153846
2 0.6756804591346154 0.3057955721153846 0.6772336370192308 0.2926452668269231 0.6660221033653847 0.2878016394230769 0.623417875 0.3112616394230769 0.6276963485576924 0.33159906971153846 0.6499766682692307 0.32902469471153845 0.6505614591346155 0.317469 0.6756804591346154 0.3057955721153846
2 0.6293287331730769 0.29034092788461535 0.6157188245192308 0.28702828846153844 0.5880375985576923 0.3112496105769231 0.5952646298076923 0.33297698557692307 0.6182539879807692 0.3218839230769231 0.6293287331730769 0.29034092788461535
2 0.6029124423076924 0.42044030048076925 0.6048310048076924 0.4372166802884615 0.6177329807692308 0.4329670841346154 0.6192557067307691 0.42402680288461536 0.6238365817307692 0.4232658774038462 0.6234918822115384 0.41483206490384616 0.6029124423076924 0.42044030048076925
2 0.6005734639423077 0.42253758894230764 0.6001667980769231 0.41509554326923076 0.589819548076923 0.4169404567307692 0.5778230817307692 0.42849372115384615 0.5799668437500001 0.43327134375000004 0.5949742836538461 0.4338073701923077 0.5949109038461539 0.4294425625 0.6005734639423077 0.42253758894230764
2 0.5857024302884615 0.40563517548076927 0.5886494038461538 0.3975204879807693 0.5851046201923077 0.3919085096153846 0.5493168725961538 0.40653321153846156 0.5498437283653846 0.41857561538461535 0.5696004350961539 0.4189409350961538 0.569520326923077 0.4134571394230769 0.5857024302884615 0.40563517548076927
2 0.5412443076923077 0.4045923221153846 0.5389695504807692 0.3991192379807692 0.524627375 0.40351515625 0.5174417860576923 0.41156633653846153 0.5208650721153846 0.42842009615384613 0.54019065625 0.42260031490384614 0.5382072019230769 0.4122416947115385 0.5412443076923077 0.4045923221153846
2 0.5263220889423077 0.4723428125 0.5245498293269231 0.46484883653846154 0.5226010865384615 0.4621896105769231 0.5072494975961539 0.4690321514423077 0.5122326826923077 0.4887656490384616 0.5237062475961538 0.48652118028846153 0.5210403990384616 0.47502268990384616 0.5263220889423077 0.4723428125
2 0.3696440216346154 0.3070985625 0.37423296875 0.3223088221153846 0.4155374783653846 0.31578813942307693 0.4127359639423077 0.2957769350961538 0.44917399759615384 0.27656125721153846 0.44268694230769234 0.26271153125 0.40924690625 0.27267019471153847 0.3668352596153846 0.2876035817307692 0.3632167307692308 0.30040765625 0.3696440216346154 0.3070985625
2 0.36186878365384617 0.29782111298076924 0.37278445673076926 0.25517129326923077 0.37708371875 0.24598129567307694 0.36637574519230764 0.2417242908653846 0.3373445985576923 0.2568108581730769 0.32143061538461537 0.28436197596153845 0.32419699278846154 0.3013338221153846 0.35988205048076927 0.2941413052884615 0.36186878365384617 0.29782111298076924
2 0.31056619471153846 0.48043883413461536 0.31323285576923077 0.48873218990384615 0.33139548798076923 0.4834608653846154 0.3319431442307692 0.4688419855769231 0.32382949759615387 0.46095090624999996 0.3119224302884615 0.4641957788461539 0.31056619471153846 0.48043883413461536
2 0.18344480528846155 0.4797738341346154 0.18585766105769233 0.500402764423077 0.20576532932692307 0.49858464903846156 0.20376155048076922 0.4879464182692308 0.21969387740384613 0.4767512019230769 0.21521155769230768 0.4685919399038462 0.18344480528846155 0.4797738341346154
2 0.18460440865384614 0.4487905817307692 0.17223113701923076 0.4554112836538462 0.18106842307692309 0.48474989903846155 0.18900590144230772 0.46238488461538463 0.20479234134615384 0.4562792956730769 0.20320339423076922 0.44588871875 0.18460440865384614 0.4487905817307692
2 0 0.46649740624999997 0.018372141826923077 0.4656056490384615 0.019669951923076925 0.4467146586538462 0.03826725 0.44398873557692303 0.039671646634615386 0.42862213221153844 0.017559177884615383 0.43043666826923077 0 0.4384927884615385 0 0.46649740624999997