1 0.5365237211538462 0.9601976370192309 0.5323344326923076 0.9361553221153845 0.5142960697115385 0.9194461346153846 0.4997303798076923 0.9171546875000001 0.49565148076923077 0.9268174927884616 0.49132466346153847 0.9653731322115384 0.49977200240384617 0.9821587860576924 0.5257890120192308 0.9771362211538462 0.5365237211538462 0.9601976370192309
1 0.6634627259615384 0.35342615625 0.6605147019230769 0.3610383245192308 0.6605686754807691 0.3595532932692308 0.6548047596153845 0.37869764182692306 0.6541567908653847 0.3990275264423077 0.6666802475961539 0.40028073557692306 0.6814287115384615 0.3914934879807692 0.688603076923077 0.37896988461538467 0.6814313701923077 0.36249667548076925 0.6634627259615384 0.35342615625
0 0.5900784615384616 0.3818066346153846 0.5991139783653846 0.3851605721153846 0.6107469086538462 0.38408794471153845 0.6092994927884615 0.3941318365384615 0.6161988197115384 0.39505671153846156 0.6226634110576923 0.39011057932692306 0.6236864543269232 0.3776215721153846 0.6118118317307693 0.36890693990384615 0.5982295288461539 0.36999510817307696 0.5909793846153846 0.36638858653846157 0.5841605336538461 0.37769353365384617 0.5900784615384616 0.3818066346153846
1 0.6445811009615384 0.6260921201923076 0.6591289278846154 0.62157028125 0.6711502860576922 0.6060587596153846 0.6682775144230769 0.5904180024038461 0.6513517475961539 0.5761171466346154 0.6386596514423076 0.5727923629807692 0.6344094975961538 0.5779640024038462 0.6291178942307692 0.5767205480769231 0.6322329783653846 0.6110180528846154 0.6327659735576923 0.624717701923077 0.6445811009615384 0.6260921201923076
0 0.3423078677884615 0.8452292139423078 0.36257540625 0.8564650721153846 0.37478847115384617 0.8432705120192308 0.3631984471153846 0.8303548052884615 0.35008311057692304 0.8216356201923076 0.33626880288461536 0.8232167812500001 0.32881189903846153 0.8313656754807692 0.32283362259615384 0.8446477572115385 0.3423078677884615 0.8452292139423078
2 0.34293658653846154 0.9612643341346154 0.3245830048076923 0.9421260144230769 0.3134709879807692 0.9455226081730769 0.30920407451923076 0.9621014567307692 0.3127434206730769 0.9800890961538461 0.3300424326923077 0.9957616995192308 0.35004012740384616 0.9886154951923077 0.34293658653846154 0.9612643341346154
2 0.4379622403846154 0.7624695264423077 0.4295774855769231 0.76395684375 0.4336304831730769 0.7930320673076923 0.45347585817307695 0.793345733173077 0.4562108269230769 0.7804554591346153 0.4450204903846154 0.778031170673077 0.4379622403846154 0.7624695264423077
2 0.43105078846153844 0.8186090096153846 0.4472777091346154 0.8146949350961539 0.4444649014423077 0.7909016610576922 0.42922790384615384 0.7909364687499999 0.4222431754807693 0.782710108173077 0.4156865841346154 0.7865494927884615 0.4162531346153846 0.8005064831730769 0.4229707043269231 0.814650375 0.43105078846153844 0.8186090096153846
2 0.31144902644230765 0.6628416778846155 0.3244232019230769 0.6470769879807693 0.3125178990384615 0.6142989206730769 0.2941433485576923 0.6191425865384615 0.29545389182692305 0.6451218725961538 0.2966044182692308 0.6773621225961539 0.30860363701923077 0.6791467692307692 0.31144902644230765 0.6628416778846155
0 0.45974618028846154 0.6375667932692307 0.45656538942307695 0.6439216562500001 0.45872549278846153 0.6595608749999999 0.47493347115384615 0.6630935697115384 0.48125933413461536 0.6543831009615384 0.4729612572115384 0.6399243798076923 0.45974618028846154 0.6375667932692307
2 0.37028439903846155 0.3441325769230769 0.3623063221153846 0.32237154807692303 0.35431901923076925 0.32739241826923077 0.3448091033653846 0.3368072067307692 0.3535550721153846 0.3493868581730769 0.37028439903846155 0.3441325769230769
2 0.36749639182692306 0.38334525480769227 0.36804587019230767 0.40683636538461543 0.37967611538461543 0.40975551201923077 0.3892192379807692 0.3967266947115385 0.3809782908653846 0.3716284591346154 0.3676442475961539 0.36918755528846153 0.36749639182692306 0.38334525480769227
2 0.4146149326923077 0.40191959134615385 0.4051009182692308 0.40077480528846154 0.40053068509615386 0.4131187475961538 0.4006022836538462 0.4249393533653846 0.4028505841346154 0.43560863701923075 0.4085143461538462 0.4356959014423077 0.419081125 0.4273609086538462 0.4146149326923077 0.40191959134615385
0 0.4264228413461538 0.9195953798076922 0.44472449278846155 0.9147715552884615 0.44487778605769235 0.8957890384615385 0.4233343846153846 0.8920677524038462 0.40808649519230766 0.90310525 0.4264228413461538 0.9195953798076922