1 0.41755528846153844 0.5205168269230769 0.43374519230769226 0.5077884615384616 0.4519230769230769 0.5264423076923077 0.46153846153846156 0.5240384615384616 0.46875 0.4855769230769231 0.4567307692307692 0.4735576923076923 0.4326923076923077 0.46875 0.41346153846153844 0.4807692307692308 0.4110576923076923 0.4951923076923077 0.4117740384615385 0.5436586538461539 0.41755528846153844 0.5459735576923077 0.41755528846153844 0.5205168269230769
1 0.49278846153846156 0.5240384615384616 0.4735576923076923 0.5360576923076923 0.47115384615384615 0.5456730769230769 0.5096153846153846 0.5649038461538461 0.5096153846153846 0.5288461538461539 0.49278846153846156 0.5240384615384616
1 0.5649038461538461 0.5360576923076923 0.5432692307692307 0.5384615384615384 0.5408653846153846 0.5625 0.5625 0.5817307692307693 0.5769230769230769 0.5456730769230769 0.5649038461538461 0.5360576923076923
2 0.2426514423076923 0.8874663461538461 0.2825432692307692 0.8932524038461539 0.3207019230769231 0.888625 0.3264831730769231 0.8724254807692307 0.31087259615384616 0.8666394230769231 0.2889038461538461 0.8533341346153847 0.30277884615384615 0.8255649038461539 0.3270600961538461 0.7555625 0.2848557692307692 0.753826923076923 0.2669326923076923 0.7827524038461539 0.2536346153846154 0.8440769230769232 0.2426514423076923 0.8874663461538461
2 0.4057740384615384 0.8617956730769231 0.4179158653846154 0.8444399038461537 0.40693028846153845 0.8357620192307693 0.39421153846153845 0.8172475961538462 0.40750721153846153 0.7293125 0.3730072115384615 0.7260192307692308 0.3624110576923077 0.8311322115384615 0.3757091346153846 0.8548533653846154 0.4057740384615384 0.8617956730769231
2 0.660920673076923 0.8954182692307693 0.6961875 0.8792187499999999 0.6956105769230769 0.8485552884615385 0.70775 0.7635120192307692 0.6575048076923077 0.7549206730769231 0.6586081730769231 0.83409375 0.6221826923076923 0.8705408653846154 0.6308557692307691 0.8907884615384615 0.660920673076923 0.8954182692307693
2 0.6663317307692308 0.7461562500000001 0.6322163461538461 0.7332427884615385 0.6414711538461538 0.7924375 0.6108293269230769 0.8155793269230769 0.6628629807692307 0.8271514423076923 0.6663317307692308 0.7461562500000001
2 0.46242788461538464 0.7993822115384616 0.46936538461538463 0.7878100961538461 0.46647596153846155 0.7814471153846154 0.4531778846153846 0.7826033653846154 0.44450480769230766 0.7745048076923078 0.42773798076923075 0.7178076923076924 0.40403365384615386 0.7293774038461538 0.42195673076923074 0.7768173076923077 0.4167548076923077 0.7843389423076924 0.42080048076923077 0.7970673076923076 0.46242788461538464 0.7993822115384616
0 0.6149471153846154 0.69178125 0.6297740384615385 0.6870841346153846 0.6280432692307693 0.6628509615384615 0.6245841346153846 0.6450480769230769 0.6060528846153846 0.6428245192307693 0.6052716346153846 0.6430480769230769 0.6025913461538461 0.6576586538461539 0.5966610576923077 0.6687860576923076 0.6003677884615384 0.6890624999999999 0.6149471153846154 0.69178125
0 0.5467259615384615 0.6833774038461539 0.5467259615384615 0.6728870192307692 0.5380649038461539 0.6596586538461539 0.5234783653846153 0.6496250000000001 0.51128125 0.6607211538461539 0.5366971153846154 0.6769927884615385 0.5426225961538461 0.6883966346153846 0.5467259615384615 0.6833774038461539
0 0.5580480769230769 0.7014975961538461 0.5821033653846154 0.6860240384615385 0.5786658653846154 0.6658221153846154 0.5597668269230769 0.6649615384615385 0.5498870192307692 0.6722692307692307 0.5490264423076924 0.6881730769230768 0.5580480769230769 0.7014975961538461