1 0.18028846153846154 0.35903614423076924 0.15384615384615385 0.36144578365384616 0.13942307692307693 0.37590361538461536 0.14182692307692307 0.40963855528846155 0.21153846153846154 0.39518072355769235 0.20432692307692307 0.37349397596153844 0.18028846153846154 0.35903614423076924
1 0.35336538461538464 0.39518072355769235 0.33653846153846156 0.39518072355769235 0.3263004807692308 0.41049638461538457 0.3245192307692308 0.4265060240384615 0.36538461538461536 0.42409638461538457 0.36431490384615384 0.40352048076923075 0.35336538461538464 0.39518072355769235
1 0.4701129807692308 0.41377831249999997 0.4571971153846154 0.39617108413461544 0.44777884615384617 0.3903614447115385 0.4346778846153846 0.39351325240384616 0.4261442307692308 0.4 0.4261442307692308 0.42409638461538457 0.43268990384615386 0.4167662644230769 0.45752884615384615 0.41112048076923075 0.4701129807692308 0.41377831249999997
1 0.587625 0.4070506033653846 0.5955889423076923 0.4085036153846154 0.6040336538461538 0.41406987980769233 0.5938990384615385 0.39591807211538466 0.584375 0.38795180769230775 0.5733894230769231 0.38889879567307695 0.5627403846153846 0.39518072355769235 0.5603365384615384 0.4216867475961538 0.5663918269230769 0.41406987980769233 0.5729062500000001 0.4082626514423077 0.587625 0.4070506033653846
1 0.6449350961538461 0.3838144567307692 0.6579639423076924 0.38623614423076924 0.6712355769230769 0.39567469951923073 0.6876442307692308 0.3937397596153846 0.6833004807692308 0.37727951923076924 0.6802884615384616 0.3638554206730769 0.6634615384615384 0.3566265072115385 0.6458990384615385 0.3608216875 0.6355240384615384 0.37703855528846153 0.6299735576923078 0.38526746875 0.6340769230769231 0.38793012019230766 0.6379375 0.38429879567307695 0.6449350961538461 0.3838144567307692
1 0.7299471153846154 0.3872 0.7153028846153846 0.38492530048076923 0.7029254807692307 0.3896843365384616 0.6936442307692308 0.3977518076923077 0.6889014423076923 0.4052 0.6893125 0.4138915673076923 0.6909639423076922 0.43044096394230774 0.6952956730769231 0.43851084375 0.7058149038461539 0.4438915673076923 0.7210769230769232 0.4643734927884615 0.7237596153846154 0.46085542067307694 0.7068461538461539 0.43809638461538464 0.7064326923076922 0.4163734927884616 0.7167451923076923 0.4049927716346154 0.7318028846153847 0.40292530048076924 0.7412908653846154 0.4052 0.7460360576923077 0.4134771081730769 0.7452860576923077 0.42339759134615385 0.7507788461538462 0.4182361442307692 0.7516057692307693 0.40561445673076924 0.7425288461538462 0.39816626442307695 0.7299471153846154 0.3872
1 0.8488437500000001 0.39403855528846154 0.8722403846153846 0.39522891586538467 0.8803774038461539 0.4158048197115385 0.8868197115384615 0.4052602403846154 0.8780048076923077 0.38536385576923077 0.8680024038461538 0.3749927716346154 0.8552860576923076 0.37193012019230764 0.843420673076923 0.37125060336538457 0.8340961538461538 0.3763518076923077 0.823923076923077 0.39318795192307693 0.8169711538461539 0.4141036153846154 0.8242620192307691 0.40441204807692305 0.8322307692307693 0.3969277115384615 0.8488437500000001 0.39403855528846154
2 0.32944471153846155 0.7335325312500001 0.32912259615384615 0.716433735576923 0.3275144230769231 0.7022361442307693 0.3027451923076923 0.7083662644230769 0.3043533653846154 0.7099807235576924 0.30564182692307695 0.7277253004807692 0.3101442307692308 0.7477301201923077 0.32912259615384615 0.7448265072115384 0.32944471153846155 0.7335325312500001
2 0.3284038461538462 0.7221036153846154 0.3589879807692308 0.7242722884615385 0.36146153846153845 0.7152867475961538 0.3512668269230769 0.7128072283653846 0.34045192307692307 0.7075397596153846 0.3364375 0.6963831322115385 0.3355096153846154 0.6957638557692308 0.321608173076923 0.6973132524038461 0.3284038461538462 0.7221036153846154
2 0.4284783653846154 0.7299349399038462 0.4306418269230769 0.7221879519230769 0.4337307692307692 0.7035927716346154 0.41793749999999996 0.696077108173077 0.41550240384615383 0.7076216875000001 0.40777884615384613 0.7187783125 0.41086778846153843 0.7262144567307692 0.4284783653846154 0.7299349399038462
2 0.4911923076923077 0.7119614447115384 0.4816153846153846 0.7042144567307692 0.47698076923076926 0.6856192764423077 0.4538125 0.6859301201923077 0.45461538461538464 0.689787951923077 0.4562836538461538 0.7132 0.47698076923076926 0.7200168677884615 0.4930456730769231 0.7209469879807693 0.4911923076923077 0.7119614447115384
2 0.5321009615384615 0.7073421682692308 0.5329038461538461 0.7186192764423077 0.5493677884615384 0.7188216875000001 0.5792836538461539 0.7149951802884615 0.5796850961538461 0.685390360576923 0.5632211538461539 0.6855927716346154 0.5604110576923077 0.6960650600961539 0.5517764423076923 0.69968915625 0.5475600961538462 0.7079469879807692 0.5321009615384615 0.7073421682692308
2 0.6031754807692308 0.7292939759615386 0.6144182692307693 0.7216409639423078 0.6146201923076923 0.7006963846153845 0.5943413461538462 0.7013012043269231 0.5907259615384615 0.7129807235576924 0.5863100961538461 0.7256698798076923 0.5937379807692308 0.7313084326923077 0.6031754807692308 0.7292939759615386
2 0.6178293269230769 0.7429879519230769 0.6328870192307693 0.7462096394230768 0.6630024038461539 0.7456072283653847 0.664608173076923 0.7113710841346154 0.6581826923076922 0.7125783124999999 0.6481442307692308 0.72848915625 0.6334879807692307 0.7345301201923077 0.6186322115384615 0.7323156634615385 0.6178293269230769 0.7429879519230769
2 0.6942115384615384 0.7663566274038461 0.6922043269230769 0.7341349399038462 0.6640673076923077 0.7352626514423076 0.658875 0.7536698798076924 0.6349831730769231 0.7603156634615384 0.6404038461538462 0.7715927716346154 0.6942115384615384 0.7663566274038461
2 0.663201923076923 0.8180578317307692 0.6836802884615385 0.8202722884615384 0.7143990384615384 0.8156409639423077 0.7148004807692309 0.7888554206730769 0.6959206730769231 0.7884771081730769 0.6935168269230769 0.7977180721153846 0.6617956730769231 0.8047662644230769 0.6597884615384615 0.8104048197115384 0.663201923076923 0.8180578317307692