3 0.23780696153846154 0.49108093509615386 0.27834120913461535 0.5993380721153846 0.3159557211538461 0.6069637451923077 0.3791864206730769 0.5769085528846154 0.3512478798076923 0.44092951442307693 0.3522700360576923 0.3856640192307692 0.3341348485576923 0.3470529927884615 0.3039903557692308 0.33776587259615387 0.2815770096153846 0.4268033966346154 0.2369815793269231 0.36402376923076923 0.2058114423076923 0.37026351201923074 0.20638380288461539 0.42199200961538463 0.23780696153846154 0.49108093509615386
3 0.8530255024038461 0.2902800528846154 0.9431725817307692 0.4514693966346154 0.9541131730769231 0.43304432451923075 0.9090506177884615 0.27781921153846156 0.8751711177884616 0.26936281490384617 0.8530255024038461 0.2902800528846154
3 0.7553864375000001 0.28001304807692307 0.705762622596154 0.3017112860576923 0.7041540600961539 0.3553747716346154 0.7476190360576923 0.4896329278846154 0.8172510336538461 0.4688151346153846 0.7897948028846155 0.3203352427884615 0.7553864375000001 0.28001304807692307
3 0.1481557908653846 0.5856487283653846 0.22285594471153847 0.5690342716346154 0.1999390048076923 0.39289191586538463 0.18073510336538462 0.36517972836538465 0.1741726826923077 0.4210751081730769 0.12391668750000001 0.32984187019230765 0.09467691586538461 0.3472089471153846 0.10436960336538462 0.39890791105769235 0.11365853125 0.46415103846153843 0.106371875 0.5196264663461538 0.1481557908653846 0.5856487283653846
2 0.3212553533653846 0.8509913149038462 0.30685517067307694 0.8115495673076923 0.27083824038461535 0.8248908533653846 0.2751021105769231 0.8559259326923077 0.3212553533653846 0.8509913149038462
2 0.25002577403846155 0.8508421514423077 0.22014571153846155 0.8574879326923077 0.22174329086538463 0.8784548966346153 0.25588722596153846 0.9028441899038462 0.27696412259615383 0.8928257908653846 0.2716315360576923 0.8726895552884616 0.25002577403846155 0.8508421514423077
2 0.48905528125000003 0.8723063317307692 0.4682537956730769 0.8236271850961538 0.4418443149038461 0.8135093437500001 0.4386381706730769 0.8462058677884615 0.48905528125000003 0.8723063317307692
2 0.37060374999999995 0.8879906225961538 0.36260486778846157 0.857786266826923 0.33139166105769235 0.8593979903846154 0.3263125216346153 0.9298250985576922 0.37060374999999995 0.8879906225961538
2 0.9940746201923076 0.8079574447115385 0.9834094471153846 0.76768496875 0.9199143125 0.7818072596153847 0.911640014423077 0.8103004447115385 0.9940746201923076 0.8079574447115385
2 0.8540283052884615 0.7271638846153846 0.8457649927884615 0.681026625 0.7982786105769232 0.6809271826923078 0.7990719038461538 0.7287258870192308 0.8540283052884615 0.7271638846153846
2 0.7673298317307692 0.6984718100961539 0.7566646586538461 0.6581993341346154 0.7131777139423078 0.6732020673076923 0.7251760336538461 0.7185086009615385 0.7673298317307692 0.6984718100961539
2 0.4640009110576923 0.7179616586538462 0.45119831009615385 0.6994868653846154 0.4274551153846154 0.6994371442307692 0.4429240120192308 0.7279800552884615 0.4640009110576923 0.7179616586538462
3 0.40429571153846156 0.3581009975961538 0.39122867788461535 0.3236933052884616 0.3672210528846154 0.30771068269230767 0.3845519615384615 0.3731534543269231 0.40429571153846156 0.3581009975961538
3 0.39255084134615387 0.40335781009615385 0.4096173149038461 0.4528676802884615 0.4061577235576923 0.39500085817307695 0.39255084134615387 0.40335781009615385