3 0.6225369278846155 0.32268488701923076 0.7179952091346155 0.32026997355769227 0.7511514206730769 0.2614959182692308 0.6790637788461538 0.2524827932692308 0.5663434831730769 0.26929722115384613 0.6081398076923077 0.29816091105769227 0.5504492812499999 0.31367175961538457 0.6225369278846155 0.32268488701923076
3 0.5403363389423077 0.3991336923076923 0.5250734663461538 0.41205342307692305 0.5611172908653846 0.41655998557692303 0.6623802379807693 0.4104554182692307 0.6723177908653846 0.3664399711538462 0.5753867932692308 0.37388645673076926 0.5166851514423076 0.35912357451923077 0.5683070336538462 0.38877090625000005 0.5403363389423077 0.3991336923076923
3 0.5379917211538461 0.6951509086538461 0.6141955096153846 0.7142590144230769 0.5222494975961538 0.7428560096153846 0.5827278149038462 0.7592484399038462 0.5834352644230769 0.7768461947115385 0.6664247884615384 0.7608822644230769 0.717754891826923 0.7076920552884616 0.7107343942307692 0.684737235576923 0.6207768149038462 0.6768013870192308 0.5379917211538461 0.6951509086538461
3 0.5303927475961538 0.5286229759615385 0.5960678100961538 0.5280035216346154 0.6311997572115384 0.512526733173077 0.6299839206730768 0.48588226442307697 0.6116580504807693 0.4769678653846154 0.57443984375 0.46649054086538466 0.5105470841346154 0.4864029879807692 0.5303927475961538 0.5286229759615385
3 0.6048778653846154 0.06659096153846154 0.5048307548076922 0.09933999759615385 0.5358298100961538 0.12418900721153846 0.7026158389423076 0.11413442548076923 0.7134652740384616 0.09010232932692307 0.6827701778846154 0.07191443990384615 0.6673041466346153 0.0646745 0.6412546057692308 0.06046048557692307 0.6048778653846154 0.06659096153846154
3 0.7934769254807693 0.052729963942307695 0.840160278846154 0.05570008653846154 0.878427548076923 0.04008104567307692 0.8783800024038461 0.039039110576923074 0.7853857788461538 0.034906033653846154 0.7934769254807693 0.052729963942307695
3 0.7286505264423078 1 0.6838093389423077 0.8800641923076923 0.5100233293269231 0.8682681682692308 0.4638664326923077 0.8768350985576923 0.4085878822115384 0.869937966346154 0.43152101201923077 0.9048148052884616 0.43295586778846157 0.9929370072115385 0.4224562091346154 1 0.7286505264423078 1
3 0.5973767355769231 0.8184803125000001 0.5782909663461538 0.7929131153846154 0.45915808894230764 0.8000949615384615 0.49025775721153847 0.8318611466346154 0.49213287499999997 0.8682412331730769 0.5636126009615384 0.8639321249999999 0.5973767355769231 0.8184803125000001
2 0.8703773870192308 0.5181463966346154 0.8757261129807692 0.5044650673076924 0.8511396394230769 0.4892486442307692 0.7795079350961539 0.49022719230769235 0.7806156033653846 0.507563701923077 0.8296807620192308 0.5060519399038461 0.8703773870192308 0.5181463966346154
2 0.8925761033653846 0.4675539615384615 0.8972729975961538 0.45307031971153844 0.8845998125 0.43713571394230766 0.8710869519230768 0.45005347355769226 0.7958580721153846 0.45584432932692304 0.7964659903846154 0.4691665649038462 0.8925761033653846 0.4675539615384615
2 0.9171481081730769 0.3650394278846154 0.83329915625 0.3600750408653846 0.8342110336538462 0.380058391826923 0.8912070576923077 0.38087389182692305 0.9229415072115384 0.3963139903846154 0.9418865600961539 0.38358640865384613 0.9171481081730769 0.3650394278846154