3 0.5486230192307692 0.08261670432692308 0.5491495432692308 0.07541391105769231 0.5229488822115385 0.05681245673076923 0.4193847716346154 0.040868163461538466 0.39652875240384616 0.05191705769230769 0.3902882211538462 0.06188207692307693 0.41701540625 0.07328073798076923 0.42739036538461533 0.08216187980769231 0.4764470480769231 0.08971443990384616 0.5148655120192308 0.0919872548076923 0.5314810024038461 0.09090337740384614 0.5486230192307692 0.08261670432692308
3 0.46422924759615386 0.10604307932692307 0.38765559134615385 0.09789605048076923 0.38660253846153847 0.11230164182692308 0.39205328125 0.1131408125 0.4130664615384615 0.12730169951923076 0.45148492307692306 0.1295745168269231 0.4688902043269231 0.11768644711538462 0.4694167283653846 0.11048364903846154 0.46422924759615386 0.10604307932692307
3 0.45342105288461537 0.44474643509615386 0.46128550721153844 0.4479311394230769 0.5271975865384616 0.4755490168269231 0.5215069375 0.45356064663461537 0.5220334639423077 0.4463578533653846 0.516845983173077 0.4419172836538462 0.4519635961538461 0.42464440625 0.44677611778846155 0.42020383653846155 0.4086209206730769 0.414329625 0.3920054302884616 0.41541350240384617 0.3696759326923077 0.4192596057692307 0.36343540144230774 0.4292246201923077 0.37381036298076925 0.4381057644230769 0.3735470985576923 0.4417071610576923 0.40665772596153843 0.4302521706730769 0.43738465625 0.42931227403846156 0.45342105288461537 0.44474643509615386
3 0.4166863653846154 0.9072316754807692 0.42732458894230774 0.912511420673077 0.4436768173076923 0.9150289399038462 0.5314152211538462 0.9212529158653846 0.5366027019230769 0.9256934903846153 0.5651727307692307 0.9118823653846154 0.5659625216346154 0.9010781730769231 0.5607750408653847 0.8966376033653846 0.5701747283653846 0.8434558149038461 0.5597997692307692 0.8345746706730769 0.5330725793269231 0.8231760096153846 0.52217109375 0.8214976634615384 0.4614231394230769 0.8230709495192308 0.41781719711538456 0.8163575649038461 0.40586265865384613 0.8290848052884615 0.4034932932692307 0.8614973846153846 0.40868077163461536 0.8659379567307692 0.4073644591346154 0.8839449423076923 0.4125519375 0.8883855120192308 0.4117621490384616 0.8991897067307693 0.4166863653846154 0.9072316754807692
3 0.5146550288461539 1 0.525886701923077 0.9968822644230768 0.5272030144230769 0.9788752764423077 0.5220155384615385 0.9744347043269231 0.51630153125 0.9771969302884614 0.4999493028846154 0.9746794134615384 0.4522089350961539 0.9491198629807692 0.45247219951923073 0.9455184639423078 0.44183397596153845 0.9402387235576923 0.3984912980769231 0.9299239375 0.3927772908653846 0.9326861634615384 0.36552357932692303 0.928490295673077 0.34890808894230774 0.9295741706730769 0.3478550360576923 0.9439797620192307 0.3584932596153846 0.9492595048076923 0.42389400961538465 0.9660768221153847 0.44190754326923076 0.9712792764423077 0.4758015096153846 0.9773095985576923 0.4983697259615385 0.9962877932692307 0.4981064639423077 0.9998891947115385 0.49882618509615384 1 0.5146550288461539 1
3 0.4773266177884615 0.7563227451923077 0.483040625 0.7535605216346154 0.5320973052884616 0.7611130793269231 0.5531104879807692 0.7752739663461538 0.5746501971153847 0.7822320552884615 0.5866047331730769 0.7695048149038463 0.5822070432692308 0.7542600504807692 0.45871582692307694 0.741344451923077 0.4062037019230769 0.7490148870192308 0.36924436298076924 0.757546516826923 0.38180652644230767 0.7870280793269231 0.3996002043269231 0.7784229110576923 0.43372068028846156 0.749609358173077 0.44998026682692305 0.76025596875 0.4773266177884615 0.7563227451923077
2 0.9530430240384615 0.8841909639423077 0.9372173221153847 0.8744706466346154 0.8557194447115385 0.8582816490384615 0.8385774278846154 0.8665683221153846 0.8478993365384616 0.8898550528846154 0.8585375576923078 0.8951347980769231 0.8746265240384615 0.9012537139423077 0.9343214302884615 0.9140860192307693 0.9563876610576922 0.9138413149038461 0.9577039783653846 0.895834326923077 0.9530430240384615 0.8841909639423077
2 0.9000373942307692 0.9306593653846154 0.8948499158653846 0.9262187932692308 0.8566947187499999 0.920344579326923 0.8338386947115384 0.9313934783653846 0.8330489086538461 0.9421976682692308 0.8540620889423077 0.9563585528846155 0.9358232283653846 0.9689461538461538 0.9418004975961539 0.9625825360576923 0.9431168100961538 0.9445755456730769 0.9272911105769231 0.9348552331730768 0.9000373942307692 0.9306593653846154
2 0.82056784375 0.9621277067307693 0.7987648749999999 0.958771014423077 0.7764353774038462 0.9626171177884615 0.7491816634615385 0.95842125 0.7380169158653846 0.9603443004807691 0.7367006033653846 0.9783512860576924 0.7418880817307693 0.9827918557692308 0.8233859567307692 0.9989808581730769 0.8290999639423077 0.9962186322115384 0.8257553245192307 0.9665682764423077 0.82056784375 0.9621277067307693
2 0.8199336153846153 0.8199948581730769 0.8256476177884615 0.8172326346153846 0.8152726610576924 0.8083514951923078 0.7662159735576922 0.8007989326923077 0.7605019711538462 0.8035611562499999 0.7332482572115384 0.7993652884615384 0.7275342524038462 0.8021275120192308 0.7262179375 0.8201345 0.7928517860576924 0.8285284999999999 0.7913635841346154 0.8338059783653846 0.8074525504807692 0.8399248966346153 0.8188805625 0.8344004447115385 0.8199336153846153 0.8199948581730769
2 0.7967843990384615 0.6088409855769231 0.7910703966346154 0.6116032091346153 0.7788525961538462 0.6279318485576924 0.7827237620192308 0.6503794086538461 0.7770097548076923 0.6531416322115385 0.7933619831730769 0.6556591538461538 0.8047899927884615 0.6501347067307692 0.8074226225961538 0.6141207307692308 0.7967843990384615 0.6088409855769231
2 0.7873069350961538 0.7384912956730769 0.776405451923077 0.7368129495192307 0.7595266971153846 0.7414982259615385 0.7431744711538462 0.7389807043269231 0.7325362475961538 0.7337009615384615 0.7301668798076922 0.7661135360576924 0.7350910961538462 0.7741555072115385 0.7735095576923077 0.7764283245192308 0.7794868269230769 0.7700646995192308 0.7906515745192307 0.7681416514423076 0.7924944158653846 0.7429318677884615 0.7873069350961538 0.7384912956730769
2 0.7493850745192308 0.5032115192307692 0.7330328485576924 0.500694 0.7273188413461539 0.5034562259615385 0.7213415745192309 0.50981984375 0.7202885216346153 0.5242254350961538 0.725476 0.5286660072115384 0.7579171923076923 0.5373024447115384 0.7646842500000001 0.5201346298076923 0.7600232956730769 0.5084912644230769 0.7493850745192308 0.5032115192307692
2 0.833593360576923 0.4069180216346154 0.8182941802884615 0.38999491105769235 0.7585992764423076 0.3771626081730769 0.7466447379807692 0.38988985096153844 0.7513056923076923 0.4015332163461538 0.7671313966346154 0.41125353124999997 0.7834836225961539 0.41377105048076923 0.7886711033653846 0.41821162259615385 0.815924814903846 0.4224074903846154 0.8325403076923077 0.42132361298076926 0.833593360576923 0.4069180216346154
2 0.8432563076923076 0.35013483653846156 0.7991238413461539 0.35062424278846155 0.8043113197115385 0.35506481490384617 0.7975442644230769 0.37223262740384616 0.8188207067307692 0.38279211778846156 0.8471274735576924 0.3725823942307693 0.8533680048076923 0.362617375 0.8536312668269231 0.3590159759615385 0.8432563076923076 0.35013483653846156