3 0.5037151322115384 0.6357243918269231 0.5290417331730769 0.6285638076923077 0.5468972836538462 0.5949231033653846 0.5334175384615384 0.5839815216346154 0.49101506009615387 0.5834855024038462 0.4615805576923077 0.5606594302884615 0.40486040625 0.5540661899038462 0.39977688942307693 0.6273477043269231 0.5037151322115384 0.6357243918269231
3 0.5236955264423077 0.4072904711538462 0.4786905865384616 0.3847910793269231 0.45726094471153844 0.41118085576923075 0.46761739903846156 0.4265718533653846 0.45922971634615384 0.44157331490384616 0.5161383533653846 0.44164556971153845 0.5236955264423077 0.4072904711538462
3 0.5755255096153846 0.18223246634615384 0.4823049903846154 0.18351675 0.47367760576923074 0.23329953846153847 0.5606787211538461 0.24708574278846152 0.5828807980769231 0.225373 0.5755255096153846 0.18223246634615384
3 0.5039061418269231 1 0.50008028125 0.9714726514423078 0.42718896634615383 0.9780426490384616 0.42566579326923076 1 0.5039061418269231 1
3 0.5010848221153846 0.8824062524038462 0.4341453581730769 0.8777626802884615 0.43742167307692303 0.9051183317307692 0.4992119471153846 0.909404701923077 0.5154621754807692 0.8989055312500001 0.5010848221153846 0.8824062524038462
3 0.5573975408653846 0.5181418629807693 0.5381385528846153 0.49742846153846154 0.46497968509615384 0.5078553822115385 0.4605382331730769 0.5511464543269231 0.5117704855769231 0.5613701225961538 0.5444236298076923 0.5559966850961539 0.5573975408653846 0.5181418629807693
0 0.3866716298076923 0.5179251033653846 0.39101815865384615 0.5298530673076923 0.4273997980769231 0.531966048076923 0.4376284182692308 0.5292109230769231 0.4118915841346154 0.5139427692307692 0.3866716298076923 0.5179251033653846
2 0.21975713942307692 0.5373501490384616 0.22517388221153847 0.5338504254807692 0.22731431009615385 0.5029950528846154 0.22216512019230766 0.5026378557692308 0.20564733894230772 0.5169939471153846 0.20350690865384616 0.5478493221153846 0.2083885456730769 0.5520634399038461 0.21868692548076923 0.5527778365384616 0.21975713942307692 0.5373501490384616
2 0.22223079326923076 0.5762765673076923 0.21219996634615385 0.57170525 0.19648484375 0.5744905769230769 0.18973033653846152 0.5972749134615385 0.21547628365384613 0.5990609014423077 0.2211605793269231 0.5917042548076923 0.22223079326923076 0.5762765673076923
2 0.36357817548076926 1 0.36379337259615385 0.9968978076923077 0.3692101129807692 0.9933980841346154 0.36432848076923074 0.9891839639423077 0.32313496153846155 0.9863263798076923 0.31771821875 0.9898261057692307 0.3170124591346154 1 0.36357817548076926 1
0 0.4602342596153846 0.35250691586538463 0.43448831009615385 0.35072092788461534 0.4239223798076923 0.3538634543269231 0.42311971875 0.36543421875 0.45916404567307695 0.36793460336538464 0.4697299759615384 0.3647920769230769 0.4602342596153846 0.35250691586538463
0 0.5206210913461539 0.30243918509615386 0.5059761850961538 0.28979682692307696 0.4902610625 0.29258215625 0.4845767644230769 0.2999388004807692 0.4994892283653846 0.3087242379807692 0.5152043485576923 0.30593891105769233 0.5206210913461539 0.30243918509615386
2 0.2766049639423077 0.16537191826923078 0.3327109447115385 0.17701493750000002 0.35357525480769236 0.1745868076923077 0.35952710576923075 0.16337323798076925 0.3448821971153846 0.15073087980769231 0.2993421514423077 0.13594533413461538 0.2838945841346154 0.1348737403846154 0.27306110096153846 0.14187318990384615 0.2679119110576923 0.14151599278846153 0.2766049639423077 0.16537191826923078