3 0.43599409855769233 0.038268156250000004 0.43496281009615384 0.031110250000000002 0.4058508942307692 0.021668295673076925 0.3030633990384616 0.04018894471153846 0.28348650000000003 0.05840383894230769 0.2796235625 0.07011546874999999 0.3077041923076923 0.07239951923076923 0.3195552163461538 0.07760788221153846 0.3682440288461538 0.06883494471153846 0.40559746394230767 0.05843259375 0.4213114230769231 0.05192932692307692 0.43599409855769233 0.038268156250000004
3 0.3600025120192308 0.08867925 0.28478000240384616 0.10590499519230769 0.2868425769230769 0.12022080528846153 0.29225244471153844 0.1192460360576923 0.31543884855769233 0.12608381009615385 0.35279228124999995 0.11568146153846154 0.3669593125 0.09844133653846154 0.36592802163461535 0.09128343028846153 0.3600025120192308 0.08867925
3 0.42188592548076925 0.42069387500000005 0.4301125024038462 0.4212017283653846 0.49925726201923076 0.4263568846153846 0.48910540865384616 0.4069002932692308 0.48807412259615385 0.39974238942307694 0.4821486105769231 0.39713820673076927 0.4161989038461539 0.4016775552884615 0.41027338942307695 0.39907337259615383 0.3724043125 0.4058967692307692 0.35669035096153845 0.41240003365384614 0.33608216586538464 0.4234570240384615 0.33221923317307694 0.4351686514423077 0.3440702548076923 0.4403770192307693 0.34458589903846154 0.44395597115384616 0.37391707692307696 0.42198234375 0.40320390624999997 0.4109882379807692 0.42188592548076925 0.42069387500000005
3 0.4852951706730769 0.8812572283653846 0.4966305528846154 0.882886639423077 0.5128601586538462 0.8799623269230769 0.5983867620192307 0.8572080841346155 0.6043122716346153 0.859812266826923 0.6287833966346154 0.8370436466346154 0.6272364639423077 0.8263067884615385 0.6213109543269231 0.8237026081730769 0.6189861634615385 0.7690435432692309 0.607135139423077 0.7638351778846153 0.5790545120192307 0.7615511298076924 0.5682347740384615 0.7635006730769232 0.51027315625 0.7849600120192307 0.46699420913461537 0.7927581802884615 0.45823704807692306 0.8090235336538462 0.4628778413461539 0.8412341057692309 0.46880335336538465 0.8438382908653845 0.47138157211538456 0.8617330552884616 0.47730708413461537 0.8643372355769231 0.4788540168269231 0.87507409375 0.4852951706730769 0.8812572283653846
3 0.5826815841346155 0.9408188990384615 0.5831972259615384 0.9443978557692307 0.5940169639423076 0.9424483124999999 0.60921528125 0.9323660913461538 0.6066370625 0.9144713293269231 0.6007115480769231 0.9118671466346153 0.5958173245192308 0.9164208701923078 0.5795877211538462 0.9193451850961538 0.5283206899038462 0.910223358173077 0.527805045673077 0.90664440625 0.5164696658653847 0.9050149975961539 0.4726750721153846 0.9092342115384615 0.4677808485576923 0.9137879350961539 0.44073150961538465 0.9186617908653846 0.42501754807692305 0.9251650552884616 0.42708012500000003 0.9394808677884616 0.4384155024038462 0.9411102788461538 0.5047654783653847 0.935959045673077 0.5231621442307692 0.9350933942307692 0.5569752019230769 0.9298196538461538 0.5826815841346155 0.9408188990384615
3 0.5416771874999999 0.9693351322115386 0.44511887259615385 0.9876366634615384 0.44275972836538463 0.9898316778846153 0.5012907596153846 0.9885309879807692 0.5819125096153847 0.9740042475961539 0.5862910889423077 0.9658715697115384 0.5857754471153845 0.9622926177884616 0.6069544903846154 0.951037298076923 0.5901618461538461 0.9458931682692308 0.5416771874999999 0.9693351322115386
3 0.5112956610576923 0.7150103677884616 0.5161898846153846 0.710456641826923 0.5648786971153846 0.7016837019230769 0.5880651057692308 0.7085214759615385 0.6102202211538461 0.7082013461538461 0.6189773822115385 0.6919359903846154 0.6115049375 0.678594951923077 0.49024034855769233 0.706591576923077 0.4414830144230769 0.7312613437500001 0.40783475240384615 0.7516628437499999 0.4261794326923077 0.7761314038461538 0.44141953125 0.7619475264423077 0.4680167163461538 0.7228085360576924 0.48589159615384614 0.7277980576923077 0.5112956610576923 0.7150103677884616
2 0.9234857163461538 0.7251932259615385 0.9835099110576924 0.7180496971153846 0.9890621274038461 0.7160841610576922 0.9895736009615385 0.6815596610576923 0.9778378317307692 0.6786812163461539 0.8961741610576923 0.6897238293269231 0.8814914879807693 0.7033850024038462 0.8954050889423077 0.7229091754807692 0.9067404687499999 0.7245385865384615 0.9234857163461538 0.7251932259615385
2 0.8923200072115385 0.7785430072115385 0.9155064134615384 0.7853807836538462 0.9882296370192307 0.7722772307692308 0.9886732620192308 0.7423326538461539 0.9811939086538461 0.7404981850961538 0.9541445625 0.7453720408653847 0.9482190528846155 0.7427678581730769 0.9103499759615384 0.7495912548076924 0.890773076923077 0.7678061538461538 0.8923200072115385 0.7785430072115385
2 0.8879502139423077 0.8637832379807692 0.8760991875 0.8585748725961538 0.875583545673077 0.854995920673077 0.8323045961538462 0.8627940889423077 0.8274103725961539 0.8673478125 0.830504235576923 0.8888215288461538 0.8364297451923076 0.8914257115384616 0.8727210937500001 0.8907175144230769 0.8887280697115384 0.9077054423076922 0.8995478076923077 0.9057558990384614 0.9093362548076923 0.8966484495192308 0.8879502139423077 0.8637832379807692
2 0.8845941370192307 0.8019662668269232 0.8629546610576924 0.8058653509615384 0.8423464735576923 0.8169223437500001 0.8152971346153847 0.8217961971153845 0.8049930408653846 0.8273246899038462 0.8075712620192307 0.8452194567307691 0.8134967740384614 0.8478236370192308 0.8951604399038462 0.8367810264423077 0.9000546658653845 0.832227298076923 0.8905196466346154 0.8045704471153846 0.8845941370192307 0.8019662668269232
2 0.8536642908653846 0.6643366490384615 0.8585585168269231 0.6597829278846153 0.8467074927884616 0.6545745649038461 0.7980186754807692 0.6633475048076923 0.7931244519230769 0.6679012259615384 0.7660751105769231 0.6727750817307693 0.7611808846153847 0.6773288052884615 0.7637591057692308 0.6952235697115385 0.8294954855769231 0.6814989375 0.8291931682692308 0.6871052716346154 0.8459384182692309 0.6877599086538461 0.8557268653846154 0.6786524615384616 0.8536642908653846 0.6643366490384615
2 0.7864035168269231 0.4671597379807692 0.7815092908653847 0.47171346153846155 0.7732677716346154 0.4915577692307692 0.7817715048076923 0.5120567139423077 0.7768772788461539 0.5166104350961539 0.7931068846153846 0.513686125 0.8028953341346153 0.5045786778846154 0.7977388942307692 0.4687891490384616 0.7864035168269231 0.4671597379807692
2 0.8049666923076924 0.5960020384615384 0.7941469567307693 0.5979515841346154 0.7789486370192308 0.6080338004807693 0.7627190336538461 0.6109581129807693 0.75138365625 0.6093287019230769 0.7560244495192308 0.6415392764423077 0.7624656033653847 0.6477224134615385 0.7998190360576923 0.6373200649038462 0.8041976177884614 0.6291873846153847 0.8145017115384616 0.6236588894230769 0.8108922043269231 0.5986062211538461 0.8049666923076924 0.5960020384615384
2 0.7183824519230769 0.38027572355769235 0.7021528461538461 0.3832000360576923 0.6972586225961539 0.3877537596153846 0.6928800432692307 0.39588643509615384 0.6949426153846154 0.4102022451923077 0.7008681298076923 0.41280643028846153 0.733842983173077 0.41053675721153843 0.7366746298076923 0.3916672211538461 0.7297178293269231 0.3819051346153846 0.7183824519230769 0.38027572355769235
2 0.7786512932692309 0.25926034375 0.7603591105769231 0.24786884855769228 0.7003349182692309 0.255012375 0.6915777572115385 0.2712777283653846 0.6985345552884615 0.28103981730769234 0.7157954495192308 0.28527340625000003 0.7320250528846154 0.2823490961538461 0.7379505649038461 0.28495327884615385 0.76499990625 0.2800794230769231 0.7807138677884615 0.27357615384615386 0.7786512932692309 0.25926034375
2 0.7758108605769232 0.20102232932692307 0.7335632019230769 0.21597840144230768 0.7394887115384615 0.21858258653846155 0.7366570649038462 0.2374521201923077 0.7593278245192308 0.2407109423076923 0.7843145913461539 0.22152127644230768 0.7881775288461538 0.20980964663461538 0.7876618846153847 0.2062306923076923 0.7758108605769232 0.20102232932692307