0 0.7052230144230769 0.03228178846153846 0.7050396947115385 0.025110175480769232 0.7025731442307692 0.022993899038461538 0.6977011538461538 0.02115188221153846 0.6832684927884615 0.02279744951923077 0.6762354831730769 0.03079184855769231 0.678763139423077 0.03529866346153846 0.688507125 0.038982694711538465 0.7005343413461538 0.03761138701923077 0.7052230144230769 0.03228178846153846
2 0.5443638557692307 0.06260997836538461 0.5537412019230769 0.05195078125 0.5604686826923077 0.03200369471153846 0.5580021298076923 0.02988741826923077 0.5507858028846153 0.030710201923076923 0.5365364615384615 0.03952738221153846 0.5342532331730769 0.04458272115384616 0.5344365528846153 0.05175433413461539 0.5395529711538462 0.06315849999999999 0.5443638557692307 0.06260997836538461
2 0.5236925721153847 0.10332693509615386 0.5238758918269231 0.11049855048076923 0.5312144350961538 0.11445684134615385 0.5429361177884615 0.10113284615384616 0.5474414711538461 0.08863163221153846 0.5449749230769231 0.08651535817307693 0.5446693870192308 0.07456266826923078 0.5350476153846154 0.07565971153846154 0.5328254927884616 0.08310558653846155 0.5281368197115385 0.08843518509615385 0.5236925721153847 0.10332693509615386
2 0.5268478173076923 0.32114014423076925 0.5315364903846154 0.3158105456730769 0.5309865336538462 0.2942957067307692 0.5285199855769231 0.2921794278846154 0.5188982115384616 0.2932764735576923 0.5166149807692307 0.29833181009615384 0.5170427283653847 0.3150655745192308 0.5195703846153846 0.3195723918269231 0.524442375 0.32141440625 0.5268478173076923 0.32114014423076925
2 0.5184093605769231 0.2741521706730769 0.5186537860576923 0.2837143221153846 0.5212425480769232 0.2906116754807692 0.5284588774038462 0.2897888894230769 0.5308032139423077 0.28712409134615385 0.532903125 0.2748971418269231 0.5304365745192308 0.2727808629807692 0.5184093605769231 0.2741521706730769
2 0.4189472259615385 0.4413303629807693 0.41641956971153843 0.4368235504807692 0.40920324038461536 0.4376463317307693 0.4021702307692308 0.4456407307692307 0.4027812956730769 0.4695461081730769 0.4100587331730769 0.4711138629807692 0.41474740625 0.4657842668269231 0.4192527596153846 0.4532830552884616 0.4189472259615385 0.4413303629807693
2 0.6717797067307691 0.611496108173077 0.6668466057692307 0.6072635552884615 0.6596302788461539 0.6080863365384616 0.6525972668269231 0.616080735576923 0.6528416923076924 0.6256428870192308 0.6577136850961539 0.6274849014423077 0.6673354591346154 0.6263878557692307 0.6720852379807692 0.6234487956730769 0.6717797067307691 0.611496108173077
2 0.7089612692307692 0.6504118725961539 0.7185830408653846 0.6493148269230768 0.725738264423077 0.6461015048076924 0.735115610576923 0.6354423076923077 0.7349933966346154 0.630661233173077 0.7300602980769231 0.6264286802884615 0.7156276394230769 0.6280742475961538 0.6989117524038462 0.6347751490384616 0.6942230769230769 0.6401047475961538 0.6943452884615385 0.6448858245192307 0.7089612692307692 0.6504118725961539
0 0.6265945360576922 0.33865487019230767 0.6185838173076923 0.3505871610576923 0.6239656634615385 0.36237103846153845 0.6456341682692308 0.34245142307692306 0.6407071706730769 0.3439314254807692 0.6265945360576922 0.33865487019230767
0 0.7316375144230769 0.09308208413461538 0.7342180528846154 0.08842679807692308 0.722981451923077 0.0846755985576923 0.7099176802884616 0.10193347836538462 0.73015040625 0.10096920913461539 0.7316375144230769 0.09308208413461538
0 0.8106030288461539 0.45043663461538463 0.7994897115384615 0.44905449759615385 0.7938365552884614 0.4626144110576923 0.8032504951923076 0.46584458653846156 0.810200983173077 0.4640595456730769 0.8106030288461539 0.45043663461538463