3 0.797984485576923 0.5949623293269231 0.8362804374999999 0.6362192043269231 0.8158560480769231 0.5394114639423078 0.7433213677884616 0.5637898629807693 0.7698932980769231 0.6371387740384615 0.797984485576923 0.5949623293269231
3 0.70442590625 0.4144973774038462 0.7246922596153845 0.52808840625 0.8101826081730769 0.5125204278846154 0.8388374254807692 0.4905478076923077 0.8065920552884616 0.39030786057692307 0.7508325528846154 0.39538517067307694 0.7568080120192308 0.44760429326923074 0.7260298846153846 0.3973606899038461 0.70442590625 0.4144973774038462
3 0.43244219471153844 0.5980622884615385 0.4460195024038462 0.5524358004807692 0.5056374639423077 0.6294119663461538 0.5142124158653846 0.5999262668269231 0.46740258653846156 0.5358475552884616 0.45719039423076924 0.4874436875 0.42431289182692306 0.4543368942307692 0.4165565625 0.5227673822115384 0.43244219471153844 0.5980622884615385
3 0.5447920889423077 0.4994154110576923 0.5316499302884615 0.38452705048076924 0.4631514495192308 0.3579069158653846 0.43935145192307695 0.3678257860576923 0.4366079735576923 0.40741923557692306 0.4975081586538461 0.48568657211538463 0.5363751682692308 0.5121178245192307 0.5447920889423077 0.4994154110576923
3 0.4018340721153846 0.5757119134615385 0.39631866346153843 0.5320375841346153 0.3179525096153846 0.5463082307692309 0.31650175480769227 0.5744966009615384 0.35829872836538457 0.6674123461538461 0.4026811490384615 0.7375179278846153 0.4357166826923077 0.7538414326923076 0.4405715024038462 0.7417876850961539 0.4041319014423077 0.7093295600961539 0.37740193749999995 0.6527639350961538 0.4018340721153846 0.5757119134615385
3 0.34858908894230767 0.6915198389423077 0.33966961778846155 0.6317108894230768 0.30597349278846153 0.5596593100961539 0.29270175721153846 0.5844154687500001 0.31105519711538465 0.6379380793269231 0.32106896153846154 0.7188706658653847 0.34001413942307696 0.7210055432692308 0.34858908894230767 0.6915198389423077
3 0.6878836033653847 0.6150119399038462 0.7117650432692308 0.6421392163461538 0.6970140961538461 0.572222516826923 0.6660899038461537 0.5834387163461539 0.6712892475961538 0.660679625 0.6878836033653847 0.6150119399038462
3 0.5782125408653846 0.5892881442307693 0.5474059831730769 0.5994664831730769 0.5632916177884616 0.674761389423077 0.5914723365384615 0.7031386418269231 0.6023166610576923 0.6844093557692308 0.5880858822115385 0.6281087043269231 0.5782125408653846 0.5892881442307693
2 0.7168505673076923 0.22793519951923077 0.7524715432692308 0.2214485408653846 0.7320109639423078 0.1627248125 0.6969002788461538 0.08077759134615385 0.6669527403846154 0.11415528846153845 0.6971924399038462 0.14114115624999998 0.7070657788461538 0.17996171875 0.7168505673076923 0.22793519951923077
2 0.6810431009615385 0.12834391346153845 0.6860844038461539 0.22236811057692307 0.7121537788461538 0.22320565865384617 0.7009649326923076 0.1526402908653846 0.6810431009615385 0.12834391346153845
2 0.42536221634615384 0.09113140865384615 0.3908759278846154 0.10299627403846154 0.43219880048076925 0.24626188461538462 0.4678197788461539 0.23977522596153847 0.42536221634615384 0.09113140865384615
2 0.33615173557692307 0.12413134134615385 0.35392571153846153 0.14780240384615384 0.37860929807692306 0.27277516105769234 0.4189270625 0.2710180456730769 0.4168157211538462 0.24347834134615384 0.3931453052884616 0.11375268990384615 0.33615173557692307 0.12413134134615385
2 0.33182792788461535 0.33155768269230773 0.33926818750000004 0.29669377403846153 0.3018519326923077 0.24207414903846153 0.3177091129807692 0.19450782451923077 0.28580826682692306 0.18356252884615382 0.25440997115384617 0.24512859855769228 0.29037547115384615 0.32793658894230765 0.33182792788461535 0.33155768269230773