3 0.8184220120192307 0.31364366826923074 0.791481125 0.21717060096153845 0.7408206778846154 0.19933604807692307 0.7498634182692308 0.2755052932692308 0.7418759254807692 0.3214897836538461 0.7648794735576924 0.34621869471153843 0.80142134375 0.3552465240384616 0.8184220120192307 0.31364366826923074
3 0.783666954326923 0 0.7955346899038461 0.05069211057692307 0.8431743341346153 0.06300585817307693 0.85590465625 0.029147694711538462 0.8490807716346154 0 0.783666954326923 0
3 0.48603317788461536 0.4786696875 0.5160779783653846 0.489357375 0.5366575480769231 0.4596150673076923 0.5158790336538461 0.4280373870192308 0.5097898341346154 0.40839544951923074 0.51611109375 0.3424409206730769 0.46982362740384614 0.33590288942307694 0.46359037019230764 0.36810118750000004 0.48603317788461536 0.4786696875
3 0.38650642067307694 0.33388538942307694 0.37967266826923074 0.3772980504807692 0.41322981490384614 0.4176942403846154 0.4384127403846154 0.4027766009615385 0.4608860192307693 0.3565497572115385 0.4625185649038462 0.3194056778846154 0.4343866826923077 0.2286541129807692 0.39895318750000003 0.24059581009615386 0.3664312788461539 0.27662111298076925 0.38650642067307694 0.33388538942307694
3 0.3947938605769231 0.5448275649038462 0.40102711298076926 0.5126292692307692 0.38209665144230764 0.43176927163461537 0.33824972115384616 0.40624423317307695 0.3046760168269231 0.4393062716346154 0.3246948461538462 0.49540355048076923 0.3733304423076923 0.5386624350961539 0.3947938605769231 0.5448275649038462
3 0.35765813461538465 0.7685557884615384 0.3998890745192308 0.7577666754807691 0.3833991514423077 0.657919670673077 0.35309053846153843 0.6166935456730769 0.3325109735576923 0.646435858173077 0.35765813461538465 0.7685557884615384
3 0.17702051923076922 0.49606143028846156 0.16498905769230768 0.47499333173076924 0.1425296923076923 0.43788305769230773 0.11599723798076923 0.45690387259615384 0.10516326923076923 0.48415638701923075 0.11109960096153845 0.5683361129807692 0.1565625168269231 0.6301752956730768 0.17522413461538464 0.6475785144230769 0.2093470528846154 0.6350534663461538 0.21668523317307692 0.5046342211538462 0.20017875000000002 0.47824544230769234 0.17702051923076922 0.49606143028846156
0 0.7194331177884615 0.21092128365384613 0.7213294711538462 0.20431563461538463 0.71456859375 0.17543706490384617 0.7067193509615385 0.1713212139423077 0.69697375 0.17381100721153847 0.7083353389423077 0.20763536298076923 0.712936048076923 0.2125811466346154 0.7194331177884615 0.21092128365384613
0 0.5651029158653846 0.3605303798076923 0.5591500288461538 0.3498088798076923 0.5526529615384616 0.3514687427884615 0.5521087812500001 0.3638501057692308 0.5594138413461539 0.3803473173076923 0.5691594447115385 0.3778575216346154 0.5651029158653846 0.3605303798076923
0 0.41507649759615384 0.6314632788461538 0.4156206778846154 0.6190819206730769 0.41156415144230774 0.6017547788461538 0.4069634447115385 0.5968089951923077 0.3972178413461539 0.5992987908653846 0.4020823605769231 0.6347830048076923 0.4099316033653846 0.6388988581730769 0.41507649759615384 0.6314632788461538
0 0.19882657451923078 0.47246973076923077 0.2131728846153846 0.4749257163461538 0.2121759735576923 0.4482411538461539 0.2069561875 0.4336657860576923 0.20056953125000002 0.44388543990384616 0.19882657451923078 0.47246973076923077