3 0.32071444711538466 0.2267483076923077 0.28821472836538464 0.19636143028846156 0.27463239423076924 0.21911324759615386 0.2430037331730769 0.28815612740384616 0.23724826923076922 0.20860857451923076 0.23091743990384617 0.18557496874999999 0.18620669951923075 0.20489360096153847 0.15941755528846152 0.33020783173076923 0.17093321634615383 0.3972077115384615 0.21472327644230768 0.4467081105769231 0.2570669158653846 0.4532927019230769 0.32071444711538466 0.2267483076923077
3 0.6319233653846154 0.2451180745192308 0.5725593990384615 0.3240833125 0.5576057475961538 0.31988144471153845 0.5360208461538462 0.2287974903846154 0.5024502403846154 0.23530540384615384 0.45131415384615386 0.4759927668269231 0.4963253173076923 0.5205226153846154 0.5859721105769231 0.5297717163461538 0.6094734783653846 0.49917972836538466 0.6632019783653846 0.28047550240384617 0.6319233653846154 0.2451180745192308
3 0.7667315312499999 0.3308212596153846 0.7339870865384616 0.512912485576923 0.8100515456730769 0.5449134038461538 0.8702610865384616 0.38116701923076923 0.8377613701923077 0.35078013942307695 0.7963591394230769 0.45170060336538465 0.7980101442307692 0.3661786875 0.7916042115384615 0.32718296634615385 0.7667315312499999 0.3308212596153846
0 0.26347285096153844 0.49228842548076923 0.28475732932692305 0.5195238990384615 0.31306799759615384 0.45308759375 0.3042949663461539 0.4399950889423077 0.2769800817307692 0.4535744879807692 0.26347285096153844 0.49228842548076923
0 0.10997262019230769 0.40133290384615383 0.09809716586538463 0.4385127307692308 0.10653462980769232 0.46413091105769233 0.1275186875 0.4275179086538462 0.10997262019230769 0.40133290384615383
0 0.3361744230769231 0.6030494711538462 0.36608172596153843 0.6114532115384615 0.3810349423076923 0.5999583701923077 0.38317715625000004 0.5418655 0.3607466802884615 0.5355626971153846 0.3361744230769231 0.6030494711538462
0 0.6088532211538461 0.6318472355769231 0.6276954951923077 0.6690238100961537 0.6499757596153847 0.6434023774038462 0.6595943653846154 0.5717137331730769 0.6322043774038462 0.5693310120192308 0.6088532211538461 0.6318472355769231
2 0.09659618990384616 0.7323355384615385 0.08064675480769232 0.7809905769230769 0.09941392307692308 0.8022050336538461 0.12772459134615383 0.7357687283653846 0.09659618990384616 0.7323355384615385
2 0.1378689375 0.7758149182692308 0.12436170673076924 0.8145288557692307 0.1580074182692308 0.8239830649038461 0.16403782451923077 0.7831681899038462 0.1378689375 0.7758149182692308
2 0.46939095192307695 1 0.47470159375 0.9501675841346154 0.4410558798076923 0.9407133750000001 0.4230340264423077 1 0.46939095192307695 1
2 0.3980864783653846 1 0.39901266346153846 0.997977264423077 0.37650708173076924 0.9757123389423078 0.35285550480769234 0.9743800865384615 0.34656152644230764 1 0.3980864783653846 1