3 0.14285714182692308 0.6369047620192307 0.1395348846153846 0.5535714278846154 0.14778405288461538 0.5315119038461538 0.13196013221153846 0.4310059519230769 0.17940199278846156 0.40476190384615385 0.1627906971153846 0.32142857211538456 0.14285714182692308 0.2976190480769231 0.09966777403846153 0.3035714278846154 0.006644519230769231 0.47619047596153846 0.016611295673076922 0.5357142860576923 0.10631229326923078 0.6607142860576923 0.12956810576923078 0.6607142860576923 0.14285714182692308 0.6369047620192307
3 0.7176079735576923 0.5238095240384616 0.6777408629807693 0.41071428605769233 0.6584451826923078 0.37173214182692305 0.6744186057692307 0.3154761899038461 0.6411960144230769 0.2857142860576923 0.5880398677884615 0.32142857211538456 0.5847176081730769 0.41666666586538464 0.6325548173076924 0.5263571418269231 0.662760798076923 0.5778988100961538 0.7176079735576923 0.5238095240384616
3 0.7475083052884616 0.27976190384615385 0.7176079735576923 0.2678571418269231 0.7441860456730769 0.41666666586538464 0.7176079735576923 0.4940476201923077 0.7541528245192308 0.5059523798076924 0.7475083052884616 0.27976190384615385
3 0.8239202668269231 0.2976190480769231 0.7906976754807692 0.2857142860576923 0.7906976754807692 0.4940476201923077 0.8106312283653847 0.45833333413461536 0.8239202668269231 0.3690476201923077 0.8239202668269231 0.2976190480769231
3 0.9468438533653847 0.3154761899038461 0.926910298076923 0.3035714278846154 0.9087441850961538 0.38461309615384615 0.9003322259615385 0.2857142860576923 0.8756578076923076 0.32276785817307696 0.863787375 0.44642857211538456 0.8903654495192307 0.45833333413461536 0.9368770769230769 0.40476190384615385 0.9468438533653847 0.3154761899038461
2 0.8504983389423076 0.7142857139423077 0.8372093028846154 0.767857141826923 0.8737541538461537 0.7619047620192307 0.8704318942307693 0.7202380961538462 0.8504983389423076 0.7142857139423077
2 0.9677209302884615 0.7247916658653846 0.9335548173076924 0.7202380961538462 0.9302325576923077 0.7619047620192307 0.9518970096153846 0.7737559519230769 0.9800664447115385 0.7619047620192307 0.9677209302884615 0.7247916658653846
2 0.009966776442307692 0.9226190480769231 0.006644519230769231 0.9940476201923077 0.07641195913461539 0.9702380961538462 0.04983388701923076 0.9226190480769231 0.009966776442307692 0.9226190480769231
2 0.12624584615384615 0.9464285721153847 0.08305647836538463 0.9523809519230769 0.07973421875 0.9940476201923077 0.1627906971153846 0.9940476201923077 0.1594684375 0.9642857139423077 0.12624584615384615 0.9464285721153847
2 0.5160365456730769 0.9438452379807691 0.49501661057692303 0.9464285721153847 0.49501661057692303 0.9761904759615384 0.5415282403846153 0.9880952379807693 0.5481727572115385 0.9226190480769231 0.5160365456730769 0.9438452379807691
2 0.6810631225961538 0.9583333341346154 0.6544850504807692 0.9940476201923077 0.7209302331730769 0.9940476201923077 0.7176079735576923 0.9583333341346154 0.6810631225961538 0.9583333341346154
2 0.7508305649038461 0.8154761899038461 0.7508305649038461 0.8511904759615384 0.7774086370192308 0.8511904759615384 0.7674418605769231 0.8154761899038461 0.7508305649038461 0.8154761899038461
0 0.18604651201923075 0.6607142860576923 0.15282392067307693 0.6607142860576923 0.15614618028846156 0.75 0.1760797331730769 0.767857141826923 0.18604651201923075 0.7559523798076923 0.18604651201923075 0.6607142860576923
0 0.7176079735576923 0.375 0.7209302331730769 0.42857142788461544 0.7441860456730769 0.4226190480769231 0.7375647836538461 0.3588452379807692 0.7176079735576923 0.375