3 0.21933203125 0.3418934014423077 0.23511718750000002 0.4111218269230769 0.258796875 0.4470203052884615 0.28125 0.4873096442307692 0.34765625 0.4974619278846154 0.37890625 0.48223350240384616 0.3671875 0.3908629447115385 0.36732421875 0.34958883173076927 0.3929765625 0.3393299495192308 0.3984375 0.28934010096153845 0.31404687499999995 0.23164467067307692 0.25287890625 0.23420812259615384 0.23046875 0.1928934014423077 0.171875 0.20812182692307693 0.1328125 0.2639593918269231 0.12890625 0.3045685288461538 0.13645703125 0.3444568533653846 0.17000390625 0.3239492379807692 0.21933203125 0.3418934014423077
3 0.5703125 0.2791878173076923 0.51171875 0.22842639663461536 0.48966796875 0.25984771634615383 0.46006640625000006 0.24958883173076923 0.44921875 0.21319796875 0.375 0.2436548221153846 0.37890625 0.2741116754807692 0.4765625 0.34010152403846156 0.515625 0.3451776658653846 0.5703125 0.2791878173076923
3 0.71066796875 0.3675380721153846 0.7639453125 0.39317766586538466 0.73434765625 0.4649695432692308 0.83203125 0.4771573605769231 0.80859375 0.33502537980769226 0.81640625 0.29949238461538463 0.77734375 0.20304568509615384 0.7265625 0.1928934014423077 0.6830429687499999 0.2547208125 0.66133984375 0.2213857860576923 0.625 0.22335025480769233 0.57421875 0.2791878173076923 0.58984375 0.3908629447115385 0.6328125 0.4670050769230769 0.66133984375 0.47522335096153845 0.71066796875 0.3675380721153846
3 0.84765625 0.2436548221153846 0.81640625 0.25888324759615383 0.81640625 0.33502537980769226 0.859375 0.34010152403846156 0.8671875 0.3045685288461538 0.84765625 0.2436548221153846
0 0.5034804687500001 0.4136903557692308 0.484375 0.3553299495192308 0.4609375 0.3451776658653846 0.44921875 0.3654822331730769 0.44823046875 0.4162538076923077 0.484375 0.46192893509615385 0.49609375 0.44162436538461536 0.5034804687500001 0.4136903557692308
0 0.55078125 0.32994923798076925 0.54296875 0.31979695432692307 0.5234375 0.3451776658653846 0.515625 0.4263959399038461 0.53515625 0.4467005072115385 0.5625 0.3959390865384615 0.55078125 0.32994923798076925
0 0.87109375 0.4670050769230769 0.84765625 0.45177664903846154 0.84375 0.5076142139423078 0.86328125 0.5329949230769231 0.87247265625 0.5162487307692307 0.87109375 0.4670050769230769
0 0.3515625 0.6091370552884615 0.3359375 0.5380710649038462 0.3022109375 0.5136852788461538 0.2734375 0.5177664975961538 0.265625 0.52791878125 0.3125 0.6142131971153846 0.32194140625 0.6341928942307693 0.3515625 0.6091370552884615
2 0.27734375 0.89847715625 0.23828125 0.9187817259615384 0.24609375 0.9949238581730769 0.30078125 0.9847715745192308 0.27734375 0.89847715625
2 0.42060156249999997 0.9649492379807693 0.46484375 0.9543147211538462 0.48046875 0.9137055841346153 0.41796875 0.84263959375 0.34375 0.847715735576923 0.33984375 0.8629441634615385 0.3359375 0.9137055841346153 0.35546875 0.9340101514423077 0.3929765625 0.9341827403846155 0.42060156249999997 0.9649492379807693
2 0.7284296875 0.9828984759615385 0.71658984375 0.9341827403846155 0.6015625 0.949238579326923 0.578125 0.9593908629807693 0.5859375 0.9949238581730769 0.6810703124999999 0.9949238581730769 0.7284296875 0.9828984759615385