2 0.1276587403846154 0.36438307932692304 0.10467275721153846 0.34960314903846157 0.09944552884615385 0.32602031009615384 0.06451187980769231 0.32705852403846153 0.057198074519230764 0.3780414783653846 0.06913199038461539 0.40438500721153847 0.12456487019230769 0.3970491995192308 0.1276587403846154 0.36438307932692304
3 0.41595578125000005 0.5043927259615384 0.43026726442307694 0.563427375 0.43968858173076925 0.5690240240384615 0.5599411850961539 0.5971280216346154 0.5881732692307693 0.5880157644230769 0.6047685817307692 0.5598834254807692 0.4408377163461538 0.5043560649038462 0.5944210697115385 0.4642551298076923 0.5577150096153847 0.4472498197115385 0.5116977427884616 0.43926313461538463 0.43665645673076925 0.4539517163461539 0.41595578125000005 0.5043927259615384
3 0.3437098774038461 0.5683981442307693 0.37669459375 0.5669003149038462 0.36049423076923076 0.44897765625 0.3332934375 0.44720120432692306 0.31691675721153845 0.47302513701923077 0.34471249759615386 0.4947585576923077 0.30500129086538463 0.5147418557692307 0.3066600552884615 0.55502240625 0.3437098774038461 0.5683981442307693
3 0.47111976442307696 0.6680196225961539 0.5604649038461539 0.6599112307692307 0.5897981322115384 0.6917077740384615 0.6924474687500001 0.7007343605769231 0.7281822932692308 0.6701999807692308 0.7261797692307692 0.6335489975961538 0.6918800528846153 0.5911367067307692 0.6106214326923077 0.5821777884615384 0.5646938149038461 0.6047424519230769 0.46470837259615383 0.6201246442307693 0.47111976442307696 0.6680196225961539
3 0.558446014423077 0.7285030889423076 0.6134750745192308 0.7832252475961539 0.7297809975961538 0.768908923076923 0.7277784735576923 0.7322579447115385 0.6217253990384616 0.6961155889423077 0.5564434903846154 0.6918521081730769 0.558446014423077 0.7285030889423076
3 0.6690446466346154 0.3120918485576923 0.7904469639423077 0.3017603846153846 0.7653087524038462 0.2782065192307692 0.8129551850961538 0.2374940120192308 0.8055125024038462 0.2004877403846154 0.7701814975961538 0.16896415865384615 0.7008344807692308 0.14982711057692308 0.5043012307692307 0.1442958076923077 0.4739465096153846 0.23361387500000003 0.48579806009615384 0.2818641418269231 0.6690446466346154 0.3120918485576923
2 0.1128934903846154 0.17351375 0.14622197115384614 0.1683863485576923 0.14828455048076924 0.14660893749999998 0.12177128365384617 0.13757334855769232 0.1128934903846154 0.17351375
2 0.1311564326923077 0.2696589927884615 0.13156025480769232 0.20760102884615383 0.10401569711538462 0.20945414903846155 0.09101274038461539 0.2889493798076923 0.10630192548076924 0.3009039543269231 0.1311564326923077 0.2696589927884615
2 0.08108707451923076 0.6827192860576923 0.05661022836538462 0.6469232211538463 0.04988123317307692 0.607640875 0.02302419951923077 0.6022348557692307 0.009737538461538462 0.6269312572115384 0.004581086538461538 0.6813747956730769 0.020214033653846157 0.6896998028846154 0.04650867307692308 0.7010437980769232 0.08108707451923076 0.6827192860576923
2 0.08458476682692308 0.587995201923077 0.06763682211538462 0.5357600745192308 0.040092259615384616 0.5376131923076923 0.03209605288461538 0.5905419350961538 0.05532139423076923 0.6079961658653846 0.08458476682692308 0.587995201923077
0 0.3953013028846154 0.6594159927884615 0.4602394471153846 0.6673090408653847 0.45686187019230773 0.6451763365384615 0.39295501442307695 0.6263945793269231 0.3953013028846154 0.6594159927884615