1 0.4065518149038461 0.44038649278846154 0.35947833173076926 0.3959291802884615 0.3357719903846154 0.4087790072115384 0.3261237355769231 0.4309094879807692 0.3359662139423077 0.4478339399038462 0.35752073076923074 0.45511227403846155 0.40278159375 0.44954078124999997 0.4065518149038461 0.44038649278846154
1 0.38177864903846154 0.5154403894230769 0.4197062067307692 0.5069392884615385 0.39487086298076923 0.49401946875 0.39629504567307694 0.46593840865384617 0.3900156466346154 0.4610978533653846 0.3663093076923077 0.4739476778846154 0.3542709975961538 0.4934576466346154 0.36561275721153846 0.509981639423077 0.38177864903846154 0.5154403894230769
3 0.6553143293269231 0.3625352139423077 0.6439854927884615 0.2857181033653846 0.6482011009615385 0.27807430048076925 0.6339798822115384 0.27372557451923074 0.5300837019230769 0.29984706971153846 0.5571899831730769 0.30401306490384616 0.5661416899038462 0.3179165432692308 0.5578736033653846 0.32827222355769237 0.5611104158653846 0.3502199663461539 0.5540593653846154 0.3537327740384616 0.5516252932692308 0.36741852163461536 0.5685628365384615 0.3645239110576923 0.6245569399038462 0.37889784615384614 0.6444930552884615 0.37520230769230767 0.6553143293269231 0.3625352139423077
3 0.5458663846153846 0.39176904807692303 0.549636610576923 0.38261475961538466 0.5326679783653846 0.3415225144230769 0.5263885793269231 0.3366819567307692 0.46775325721153843 0.3572319591346154 0.4475348894230769 0.35448508413461544 0.44158175480769235 0.33978067788461536 0.43453070432692303 0.34329348317307695 0.4218838798076923 0.36622488942307696 0.42305689903846155 0.37568827403846156 0.4602128052884616 0.37554053605769233 0.47248935336538456 0.37877924038461536 0.4824949639423077 0.39077176923076923 0.5278749399038462 0.3965746105769231 0.5458663846153846 0.39176904807692303
3 0.6903495072115385 0.42650249278846153 0.6823765985576924 0.38300746634615385 0.5678222740384615 0.41686413221153845 0.5503202307692308 0.40687392067307687 0.47024950480769234 0.4315199230769231 0.475475 0.43827143028846155 0.47700537740384613 0.48185782451923076 0.47084509855769235 0.48839160576923074 0.48190460817307695 0.4984731826923077 0.4952350576923077 0.49980093509615386 0.5606391778846154 0.46929571875000003 0.6841892259615385 0.4330362716346154 0.6903495072115385 0.42650249278846153
2 0.971990141826923 0.2681735625 0.9527065600961537 0.25214140384615386 0.8804585360576923 0.2649212403846154 0.8983619495192308 0.29272819951923074 0.9172441610576924 0.29094361298076926 0.9648510600961538 0.3042988894230769 0.9813432187500001 0.29989378846153847 0.971990141826923 0.2681735625
2 0.9333789615384614 0.2524155048076923 0.9269804447115385 0.2362006105769231 0.9211464278846153 0.2328705408653846 0.86956215625 0.24990773557692308 0.873407485576923 0.26843404326923076 0.8783507307692309 0.26874314182692305 0.9297718701923077 0.25663786778846154 0.9333789615384614 0.2524155048076923
2 0.9047915552884616 0.3529299519230769 0.9353858100961538 0.3414992427884615 0.9378638966346154 0.31150723076923076 0.9314653798076923 0.29529233894230766 0.9209703701923077 0.2980955841346154 0.9023263942307692 0.32262884374999995 0.8766753846153846 0.3343686490384616 0.8785760408653847 0.3517849326923077 0.9047915552884616 0.3529299519230769
2 0.941131798076923 0.37744183653846153 0.9552338966346153 0.3704162259615385 0.9573857163461538 0.3502880649038461 0.9526056033653846 0.34504704326923075 0.9406113100961538 0.34825075 0.8865929639423077 0.3789736995192308 0.8995971466346154 0.3901653004807692 0.941131798076923 0.37744183653846153
0 0.5506905120192308 0.38070381009615384 0.5489840745192308 0.40234245913461536 0.5587074350961538 0.4078925769230769 0.5897470745192307 0.3979723557692308 0.6022307716346154 0.37997287259615387 0.5952237355769231 0.36717941826923073 0.5730606971153847 0.36332251923076925 0.5488338701923077 0.346981264423077 0.53801259375 0.35964835817307694 0.5506905120192308 0.38070381009615384
0 0.5303841153846154 0.4105694567307693 0.5150649807692308 0.4244379423076923 0.5168465192307692 0.4304798894230769 0.5526662716346153 0.4258006923076923 0.5624336442307692 0.4150445480769231 0.5602067211538462 0.4074921129807692 0.5303841153846154 0.4105694567307693
0 0.5321527283653846 0.4769045240384615 0.5533058798076923 0.46636611057692307 0.5359669663461538 0.4514439735576923 0.5150960673076923 0.46842479807692305 0.5321527283653846 0.4769045240384615