1 0.60625 0.20625 0.6078125 0.1765625 0.6015625 0.153125 0.5953125 0.140625 0.5796875 0.1296875 0.55625 0.1328125 0.5390625 0.146875 0.53125 0.18125000000000002 0.53125 0.215625 0.58125 0.190625 0.5984375 0.20625 0.60625 0.20625
3 0.35624999999999996 0.3828125 0.37812500000000004 0.3921875 0.4359375 0.390625 0.446875 0.39531249999999996 0.446875 0.3375 0.4375 0.2953125 0.4234375 0.2828125 0.421875 0.3203125 0.38125 0.26875 0.36875 0.2578125 0.35468750000000004 0.2609375 0.334375 0.2796875 0.33281249999999996 0.2890625 0.34062499999999996 0.290625 0.35 0.31875 0.35624999999999996 0.3828125
3 0.3453125 0.5328125 0.3921875 0.54375 0.4140625 0.54375 0.44218749999999996 0.5328125 0.44999999999999996 0.5375 0.44843750000000004 0.490625 0.44062500000000004 0.4765625 0.4515625 0.4375 0.446875 0.4296875 0.43281250000000004 0.43437499999999996 0.3984375 0.4234375 0.375 0.43281250000000004 0.3296875 0.42500000000000004 0.3375 0.4453125 0.3453125 0.5328125
2 0.4828125 0.9171875 0.4703125 0.9125000000000001 0.446875 0.8890625000000001 0.415625 0.8984375 0.41718750000000004 0.9390624999999999 0.46406250000000004 0.95 0.4921875 0.940625 0.4828125 0.9171875
2 0.6640625 0.9265625 0.671875 0.925 0.6734374999999999 0.909375 0.659375 0.921875 0.6546875000000001 0.9156249999999999 0.6421874999999999 0.9156249999999999 0.6343749999999999 0.9046875000000001 0.6234375000000001 0.9046875000000001 0.621875 0.89375 0.603125 0.8999999999999999 0.5890625 0.9359375000000001 0.5734375 0.9437500000000001 0.571875 0.9578125 0.5875 0.96875 0.653125 0.95625 0.6640625 0.9265625
3 0.55625 0.46875 0.5375 0.446875 0.5140625 0.4390625 0.49687499999999996 0.44999999999999996 0.49531250000000004 0.4609375 0.5 0.5109375 0.5234375 0.515625 0.55625 0.5125 0.55625 0.46875
3 0.55625 0.39531249999999996 0.5625 0.353125 0.553125 0.3296875 0.55625 0.31562500000000004 0.5484375 0.2640625 0.5421875 0.26875 0.5140625 0.25 0.5 0.2625 0.4921875 0.34375 0.490625 0.37187499999999996 0.5125 0.390625 0.5359375 0.3984375 0.55625 0.39531249999999996
1 0.53125 0.1921875 0.54375 0.134375 0.534375 0.12187500000000001 0.515625 0.11406250000000001 0.4984375 0.128125 0.48906249999999996 0.1515625 0.48750000000000004 0.203125 0.48906249999999996 0.20937499999999998 0.4984375 0.2109375 0.53125 0.1921875
2 0.3890625 0.98125 0.365625 0.9156249999999999 0.35468750000000004 0.9046875000000001 0.334375 0.9203125000000001 0.3375 0.971875 0.3578125 0.9859374999999999 0.384375 0.9859374999999999 0.3890625 0.98125
1 0.453125 0.1921875 0.44375 0.1375 0.4234375 0.115625 0.40312499999999996 0.11406250000000001 0.390625 0.12187500000000001 0.375 0.153125 0.37187499999999996 0.1828125 0.384375 0.1921875 0.38749999999999996 0.18593749999999998 0.453125 0.1921875
3 0.6354171875 0.3203125 0.5911453125 0.4427078125 0.5578125 0.453125 0.5609375 0.553125 0.609375 0.55625 0.6671875 0.5484375 0.6734374999999999 0.5421875 0.6734374999999999 0.509375 0.6484375 0.29375 0.6234375000000001 0.25 0.609375 0.2390625 0.571875 0.278125 0.5651046875 0.3697921875 0.5963546875 0.3072921875 0.6276046875 0.2864578125 0.6354171875 0.3203125