1 0.6558323533653846 0.813650125 0.6277710745192308 0.8105642235576924 0.6314051105769232 0.8435862788461539 0.6533259495192307 0.8352097692307693 0.6604595072115385 0.8254680793269231 0.6558323533653846 0.813650125
1 0.5998335745192308 0.7138873317307692 0.5869051658653845 0.7072460072115384 0.5636019759615385 0.7353049326923077 0.5931328966346153 0.731593 0.6006556850961539 0.7233729975961538 0.5998335745192308 0.7138873317307692
1 0.5908534567307693 0.7587436850961539 0.5781536177884615 0.7537359975961538 0.5677212692307692 0.75611284375 0.5738180649038461 0.7611329663461538 0.5735597692307692 0.7789381514423077 0.5894274615384615 0.7719838100961538 0.5908534567307693 0.7587436850961539
1 0.5951992620192308 0.589151516826923 0.5645006394230769 0.5882983870192308 0.5764359326923076 0.6161438149038462 0.5942061466346154 0.6103556201923077 0.6001719999999999 0.5960488677884616 0.5951992620192308 0.589151516826923
3 0.5009569038461539 0.8290668894230768 0.4783012451923077 0.8408423173076923 0.47371773557692304 0.8354666562499999 0.45940697836538463 0.8485077451923076 0.48288832932692305 0.9026769110576923 0.50999953125 0.8890222908653846 0.5316591033653846 0.886378951923077 0.5383436466346153 0.8835743894230769 0.5511776682692308 0.8724804855769231 0.5944386947115384 0.8684027956730769 0.6000153173076923 0.8525743557692308 0.57722871875 0.8450229134615385 0.5558138942307692 0.841899858173077 0.5764066057692308 0.8355372475961539 0.5911065961538461 0.82401784375 0.5815503509615385 0.8117448293269232 0.5009569038461539 0.8290668894230768
3 0.4955477043269231 0.7577466322115385 0.3976169254807692 0.7888208653846154 0.39939824038461536 0.7986635120192307 0.4335902956730769 0.8019415 0.4004376995192308 0.8121535360576922 0.3974895673076923 0.8259529254807692 0.4054888822115385 0.8321391923076923 0.47436526682692304 0.81918315625 0.48833043509615387 0.8110626706730769 0.49753446153846154 0.8115602740384615 0.5068791129807693 0.8083178485576923 0.5265518461538462 0.803695798076923 0.5314372932692307 0.7977085673076924 0.5067918245192308 0.7954332668269231 0.46893096153846153 0.792425235576923 0.49494382211538457 0.7804724230769231 0.5206260552884616 0.7679859110576923 0.5236089831730769 0.7608325336538461 0.4955477043269231 0.7577466322115385
3 0.5331108461538462 0.5972864639423077 0.5239438317307692 0.5865351394230769 0.512490875 0.5951510264423077 0.48814511298076924 0.6159167163461539 0.4664389254807692 0.6000457475961538 0.4482358341346154 0.5978699663461539 0.40439415625 0.6146229879807692 0.423292 0.6634164927884616 0.46678809134615384 0.6515840745192307 0.47657589423076924 0.6464114639423078 0.49317951201923077 0.6453383221153846 0.5261955192307692 0.639239610576923 0.5322050216346154 0.6313751466346154 0.5328961947115385 0.6215339423076922 0.5245512956730769 0.6202682788461539 0.5021141947115384 0.61900015625 0.5214374278846153 0.6080947836538462 0.5331108461538462 0.5972864639423077
2 0.2777724663461539 0.9411894735576923 0.2823996201923077 0.9530074278846155 0.2858154278846154 0.9538180288461539 0.3024615841346154 0.9499070649038461 0.30773626682692307 0.9454415216346154 0.3111084278846154 0.9398098317307693 0.31032996153846154 0.9367664567307692 0.3061356875 0.9329124807692307 0.3027198798076923 0.9321018798076923 0.2906135841346154 0.9349462187500001 0.28948953125 0.9368234471153846 0.2777724663461539 0.9411894735576923
2 0.2702897427884615 0.8993928365384616 0.2695549230769231 0.9027917524038462 0.2726251442307692 0.9085229591346154 0.27794347115384616 0.9104997067307692 0.2839966201923077 0.9090775360576924 0.28931494711538464 0.9110542836538461 0.2999079543269231 0.9085654855769231 0.3025452980769231 0.9063327139423076 0.3032801153846154 0.902933798076923 0.3017231826923077 0.8968470504807692 0.29489156971153846 0.89522584375 0.2823960408653846 0.8965484975961538 0.2804935216346154 0.8953823533653846 0.27292708653846154 0.8971600649038461 0.2702897427884615 0.8993928365384616
2 0.26652476923076923 0.84704390625 0.26881652403846157 0.8497317379807693 0.28356016105769233 0.8446546298076923 0.28771078846153847 0.8420663149038461 0.28537538942307694 0.8329361899038462 0.2815703485576923 0.8306039014423077 0.272490625 0.83273715625 0.26833999759615385 0.8353254711538463 0.2649678365384615 0.8409571586538462 0.26652476923076923 0.84704390625
2 0.2663501850961538 0.8212747427884615 0.26790711778846155 0.8273614903846155 0.2796678269230769 0.8294377548076923 0.28342922355769234 0.8253277548076923 0.2894823701923077 0.8239055841346155 0.29173047596153845 0.820151125 0.2909083653846154 0.8106654615384615 0.28334193028846155 0.812443173076923 0.2814394110576923 0.8112770288461538 0.26781982692307693 0.8144769110576923 0.26669577403846156 0.816354141826923 0.2663501850961538 0.8212747427884615
2 0.2756445576923077 0.7948940120192307 0.2733091586538462 0.785763891826923 0.26042439423076924 0.7855648557692307 0.24983138701923077 0.7880536538461538 0.24909656490384616 0.7914525673076922 0.2514319639423077 0.8005826923076923 0.25333448557692306 0.8017488365384615 0.2756445576923077 0.7948940120192307
2 0.25722323798076924 0.7605067764423077 0.25687764903846155 0.7654273798076924 0.25955863701923076 0.7696368990384616 0.28005348076923076 0.7745005144230769 0.2891332043269231 0.7723672572115384 0.2917705432692308 0.7701344879807692 0.29289459855769234 0.7682572572115384 0.29099207932692306 0.767091110576923 0.28982437740384615 0.7625260528846154 0.2860193365384615 0.7601937620192308 0.26591372596153845 0.7568518341346154 0.25986057692307696 0.7582740048076922 0.25722323798076924 0.7605067764423077
2 0.2509046346153846 0.6668162692307693 0.2736039399038461 0.6614831346153847 0.27321470673076925 0.6599614471153846 0.2694096658653846 0.6576291586538462 0.2648261610576923 0.6522534927884615 0.25799454326923077 0.6506322908653845 0.2485255889423077 0.6512438581730768 0.2447641923076923 0.6553538581730769 0.24709959374999999 0.6644839807692308 0.2509046346153846 0.6668162692307693
2 0.2659537932692308 0.7068351971153847 0.27088288701923074 0.7072902548076924 0.29167967067307693 0.7007909759615385 0.29392777884615384 0.6970365168269231 0.2954410673076923 0.6966809711538461 0.2904683269230769 0.6897836225961539 0.26322916105769234 0.6961833846153845 0.2621051057692308 0.6980606129807693 0.26366203846153846 0.7041473629807692 0.2659537932692308 0.7068351971153847
3 0.4777588533653846 0.7075375673076922 0.4721160985576923 0.7011880144230769 0.42042039182692303 0.7064650336538462 0.42752639663461534 0.7709034399038461 0.47499636778846155 0.7627219038461538 0.5049979927884615 0.7354750288461538 0.5339044254807692 0.7432259711538461 0.5435729759615385 0.7291204062500001 0.5346404254807692 0.7256827980769232 0.4951197956730769 0.7204256322115385 0.5400262307692307 0.7089829302884615 0.52744340625 0.6974210000000001 0.49201217067307695 0.7098444471153846 0.4777588533653846 0.7075375673076922