1 0.45559781971153845 0.5655375384615385 0.44317006730769226 0.5668714927884616 0.4347217596153846 0.5779564014423078 0.4322640408653846 0.5857496995192307 0.46804606971153845 0.6016129903846154 0.46555956009615385 0.579702514423077 0.45559781971153845 0.5655375384615385
2 0.5010316610576923 0.9020888942307692 0.49801637259615383 0.8676666466346153 0.48389997596153844 0.8659688293269231 0.48884509134615384 0.8827655841346154 0.4808689831730769 0.9050235072115385 0.4934903317307692 0.9082704254807693 0.5010316610576923 0.9020888942307692
3 0.39467029086538463 0.6456928076923076 0.40208392788461544 0.6496717860576923 0.4018178557692308 0.6592165841346154 0.40622986298076924 0.7636116971153846 0.4126727307692307 0.7683630985576924 0.44220227644230764 0.7655177163461538 0.4534607740384615 0.7734416778846154 0.4587138894230769 0.7500415889423077 0.45505333173076923 0.6265026899038462 0.43290142067307696 0.600831079326923 0.40639347115384616 0.6197857836538462 0.4028825 0.629021391826923 0.39300414663461536 0.6352916562500001 0.39467029086538463 0.6456928076923076
2 0.5187078341346154 0.8772438100961538 0.5196080024038461 0.8616189615384615 0.5056238004807693 0.8630490889423077 0.5054507043269231 0.8958776225961539 0.5291983557692308 0.9039205576923077 0.5304290120192308 0.8961155697115385 0.5187078341346154 0.8772438100961538
2 0.6843213173076923 0.8819481490384615 0.6806045889423077 0.8968754903846154 0.6695691418269232 0.9021310649038461 0.6731541129807692 0.913108610576923 0.6980002259615384 0.9102186153846153 0.6987021033653846 0.8899018509615384 0.6843213173076923 0.8819481490384615
2 0.5609826322115384 0.888478920673077 0.5597811538461538 0.8996328629807693 0.5865641081730769 0.8950869783653845 0.5866050096153846 0.8591304999999999 0.5770620961538462 0.8601558197115384 0.5664209759615384 0.8589382259615385 0.5690859831730769 0.8824137427884615 0.5609826322115384 0.888478920673077
3 0.638252891826923 0.6859805360576924 0.6314909711538461 0.6842402187500001 0.62925 0.7235259807692308 0.6358502596153847 0.7689257764423078 0.6407980817307692 0.7752262788461538 0.6595318124999999 0.7754047379807693 0.68703753125 0.7615966826923077 0.684749314903846 0.7443781225961538 0.6807016634615385 0.7224527740384615 0.6750015721153846 0.6614281346153846 0.6630821009615384 0.6378644543269231 0.641159983173077 0.6360922812500001 0.6314217259615386 0.6641396706730769 0.6426094350961539 0.6703886153846154 0.638252891826923 0.6859805360576924
1 0.6267540024038462 0.5906181274038461 0.6126376057692308 0.5889203100961539 0.6023044759615385 0.6028919543269231 0.6031637403846154 0.6232235841346154 0.6374133653846153 0.6133881298076923 0.6384751802884616 0.6094898894230769 0.6267540024038462 0.5906181274038461
1 0.5047612644230769 0.5472457716346154 0.49828739663461535 0.5523212403846154 0.4944281322115385 0.5612174158653847 0.49365675240384616 0.5746094711538462 0.5111054230769231 0.578684045673077 0.5247508461538462 0.5771396923076924 0.5225687788461538 0.5598111466346154 0.517382610576923 0.5504926850961538 0.5120616081730769 0.5485441009615385 0.5047612644230769 0.5472457716346154
2 0.60835403125 0.8937312115384616 0.6222741826923077 0.9013459711538462 0.6320355841346154 0.9002101730769231 0.6248656418269231 0.8782550817307692 0.6091881009615384 0.8765423918269231 0.60835403125 0.8937312115384616
2 0.6530323365384615 0.8800867451923077 0.6493109134615385 0.8949030432692309 0.6382140625 0.8987056874999999 0.63874284375 0.9112174615384615 0.6683384855769231 0.9099360504807692 0.6686437764423078 0.8802354615384615 0.6530323365384615 0.8800867451923077
3 0.4610830048076923 0.6742420649038461 0.4638147572115384 0.6597508942307692 0.46939116586538465 0.659804014423077 0.47893317788461537 0.6376735697115384 0.5413789471153846 0.6382684375000001 0.5388924374999999 0.6163579615384616 0.5294999254807693 0.6051015336538461 0.5234462379807693 0.6201191730769231 0.5136077427884616 0.6378928870192309 0.5074051634615384 0.6098046394230769 0.4877460673076923 0.587730576923077 0.4711683581730769 0.6016427307692308 0.4596706658653846 0.6249833341346154 0.45849035096153845 0.6524415745192308 0.4610830048076923 0.6742420649038461
3 0.5694399423076922 0.6138568317307692 0.5661998653846154 0.5978579879807693 0.5557745889423077 0.6070277331730769 0.5454014038461539 0.6226733341346153 0.5461945745192307 0.6414409951923077 0.582391923076923 0.6417858149038461 0.5734359038461538 0.6213770528846154 0.5694399423076922 0.6138568317307692
3 0.6117626322115385 0.6420656033653847 0.5974227475961539 0.598155423076923 0.5928243173076923 0.6001220769230768 0.5962262355769231 0.6146701129807692 0.5879652740384615 0.6302248413461539 0.5834148581730769 0.6417955600961539 0.6117626322115385 0.6420656033653847
2 0.45387025240384615 0.8991836177884616 0.43909017307692305 0.8923423365384615 0.4368752644230769 0.8794799471153846 0.43374731250000004 0.8582324687499999 0.41702121153846156 0.8580731346153846 0.42363627644230767 0.8827025072115385 0.4203471971153846 0.8971883701923077 0.4233710336538462 0.910729141826923 0.4599423918269231 0.9109665288461539 0.45854287740384614 0.9042527139423077 0.45387025240384615 0.8991836177884616
1 0.5922105360576922 0.5855990336538461 0.5936387884615384 0.5666289759615385 0.5863373485576923 0.5574029278846153 0.5819918028846154 0.5547929615384615 0.5722209543269231 0.5557051105769231 0.5646688149038461 0.5669111177884616 0.5646308149038461 0.5791939350961539 0.5922105360576922 0.5855990336538461