1 0.5203125 0.28125 0.5234375 0.2515625 0.509375 0.2234375 0.49531250000000004 0.2234375 0.475 0.25 0.4765625 0.2765625 0.4921875 0.259375 0.515625 0.2703125 0.5203125 0.28125
1 0.6968749999999999 0.2546875 0.7 0.21250000000000002 0.6875 0.2 0.6625000000000001 0.20156249999999998 0.6484375 0.2234375 0.6453125 0.2515625 0.6499999999999999 0.2578125 0.6796875 0.25 0.6968749999999999 0.2546875
3 0.3578125 0.5671875 0.38749999999999996 0.55625 0.4046875 0.41874999999999996 0.3921875 0.353125 0.3671875 0.3359375 0.359375 0.3515625 0.3453125 0.35468750000000004 0.34062499999999996 0.3375 0.328125 0.32499999999999996 0.3015625 0.33906250000000004 0.2828125 0.3609375 0.2703125 0.4 0.26875 0.4609375 0.3 0.5177078125 0.3015625 0.5578125 0.3578125 0.5671875
1 0.3765625 0.2546875 0.365625 0.234375 0.3421875 0.23125 0.321875 0.2671875 0.32499999999999996 0.284375 0.3421875 0.2734375 0.375 0.2828125 0.3765625 0.2546875
3 0.659375 0.584375 0.7359374999999999 0.5703125 0.7546875 0.49375 0.7546875 0.4453125 0.7390625 0.35468750000000004 0.7281249999999999 0.33281249999999996 0.7109375 0.31718749999999996 0.6968749999999999 0.30937499999999996 0.6859375000000001 0.328125 0.6640625 0.33906250000000004 0.6499999999999999 0.31875 0.6265624999999999 0.3375 0.60625 0.3984375 0.596875 0.4828125 0.5953125 0.54375 0.6109375 0.5453125 0.64375 0.5796875 0.659375 0.584375
3 0.5125 0.5546875 0.53125 0.5421875 0.54375 0.48906249999999996 0.5609375 0.459375 0.559375 0.40312499999999996 0.55 0.36406249999999996 0.5203125 0.328125 0.5125 0.32499999999999996 0.4921875 0.34062499999999996 0.484375 0.3359375 0.48124999999999996 0.32343750000000004 0.44843750000000004 0.3453125 0.4359375 0.38125 0.43125 0.44062500000000004 0.44375 0.5296875 0.4765625 0.5546875 0.5125 0.5546875
2 0.640625 0.8062499999999999 0.6265624999999999 0.7953125000000001 0.6156250000000001 0.8 0.603125 0.8218749999999999 0.5859375 0.8234375 0.584375 0.8390625 0.5953125 0.8484375 0.64375 0.8343750000000001 0.640625 0.8062499999999999
2 0.703125 0.825 0.6812499999999999 0.8187500000000001 0.6765625 0.8796875 0.6968749999999999 0.8843749999999999 0.7078125 0.8640625 0.703125 0.825
2 0.5171875 0.825 0.50625 0.8046875 0.48906249999999996 0.8046875 0.48906249999999996 0.840625 0.5046875 0.8500000000000001 0.5140625 0.8421875000000001 0.5171875 0.825
2 0.459375 0.8187500000000001 0.45781249999999996 0.796875 0.4359375 0.7875000000000001 0.421875 0.8234375 0.4234375 0.8453124999999999 0.43281250000000004 0.8484375 0.4453125 0.8421875000000001 0.459375 0.8187500000000001
2 0.33281249999999996 0.8343750000000001 0.32343750000000004 0.825 0.32343750000000004 0.815625 0.3046875 0.8140624999999999 0.30625 0.8578125000000001 0.31562500000000004 0.8625 0.33125000000000004 0.859375 0.33281249999999996 0.8343750000000001
2 0.38749999999999996 0.7953125000000001 0.36406249999999996 0.796875 0.3765625 0.8453124999999999 0.3921875 0.8484375 0.3984375 0.8390625 0.38749999999999996 0.7953125000000001