1 0.7107602668269231 0.5398423774038462 0.736863420673077 0.5442426225961539 0.7659541225961538 0.526891423076923 0.7678746899038462 0.5129083533653847 0.7419306778846154 0.4959112716346154 0.7120912716346154 0.49583715865384614 0.7222873076923076 0.5016703004807692 0.7299225865384616 0.52614753125 0.7107602668269231 0.5398423774038462
1 0.7585756009615385 0.3747246658653846 0.7868669759615384 0.37463133173076923 0.8104599951923077 0.3629924951923077 0.8154223725961539 0.3383011490384616 0.8047452836538462 0.32453219471153844 0.7625216177884616 0.3231185216346154 0.7648183533653847 0.3407112740384616 0.7530236610576923 0.3693938605769231 0.7585756009615385 0.3747246658653846
3 0.6369972884615385 0.6422366682692308 0.6233832740384616 0.6155359807692308 0.5600730889423077 0.5960738846153846 0.4214988846153846 0.5984291201923078 0.406608125 0.6267768197115384 0.4082140480769231 0.6837137692307693 0.44773399519230767 0.6895652596153846 0.4997107259615384 0.7267225384615384 0.5602973822115385 0.7316992259615385 0.6007053629807693 0.7234559615384615 0.6249385721153846 0.7071561009615385 0.6424986009615385 0.6822506442307692 0.631821514423077 0.6684816875 0.6154333485576923 0.6619787668269231 0.6204499807692307 0.6483305889423078 0.6369972884615385 0.6422366682692308
1 0.6989222091346154 0.6946608173076924 0.7373011081730769 0.6783142884615384 0.7374059903846154 0.6546742836538461 0.7187753461538461 0.6416217740384614 0.6906973677884616 0.6401614350961539 0.6955042355769231 0.6737932668269231 0.6823206490384616 0.6897115697115385 0.6989222091346154 0.6946608173076924
3 0.7025208942307692 0.30243764182692306 0.6893879326923076 0.28367276923076923 0.6692092548076923 0.27045281490384615 0.5815573461538461 0.24520424759615383 0.53356834375 0.24001344471153846 0.4551540024038462 0.25045272115384615 0.4307652860576923 0.3250757596153846 0.43327541826923077 0.3411148389423077 0.46285080288461533 0.37742579807692306 0.46226487259615384 0.39312998557692314 0.5228515288461538 0.3981066778846154 0.6077256514423077 0.39782667307692304 0.6708730673076923 0.3841592716346154 0.6926504014423076 0.36286349759615383 0.6744465504807693 0.3467036394230769 0.6882703269230769 0.32612431490384614 0.7083404879807692 0.31725793509615385 0.7025208942307692 0.30243764182692306
3 0.6341000889423077 0.4574427475961539 0.5966796610576923 0.4439345721153846 0.5411638942307693 0.43635286778846155 0.5094039182692307 0.4502618269230769 0.4550636514423077 0.4569980817307692 0.4401186346153846 0.47430261298076926 0.4352105144230769 0.510037125 0.45549770432692305 0.5453434134615385 0.5420283774038461 0.5673171875 0.6014937932692308 0.5690190841346154 0.6388057067307693 0.5604409278846154 0.6649594855769231 0.5301579975961539 0.6530020216346154 0.5257110889423077 0.6494249038461538 0.5174403774038462 0.6676793822115384 0.49891706490384613 0.6656503004807692 0.49081380288461535 0.6341000889423077 0.4574427475961539
2 0.16819298798076923 0.37235855528846157 0.18388670913461538 0.37247933413461537 0.18778210096153847 0.3555563605769231 0.21116172596153845 0.3454711995192307 0.2172995985576923 0.3350978125 0.20838393990384615 0.31994262740384616 0.1809461514423077 0.3138212644230769 0.16039857211538464 0.36047816586538467 0.16819298798076923 0.37235855528846157
2 0.16028279326923078 0.24693915384615384 0.1386645985576923 0.25563808653846154 0.1405345408653846 0.2763381899038462 0.20154799038461538 0.27820753125000003 0.1983434110576923 0.2557863076923077 0.16028279326923078 0.24693915384615384
2 0.19157987740384613 0.4537260721153846 0.17294923317307692 0.4406735649038461 0.1554940841346154 0.4419390144230769 0.1464735456730769 0.4504238365384615 0.15362777403846153 0.46696525 0.18923251682692308 0.4708164927884615 0.19157987740384613 0.4537260721153846
2 0.16148008173076922 0.5356151490384615 0.19900539182692306 0.5254833173076923 0.19270474759615386 0.5027272043269231 0.17124569230769232 0.4988292980769231 0.14610464182692307 0.5103006899038461 0.1382053389423077 0.5220603028846154 0.14002102644230768 0.5317172403846153 0.16148008173076922 0.5356151490384615
2 0.1547635408653846 0.6531453990384615 0.15577626682692308 0.6343338605769231 0.14648807211538462 0.6333291923076924 0.1384802548076923 0.6230024711538462 0.11349834375 0.6218770240384616 0.10826831490384616 0.6370788774038462 0.11163203125 0.6469032596153846 0.1547635408653846 0.6531453990384615
2 0.14279881249999998 0.5572458124999999 0.13265703125 0.5624558389423077 0.13361913221153848 0.5783274735576923 0.17990096153846155 0.595947670673077 0.18464993990384615 0.57281 0.14279881249999998 0.5572458124999999