3 0.565625 0.48124999999999996 0.559375 0.47343749999999996 0.5328125 0.47343749999999996 0.5109375 0.509375 0.509375 0.5453125 0.540625 0.509375 0.5546875 0.5140625 0.565625 0.48124999999999996
1 0.5515625 0.4375 0.5546875 0.42656249999999996 0.54375 0.40625 0.5296875 0.4046875 0.521875 0.41874999999999996 0.5171875 0.446875 0.5273671875 0.437553125 0.54188125 0.4327125 0.5515625 0.4375
2 0.478125 0.7375 0.47187500000000004 0.71875 0.45781249999999996 0.7203124999999999 0.4546875 0.753125 0.48906249999999996 0.7578125 0.490625 0.75 0.478125 0.7375
2 0.45781249999999996 0.73125 0.453125 0.71875 0.44062500000000004 0.7203124999999999 0.4296875 0.75 0.428125 0.7593749999999999 0.43437499999999996 0.7625 0.4546875 0.7546875 0.45781249999999996 0.73125
2 0.53125 0.73125 0.5265625 0.7593749999999999 0.546875 0.7593749999999999 0.546875 0.7265625 0.53125 0.73125
1 0.4203125 0.3578125 0.42019687499999997 0.3448859375 0.4 0.31718749999999996 0.37968749999999996 0.32499999999999996 0.3734375 0.34062499999999996 0.37187499999999996 0.35624999999999996 0.3759890625 0.35481250000000003 0.3949359375 0.3484953125 0.4203125 0.3578125
1 0.477775 0.3696265625 0.48906249999999996 0.375 0.475 0.34843749999999996 0.46562499999999996 0.34687500000000004 0.44999999999999996 0.359375 0.44999999999999996 0.39375000000000004 0.454275 0.3813796875 0.465334375 0.371009375 0.477775 0.3696265625
2 0.41718750000000004 0.746875 0.3921875 0.7234375 0.375 0.7296875 0.37187499999999996 0.7375 0.37187499999999996 0.7671874999999999 0.41093749999999996 0.76875 0.41874999999999996 0.7625 0.41718750000000004 0.746875
2 0.596875 0.7546875 0.585253125 0.7403703125000001 0.5796875 0.721875 0.5671875 0.7265625 0.5672828125 0.7389874999999999 0.565625 0.7593749999999999 0.59375 0.7640625000000001 0.596875 0.7546875
3 0.3578125 0.5078125 0.3578125 0.5484375 0.3765625 0.546875 0.3671875 0.44999999999999996 0.3578125 0.5078125
3 0.390625 0.4671875 0.39375000000000004 0.5140625 0.40156250000000004 0.5515625 0.4140625 0.559375 0.41874999999999996 0.525 0.40625 0.4375 0.396875 0.4078125 0.3765625 0.39375000000000004 0.3734375 0.40312499999999996 0.390625 0.40937500000000004 0.39531249999999996 0.42500000000000004 0.390625 0.4671875
3 0.49687499999999996 0.5625 0.490625 0.4932296875 0.49375 0.4546875 0.46875 0.44218749999999996 0.4671875 0.43125 0.44999999999999996 0.415625 0.43125 0.4296875 0.4296875 0.4765625 0.44062500000000004 0.5625 0.46484375 0.5578125 0.49687499999999996 0.5625
3 0.5734375 0.5703125 0.5640625 0.5515625 0.56875 0.53125 0.5609375 0.51875 0.5515625 0.51875 0.51875 0.553125 0.5140625 0.5984375 0.540625 0.584375 0.5734375 0.590625 0.5734375 0.5703125