1 0.528125 0.25 0.5203125 0.221875 0.5015625 0.2 0.48124999999999996 0.2078125 0.46562499999999996 0.23593750000000002 0.46562499999999996 0.2765625 0.478125 0.296875 0.503125 0.2875 0.528125 0.25
1 0.359375 0.2390625 0.3453125 0.22812500000000002 0.321875 0.23281249999999998 0.3046875 0.265625 0.30625 0.3046875 0.328125 0.3 0.3765625 0.271875 0.359375 0.2390625
1 0.303125 0.2140625 0.2765625 0.1765625 0.259375 0.17812499999999998 0.2421875 0.2078125 0.2421875 0.2453125 0.2515625 0.24843749999999998 0.2578125 0.259375 0.303125 0.2140625
3 0.5296875 0.60625 0.5546875 0.5890625 0.559375 0.575 0.5453125 0.5171875 0.534375 0.5125 0.528125 0.40937500000000004 0.5390625 0.36406249999999996 0.515625 0.3375 0.490625 0.33906250000000004 0.46875 0.33125000000000004 0.4359375 0.3609375 0.4296875 0.38125 0.4296875 0.5046875 0.44218749999999996 0.5953125 0.47968750000000004 0.60625 0.5296875 0.60625
3 0.375 0.6125 0.390625 0.6 0.37031250000000004 0.525 0.3609375 0.4515625 0.36406249999999996 0.41093749999999996 0.37968749999999996 0.37968749999999996 0.3765625 0.36875 0.34843749999999996 0.34843749999999996 0.33281249999999996 0.34843749999999996 0.3296875 0.36125 0.2984375 0.35624999999999996 0.2828125 0.375 0.2765625 0.41874999999999996 0.275 0.48906249999999996 0.2828125 0.603125 0.353125 0.6156250000000001 0.375 0.6125
3 0.2796875 0.37812500000000004 0.2765625 0.334375 0.2828125 0.3109375 0.29375 0.2984375 0.2765625 0.284375 0.2546875 0.28125 0.2296875 0.2984375 0.21875 0.32343750000000004 0.21875 0.48750000000000004 0.2265625 0.49531250000000004 0.271875 0.49687499999999996 0.2796875 0.37812500000000004
2 0.5546875 0.875 0.5640625 0.9078124999999999 0.5796875 0.903125 0.60625 0.8500000000000001 0.6015625 0.809375 0.5890625 0.8109375000000001 0.578125 0.8265625000000001 0.58125 0.8500000000000001 0.5765625 0.8640625 0.5671875 0.8734375000000001 0.5546875 0.875
2 0.5125 0.91875 0.5125 0.89375 0.5 0.890625 0.48750000000000004 0.8703125 0.45625000000000004 0.8687499999999999 0.453125 0.9265625 0.45781249999999996 0.9359375000000001 0.478125 0.9359375000000001 0.5125 0.91875
2 0.3984375 0.8828125 0.390625 0.878125 0.3828125 0.8578125000000001 0.3515625 0.8546875 0.3515625 0.9109375 0.36875 0.9140625 0.39531249999999996 0.9046875000000001 0.3984375 0.8828125
2 0.2734375 0.9078124999999999 0.2640625 0.890625 0.2640625 0.8515625 0.253125 0.8374999999999999 0.24062499999999998 0.83125 0.221875 0.8687499999999999 0.221875 0.8953125 0.246875 0.91875 0.2703125 0.921875 0.2734375 0.9078124999999999
2 0.34843749999999996 0.8484375 0.34843749999999996 0.8203125 0.3375 0.8078125 0.30937499999999996 0.815625 0.30625 0.846875 0.3140625 0.8546875 0.33125000000000004 0.85625 0.34843749999999996 0.8484375
2 0.23125 0.8187500000000001 0.215625 0.8062499999999999 0.20468750000000002 0.8109375000000001 0.20156249999999998 0.8234375 0.203125 0.8640625 0.21718749999999998 0.8671875 0.23281249999999998 0.8421875000000001 0.23125 0.8187500000000001