3 0.5094292139423077 0.28997701923076924 0.5027662067307692 0.28198680048076924 0.4383381730769231 0.27592865865384614 0.3491182548076923 0.2693519471153846 0.3214755264423077 0.27819476442307695 0.2973968221153846 0.2949629807692308 0.2915407644230769 0.3372350697115385 0.3306232091346154 0.3554987067307692 0.47822436298076926 0.3694029615384615 0.49920407932692307 0.35256992548076926 0.4821284014423077 0.3412215673076923 0.46263891826923076 0.33732499278846156 0.45816284615384617 0.31978521153846157 0.4672177067307692 0.30427291346153845 0.5094292139423077 0.28997701923076924
2 0.1326580673076923 0.4296920865384615 0.15831752163461538 0.42394812259615383 0.15738744471153848 0.40822697115384615 0.10222511538461537 0.3913714519230769 0.09807292788461539 0.4101266346153846 0.1021019903846154 0.4259126081730769 0.10764929086538462 0.43073914663461543 0.1326580673076923 0.4296920865384615
2 0.13324812740384614 0.48152002403846156 0.13541703846153846 0.46586369471153843 0.09444829086538462 0.45872607692307693 0.07944965625 0.4772543894230769 0.07728074519230768 0.49291071634615385 0.09432516826923076 0.4932672355769231 0.13324812740384614 0.48152002403846156
1 0.6546203125 0.44218007932692305 0.6743299399038462 0.44573268269230765 0.7017245216346153 0.42746365625 0.7043272115384615 0.40867606009615387 0.6888010288461538 0.39736011298076923 0.6400848173076923 0.39006044230769227 0.638132798076923 0.4041511394230769 0.6590206466346153 0.4328511033653846 0.6546203125 0.44218007932692305
3 0.5634540673076923 0.685219625 0.5647554134615385 0.6758258293269231 0.5578755120192308 0.6694012451923077 0.4768680961538462 0.6708471610576924 0.4385958076923077 0.6778974711538462 0.4248672644230769 0.6760401418269232 0.41997063701923076 0.666516704326923 0.40292621394230765 0.6661601850961538 0.3806138942307692 0.6813951802884616 0.38892016346153846 0.7223933293269231 0.40515953365384616 0.7509960600961538 0.43038520192307694 0.7483833629807692 0.4493816466346154 0.7346491850961538 0.5399654230769231 0.7538157812499999 0.5598294278846153 0.7338190673076923 0.5361219975961539 0.7254723341346154 0.41991715865384616 0.7080371490384615 0.45703534375 0.7018357115384616 0.4840657908653846 0.6936772427884615 0.5497567764423077 0.6943541394230769 0.5634540673076923 0.685219625
2 0.060271372596153845 0.6605630841346154 0.05215263701923077 0.6855159807692307 0.05311396634615385 0.7122289711538462 0.081438625 0.7096810961538461 0.09863742548076923 0.6864882980769231 0.060271372596153845 0.6605630841346154
2 0.13324243509615383 0.24599446153846155 0.10711794471153846 0.24387785096153847 0.09850291586538461 0.24997832932692307 0.0950326610576923 0.2750284543269231 0.1220247139423077 0.2708825360576923 0.13362811298076924 0.26938078365384616 0.13324243509615383 0.24599446153846155
2 0.08428566586538462 0.5433026658653847 0.12544005048076923 0.5378828100961539 0.12429308413461539 0.5237272908653846 0.057602375 0.5003499543269231 0.05056809375 0.5174746875 0.05527908173076923 0.5395556009615384 0.060826382211538466 0.5443821418269231 0.08428566586538462 0.5433026658653847
2 0.03439692548076923 0.7463812019230769 0.07443559855769231 0.7377976658653846 0.07638761778846154 0.7237069711538461 0.050913800480769225 0.7168934591346154 0.02878711778846154 0.7195709783653845 0.02110216346153846 0.741392608173077 0.02643256971153846 0.7477847812499999 0.03439692548076923 0.7463812019230769
1 0.6122545576923076 0.3329522163461538 0.6108906995192307 0.32036232932692305 0.5709751538461538 0.29440470673076924 0.558301704326923 0.35223589423076923 0.5687143725961539 0.3555940336538462 0.5928243317307692 0.3498176610576923 0.6122545576923076 0.3329522163461538
3 0.3575961634615385 0.5521598125 0.29501671394230766 0.5477105048076922 0.2362297451923077 0.5794544254807692 0.2052711418269231 0.5897980576923076 0.20778196634615384 0.6165434591346154 0.22662402884615382 0.6263585913461539 0.4057145432692308 0.6348151177884614 0.4127488221153846 0.6176903870192307 0.37816368509615383 0.5981249375 0.3745996610576923 0.5901995408653846 0.4070765024038462 0.568896483173077 0.4347504855769231 0.5710455024038461 0.4233764831730769 0.540974375 0.3575961634615385 0.5521598125
1 0.5860770432692308 0.7013945264423077 0.6089169134615384 0.7160037884615384 0.6365908966346154 0.7181528125000001 0.6580043942307692 0.6981885120192307 0.6593057427884615 0.6887947139423077 0.6515270216346154 0.6776408197115384 0.6324680673076923 0.6693913173076923 0.5877496610576923 0.6668857788461539 0.5809010168269231 0.6714530360576922 0.5860770432692308 0.7013945264423077