0 0.5546875 0.446875 0.5796875 0.4546875 0.590625 0.453125 0.5921875 0.42500000000000004 0.578125 0.415625 0.553125 0.4140625 0.546875 0.41718750000000004 0.546875 0.421875 0.553125 0.42500000000000004 0.5484375 0.44062500000000004 0.5546875 0.446875
0 0.48124999999999996 0.6609375 0.4828125 0.6656249999999999 0.49531250000000004 0.65625 0.4984375 0.6390625000000001 0.49531250000000004 0.60625 0.49687499999999996 0.5828125 0.4921875 0.578125 0.48124999999999996 0.584375 0.484375 0.640625 0.48750000000000004 0.6484375 0.48124999999999996 0.6609375
0 0.415625 0.43281250000000004 0.421875 0.4515625 0.4296875 0.453125 0.4359375 0.4453125 0.43281250000000004 0.4125 0.41718750000000004 0.390625 0.4078125 0.3828125 0.40312499999999996 0.3828125 0.4046875 0.4078125 0.41093749999999996 0.4125 0.415625 0.421875 0.415625 0.43281250000000004
0 0.4078125 0.37187499999999996 0.41718750000000004 0.38125 0.4234375 0.38125 0.4296875 0.3765625 0.43437499999999996 0.35 0.42656249999999996 0.334375 0.415625 0.3296875 0.41093749999999996 0.33281249999999996 0.40156250000000004 0.35 0.40625 0.35624999999999996 0.4078125 0.37187499999999996
0 0.41874999999999996 0.3828125 0.41718750000000004 0.3921875 0.4296875 0.4078125 0.43281250000000004 0.40625 0.4359375 0.3984375 0.4515625 0.384375 0.44999999999999996 0.35468750000000004 0.4453125 0.35 0.43437499999999996 0.35 0.4296875 0.36406249999999996 0.4296875 0.3734375 0.41874999999999996 0.3828125
3 0.3671875 0.590625 0.37187499999999996 0.5171875 0.3671875 0.45781249999999996 0.36250000000000004 0.4515625 0.353125 0.45625000000000004 0.334375 0.44375 0.321875 0.42500000000000004 0.30781250000000004 0.42500000000000004 0.2953125 0.415625 0.2734375 0.33906250000000004 0.2703125 0.34843749999999996 0.26875 0.5671875 0.275 0.596875 0.3578125 0.6 0.3671875 0.590625
3 0.3265625 0.31562500000000004 0.34375 0.35624999999999996 0.34687500000000004 0.38125 0.353125 0.3890625 0.3609375 0.38749999999999996 0.35 0.3125 0.334375 0.3109375 0.2953125 0.275 0.2828125 0.29375 0.2828125 0.303125 0.2984375 0.2921875 0.30781250000000004 0.2953125 0.3265625 0.31562500000000004
3 0.653125 0.6265624999999999 0.671875 0.6203125 0.66875 0.484375 0.6640625 0.4765625 0.66875 0.446875 0.6546875000000001 0.5 0.6265624999999999 0.490625 0.590625 0.4625 0.578125 0.46875 0.5640625 0.5546875 0.5640625 0.6156250000000001 0.5875 0.603125 0.6375 0.6125 0.653125 0.6265624999999999
3 0.64375 0.3296875 0.6343749999999999 0.328125 0.625 0.3359375 0.60625 0.37031250000000004 0.5921875 0.36250000000000004 0.5828125 0.37187499999999996 0.5765625 0.39375000000000004 0.578125 0.41718750000000004 0.6296875 0.446875 0.6296875 0.375 0.64375 0.3296875
2 0.25 0.9734375 0.25 0.9984375000000001 0.3 0.9984375000000001 0.2859375 0.9624999999999999 0.25 0.9734375
2 0.39375000000000004 0.9906250000000001 0.3704578125 0.9775687500000001 0.3609375 0.9515625000000001 0.32343750000000004 0.9781249999999999 0.32343750000000004 0.9984375000000001 0.40937500000000004 0.9984375000000001 0.4078125 0.9875 0.39375000000000004 0.9906250000000001
2 0.453125 0.9890625 0.4515625 0.9984375000000001 0.48750000000000004 0.9953125 0.478125 0.9750000000000001 0.453125 0.9890625
2 0.609375 0.9421875 0.59375 0.9781249999999999 0.5921875 0.9984375000000001 0.6484375 0.9984375000000001 0.6343749999999999 0.9390624999999999 0.609375 0.9421875