0 0.9903339927884616 0.4894184807692307 0.9916604182692308 0.47538867307692306 0.9851649687499999 0.46120188221153846 0.960082079326923 0.4575748269230769 0.9474084423076923 0.44794951923076926 0.9239692451923076 0.44904093028846154 0.910101375 0.46125721153846155 0.9088013846153846 0.47684937259615384 0.9136795841346154 0.4878800576923077 0.9263532211538461 0.49750536298076925 0.9373038509615385 0.49772513942307695 0.9528418509615384 0.4917896778846154 0.9841822427884614 0.49554231971153845 0.9903339927884616 0.4894184807692307
0 0.7917904735576923 0.4932429158653846 0.8119687259615385 0.4842769326923077 0.82268140625 0.47043550240384613 0.8271894639423076 0.4595931995192308 0.827004391826923 0.44865670913461536 0.8206146971153847 0.44071934375 0.8095847500000001 0.4358125 0.7908386826923077 0.43699809855769234 0.7862248677884616 0.4415909783653846 0.7817168149038461 0.45243327884615386 0.7804168245192307 0.4680254447115385 0.7839157187500001 0.48996122115384616 0.7917904735576923 0.4932429158653846
0 0.7231165769230768 0.5012356105769231 0.7307269447115385 0.48889374278846154 0.7256901153846154 0.4684889254807692 0.7034715913461539 0.4493011033653846 0.6831611466346155 0.45045530528846156 0.6785737764423078 0.4566105408653846 0.6788381610576923 0.47223410096153845 0.6820991057692307 0.4801086730769231 0.6931819278846153 0.4881402283653846 0.7025946225961538 0.48989096394230774 0.718449889423077 0.5027037764423077 0.7231165769230768 0.5012356105769231
0 0.5784801682692308 0.4561635264423077 0.5798330360576923 0.44369607451923077 0.5719318413461538 0.4388520240384616 0.545363891826923 0.43988063942307687 0.5378064014423077 0.45534721875 0.5381765432692307 0.4772202043269231 0.5491536129807693 0.4790023341346154 0.5678203677884615 0.4731296682692308 0.5784801682692308 0.4561635264423077
0 0.3797999663461538 0.5443237908653846 0.37802408173076923 0.5317935456730769 0.3607630721153846 0.5283234735576923 0.33276293990384614 0.5371324735576923 0.3300572115384615 0.5620673774038462 0.3348296538461539 0.5668486346153846 0.34737109615384615 0.5686621634615384 0.36290909855769227 0.5627267019230769 0.3797999663461538 0.5443237908653846
0 0.5018741490384616 0.5498974230769231 0.49548445192307694 0.5419600576923077 0.47668550480769234 0.5400209447115384 0.4628705096153846 0.5553619375 0.4631348966346154 0.5709854951923077 0.4773993485576923 0.5822045576923076 0.49773623317307697 0.5826127091346154 0.5038615432692308 0.5749265168269231 0.5018741490384616 0.5498974230769231
0 0.25913152884615387 0.5294074182692308 0.2526096418269231 0.5136582716346154 0.2415532548076923 0.5071890721153847 0.22903825 0.5069379014423077 0.22288650240384617 0.5130617403846154 0.21988994471153844 0.5208107283653847 0.2201014543269231 0.5333095745192308 0.22813484134615386 0.54596540625 0.2533234855769231 0.5558418846153846 0.25936947836538465 0.5434686225961538 0.25913152884615387 0.5294074182692308
0 0.1119654783653846 0.7045019495192307 0.1274770408653846 0.6970041322115385 0.13206441346153847 0.6908488990384616 0.12999770192307694 0.6611327379807693 0.12350225000000001 0.6469459471153846 0.10115153365384615 0.6199463461538461 0.09799634374999999 0.6183211947115385 0.08707215384615385 0.6196637788461538 0.08402271875 0.6242880528846153 0.08428710576923078 0.6399116129807693 0.09072967788461539 0.6509736923076923 0.09091474999999999 0.6619101826923077 0.09595157932692308 0.6823149999999999 0.10242059134615385 0.6949394326923077 0.1119654783653846 0.7045019495192307
3 0.9313371754807692 0.51478546875 0.8640425817307692 0.5118730673076923 0.8311378125 0.5080890288461538 0.8249596274038461 0.5126505120192307 0.8177987163461539 0.5515524302884616 0.8197551802884615 0.6671667764423077 0.8229632475961538 0.6719166394230769 0.8558415745192308 0.6741383197115384 0.9108326730769231 0.6892983990384616 0.9374534975961539 0.6913944927884615 0.9686088173076922 0.6842106394230769 0.9825295673076924 0.6751190721153846 0.9918629447115385 0.6721827379807692 0.9980146923076922 0.6660589014423077 0.9989974134615385 0.6317184639423077 0.9935904447115385 0.5894406634615384 0.9930616706730769 0.5581935408653846 0.9897478485576923 0.5471942572115385 0.9737339495192308 0.5250073076923077 0.9717729927884615 0.5015405721153846 0.9685384855769231 0.4952283533653846 0.9513303533653846 0.4948829951923077 0.9435877932692307 0.49941308173076926 0.9408820600961539 0.524347983173077 0.9346245576923077 0.5242223966346153 0.9314429278846154 0.5210348942307692 0.9329279879807693 0.5163792211538462 0.9313371754807692 0.51478546875
3 0.9850327740384616 0.45339010336538466 0.9848212644230769 0.4408912524038462 0.9878442620192308 0.43470462499999996 0.9891178100961538 0.4175501033653846 0.9966224254807692 0.39895881250000004 0.9990637692307692 0.3584003485576923 0.9957235096153846 0.3458387067307692 0.9752279927884615 0.3360564182692308 0.9720992403846154 0.335993625 0.9690498052884616 0.3406179014423077 0.9597119375 0.43570184134615386 0.9551510024038462 0.44341943509615384 0.9615406995192307 0.45135680048076926 0.9741350216346153 0.45629503846153846 0.9850327740384616 0.45339010336538466
3 0.8226858990384615 0.3782878942307692 0.8306399711538461 0.38625665625 0.8525412307692307 0.3866962067307692 0.8571021658653847 0.37897861538461536 0.8602837932692308 0.3821661201923077 0.8614251490384616 0.35719981971153847 0.8547446274038462 0.3320765384615385 0.8407181225961539 0.33491868269230773 0.8206985048076922 0.3532588004807692 0.8144145624999999 0.3515708605769231 0.8097743149038461 0.3546013822115385 0.8037547596153847 0.368537 0.8071743365384615 0.38578570913461535 0.8226858990384615 0.3782878942307692
3 0.9152748894230769 0.39732619951923076 0.9230967692307692 0.3974831802884615 0.9278692115384615 0.4022644375 0.9317118076923077 0.4445108461538462 0.9348405576923077 0.44457363701923075 0.9394279326923077 0.4384184014423077 0.9449715889423077 0.39636037259615386 0.9445221322115385 0.36980032211538466 0.9485278509615385 0.3292732548076923 0.9437554086538462 0.3244919975961539 0.9280323365384615 0.31949096634615387 0.9237622283653846 0.34439447115384614 0.9176369182692308 0.35208066826923073 0.9177691129807692 0.35989244711538465 0.9131817403846154 0.3660476802884615 0.9103966899038463 0.3862955168269231 0.9042185048076923 0.39085699999999995 0.9152748894230769 0.39732619951923076
3 0.5586630745192308 0.6712977115384615 0.5681550865384616 0.6777355144230769 0.5901092211538461 0.6812997764423077 0.5947494711538461 0.6782692548076923 0.5961816538461538 0.6704888701923076 0.5970057451923076 0.6267742980769231 0.5919689158653847 0.6063694783653847 0.5915723341346154 0.5829341394230769 0.5944631370192307 0.5689357283653846 0.5927930072115385 0.5626549062499999 0.5943309447115385 0.5611239495192307 0.5940401177884616 0.54393803125 0.5970631153846153 0.5377513990384615 0.5968251658653846 0.5236901947115384 0.5997688485576923 0.5128164951923077 0.5949699639423077 0.5064728822115385 0.5807848293269231 0.4999408918269231 0.5762503341346153 0.5092208389423077 0.57492390625 0.5232506466346154 0.5688250360576923 0.5324991971153846 0.5722446129807692 0.54974790625 0.5680009447115385 0.576213766826923 0.5606020841346153 0.601054483173077 0.5586630745192308 0.6712977115384615
3 0.6590519975961538 0.5967830336538461 0.6588095576923076 0.6748694375 0.662017625 0.6796193004807692 0.7042028894230768 0.6773422908653846 0.7197673317307692 0.6729691850961538 0.725919079326923 0.6668453485576923 0.7287570048076923 0.6497222259615385 0.72950178125 0.6013205841346154 0.7257120625 0.5621988894230769 0.7209660576923077 0.5589799903846153 0.7143912908653847 0.5401061322115385 0.7172027788461539 0.5214206514423076 0.715400454326923 0.5073280528846154 0.7011095625 0.4945466346153846 0.6901060552884615 0.49120214903846154 0.6868979879807693 0.4864522860576923 0.680640485576923 0.4863267019230769 0.6790232331730769 0.48317059375 0.6809313100961538 0.5035126177884616 0.6763439399038462 0.5096678533653847 0.6560863701923078 0.5139467668269231 0.6545748725961539 0.5170400841346153 0.6568530937499999 0.5592550913461538 0.65531515625 0.5607860528846154 0.6590519975961538 0.5967830336538461
3 0.3200893052884615 0.5275071658653846 0.3202214975961538 0.5353189447115384 0.3233766875 0.5369440961538461 0.3499181971153846 0.5343531225961539 0.36073663461538463 0.5267611177884615 0.3716872620192308 0.5269808918269231 0.37961489663461534 0.5333872980769231 0.3797999663461538 0.5443237908653846 0.37523903365384614 0.5520413798076923 0.36290909855769227 0.5627267019230769 0.3535492860576923 0.5641006802884616 0.3490676658653846 0.5765053365384616 0.3559816442307693 0.7078374350961538 0.3607540889423077 0.7126186923076923 0.3780150985576923 0.7160887644230769 0.40922329567307697 0.712029625 0.42001529326923076 0.7028752620192308 0.42627279567307697 0.7030008485576923 0.4342004302884615 0.7094072548076924 0.4483326875 0.7128145336538462 0.4655408197115385 0.7131598966346153 0.4873627620192308 0.7089123774038462 0.4950260096153846 0.6996952235576923 0.49417996875000003 0.649699829326923 0.49829144471153847 0.6154221850961539 0.4962776129807692 0.5888307379807692 0.4930959831730769 0.5856432307692307 0.47742578846153844 0.5837669134615384 0.46477858894230767 0.5757039615384616 0.45997970673076927 0.5693603485576924 0.4598210745192307 0.5599862115384615 0.4628176322115385 0.5522372259615385 0.4750946899038461 0.5384271923076923 0.4969695120192308 0.5373043846153845 0.501080985576923 0.5030267403846154 0.5055361658653846 0.48905972596153846 0.5053246538461539 0.4765608798076923 0.5083740889423077 0.4719366033653846 0.5001027548076923 0.4452195697115385 0.4968946875 0.44046970913461536 0.4717324807692308 0.43215558653846153 0.44802889903846155 0.41762343509615385 0.44065647836538463 0.44402650721153847 0.43450473076923074 0.45015034374999996 0.4282736658653846 0.45158711298076926 0.42371273317307695 0.4593047067307693 0.4033494110576923 0.4573341971153846 0.3952895841346154 0.44311600961538467 0.3916849350961539 0.4149308076923077 0.38229868269230766 0.4147424302884615 0.3668664350961538 0.42692731490384617 0.3513284326923077 0.4328627740384615 0.34037780288461533 0.4326429975961539 0.3326352427884615 0.43717308413461536 0.33043184374999995 0.4917927524038461 0.3276203581730769 0.5104782307692308 0.3200893052884615 0.5275071658653846
3 0.09651577644230769 0.5308292596153846 0.10176411538461538 0.5637329254807693 0.10035837259615385 0.5730756634615385 0.10422740865384615 0.6168844254807693 0.11382517067307692 0.6295716514423078 0.12172636778846153 0.634415704326923 0.16234725721153845 0.6321072980769231 0.17160131730769232 0.6244838966346153 0.18713931971153847 0.6185484375 0.19498763461538463 0.6202677740384615 0.2045853990384615 0.632955 0.21402453125 0.6362680913461538 0.2296682860576923 0.6365820552884615 0.23743728846153844 0.6336143245192307 0.25284309615384615 0.6198670865384616 0.25576033894230765 0.60743103125 0.2552844423076923 0.5793086201923077 0.2439107932692308 0.5540911514423077 0.22972565865384614 0.5475591586538461 0.22015433173076923 0.5364342860576923 0.21835200721153847 0.5223416875 0.227473875 0.5069065048076923 0.24147393990384616 0.5025020048076922 0.24608775240384617 0.4979091274038462 0.2473613004807692 0.4807546057692308 0.2534601706730769 0.4715060576923077 0.25621878124999997 0.4496958629807692 0.26661419711538464 0.4171061610576923 0.2676498004807692 0.38589043749999996 0.26263940865384616 0.3670479783653846 0.2577876490384615 0.35757965144230763 0.24983357932692307 0.34961088942307694 0.23570131971153846 0.34620361057692306 0.21674374038461539 0.33489035817307694 0.2107770625 0.35195068990384615 0.19523906009615383 0.3578861514423077 0.1874171826923077 0.3577291682692308 0.17479642067307694 0.3512285745192308 0.16206990865384616 0.33847855288461537 0.1555480168269231 0.3227294086538462 0.13993069951923076 0.32397779807692306 0.13529045192307693 0.3270083221153846 0.1212110673076923 0.3267257548076923 0.11346850721153846 0.3312558413461538 0.10562018990384615 0.3295365048076923 0.09472243749999999 0.3324414399038461 0.09021438221153846 0.3432837427884615 0.09079603125 0.37765557451923076 0.08382019471153845 0.4274939855769231 0.09811108413461539 0.44027540144230765 0.10216518990384614 0.49502065625 0.09630426682692309 0.5183304110576923 0.09651577644230769 0.5308292596153846