0 0.31718749999999996 0.484375 0.31875 0.48906249999999996 0.32343750000000004 0.4921875 0.33281249999999996 0.490625 0.34062499999999996 0.4859375 0.34687500000000004 0.475 0.34843749999999996 0.4390625 0.3515625 0.4234375 0.34843749999999996 0.41718750000000004 0.34062499999999996 0.41093749999999996 0.33281249999999996 0.4125 0.32499999999999996 0.42500000000000004 0.3203125 0.44218749999999996 0.31718749999999996 0.484375
0 0.21718749999999998 0.58125 0.22499999999999998 0.58125 0.2265625 0.5671875 0.21718749999999998 0.50625 0.2140625 0.4984375 0.20625 0.4984375 0.20156249999999998 0.5015625 0.20156249999999998 0.55 0.20937499999999998 0.5765625 0.21718749999999998 0.58125
0 0.546875 0.5375 0.5421875 0.553125 0.54375 0.5671875 0.546875 0.571875 0.55625 0.5734375 0.5625 0.559375 0.5625 0.5359375 0.55 0.4921875 0.5453125 0.49375 0.5375 0.4921875 0.5359375 0.49531250000000004 0.5390625 0.5015625 0.540625 0.5203125 0.546875 0.5375
0 0.5671875 0.528125 0.5765625 0.528125 0.58125 0.525 0.58125 0.5125 0.5765625 0.503125 0.5796875 0.49531250000000004 0.578125 0.47343749999999996 0.5671875 0.4453125 0.5578125 0.44375 0.5515625 0.4546875 0.55625 0.5078125 0.5609375 0.521875 0.5671875 0.528125
0 0.41093749999999996 0.5109375 0.4046875 0.47968750000000004 0.4046875 0.453125 0.39531249999999996 0.4515625 0.4078125 0.5140625 0.4140625 0.5265625 0.41718750000000004 0.5203125 0.41093749999999996 0.5109375
0 0.6796875 0.5359375 0.6765625 0.5546875 0.6812499999999999 0.5546875 0.6953125 0.5421875 0.7015625000000001 0.51875 0.6984375 0.49531250000000004 0.7 0.475 0.6875 0.46875 0.684375 0.47187500000000004 0.675 0.5015625 0.6734374999999999 0.534375 0.6796875 0.5359375
0 0.7328125000000001 0.55 0.734375 0.5390625 0.7296875 0.515625 0.7328125000000001 0.5109375 0.7406250000000001 0.5234375 0.7421875 0.50625 0.73125 0.4625 0.7250000000000001 0.45625000000000004 0.7171875000000001 0.45625000000000004 0.7124999999999999 0.4609375 0.7124999999999999 0.5328125 0.7250000000000001 0.5484375 0.7328125000000001 0.55
0 0.8625 0.515625 0.878125 0.5203125 0.8843749999999999 0.5109375 0.8859375 0.503125 0.8843749999999999 0.44999999999999996 0.8796875 0.44375 0.8703125 0.44218749999999996 0.8609374999999999 0.46562499999999996 0.859375 0.49375 0.8640625 0.49531250000000004 0.8625 0.515625
3 0.2953125 0.203125 0.29375 0.215625 0.290625 0.21875 0.2859375 0.2421875 0.2828125 0.2703125 0.2765625 0.2875 0.271875 0.2859375 0.2671875 0.2578125 0.2609375 0.2421875 0.259375 0.2265625 0.2546875 0.21718749999999998 0.2546875 0.20625 0.2515625 0.1953125 0.23593750000000002 0.203125 0.2109375 0.2265625 0.20937499999999998 0.234375 0.21250000000000002 0.2625 0.22031250000000002 0.2890625 0.2265625 0.32343750000000004 0.22499999999999998 0.33281249999999996 0.22812500000000002 0.34375 0.22812500000000002 0.38749999999999996 0.22499999999999998 0.40312499999999996 0.22499999999999998 0.44843750000000004 0.22812500000000002 0.4671875 0.23281249999999998 0.4765625 0.2578125 0.47343749999999996 0.278125 0.46562499999999996 0.3125 0.46406250000000004 0.31562500000000004 0.459375 0.32343750000000004 0.421875 0.33281249999999996 0.4078125 0.334375 0.375 0.3375 0.3671875 0.33906250000000004 0.34375 0.33125000000000004 0.321875 0.33125000000000004 0.2921875 0.334375 0.28125 0.33906250000000004 0.2390625 0.3421875 0.2296875 0.34062499999999996 0.221875 0.3421875 0.22031250000000002 0.3421875 0.203125 0.34062499999999996 0.1984375 0.33125000000000004 0.18906250000000002 0.30937499999999996 0.1796875 0.3046875 0.1796875 0.2984375 0.18906250000000002 0.2984375 0.19687500000000002 0.2953125 0.203125
3 0.4078125 0.3125 0.41093749999999996 0.334375 0.40937500000000004 0.38125 0.41093749999999996 0.3828125 0.40937500000000004 0.3984375 0.40625 0.40625 0.4046875 0.4765625 0.4078125 0.4859375 0.4078125 0.49687499999999996 0.4140625 0.5171875 0.44375 0.5375 0.46562499999999996 0.540625 0.5078125 0.5296875 0.5140625 0.5265625 0.51875 0.5203125 0.5234375 0.48906249999999996 0.5234375 0.475 0.521875 0.47343749999999996 0.521875 0.44375 0.515625 0.4125 0.515625 0.3890625 0.5203125 0.38125 0.5296875 0.3359375 0.53125 0.30937499999999996 0.528125 0.2984375 0.528125 0.284375 0.53125 0.2703125 0.51875 0.253125 0.5 0.2390625 0.49531250000000004 0.24062499999999998 0.47968750000000004 0.3140625 0.47343749999999996 0.35468750000000004 0.46875 0.359375 0.46406250000000004 0.353125 0.4625 0.334375 0.459375 0.32499999999999996 0.4515625 0.24062499999999998 0.44843750000000004 0.23281249999999998 0.44218749999999996 0.23281249999999998 0.4296875 0.2375 0.4125 0.2515625 0.4078125 0.275 0.4078125 0.3125
3 0.6265624999999999 0.2890625 0.6265624999999999 0.3046875 0.6234375000000001 0.31718749999999996 0.6203125 0.3203125 0.6156250000000001 0.3140625 0.6109375 0.2578125 0.6 0.21718749999999998 0.5984375 0.19687500000000002 0.5921875 0.1875 0.5921875 0.17812499999999998 0.5859375 0.1796875 0.5625 0.20468750000000002 0.5609375 0.20937499999999998 0.559375 0.2375 0.5640625 0.24843749999999998 0.5625 0.2515625 0.5640625 0.278125 0.5734375 0.3046875 0.575 0.33281249999999996 0.571875 0.36250000000000004 0.5734375 0.40937500000000004 0.5703125 0.42656249999999996 0.5703125 0.44999999999999996 0.5796875 0.46562499999999996 0.6109375 0.46406250000000004 0.6187499999999999 0.45781249999999996 0.625 0.44375 0.6343749999999999 0.453125 0.6484375 0.45625000000000004 0.65625 0.4546875 0.671875 0.45625000000000004 0.6765625 0.44843750000000004 0.6796875 0.41718750000000004 0.6734374999999999 0.3046875 0.6796875 0.24062499999999998 0.684375 0.22499999999999998 0.6828125 0.18906250000000002 0.6499999999999999 0.1640625 0.6468750000000001 0.16562500000000002 0.64375 0.203125 0.6343749999999999 0.2375 0.6265624999999999 0.2890625
3 0.809375 0.22812500000000002 0.8046875 0.23281249999999998 0.7953125000000001 0.215625 0.7953125000000001 0.2109375 0.7906249999999999 0.203125 0.7828124999999999 0.1796875 0.7749999999999999 0.17812499999999998 0.7718750000000001 0.175 0.7671874999999999 0.1515625 0.746875 0.159375 0.7328125000000001 0.175 0.73125 0.1796875 0.73125 0.20625 0.7390625 0.22499999999999998 0.7421875 0.24062499999999998 0.7437499999999999 0.2734375 0.746875 0.2890625 0.746875 0.33281249999999996 0.7421875 0.3578125 0.7421875 0.4125 0.7437499999999999 0.42656249999999996 0.7484375000000001 0.4359375 0.753125 0.4359375 0.765625 0.42656249999999996 0.7890625 0.415625 0.8390625 0.4 0.8484375 0.4046875 0.8500000000000001 0.4078125 0.8484375 0.4140625 0.8500000000000001 0.421875 0.8515625 0.421875 0.8531249999999999 0.40625 0.85625 0.40156250000000004 0.8531249999999999 0.3828125 0.8546875 0.3453125 0.8515625 0.3296875 0.8546875 0.3046875 0.8531249999999999 0.2921875 0.8578125000000001 0.26875 0.8578125000000001 0.2578125 0.8609374999999999 0.253125 0.8671875 0.22031250000000002 0.8687499999999999 0.190625 0.8640625 0.18125000000000002 0.8296874999999999 0.15 0.825 0.15 0.8218749999999999 0.159375 0.8125 0.22031250000000002 0.809375 0.22812500000000002