0 0.66796875 0.7069444447115385 0.6671875 0.715277778846154 0.6703125000000001 0.722222221153846 0.68046875 0.7291666658653846 0.6875 0.7277777788461539 0.6929687499999999 0.7166666658653846 0.6937500000000001 0.7083333341346154 0.6929687499999999 0.6875 0.684375 0.6569444447115385 0.6796875 0.6583333341346154 0.6742187500000001 0.6555555552884615 0.6695312499999999 0.6555555552884615 0.66796875 0.6611111105769231 0.6695312499999999 0.6652777788461539 0.6742187500000001 0.6958333341346153 0.66796875 0.7069444447115385
0 0.82421875 0.8388888894230769 0.8257812499999999 0.8444444447115385 0.8257812499999999 0.8486111105769231 0.8304687500000001 0.8638888894230768 0.8328125 0.8777777788461538 0.83671875 0.8819444447115384 0.846875 0.875 0.8484375 0.8680555552884616 0.8484375 0.8597222211538462 0.8500000000000001 0.8541666658653846 0.85078125 0.8458333341346154 0.8531249999999999 0.8416666658653846 0.8539062500000001 0.8347222211538461 0.8531249999999999 0.8333333341346154 0.85234375 0.8236111105769232 0.846875 0.8097222211538462 0.8359375 0.8041666658653847 0.8328125 0.8041666658653847 0.8296874999999999 0.8097222211538462 0.8265625000000001 0.8194444447115384 0.82421875 0.8319444447115385 0.82421875 0.8388888894230769
0 0.8031250000000001 0.8208333341346153 0.8015625 0.8319444447115385 0.7984374999999999 0.8416666658653846 0.7984374999999999 0.8500000000000001 0.8 0.8527777788461539 0.8023437499999999 0.8527777788461539 0.80546875 0.8486111105769231 0.8218749999999999 0.8388888894230769 0.8234375 0.8361111105769231 0.8234375 0.8305555552884616 0.82890625 0.8083333341346154 0.82890625 0.8041666658653847 0.8265625000000001 0.8013888894230768 0.81953125 0.8013888894230768 0.8140624999999999 0.798611110576923 0.8031250000000001 0.8208333341346153
2 0.18125000000000002 0.9916666658653847 0.15468749999999998 0.9583333341346154 0.1265625 0.965277778846154 0.125 0.9819444447115384 0.13828125 0.9944444447115385 0.18203124999999998 0.998611110576923 0.18125000000000002 0.9916666658653847
2 0.23203125000000002 0.9902777788461539 0.2375 0.9777777788461539 0.23281249999999998 0.9694444447115385 0.22031250000000002 0.9680555552884615 0.21328124999999998 0.9583333341346154 0.20234375 0.9583333341346154 0.19296875000000002 0.95 0.1796875 0.9624999999999999 0.16562500000000002 0.9638888894230769 0.16562500000000002 0.9736111105769231 0.17265625 0.9833333341346153 0.19609375 0.9930555552884616 0.23203125000000002 0.9902777788461539
2 0.29453125 0.9736111105769231 0.2984375 0.9611111105769231 0.2953125 0.9527777788461538 0.26328125 0.9375 0.24843749999999998 0.965277778846154 0.24765625000000002 0.9736111105769231 0.2515625 0.9819444447115384 0.27109375 0.9833333341346153 0.29453125 0.9736111105769231
2 0.3921875 0.9777777788461539 0.40156250000000004 0.9694444447115385 0.4234375 0.9680555552884615 0.42734375 0.9611111105769231 0.42265624999999996 0.9472222211538461 0.4046875 0.9375 0.36875 0.9486111105769232 0.36640625000000004 0.9541666658653847 0.365625 0.9638888894230769 0.36875 0.9708333341346154 0.384375 0.9777777788461539 0.3921875 0.9777777788461539
2 0.55546875 0.876388889423077 0.543359375 0.875 0.53359375 0.8652777788461539 0.52578125 0.8208333341346153 0.5203125 0.8194444447115384 0.50546875 0.8347222211538461 0.509375 0.8625 0.52265625 0.8930555552884616 0.53828125 0.8916666658653847 0.55546875 0.876388889423077
3 0.6538476562500001 0.624038889423077 0.65462890625 0.6170944447115385 0.6507812500000001 0.5669013894230769 0.65583984375 0.5437708341346154 0.66812421875 0.523211110576923 0.67221875 0.49622638942307695 0.69558359375 0.4855166658653846 0.7172624999999999 0.4915138894230769 0.7220796875000001 0.510788889423077 0.723284375 0.5322055552884616 0.7187078124999999 0.5831777788461538 0.70473671875 0.5998833341346154 0.68618984375 0.5960291658653847 0.6835351562499999 0.6157055552884615 0.6850976562500001 0.6393166658653846 0.6913476562499999 0.6573722211538461 0.68978515625 0.6643166658653846 0.70150390625 0.6726500000000001 0.71166015625 0.6615388894230769 0.72884765625 0.611538889423077 0.7358789062500001 0.5157055552884615 0.7304101562499999 0.48376111057692306 0.72181640625 0.4740388894230769 0.70931640625 0.46709444471153844 0.6757226562499999 0.4740388894230769 0.66244140625 0.48098333413461536 0.6265039062500001 0.5157055552884615 0.5874414062500001 0.5643166658653846 0.59056640625 0.5823722211538461 0.6171289062499999 0.6337611105769232 0.63119140625 0.6407055552884615 0.6538476562500001 0.624038889423077
3 0.840625 0.575 0.8625 0.5458333341346153 0.872265625 0.5388888894230769 0.8890625000000001 0.5430555552884615 0.89375 0.573611110576923 0.8882812499999999 0.6069444447115384 0.87421875 0.6277777788461538 0.8773437500000001 0.6541666658653846 0.8843749999999999 0.6499999999999999 0.8929687500000001 0.6222222211538462 0.90703125 0.5930555552884615 0.9351562499999999 0.5805555552884616 0.9609375 0.548611110576923 0.9742187499999999 0.5458333341346153 0.9742187499999999 0.5388888894230769 0.9671875000000001 0.5166666658653847 0.9585937499999999 0.5069444447115384 0.9273437499999999 0.4930555552884615 0.8984375 0.4916666658653846 0.8515625 0.513888889423077 0.8171875 0.5597222211538462 0.815625 0.5680555552884615 0.8226562500000001 0.5777777788461539 0.8265625000000001 0.6055555552884615 0.840625 0.575
2 0.8921874999999999 0.8999999999999999 0.9007812500000001 0.8875 0.9156249999999999 0.8791666658653846 0.90546875 0.873611110576923 0.8796875 0.873611110576923 0.8726562499999999 0.8652777788461539 0.8695312500000001 0.875 0.8484375 0.8999999999999999 0.84765625 0.9069444447115385 0.8531249999999999 0.9111111105769231 0.8726562499999999 0.909722221153846 0.8921874999999999 0.8999999999999999