0 0.5359375 0.5375 0.5375 0.5625 0.55 0.578125 0.5578125 0.565625 0.5625 0.56875 0.5671875 0.56875 0.56875 0.565625 0.5578125 0.5140625 0.5484375 0.5140625 0.540625 0.51875 0.540625 0.5265625 0.5359375 0.5375
0 0.6390625000000001 0.5515625 0.6421874999999999 0.5546875 0.64375 0.575 0.6468750000000001 0.58125 0.6515625 0.58125 0.65625 0.5734375 0.653125 0.5109375 0.64375 0.5046875 0.6375 0.5140625 0.6296875 0.546875 0.6328125 0.5546875 0.6390625000000001 0.5515625
0 0.846875 0.8578125000000001 0.8578125000000001 0.8484375 0.8625 0.8218749999999999 0.8578125000000001 0.8031250000000001 0.8578125000000001 0.7859375 0.8484375 0.7875000000000001 0.840625 0.7828124999999999 0.8359375 0.796875 0.8343750000000001 0.8265625000000001 0.8374999999999999 0.8484375 0.846875 0.8578125000000001
0 0.8078125 0.83125 0.8125 0.8296874999999999 0.8187500000000001 0.8031250000000001 0.8265625000000001 0.796875 0.8265625000000001 0.7718750000000001 0.815625 0.7718750000000001 0.809375 0.7749999999999999 0.8062499999999999 0.8062499999999999 0.8078125 0.83125
3 0.6109375 0.540625 0.628125 0.546875 0.6375 0.540625 0.659375 0.41874999999999996 0.653125 0.29375 0.6359375 0.2890625 0.6265624999999999 0.328125 0.616775 0.40109531249999997 0.607953125 0.4027 0.5953125 0.32343750000000004 0.5875 0.275 0.55625 0.29375 0.5609375 0.49531250000000004 0.5546875 0.5203125 0.565625 0.5453125 0.6109375 0.540625
3 0.9071078125 0.5336890624999999 0.9104890625 0.57821875 0.8997828124999999 0.6030203125 0.890625 0.6156250000000001 0.8843749999999999 0.6265624999999999 0.8875 0.6578124999999999 0.91875 0.6015625 0.9750000000000001 0.559375 0.9890625 0.5234375 0.9624999999999999 0.49687499999999996 0.9312499999999999 0.484375 0.9109375 0.484375 0.871875 0.5 0.8390625 0.5375 0.84375 0.5828125 0.8603375 0.555671875 0.8862578125 0.522415625 0.9071078125 0.5336890624999999
2 0.8999999999999999 0.8843749999999999 0.909375 0.8796875 0.8921874999999999 0.8734375000000001 0.8640625 0.8765624999999999 0.8484375 0.8921874999999999 0.8515625 0.909375 0.8921874999999999 0.8999999999999999 0.8999999999999999 0.8843749999999999
2 0.1796875 0.9984375000000001 0.15625 0.95625 0.128125 0.9578125 0.1265625 0.9640625 0.125 0.9781249999999999 0.1375 0.9921875 0.1484375 0.9984375000000001 0.1796875 0.9984375000000001
2 0.190625 0.9906250000000001 0.1984375 0.9906250000000001 0.2 0.9921875 0.2265625 0.9906250000000001 0.23125 0.9890625 0.23593750000000002 0.98125 0.23593750000000002 0.9734375 0.23281249999999998 0.96875 0.21718749999999998 0.9624999999999999 0.2140625 0.9578125 0.19374999999999998 0.9484375 0.18906250000000002 0.95 0.18906250000000002 0.9515625000000001 0.175 0.9609375 0.171875 0.9609375 0.17031249999999998 0.9624999999999999 0.17031249999999998 0.9781249999999999 0.171875 0.98125 0.190625 0.9906250000000001
2 0.2734375 0.98125 0.2875 0.9734375 0.2921875 0.9734375 0.2953125 0.971875 0.2984375 0.965625 0.296875 0.9624999999999999 0.296875 0.9546874999999999 0.29375 0.95 0.2625 0.9375 0.2515625 0.95625 0.24843749999999998 0.9624999999999999 0.24843749999999998 0.9781249999999999 0.2546875 0.9828125000000001 0.2734375 0.98125
2 0.36875 0.9703124999999999 0.3734375 0.9734375 0.384375 0.9765625 0.3921875 0.9765625 0.4140625 0.9671875000000001 0.415625 0.96875 0.41874999999999996 0.96875 0.4234375 0.9671875000000001 0.42500000000000004 0.9640625 0.42500000000000004 0.953125 0.4234375 0.9484375 0.41874999999999996 0.9437500000000001 0.40625 0.9390624999999999 0.40312499999999996 0.9359375000000001 0.3765625 0.9437500000000001 0.375 0.9453125 0.36875 0.9453125 0.3671875 0.9484375 0.3671875 0.953125 0.365625 0.9546874999999999 0.365625 0.9640625 0.36875 0.9703124999999999