1 0.3665196802884615 0.4752040769230769 0.3595157091346154 0.47302603125 0.35221518749999997 0.48397578124999996 0.35325894951923076 0.48980870192307696 0.3686361009615385 0.4953479759615385 0.3689422884615385 0.4850461995192308 0.3665196802884615 0.4752040769230769
1 0.40091753124999996 0.5038718245192307 0.39798267307692303 0.4939392572115385 0.3918356658653846 0.4928539567307692 0.3867420504807692 0.5004275961538461 0.38456403125 0.5122817620192308 0.3961782596153846 0.51527378125 0.4004245432692307 0.5094334182692308 0.40091753124999996 0.5038718245192307
1 0.43942682932692306 0.48713494471153845 0.4366595120192308 0.4762905192307692 0.42983271394230765 0.4760266370192308 0.42303480528846155 0.4842408076923077 0.4203445360576923 0.4960045360576923 0.4314657740384616 0.5045581490384615 0.43843122115384614 0.4954321177884615 0.43942682932692306 0.48713494471153845
1 0.4803972596153846 0.4915442668269231 0.47865444230769233 0.48088072596153847 0.47079351201923075 0.47760993990384615 0.46603497836538466 0.48335986057692304 0.4626552860576923 0.4931189855769231 0.46541297115384617 0.501137389423077 0.47787453125 0.5023961346153846 0.4803972596153846 0.4915442668269231
1 0.5316993846153847 0.52319659375 0.5325178221153846 0.5129852620192308 0.52718925 0.5016886274038461 0.522588625 0.5037006706730769 0.5173178413461538 0.5093601490384615 0.5139574110576923 0.5247713100961539 0.5163607572115384 0.5289613990384615 0.5274531009615384 0.5290369591346153 0.5316993846153847 0.52319659375
1 0.5634781971153846 0.5344560192307692 0.5666710841346154 0.5199567163461538 0.5642484759615385 0.5101145961538461 0.5587812596153846 0.508207875 0.553165764423077 0.5128650552884616 0.54910628125 0.5234455961538461 0.5498053341346154 0.5282762163461538 0.5556268942307692 0.5340112548076923 0.5634781971153846 0.5344560192307692
1 0.608359829326923 0.5348486995192308 0.6062819326923077 0.526008875 0.6004796346153847 0.5259258725961539 0.5979280120192307 0.5282996850961539 0.5937106225961538 0.5426181033653846 0.6051573125 0.5465219807692308 0.6077089326923077 0.5441481730769231 0.608359829326923 0.5348486995192308
3 0.5934969399038461 0.6301342451923078 0.5957038509615384 0.6267581346153845 0.600314108173077 0.6275721105769231 0.6015254110576923 0.6324931730769231 0.6136075432692307 0.5724913605769231 0.6120418990384615 0.5637419807692308 0.59120715625 0.5591220072115385 0.58916778125 0.5615862596153847 0.5896280697115385 0.5965007884615384 0.5809679615384615 0.6090933725961538 0.5801880504807693 0.6306087812500001 0.5934969399038461 0.6301342451923078
3 0.541663298076923 0.5927394423076924 0.5342433870192308 0.6187311442307692 0.5347749014423078 0.6244736225961538 0.5491468173076923 0.635484048076923 0.55614115625 0.6348360721153846 0.5635706995192308 0.6116703894230769 0.5711196225961538 0.5734627524038461 0.572431048076923 0.5576898245192308 0.5667481346153846 0.5425648701923077 0.5558329591346154 0.5444034711538461 0.5468088774038461 0.5503417163461538 0.5505910673076924 0.5585410072115384 0.5511418413461538 0.5699355240384615 0.541663298076923 0.5927394423076924
3 0.5158505192307692 0.6296053341346154 0.5194266418269231 0.6274124062499999 0.5376076274038462 0.5543658028846153 0.5274819951923078 0.5375150120192308 0.5122820120192307 0.5338899014423076 0.50259740625 0.5463016033653847 0.5013245024038462 0.5733786057692307 0.49153977403846155 0.6064842980769231 0.48903630528846154 0.6229882019230769 0.5158505192307692 0.6296053341346154
3 0.47064724278846154 0.5849082163461539 0.4797907091346154 0.5639280144230769 0.48483616586538464 0.5422242836538461 0.4847976442307692 0.5309202067307692 0.47160813701923077 0.5163527860576923 0.45355034615384615 0.5254032572115385 0.44910381730769233 0.5726316033653845 0.4582531057692308 0.6034316033653846 0.4611494375 0.60206009375 0.46368179807692306 0.5940342475961539 0.47064724278846154 0.5849082163461539
3 0.4399314615384616 0.5851337475961539 0.4336458076923077 0.5934383629807692 0.4328177379807692 0.6008236754807692 0.43487637259615386 0.6040114615384615 0.4422154230769231 0.6043657860576923 0.44391008173076923 0.6008992355769232 0.4399314615384616 0.5851337475961539
3 0.3943989302884615 0.5940405432692308 0.41847471634615385 0.5982913052884615 0.4238263605769231 0.5662857980769231 0.42222218990384613 0.5462323413461538 0.43153319471153845 0.5243402836538462 0.4251801201923077 0.5128627644230769 0.41374306490384616 0.5117849062500001 0.4035269399038462 0.5184541274038461 0.3993095504807692 0.5327725456730769 0.3998892211538462 0.5526451201923077 0.39384815384615385 0.5826460264423077 0.3943989302884615 0.5940405432692308
3 0.37140543028846157 0.6069267764423076 0.3847335841346154 0.6121042812499999 0.3872852067307692 0.6097304711538462 0.3914833341346154 0.5897600144230769 0.3891897427884615 0.5677019567307693 0.39184148798076923 0.5446341538461539 0.3979403389423077 0.5315893629807692 0.3939906105769231 0.5243019302884615 0.38715418028846155 0.5212120288461539 0.37202161538461537 0.5373690480769231 0.3653007596153846 0.5681913725961538 0.36200774759615384 0.6033846658653846 0.3632190504807692 0.6083057283653847 0.37140543028846157 0.6069267764423076
3 0.33255523557692307 0.5737071754807692 0.34930160096153845 0.5804296298076923 0.3515085120192308 0.5770535192307692 0.3573820384615385 0.5479644711538462 0.3616802860576923 0.5073000240384615 0.3525887884615385 0.49345613942307687 0.3444120408653846 0.4976611081730769 0.33813601682692307 0.5087917403846154 0.3366474182692307 0.5226505096153846 0.33039065624999997 0.5394331826923077 0.3265372379807693 0.5604059399038461 0.33255523557692307 0.5737071754807692
0 0.5941954230769231 0.6293895600961539 0.5983328245192308 0.6324604711538462 0.6017379350961538 0.6312616370192308 0.6039725649038462 0.6262551370192307 0.602508639423077 0.622665858173077 0.6007963389423077 0.6179528966346154 0.5972314951923077 0.6153436466346154 0.5968912163461538 0.6160932067307693 0.5969175576923077 0.6157174951923078 0.5931106418269231 0.6220873437500001 0.5936576466346154 0.6246137764423078 0.5941954230769231 0.6293895600961539
0 0.3464341610576923 0.5902791971153847 0.34794201923076923 0.5820724639423077 0.34690788701923075 0.5790655625000001 0.3417853774038461 0.5781611466346154 0.34025825721153846 0.5807158389423077 0.3401196105769231 0.5901057548076923 0.3408090336538461 0.5921103581730769 0.3426904951923077 0.593383983173077 0.3450745793269231 0.59192203125 0.3464341610576923 0.5902791971153847
0 0.35230373798076925 0.5821637836538461 0.3511151826923077 0.577858670673077 0.3509333677884615 0.5780365120192308 0.34736827163461537 0.5800600432692308 0.34618152403846153 0.5897055024038461 0.3464815865384615 0.5921280841346154 0.35002253125 0.5931317211538462 0.3523173100961538 0.5861456442307692 0.35230373798076925 0.5821637836538461
0 0.41550247115384614 0.6297641778846154 0.41843439182692305 0.6278190264423077 0.4201082091346154 0.622341641826923 0.4224071129807693 0.6165460865384615 0.42051178125 0.614178125 0.41680739663461536 0.6151377163461539 0.41509808413461535 0.6239198749999999 0.41377695673076925 0.6290349375000001 0.41550247115384614 0.6297641778846154
2 0.31335200721153844 0.66916784375 0.31114509375000005 0.6725439519230769 0.31013985576923075 0.6780151057692307 0.3094600673076923 0.6788365264423077 0.30878990625 0.6824839615384615 0.3099915793269231 0.6845790048076924 0.32279784615384616 0.6868400504807692 0.32347763701923077 0.6860186322115385 0.3255266442307692 0.6863803990384615 0.3287580552884615 0.6831851706730769 0.32909313461538464 0.681361451923077 0.32805900240384617 0.6783545504807692 0.3275467524038461 0.6782641081730769 0.3259505360576923 0.6777695192307692 0.3230973365384615 0.6760249495192308 0.32138048076923076 0.6715267716346154 0.32069106009615383 0.6695221682692308 0.3150562980769231 0.6685273076923077 0.31335200721153844 0.66916784375
2 0.32077707932692306 0.6692756370192308 0.3229477572115385 0.6759985384615385 0.32897670192307693 0.6789929471153846 0.3308625865384615 0.6779081057692308 0.3323897067307692 0.6753534110576923 0.3320449951923077 0.6743511105769231 0.32912939903846156 0.6700705817307693 0.3265932548076923 0.6683735168269231 0.3270739375 0.6628069230769231 0.32653925 0.6611403173076924 0.32551475 0.6609594350961537 0.3183437091346154 0.6660894711538461 0.32077707932692306 0.6692756370192308
2 0.3943200841346154 0.7211209495192308 0.38029287980769233 0.711112826923077 0.37091445432692305 0.71322275 0.3687268076923077 0.7222508990384615 0.3695934014423077 0.7261696610576922 0.38854667788461533 0.7295160072115384 0.39399463221153846 0.7257706875000001 0.3943200841346154 0.7211209495192308
2 0.4271233942307692 0.7325612596153845 0.42709450240384617 0.724083201923077 0.4260603701923077 0.7210763004807692 0.4141206923076923 0.7227340192307692 0.40850519471153846 0.7273911971153846 0.40597283653846156 0.7354170432692307 0.41111460576923076 0.7419735000000001 0.42408841346153847 0.7433226826923077 0.4271233942307692 0.7325612596153845
2 0.4535447379807692 0.7240459975961537 0.44707228125 0.7276104302884616 0.4440373004807692 0.7383718581730769 0.4553068173076923 0.7403615769230769 0.4573461899038461 0.7378973245192307 0.4578295456730769 0.7295097091346154 0.4535447379807692 0.7240459975961537
2 0.48857422115384613 0.7377622331730769 0.4950659423076923 0.7398498341346154 0.4989771490384615 0.7358331899038462 0.4992737019230769 0.7227053966346154 0.4931266923076923 0.7216200961538461 0.48857422115384613 0.7377622331730769
2 0.46721760096153847 0.7302258004807692 0.47457591105769226 0.7362321634615385 0.48089046153846154 0.7364056057692309 0.48306847836538463 0.7245514399038462 0.4743602163461539 0.7230139302884615 0.46721760096153847 0.7302258004807692
2 0.5320673846153846 0.7313196875 0.5344033100961538 0.7157276442307693 0.5338814302884616 0.7128111850961538 0.5272221682692307 0.7116354399038461 0.5229758846153846 0.7174758028846154 0.513429923076923 0.7204975889423076 0.5119124302884616 0.7258783004807692 0.5250730432692308 0.7319676658653846 0.5320673846153846 0.7313196875
2 0.5435949302884615 0.7088775384615384 0.5366005889423077 0.709525514423077 0.5343936778846154 0.712901625 0.5327375408653846 0.7276722548076923 0.5431597283653846 0.7313952475961538 0.5456631971153846 0.71489134375 0.5435949302884615 0.7088775384615384
2 0.5758956201923077 0.7230534254807692 0.5746843173076923 0.7181323629807692 0.5692170985576923 0.7162256442307692 0.5561142740384615 0.7270923966346154 0.5586851586538462 0.7303706225961538 0.5731957235576923 0.7319911322115384 0.5750675552884615 0.7304387403846154 0.5758956201923077 0.7230534254807692
2 0.5822486971153846 0.7345309423076922 0.5849293341346153 0.7199411995192307 0.5792945745192308 0.7189463389423077 0.5749000144230769 0.7313505985576924 0.5822486971153846 0.7345309423076922
2 0.3590845336538461 0.6970124975961538 0.35757667548076927 0.7052192259615384 0.35672934375 0.7069525048076923 0.3575863052884615 0.7080452475961538 0.3640780264423077 0.7101328485576922 0.37244157932692307 0.7106680576923077 0.3732889086538461 0.7089347788461539 0.3744616875 0.702551766826923 0.37189080288461535 0.6992735408653845 0.37134965865384617 0.6907050432692308 0.3704926947115385 0.6896123004807693 0.3648579375 0.6886174399038462 0.3623063125 0.69099125 0.36179406490384614 0.6909008076923077 0.3597546923076923 0.6933650600961538 0.35873981971153845 0.6960101947115385 0.3590845336538461 0.6970124975961538