1 0.8369140625 0.20204978124999998 0.8408203125 0.18594436298076925 0.8291015625 0.15373352884615385 0.8115234375 0.13762811057692306 0.783203125 0.14494875480769231 0.765625 0.1800878485576923 0.759765625 0.21669106971153845 0.798828125 0.19472913701923078 0.83203125 0.19472913701923078 0.8369140625 0.20204978124999998
1 0.6806640625 0.2635431923076923 0.6640625 0.25475841826923074 0.642578125 0.26061493509615385 0.6298828125 0.28989751201923075 0.6298828125 0.31039531490384614 0.6533203125 0.3001464134615385 0.685546875 0.3001464134615385 0.6806640625 0.2635431923076923
1 0.5478515625 0.32942899038461537 0.533203125 0.32210834615384615 0.5205078125 0.32357247355769225 0.5068359375 0.3513909230769231 0.50390625 0.3777452403846154 0.5087890625 0.38360175721153844 0.5537109375 0.35871156730769227 0.5478515625 0.32942899038461537
1 0.421875 0.30453880048076926 0.4150390625 0.28989751201923075 0.396484375 0.2825768677884615 0.388671875 0.2942898966346154 0.3876953125 0.32210834615384615 0.3916015625 0.33235724759615387 0.421875 0.32357247355769225 0.421875 0.30453880048076926
0 0.416015625 0.530014641826923 0.4072265625 0.5183016105769231 0.3935546875 0.5329428990384616 0.392578125 0.5461200576923078 0.396484375 0.5534407019230769 0.404296875 0.5519765745192308 0.416015625 0.530014641826923
0 0.490234375 0.5724743774038461 0.4853515625 0.5768667644230769 0.4833984375 0.6061493413461538 0.494140625 0.6149341153846154 0.4990234375 0.5783308942307692 0.490234375 0.5724743774038461
0 0.6083984375 0.6222547596153846 0.6083984375 0.6017569543269231 0.5947265625 0.600292826923077 0.591796875 0.6090775985576923 0.591796875 0.6281112740384616 0.5947265625 0.6383601754807693 0.599609375 0.6383601754807693 0.6083984375 0.6222547596153846
0 0.5859375 0.4612005865384615 0.587890625 0.4494875552884615 0.57421875 0.4216691057692307 0.556640625 0.4128843341346154 0.552734375 0.4202049783653846 0.5576171875 0.45534406971153846 0.576171875 0.47730600240384613 0.5859375 0.4612005865384615
0 0.64453125 0.5168374807692308 0.640625 0.5080527091346154 0.6220703125 0.5095168365384615 0.6142578125 0.524158125 0.6162109375 0.53587115625 0.625 0.5490483173076923 0.6455078125 0.541727673076923 0.64453125 0.5168374807692308
0 0.958984375 0.6852122980769231 0.9677734375 0.6705710096153846 0.966796875 0.6486090769230769 0.958984375 0.6237188870192308 0.9267578125 0.6193264999999999 0.921875 0.6325036610576924 0.9228515625 0.6764275264423076 0.9326171875 0.6837481706730769 0.939453125 0.6998535865384615 0.958984375 0.6852122980769231
0 0.751953125 0.5739385072115385 0.7412109375 0.5783308942307692 0.7392578125 0.5841874086538461 0.740234375 0.6222547596153846 0.7490234375 0.6354319182692307 0.751953125 0.6295754014423077 0.751953125 0.5739385072115385
3 0.7587890625 0.5563689615384615 0.771484375 0.5636896057692308 0.779296875 0.5534407019230769 0.806640625 0.5724743774038461 0.828125 0.5768667644230769 0.8955078125 0.57101025 0.8994140625 0.48023425961538463 0.87890625 0.3762811129807692 0.8955078125 0.28843338221153847 0.904296875 0.27672035096153846 0.880859375 0.2708638365384615 0.87109375 0.28111273798076925 0.857421875 0.2708638365384615 0.8427734375 0.26939970673076924 0.814453125 0.31771595913461537 0.7958984375 0.3792093701923077 0.779296875 0.3704245985576923 0.7783203125 0.36456808173076927 0.7802734375 0.3191800889423077 0.7861328125 0.3001464134615385 0.7744140625 0.3162518293269231 0.7666015625 0.3396778918269231 0.7578125 0.3923865288461539 0.7578125 0.41142020432692306 0.767578125 0.46266471394230774 0.7587890625 0.5563689615384615
3 0.6923828125 0.48901903365384614 0.697265625 0.4392386538461538 0.7099609375 0.3967789158653846 0.7197265625 0.3777452403846154 0.712890625 0.3704245985576923 0.6884765625 0.36310395432692305 0.671875 0.3879941442307692 0.66015625 0.4187408485576923 0.6484375 0.4172767211538462 0.650390625 0.38213762740384616 0.6455078125 0.3806735 0.6328125 0.39531478846153845 0.6259765625 0.42313323557692306 0.626953125 0.4860907764423077 0.630859375 0.506588579326923 0.681640625 0.4978038076923077 0.6923828125 0.48901903365384614
3 0.6875 0.6163982427884616 0.716796875 0.6120058557692307 0.720703125 0.6090775985576923 0.7216796875 0.5314787692307692 0.697265625 0.5446559302884615 0.66015625 0.5519765745192308 0.6435546875 0.5446559302884615 0.6328125 0.5461200576923078 0.626953125 0.5505124447115385 0.623046875 0.5754026346153845 0.6240234375 0.5915080528846154 0.634765625 0.5900439230769231 0.6435546875 0.6090775985576923 0.6875 0.6163982427884616
3 0.5712890625 0.6251830168269231 0.5859375 0.6193264999999999 0.5888671875 0.6090775985576923 0.5859375 0.5651537331730769 0.5673828125 0.46412884374999996 0.583984375 0.44216691105769235 0.587890625 0.4245973653846154 0.560546875 0.40556368990384617 0.5297216802884616 0.47595461298076924 0.5316757812499999 0.41934260576923077 0.517578125 0.4187408485576923 0.5087890625 0.4348462668269231 0.509765625 0.5402635432692308 0.5166015625 0.6105417283653846 0.529296875 0.6222547596153846 0.5712890625 0.6251830168269231
3 0.4091796875 0.5124450961538461 0.431640625 0.46266471394230774 0.4345703125 0.42898975 0.4541015625 0.3733528557692308 0.4462890625 0.36456808173076927 0.423828125 0.35871156730769227 0.4091396490384615 0.4027496346153846 0.3994140625 0.36896046875 0.38671875 0.38360175721153844 0.396484375 0.4843338221153846 0.396484375 0.5197657403846153 0.400390625 0.5226939975961539 0.4091796875 0.5124450961538461
3 0.4228515625 0.5373352860576923 0.453125 0.530014641826923 0.466796875 0.5197657403846153 0.462890625 0.45680819951923074 0.455078125 0.44070278125 0.44921875 0.47877013221153847 0.4296875 0.5256222548076923 0.4189453125 0.5329428990384616 0.4228515625 0.5373352860576923
2 0.3974609375 0.74963396875 0.3720703125 0.7393850649038461 0.3662109375 0.7481698389423077 0.3525390625 0.7510980961538463 0.3466796875 0.7584187403846154 0.3486328125 0.7715959014423077 0.36328125 0.7759882860576923 0.396484375 0.7672035144230769 0.3974609375 0.74963396875
2 0.501953125 0.7086383605769231 0.4970703125 0.7013177163461539 0.4619140625 0.7247437764423077 0.4609375 0.7408491947115384 0.4658203125 0.743777451923077 0.4912109375 0.7276720360576923 0.501953125 0.7086383605769231
2 0.5224609375 0.84480234375 0.50390625 0.84480234375 0.486328125 0.8286969254807691 0.4716796875 0.8301610552884615 0.466796875 0.8374816995192307 0.466796875 0.8491947283653847 0.484375 0.8653001466346153 0.5224609375 0.8521229879807692 0.5224609375 0.84480234375
2 0.6083984375 0.7920937043269232 0.6083984375 0.7847730600961539 0.591796875 0.7774524158653846 0.5732421875 0.7862371899038462 0.572265625 0.8038067355769231 0.576171875 0.8111273798076923 0.5927734375 0.8067349927884616 0.6083984375 0.7920937043269232
2 0.623046875 0.9019033677884616 0.63671875 0.9033674951923077 0.6494140625 0.8916544663461539 0.6181640625 0.8857979495192307 0.6025390625 0.8711566610576923 0.58203125 0.8799414350961539 0.5810546875 0.8945827235576923 0.59375 0.9106881394230769 0.6064453125 0.9106881394230769 0.623046875 0.9019033677884616
2 0.748046875 0.898975110576923 0.7548828125 0.887262079326923 0.763671875 0.8316251826923077 0.759765625 0.8257686682692308 0.7470703125 0.8535871153846154 0.7294921875 0.8550512451923077 0.7236328125 0.8726207908653846 0.724609375 0.9004392379807692 0.7333984375 0.904831625 0.748046875 0.898975110576923
2 0.822265625 0.9736456802884615 0.8037109375 0.9795021971153847 0.79296875 0.9765739375 0.7705078125 0.9546120048076923 0.7451171875 0.9531478774038462 0.73828125 0.9575402644230769 0.7353515625 0.9780380673076923 0.7412109375 0.9985358701923077 0.826171875 0.9985358701923077 0.822265625 0.9736456802884615
2 0.8974609375 0.9355783317307692 0.8984375 0.898975110576923 0.8779296875 0.904831625 0.865234375 0.8960468509615385 0.859375 0.9150805264423076 0.861328125 0.9560761346153845 0.87109375 0.9663250360576924 0.884765625 0.9648609086538461 0.8974609375 0.9355783317307692