1 0.31565367788461535 0.5097916923076923 0.32816079567307693 0.5337216826923077 0.35045990144230765 0.5287416538461538 0.3949136947115385 0.49991208173076923 0.3609162451923077 0.4859957788461538 0.32532048317307694 0.49807330288461543 0.31565367788461535 0.5097916923076923
3 0.564178891826923 0.4751460216346154 0.41385252884615387 0.49198904807692306 0.4036465432692308 0.5003516658653846 0.4047441346153846 0.5431243581730769 0.5056388894230769 0.5421005769230769 0.5812690504807693 0.5276000769230769 0.5850240889423077 0.5150293389423077 0.5718526081730769 0.5049352067307692 0.564178891826923 0.4751460216346154
2 0.86397496875 0.09468435576923076 0.8810458966346153 0.11107726682692308 0.9007935048076923 0.10818789182692308 0.8898846995192307 0.05826407451923077 0.8769828125000001 0.049847829326923075 0.8662376442307692 0.05485467067307692 0.86397496875 0.09468435576923076
1 0.29735056009615385 0.1981980625 0.336451 0.20793306009615384 0.3435470769230769 0.16224418028846152 0.3150666201923077 0.16469397115384615 0.2969365576923077 0.1776506610576923 0.29735056009615385 0.1981980625
2 0.8804007644230769 0.1609742716346154 0.8859177572115384 0.17734036538461537 0.9146678052884615 0.17656846153846154 0.9020162764423076 0.13376895673076922 0.8879108461538461 0.13583279326923076 0.8649473798076923 0.1546486778846154 0.8804007644230769 0.1609742716346154
0 0.5168369038461539 0.1265852644230769 0.5027314735576923 0.1286491033653846 0.48528499759615384 0.16383108413461536 0.5183292644230769 0.15384421394230768 0.5168369038461539 0.1265852644230769
0 0.5060725120192308 0.09553096153846154 0.5189551730769231 0.0678860625 0.5095387307692307 0.04522118990384615 0.4954333004807693 0.04728502884615385 0.490619125 0.08920537019230769 0.5060725120192308 0.09553096153846154
2 0.8892874423076923 0.44990302644230773 0.8990986586538461 0.45705415384615383 0.9191158557692307 0.45584266586538463 0.9277042956730769 0.43741273557692306 0.9155919471153846 0.397969 0.8927536634615384 0.3995932548076923 0.8892874423076923 0.44990302644230773
2 0.9254223894230769 0.4411812740384615 0.8856575841346154 0.44528213701923075 0.8785422788461539 0.45490987259615384 0.9192602620192307 0.4747121850961538 0.9254223894230769 0.4411812740384615
0 0.3226822620192307 0.5894778822115385 0.3290080240384615 0.6108776322115385 0.367424875 0.5983873389423077 0.37466536538461537 0.5715679759615384 0.3620330649038461 0.5648296153846154 0.35410898557692305 0.5694236923076923 0.3226822620192307 0.5894778822115385
3 0.5199468076923077 0.16391152884615384 0.4702456129807692 0.17805289423076923 0.3932675024038461 0.18416396153846154 0.3716519903846154 0.21136927884615384 0.40591903124999995 0.22696346634615386 0.5310000216346153 0.23270486778846153 0.5781497259615385 0.22065415865384616 0.5765129543269231 0.17452569471153845 0.5571601177884615 0.1619013221153846 0.5199468076923077 0.16391152884615384