0 0.84375 0.5185546875 0.84375 0.5302734375 0.837890625 0.5322265625 0.845703125 0.5380859375 0.8515625 0.5673828125 0.859375 0.5673828125 0.896484375 0.5068359375 0.8896484375 0.49609375 0.8681640625 0.49609375 0.84375 0.5185546875
0 0.4814453125 0.53125 0.462890625 0.5712890625 0.462890625 0.5791015625 0.46875 0.5791015625 0.4892578125 0.578125 0.4921875 0.5712890625 0.494140625 0.5400390625 0.4814453125 0.53125
0 0.294921875 0.5615234375 0.2841796875 0.55078125 0.27734375 0.5517578125 0.26171875 0.5791015625 0.259765625 0.5986328125 0.267578125 0.6005859375 0.2744140625 0.591796875 0.2822265625 0.599609375 0.2890625 0.5927734375 0.294921875 0.5615234375
0 0.0537109375 0.580078125 0.041015625 0.5830078125 0.02734375 0.6279296875 0.0390625 0.6435546875 0.0419921875 0.630859375 0.060546875 0.6298828125 0.0625 0.5869140625 0.0537109375 0.580078125
3 0 0.55 0.0125 0.55 0.01875 0.5640625 0.026562500000000003 0.5625 0.04375 0.575 0.0578125 0.53125 0.0625 0.46406250000000004 0.0734375 0.4234375 0.0953125 0.3765625 0.115625 0.359375 0.0953125 0.3453125 0.0703125 0.3125 0.053125000000000006 0.3421875 0.0390625 0.353125 0.015625 0.31875 0.00625 0.31562500000000004 0 0.31718749999999996 0 0.55
3 0.1421875 0.5296875 0.1359375 0.4703125 0.1234375 0.4375 0.1109375 0.44375 0.1109375 0.45781249999999996 0.103125 0.4703125 0.1078125 0.48124999999999996 0.0796875 0.5640625 0.0796875 0.5796875 0.09375 0.5765625 0.115625 0.5625 0.1421875 0.5296875
3 0.253125 0.4546875 0.259375 0.47187500000000004 0.25625 0.503125 0.28125 0.53125 0.3 0.4828125 0.30937499999999996 0.42656249999999996 0.34375 0.375 0.35624999999999996 0.375 0.3609375 0.3921875 0.36406249999999996 0.3828125 0.3453125 0.34843749999999996 0.32499999999999996 0.3265625 0.2953125 0.36250000000000004 0.28125 0.37031250000000004 0.2734375 0.3609375 0.2734375 0.33125000000000004 0.259375 0.36406249999999996 0.2546875 0.3984375 0.2546875 0.4125 0.2609375 0.41718750000000004 0.2578125 0.453125 0.253125 0.4546875
3 0.36875 0.4390625 0.365625 0.421875 0.3600853533653846 0.41818143990384615 0.33281249999999996 0.5 0.30625 0.5546875 0.3046875 0.5640625 0.3109375 0.5640625 0.353125 0.553125 0.36250000000000004 0.54375 0.36875 0.5 0.36875 0.4390625
3 0.480828125 0.52263125 0.50649375 0.4752984375 0.5048890625 0.437590625 0.5145140625 0.4006859375 0.5297531249999999 0.37581562500000004 0.539378125 0.34934218749999996 0.5522109375 0.379828125 0.5514078125 0.41432499999999994 0.5449921875 0.441603125 0.5361703125 0.464065625 0.5032859375000001 0.54910625 0.5140625 0.55625 0.5734375 0.5546875 0.578125 0.5484375 0.578125 0.4546875 0.5703125 0.43281250000000004 0.5722625 0.4103140625 0.5671875 0.38593750000000004 0.5634390625 0.373409375 0.5530125 0.3685953125 0.5484375 0.35 0.528125 0.328125 0.484375 0.353125 0.4765625 0.36406249999999996 0.44375 0.503125 0.44375 0.5328125 0.45781249999999996 0.5484375 0.46875 0.55 0.480828125 0.52263125
3 0.720146875 0.37773437499999996 0.73681875 0.36262031250000004 0.7514062499999999 0.3480296875 0.7602625000000001 0.36262031250000004 0.76443125 0.38815625000000004 0.7467171874999999 0.432453125 0.7175406249999999 0.484046875 0.6836765625 0.5293859375 0.6685671875 0.542934375 0.6796875 0.5453125 0.690625 0.5671875 0.7437499999999999 0.5765625 0.7562500000000001 0.5359375 0.7625 0.4515625 0.7703125 0.43125 0.7718750000000001 0.37031250000000004 0.7609375 0.3453125 0.7296875 0.3203125 0.7154578125 0.32589531250000003 0.682634375 0.3623765625 0.6831546875 0.3357984375 0.66875 0.34687500000000004 0.6421874999999999 0.475 0.6421874999999999 0.528125 0.662315625 0.505934375 0.7060796875 0.4262 0.720146875 0.37773437499999996
0 0.63671875 0.5400390625 0.64453125 0.5458984375 0.6630859375 0.54296875 0.673828125 0.5263671875 0.6630859375 0.5078125 0.63671875 0.5400390625
3 0.8984375 0.41093749999999996 0.9203125000000001 0.2765625 0.9750000000000001 0.21250000000000002 0.9624999999999999 0.2 0.9375 0.203125 0.925 0.2109375 0.8921874999999999 0.2375 0.8765624999999999 0.259375 0.8453124999999999 0.39531249999999996 0.846875 0.44843750000000004 0.8609374999999999 0.45781249999999996 0.8796875 0.459375 0.8984375 0.41093749999999996
3 0.9984375000000001 0.2703125 0.9921875 0.303125 0.9703124999999999 0.34843749999999996 0.9703124999999999 0.3765625 0.9359375000000001 0.446875 0.9375 0.459375 0.98125 0.45781249999999996 0.9984375000000001 0.4703125 0.9984375000000001 0.2703125
2 0.878125 0.90625 0.8999999999999999 0.909375 0.940625 0.909375 0.9515625000000001 0.9046875000000001 0.9578125 0.8984375 0.9703124999999999 0.8984375 0.9750000000000001 0.89375 0.965625 0.875 0.934375 0.8765624999999999 0.9265625 0.8609374999999999 0.921875 0.859375 0.9171875 0.859375 0.903125 0.8734375000000001 0.8734375000000001 0.8843749999999999 0.8656250000000001 0.8921874999999999 0.8656250000000001 0.8984375 0.8687499999999999 0.9015625 0.878125 0.90625
2 0.8343750000000001 0.8546875 0.8500000000000001 0.8609374999999999 0.8734375000000001 0.8625 0.8843749999999999 0.8671875 0.9015625 0.8687499999999999 0.90625 0.8640625 0.9078124999999999 0.85625 0.8921874999999999 0.840625 0.8875 0.8390625 0.8875 0.8374999999999999 0.8828125 0.8390625 0.8765624999999999 0.825 0.871875 0.8203125 0.8640625 0.828125 0.8578125000000001 0.83125 0.8484375 0.8343750000000001 0.825 0.8359375 0.8218749999999999 0.8390625 0.8218749999999999 0.8484375 0.8296874999999999 0.8546875 0.8343750000000001 0.8546875
2 0.70625 0.8687499999999999 0.7171875000000001 0.8656250000000001 0.7265625 0.8609374999999999 0.734375 0.8531249999999999 0.734375 0.8515625 0.7390625 0.8484375 0.7390625 0.8296874999999999 0.7203124999999999 0.8265625000000001 0.7078125 0.8265625000000001 0.7046874999999999 0.828125 0.6796875 0.8546875 0.6781250000000001 0.8578125000000001 0.6781250000000001 0.8640625 0.6859375000000001 0.8687499999999999 0.70625 0.8687499999999999
2 0.65625 0.8343750000000001 0.6578124999999999 0.8359375 0.6968749999999999 0.83125 0.703125 0.8265625000000001 0.703125 0.8171875 0.7 0.809375 0.6890624999999999 0.809375 0.6765625 0.8 0.671875 0.8 0.6671875 0.8078125 0.6421874999999999 0.8187500000000001 0.6375 0.8187500000000001 0.6343749999999999 0.8234375 0.6359375 0.8296874999999999 0.6421874999999999 0.8328125 0.65625 0.8343750000000001
2 0.54375 0.8421875000000001 0.55 0.8374999999999999 0.5625 0.8234375 0.565625 0.8171875 0.565625 0.8109375000000001 0.5671875 0.809375 0.5671875 0.796875 0.559375 0.7890625 0.5359375 0.7906249999999999 0.534375 0.8015625 0.5265625 0.809375 0.51875 0.8234375 0.5125 0.8296874999999999 0.5109375 0.8374999999999999 0.5140625 0.840625 0.51875 0.8421875000000001 0.54375 0.8421875000000001
2 0.4625 0.8015625 0.46562499999999996 0.8031250000000001 0.4703125 0.8031250000000001 0.47187500000000004 0.8015625 0.48124999999999996 0.8015625 0.48750000000000004 0.8046875 0.49531250000000004 0.8046875 0.49687499999999996 0.8062499999999999 0.503125 0.8031250000000001 0.5125 0.8031250000000001 0.515625 0.8015625 0.515625 0.796875 0.5171875 0.7953125000000001 0.5171875 0.7859375 0.515625 0.784375 0.515625 0.7796875000000001 0.5125 0.778125 0.503125 0.778125 0.5015625 0.7765625 0.49687499999999996 0.7765625 0.4921875 0.7734375 0.47968750000000004 0.7749999999999999 0.478125 0.7765625 0.47343749999999996 0.7765625 0.4703125 0.778125 0.4703125 0.7796875000000001 0.45781249999999996 0.7906249999999999 0.45781249999999996 0.7953125000000001 0.4625 0.8015625
2 0.3421875 0.84375 0.35468750000000004 0.8296874999999999 0.35624999999999996 0.8234375 0.35624999999999996 0.7984374999999999 0.353125 0.7828124999999999 0.34687500000000004 0.7875000000000001 0.3453125 0.7859375 0.33906250000000004 0.7890625 0.33281249999999996 0.7953125000000001 0.3265625 0.79375 0.3 0.8421875000000001 0.2984375 0.8515625 0.3015625 0.8546875 0.32499999999999996 0.8531249999999999 0.3421875 0.84375
2 0.2578125 0.8140624999999999 0.26875 0.809375 0.28125 0.809375 0.2859375 0.8140624999999999 0.303125 0.8140624999999999 0.3109375 0.8062499999999999 0.3125 0.8015625 0.3109375 0.8 0.3109375 0.7906249999999999 0.30781250000000004 0.778125 0.3046875 0.7765625 0.303125 0.7796875000000001 0.2984375 0.778125 0.2859375 0.7859375 0.275 0.7796875000000001 0.2734375 0.78125 0.26875 0.78125 0.2640625 0.7890625 0.25 0.7953125000000001 0.2453125 0.8 0.2375 0.8015625 0.234375 0.8046875 0.23281249999999998 0.8109375000000001 0.234375 0.8140624999999999 0.2390625 0.815625 0.2578125 0.8140624999999999
2 0.078125 0.871875 0.08906249999999999 0.871875 0.1 0.8687499999999999 0.109375 0.8609374999999999 0.109375 0.846875 0.1078125 0.8453124999999999 0.10468749999999999 0.846875 0.1 0.846875 0.09843750000000001 0.8484375 0.09375 0.8484375 0.0921875 0.8500000000000001 0.08281250000000001 0.8500000000000001 0.08124999999999999 0.8484375 0.075 0.8484375 0.06875 0.8625 0.0703125 0.8687499999999999 0.0734375 0.8703125 0.078125 0.871875
2 0 0.8640625 0.0078125 0.8609374999999999 0.014062499999999999 0.8546875 0.03125 0.84375 0.034375 0.840625 0.034375 0.83125 0.0328125 0.8265625000000001 0.03125 0.8296874999999999 0 0.83125 0 0.8640625