0 0.5512847211538461 0.8393518509615384 0.5469791658653846 0.8223032403846153 0.5329166658653846 0.82271990625 0.5388194447115384 0.8381597211538462 0.5512847211538461 0.8393518509615384
3 0.5324616778846154 0 0.5320486105769231 0.018587963942307693 0.5240277788461538 0.028194444711538463 0.531736110576923 0.03265046394230769 0.5315624999999999 0.04046296394230769 0.5201041658653847 0.06422453605769231 0.5210763894230769 0.09074074038461538 0.5302083341346153 0.10140046394230769 0.53 0.1107754639423077 0.5136111105769231 0.14561342548076922 0.4994097211538462 0.15228009375 0.47444444471153846 0.15145833413461537 0.3982291658653846 0.13810185096153846 0.37812500000000004 0.1293287043269231 0.365451389423077 0.13751157451923077 0.3415277788461539 0.23034722115384615 0.35447916586538464 0.3501967596153846 0.3621180552884615 0.35777777884615386 0.37315972115384616 0.35276620432692307 0.3964236105769231 0.3598842596153846 0.40281249999999996 0.3534490745192308 0.47138888942307694 0.35922453605769233 0.5065277788461539 0.39409722115384616 0.5061805552884615 0.40972222115384616 0.5282986105769231 0.4684027788461539 0.5448693413461538 0.4801896418269231 0.5734375 0.4748726850961538 0.5894444447115385 0.45722222115384614 0.5665879855769231 0.4518659254807692 0.5713371875 0.41613615625 0.5911948269230769 0.41225307932692307 0.6170833341346154 0.33773148076923076 0.6360763894230769 0.3262384254807692 0.6320486105769232 0.29668981490384616 0.6071875 0.29118055528846154 0.5811458341346154 0.26853009375 0.6257638894230768 0.22817129567307692 0.6184027788461539 0.13782407451923076 0.5978125 0.08065972115384615 0.5993055552884615 0.013472221153846154 0.6036083581730769 0 0.5324616778846154 0
3 0.45305970192307693 0 0.4585416658653846 0.023888889423076924 0.4551041658653846 0.03804398076923077 0.47840277884615384 0.043599536057692304 0.5209027788461539 0.028287036057692307 0.5288888894230769 0.02024305528846154 0.5318581201923077 0 0.45305970192307693 0
3 0.5646241322115384 0.7403575120192307 0.6420486105769231 0.7601504639423078 0.6637152788461538 0.7688773149038461 0.6920486105769231 0.7586689807692307 0.7123958341346154 0.6862384254807693 0.6874305552884615 0.6854166658653846 0.6131597211538462 0.6548263894230769 0.4616319447115385 0.6577546298076923 0.4567013894230769 0.6688310192307692 0.46107638942307694 0.7530208341346154 0.5121779519230769 0.7564956129807693 0.5646241322115384 0.7403575120192307
3 0.4699305552884615 0.5653819447115385 0.4603819447115385 0.6437384254807692 0.5962847211538461 0.6412731490384616 0.6768055552884615 0.6014120360576923 0.7078472211538462 0.609861110576923 0.6964930552884615 0.5586689807692308 0.6829861105769232 0.5340856490384616 0.6627430552884616 0.5315624999999999 0.6078125 0.5441203701923076 0.5665972211538461 0.5718865745192308 0.5121875 0.5610069447115384 0.4699305552884615 0.5653819447115385
3 0.6331944447115384 0.8072569447115385 0.6244954519230769 0.7999509254807692 0.6225694447115384 0.7935185192307692 0.6242708341346154 0.7872222211538461 0.6227430552884615 0.7857060192307692 0.5836458341346155 0.7884259254807693 0.5820486105769231 0.7900347211538462 0.5680208341346155 0.7888888894230769 0.5631944447115385 0.7952777788461538 0.5629166658653847 0.8077777788461538 0.5595833341346154 0.8172453701923076 0.5594097211538461 0.8250578701923076 0.5639930552884616 0.8296064807692307 0.634201389423077 0.8322106490384615 0.6373958341346154 0.8289930552884616 0.6376041658653846 0.8196180552884615 0.6407986105769231 0.8164004639423077 0.6408680552884616 0.8132754639423077 0.6378472211538462 0.8086805552884615 0.6331944447115384 0.8072569447115385
3 0.6606597211538462 0.48478009375000003 0.6639236105769231 0.4784375 0.6639930552884615 0.47531249999999997 0.6624652788461538 0.4737962956730769 0.6626388894230769 0.4659837956730769 0.6595833341346153 0.4629513894230769 0.6486805552884616 0.4617129639423077 0.636284721153846 0.4573958341346154 0.6300347211538462 0.4575810192307692 0.6285069447115385 0.45606481490384615 0.6129513894230769 0.4534027788461538 0.6051388894230769 0.4536342596153846 0.6019791658653847 0.4552893509615385 0.6003125 0.46002314903846153 0.6018402788461539 0.4615393509615385 0.6016666658653846 0.4693518509615385 0.6000694447115384 0.4709606490384616 0.6015972211538462 0.4724768509615384 0.6013541658653846 0.48341435096153845 0.6136111105769231 0.49398148076923076 0.6225925697115385 0.4888576274038462 0.6296771538461539 0.4880059495192308 0.6558680552884616 0.4896064807692308 0.6606597211538462 0.48478009375000003
2 0.4352083341346154 0.44149305528846156 0.4367361105769231 0.4430092596153846 0.4365277788461538 0.45238425961538464 0.44100694471153845 0.4616203701923077 0.44725694471153843 0.4614351850961539 0.4519791658653846 0.45973379567307693 0.4536111105769231 0.45656250000000004 0.4524652788461539 0.43785879567307695 0.44940972115384614 0.43482638942307694 0.4432291658653846 0.4318865745192308 0.4385416658653846 0.4320254639423077 0.43534722115384616 0.4352430552884616 0.4352083341346154 0.44149305528846156
2 0.435 0.5211342596153846 0.4364583341346154 0.5257754639423077 0.44111111057692304 0.5271990745192308 0.44746527884615384 0.522326389423077 0.4521875 0.520625 0.4538194447115385 0.5174537043269231 0.4541319447115385 0.5033912043269231 0.4526388894230769 0.5003124999999999 0.44170138942307696 0.5006365745192307 0.4369097211538462 0.5054629639423077 0.4352430552884616 0.5101967596153846 0.435 0.5211342596153846
2 0.31413194471153844 0.40916666586538464 0.3124652788461538 0.4139004639423077 0.3121180552884616 0.4295254639423077 0.3135763894230769 0.43416666586538466 0.31510416586538464 0.4356828701923077 0.3213541658653846 0.43549768509615383 0.3496875 0.4252893509615384 0.34996527884615386 0.41278935096153846 0.34694444471153846 0.40819444471153843 0.3406944447115385 0.4083796298076923 0.33916666586538463 0.40686342548076926 0.31729166586538465 0.40751157451923076 0.31413194471153844 0.40916666586538464
2 0.08339285817307693 0 0.07444444471153847 0.022777778846153843 0.07635416586538461 0.07737268509615383 0.091875 0.08159722115384614 0.11145833413461538 0.04354166586538462 0.14 0.023958334134615383 0.14053240625 0 0.08339285817307693 0
2 0.10753472115384616 0.5714351850961539 0.12315972115384616 0.5709722211538462 0.12204861057692308 0.5507060192307692 0.11586805528846153 0.5477662043269231 0.09711805528846154 0.5483217596153847 0.09267361057692308 0.5375231490384615 0.0878125 0.5454745360576922 0.07236111057692309 0.5381250000000001 0.05725694471153846 0.5151504639423077 0.04954861057692307 0.5106944447115385 0.041805555288461534 0.5078009254807692 0.027708334134615382 0.50978009375 0.024409721153846153 0.5176851850961538 0.02392361057692308 0.5395601850961539 0.029583334134615384 0.5659375 0.04631944471153847 0.5857407403846154 0.055069444711538455 0.6135879639423076 0.06277777884615385 0.6180439807692307 0.1253125 0.6146296298076923 0.11447916586538462 0.6102662043269231 0.11003472115384616 0.59946759375 0.09760416586538462 0.5967129639423077 0.09149305528846154 0.5906481490384615 0.09333333413461539 0.5781018509615385 0.10135416586538462 0.5684953701923077 0.10753472115384616 0.5714351850961539
2 0.10166666586538461 0.7652314807692308 0.11732638942307692 0.7632060192307691 0.12378472115384616 0.7536458341346154 0.12409722115384615 0.7395833341346154 0.11975694471153846 0.7240972211538461 0.11993055528846154 0.7162847211538461 0.12472222115384615 0.7114583341346153 0.1216666658653846 0.7084259254807692 0.11239583413461539 0.7040162043269231 0.10145833413461539 0.7043402788461539 0.08729166586538462 0.7094444447115384 0.05291666586538461 0.7104629639423077 0.03850694471153847 0.7265046298076924 0.025902778846153846 0.7315625 0.013020834134615385 0.7491203701923077 0.009340278846153845 0.7742129639423077 0.01368055528846154 0.7896990745192307 0.01829861057692308 0.7926851850961539 0.029236110576923078 0.7923611105769232 0.04965277884615385 0.7870717596153847 0.05111111057692308 0.7917129639423077 0.05885416586538461 0.7946064807692307 0.08118055528846153 0.7736458341346153 0.10166666586538461 0.7652314807692308
2 0.30059027884615386 0.9482754639423077 0.30069444471153844 0.9435879639423077 0.2977083341346154 0.9374305552884615 0.2946180552884615 0.9359606490384615 0.2898958341346154 0.9376620360576923 0.28190972115384616 0.9457060192307692 0.28024305528846155 0.9504398149038462 0.27972222115384615 0.9738773149038462 0.2825 0.9894097211538462 0.3121875 0.98853009375 0.3122222211538462 0.98696759375 0.3091319447115385 0.9854976850961539 0.31569444471153846 0.9712500000000001 0.3157638894230769 0.968125 0.3127083341346154 0.96509259375 0.3127430552884615 0.96353009375 0.3035416658653846 0.9559953701923077 0.30211805528846153 0.9497916658653847 0.30059027884615386 0.9482754639423077
2 0.4269444447115385 0.8133680552884616 0.42847222115384614 0.8148842596153846 0.43315972115384616 0.8147453701923077 0.4346875 0.8162615745192308 0.439375 0.8161226850961539 0.44097222115384616 0.814513889423077 0.44121527884615386 0.803576389423077 0.4428125 0.8019675937499999 0.4445138894230769 0.7956712956730769 0.4383333341346154 0.7927314807692307 0.4305208341346154 0.7929629639423077 0.4273263894230769 0.7961805552884615 0.4269444447115385 0.8133680552884616
2 0.4354861105769231 0.7803240745192308 0.43708333413461536 0.7787152788461539 0.4495833341346154 0.77834490625 0.4527430552884616 0.7766898149038461 0.4452083341346154 0.7644212956730769 0.44211805528846154 0.7629513894230769 0.4327430552884615 0.7632291658653846 0.4295833341346154 0.7648842596153845 0.4310763894230769 0.7679629639423078 0.4308333341346154 0.7789004639423076 0.4354861105769231 0.7803240745192308
3 0.6449977427884614 0.1412676610576923 0.64475375 0.1348213317307692 0.651335 0.12907530048076923 0.6565194086538462 0.12814719951923076 0.6655902788461538 0.12237268509615386 0.6735069447115385 0.11745370432692306 0.6721874999999999 0.10656249999999999 0.6691666658653846 0.10196759375 0.6693402788461539 0.09415509375 0.6647569447115385 0.08960648076923078 0.6600694447115385 0.08974537019230769 0.6521527788461537 0.09466435096153845 0.6270833341346154 0.09853009374999999 0.6238541658653846 0.10331018509615385 0.623611110576923 0.11424768509615385 0.6172222211538462 0.1206828701923077 0.6215625 0.13616898076923076 0.623611110576923 0.18451388942307692 0.6504166658653846 0.17278935096153847 0.6597916658653846 0.17251157451923077 0.6677777788461537 0.16446759375 0.6663194447115385 0.15982638942307695 0.6681944447115384 0.14571759374999999 0.6604861105769231 0.14126157451923077 0.6449977427884614 0.1412676610576923