1 0.261 0.2146666658653846 0.252 0.17333333413461538 0.23399999999999999 0.15466666586538463 0.224 0.1506666658653846 0.20900000000000002 0.15466666586538463 0.19799999999999998 0.164 0.188 0.18266666586538463 0.184 0.2026666658653846 0.186 0.2186666658653846 0.24400000000000002 0.2173333341346154 0.255 0.2253333341346154 0.261 0.2146666658653846
1 0.386 0.276 0.40499999999999997 0.2826666658653846 0.412 0.2786666658653846 0.414 0.2586666658653846 0.392 0.22 0.369 0.216 0.348 0.23600000000000002 0.339 0.2626666658653846 0.338 0.276 0.34199999999999997 0.2866666658653846 0.36200000000000004 0.276 0.386 0.276
1 0.521 0.2746666658653846 0.53 0.2706666658653846 0.5309999999999999 0.2466666658653846 0.517 0.2213333341346154 0.505 0.212 0.482 0.216 0.46 0.24000000000000002 0.45899999999999996 0.268 0.463 0.276 0.477 0.268 0.521 0.2746666658653846
1 0.643 0.2666666658653846 0.644 0.24800000000000003 0.638 0.228 0.6159999999999999 0.2146666658653846 0.593 0.2186666658653846 0.5760000000000001 0.24400000000000002 0.574 0.264 0.579 0.27733333413461536 0.638 0.272 0.643 0.2666666658653846
1 0.771 0.28800000000000003 0.766 0.256 0.745 0.23600000000000002 0.7240000000000001 0.24000000000000002 0.7060000000000001 0.2666666658653846 0.705 0.292 0.7080000000000001 0.3 0.744 0.28800000000000003 0.771 0.28800000000000003
3 0.14200000000000002 0.7080000000000001 0.163 0.6973333341346154 0.238 0.6839999999999999 0.266 0.6733333341346154 0.272 0.6799999999999999 0.307 0.6799999999999999 0.306 0.6453333341346154 0.3 0.62 0.32 0.5386666658653846 0.32399999999999995 0.4986666658653846 0.302 0.384 0.28800000000000003 0.348 0.27899999999999997 0.33466666586538457 0.269 0.3453333341346154 0.247 0.3266666658653846 0.247 0.36 0.237 0.3786666658653846 0.19799999999999998 0.31599999999999995 0.192 0.28933333413461537 0.18 0.2866666658653846 0.165 0.296 0.16 0.3053333341346154 0.16 0.3186666658653846 0.13699999999999998 0.3426666658653846 0.127 0.38 0.129 0.444 0.14400000000000002 0.5333333341346154 0.14 0.6106666658653845 0.14200000000000002 0.7080000000000001
3 0.462 0.4973333341346154 0.506 0.5733333341346154 0.512 0.56 0.507 0.5066666658653847 0.508 0.47333333413461537 0.5 0.45066666586538456 0.499 0.432 0.483 0.3866666658653846 0.462 0.3506666658653846 0.423 0.3706666658653846 0.427 0.3973333341346154 0.436 0.3973333341346154 0.456 0.4373333341346154 0.462 0.4973333341346154
3 0.528 0.5680000000000001 0.536 0.5373333341346154 0.541 0.4386666658653846 0.5489999999999999 0.4173333341346154 0.5489999999999999 0.40666666586538464 0.5469999999999999 0.3866666658653846 0.5389999999999999 0.376 0.518 0.36266666586538465 0.514 0.364 0.511 0.376 0.51 0.4826666658653846 0.514 0.5613333341346154 0.521 0.5760000000000001 0.528 0.5680000000000001
3 0.498 0.6106666658653845 0.484 0.5946666658653846 0.483 0.5866666658653846 0.473 0.5853333341346154 0.46499999999999997 0.5773333341346154 0.456 0.5546666658653846 0.451 0.5559999999999999 0.446 0.5826666658653846 0.439 0.5946666658653846 0.445 0.6159999999999999 0.456 0.6226666658653847 0.48800000000000004 0.624 0.498 0.6106666658653845
3 0.702 0.4813333341346154 0.703 0.5133333341346155 0.6869999999999999 0.5653333341346154 0.6930000000000001 0.588 0.702 0.5973333341346154 0.703 0.608 0.7100000000000001 0.6146666658653847 0.737 0.6093333341346153 0.748 0.612 0.7929999999999999 0.588 0.798 0.58 0.8069999999999999 0.58 0.8099999999999999 0.572 0.802 0.4933333341346154 0.7939999999999999 0.4746666658653846 0.7909999999999999 0.4373333341346154 0.8049999999999999 0.392 0.8099999999999999 0.38533333413461535 0.821 0.38799999999999996 0.8190000000000001 0.384 0.8130000000000001 0.376 0.767 0.34933333413461537 0.746 0.40666666586538464 0.728 0.40933333413461537 0.73 0.3786666658653846 0.7260000000000001 0.3746666658653846 0.7250000000000001 0.36266666586538465 0.6890000000000001 0.376 0.6859999999999999 0.384 0.6849999999999999 0.40266666586538463 0.698 0.44 0.697 0.47066666586538464 0.702 0.4813333341346154
3 0.358 0.492 0.361 0.5106666658653846 0.36 0.5266666658653846 0.367 0.528 0.40800000000000003 0.5746666658653846 0.41600000000000004 0.5760000000000001 0.41600000000000004 0.4986666658653846 0.429 0.47066666586538464 0.429 0.4293333341346154 0.424 0.40800000000000003 0.419 0.412 0.40900000000000003 0.40533333413461536 0.40900000000000003 0.3906666658653846 0.413 0.38799999999999996 0.40299999999999997 0.3786666658653846 0.35500000000000004 0.37733333413461534 0.349 0.3666666658653846 0.328 0.3653333341346154 0.30799999999999994 0.376 0.306 0.38533333413461535 0.35400000000000004 0.476 0.352 0.4826666658653846 0.358 0.492
3 0.563 0.5680000000000001 0.624 0.5680000000000001 0.6639999999999999 0.5613333341346154 0.6639999999999999 0.516 0.66 0.5066666658653847 0.6649999999999999 0.4973333341346154 0.661 0.476 0.671 0.4613333341346154 0.6849999999999999 0.45866666586538457 0.6880000000000001 0.4546666658653846 0.6859999999999999 0.448 0.6930000000000001 0.436 0.6890000000000001 0.4253333341346154 0.674 0.4373333341346154 0.67 0.432 0.672 0.40800000000000003 0.678 0.40133333413461536 0.678 0.38533333413461535 0.642 0.348 0.635 0.3573333341346154 0.631 0.3733333341346154 0.583 0.356 0.551 0.38799999999999996 0.5489999999999999 0.40266666586538463 0.5690000000000001 0.4893333341346154 0.559 0.5479999999999999 0.563 0.5680000000000001
2 0.258 0.952 0.256 0.9133333341346154 0.22499999999999998 0.9213333341346155 0.20500000000000002 0.92 0.20199999999999999 0.924 0.20400000000000001 0.9986666658653847 0.265 0.9986666658653847 0.255 0.9786666658653846 0.258 0.952
2 0.195 0.9986666658653847 0.193 0.9400000000000001 0.143 0.948 0.138 0.9600000000000001 0.147 0.968 0.148 0.9986666658653847 0.195 0.9986666658653847
2 0.32499999999999996 0.996 0.322 0.9986666658653847 0.385 0.9986666658653847 0.366 0.984 0.32499999999999996 0.996
2 0.39699999999999996 0.9986666658653847 0.41600000000000004 0.9826666658653846 0.39499999999999996 0.9653333341346154 0.38799999999999996 0.9506666658653846 0.384 0.9493333341346154 0.376 0.9586666658653846 0.368 0.9760000000000001 0.374 0.98 0.37899999999999995 0.9946666658653847 0.39699999999999996 0.9986666658653847
2 0.464 0.9373333341346155 0.453 0.9306666658653846 0.431 0.9333333341346154 0.432 0.972 0.428 0.9986666658653847 0.476 0.9986666658653847 0.464 0.9373333341346155
2 0.572 0.9813333341346154 0.572 0.9693333341346153 0.564 0.9586666658653846 0.551 0.952 0.541 0.9333333341346154 0.5 0.924 0.495 0.9733333341346154 0.546 0.988 0.5670000000000001 0.9866666658653845 0.572 0.9813333341346154
2 0.6180000000000001 0.952 0.612 0.9106666658653846 0.572 0.9093333341346154 0.559 0.9266666658653846 0.546 0.9319999999999999 0.546 0.9426666658653846 0.551 0.9506666658653846 0.571 0.9626666658653846 0.6180000000000001 0.952
2 0.698 0.968 0.6930000000000001 0.9333333341346154 0.662 0.9213333341346155 0.662 0.9813333341346154 0.671 0.9853333341346153 0.6950000000000001 0.9826666658653846 0.698 0.968
2 0.749 0.9026666658653847 0.744 0.8973333341346154 0.7090000000000001 0.9026666658653847 0.697 0.9213333341346155 0.6940000000000001 0.9400000000000001 0.699 0.952 0.754 0.9400000000000001 0.749 0.9026666658653847
2 0.828 0.9586666658653846 0.823 0.9293333341346154 0.797 0.924 0.7889999999999999 0.924 0.769 0.9493333341346154 0.767 0.968 0.7739999999999999 0.9746666658653846 0.8079999999999999 0.9733333341346154 0.828 0.9586666658653846