1 0.5036155673076923 0.801782079326923 0.5168468870192308 0.7945478509615385 0.5202370769230769 0.7850431129807693 0.5082464735576923 0.7715551177884615 0.48823730528846154 0.7759216129807692 0.48210820673076926 0.7989932716346153 0.4901242403846154 0.8030159927884615 0.5036155673076923 0.801782079326923
1 0.46484047596153844 0.7679156346153846 0.4988609831730769 0.7743158581730769 0.5186101466346154 0.763949048076923 0.5235654254807692 0.7466917860576923 0.5043413317307692 0.7253048028846153 0.4784681298076923 0.7149888533653846 0.47195028846153847 0.7181214350961539 0.4710339447115385 0.7518133557692307 0.46484047596153844 0.7679156346153846
1 0.5156882475961538 0.669098985576923 0.5184915264423077 0.6625014423076923 0.5130831346153847 0.6528502500000001 0.4995274375 0.64711478125 0.48870559375 0.6715668100961539 0.5016100120192308 0.67324009375 0.5156882475961538 0.669098985576923
1 0.5472399663461538 0.6075576057692308 0.5532377980769231 0.5924243918269231 0.5321886081730769 0.572789625 0.5153739903846154 0.5686204471153846 0.5031157956730768 0.6147637644230769 0.5160202091346154 0.6164370504807692 0.5472399663461538 0.6075576057692308
1 0.5107481442307692 0.5550929879807692 0.5297147620192308 0.5486024399038462 0.5310842163461539 0.5418189783653846 0.5254801875 0.5331368509615385 0.5119244927884615 0.5274013822115384 0.5085343052884616 0.5369061201923077 0.48780695673076924 0.5521182596153846 0.5107481442307692 0.5550929879807692
1 0.541656173076923 0.42385779326923073 0.523539 0.41156424759615384 0.5039185745192307 0.43586981971153843 0.5254259350961539 0.43865862740384615 0.5380703509615384 0.4343315985576923 0.541656173076923 0.42385779326923073
1 0.5517055913461538 0.3157731850961539 0.5412106490384615 0.3313177019230769 0.5580252668269231 0.3354868798076923 0.564543108173077 0.33235429807692307 0.5663038365384615 0.3236327067307692 0.5517055913461538 0.3157731850961539
1 0.5199683509615385 0.2907747908653846 0.5357404182692307 0.29281991586538464 0.5530775745192308 0.28711251442307695 0.5568590360576923 0.27566964423076923 0.5473448052884615 0.26449162259615383 0.5298789158653846 0.2562602596153846 0.5231654326923076 0.26036190625 0.5157981466346153 0.2822785793269231 0.5199683509615385 0.2907747908653846
3 0.4107540216346154 0.6932808918269231 0.3906804831730769 0.6906780048076923 0.3516403269230769 0.6945656658653847 0.2957211875 0.687314766826923 0.23869512740384616 0.6709704326923076 0.20695536057692307 0.6678492475961538 0.20187134134615384 0.67116775 0.18120583413461538 0.7152264807692308 0.17866003365384617 0.749701548076923 0.20218812740384615 0.749769079326923 0.2395319230769231 0.7615723918269232 0.34602618269230767 0.7733923774038461 0.3900165576923077 0.796001875 0.3977725889423077 0.7940242764423077 0.4015540504807692 0.7825814086538462 0.4233239471153846 0.7694933221153846 0.4214344807692308 0.7642761514423076 0.4080744230769231 0.7575716177884615 0.3993427379807692 0.7425173317307692 0.4228733629807693 0.7207076514423078 0.4107540216346154 0.6932808918269231
3 0.4631719423076923 0.5429572932692308 0.4414045769230769 0.5341681706730769 0.35276748557692306 0.5286414158653846 0.2752122451923077 0.5046629471153846 0.2645885673076923 0.5062686995192307 0.25207289423076923 0.5245344927884615 0.24776889182692308 0.5458539447115385 0.27768103125 0.5726045504807693 0.2585187788461539 0.5800641634615384 0.2580606081730769 0.5969101225961538 0.3558206514423077 0.6155530336538462 0.4078295913461538 0.6203080408653846 0.44295955048076924 0.613924485576923 0.4503912043269231 0.5989771947115384 0.39665561538461536 0.5900205649038461 0.3899774855769231 0.5702603894230769 0.4592592139423077 0.5623386129807693 0.4720348942307692 0.5500731346153847 0.4631719423076923 0.5429572932692308
3 0.4606854471153846 0.6281561634615385 0.4364417091346154 0.6170570673076923 0.409523423076923 0.6264942764423077 0.34819336057692307 0.6314693918269231 0.3384784375 0.6650148533653847 0.35692251201923075 0.6684008870192308 0.40091541826923077 0.6691331730769231 0.42131586057692305 0.6628285456730769 0.4417806706730769 0.6634933004807693 0.42750932692307697 0.646726266826923 0.4546876177884615 0.6432893774038462 0.4615967331730769 0.6382186634615384 0.4606854471153846 0.6281561634615385
3 0.414424451923077 0.5147587884615384 0.47627452644230767 0.5217843028846154 0.48096727163461533 0.5204039350961538 0.47458069471153846 0.5155980673076923 0.43990891346153843 0.5051356610576924 0.36632823798076924 0.49062246634615386 0.36248241105769236 0.49509595432692305 0.3727791850961539 0.5023977115384615 0.414424451923077 0.5147587884615384
3 0.41189888461538465 0.3742161706730769 0.3758576466346154 0.37053722596153843 0.36490200480769236 0.4248049134615384 0.4019857932692308 0.4306079110576923 0.4337306201923077 0.3899746778846154 0.41189888461538465 0.3742161706730769
3 0.47987046875 0.42380165865384617 0.4526947091346154 0.4053613389423077 0.44083284134615386 0.40581210576923077 0.4275346225961538 0.4279541658653846 0.46937552644230773 0.43934617548076926 0.4773271947115385 0.43639951442307695 0.47987046875 0.42380165865384617
3 0.48606646634615386 0.38582216826923077 0.44943831971153847 0.3850504206730769 0.45504234615384614 0.3937325480769231 0.4812424543269231 0.39514098557692307 0.4861952019230769 0.39976093269230767 0.4884115745192308 0.3960705889423077 0.48606646634615386 0.38582216826923077
3 0.4570164182692308 0.23090142067307692 0.4321188653846154 0.23761735096153844 0.4077438581730769 0.23445669951923076 0.3876059495192308 0.22488443269230768 0.3710513389423077 0.22671556971153844 0.36094514182692305 0.2621991658653846 0.36315898317307693 0.28038603125 0.40187223317307696 0.28540588701923075 0.4157548341346154 0.28223384134615387 0.43152689903846153 0.28427896875 0.4443669471153846 0.27898287019230766 0.46919759855769233 0.28717476923076923 0.46743687259615385 0.29589636298076927 0.4752572692307692 0.30088814903846156 0.49239879086538463 0.2961498149038462 0.5029581009615385 0.2875746778846154 0.4792368966346154 0.26659900240384615 0.48386527163461535 0.25824925 0.5028962596153846 0.2587280841346154 0.4972278605769231 0.24307657451923076 0.4570164182692308 0.23090142067307692
3 0.4641754206730769 0.3193398629807692 0.46508670432692306 0.32940236298076925 0.5193763846153846 0.33743640865384616 0.5365179062500001 0.3326980721153846 0.5296756875 0.32286095673076926 0.5009992067307693 0.31914254567307687 0.49291880048076925 0.30815044471153846 0.48490276682692307 0.3041277235576923 0.4730408990384615 0.3045784927884615 0.4641754206730769 0.3193398629807692
3 0.45506118509615384 0.79449171875 0.4209763076923077 0.781122110576923 0.41035263221153845 0.7827278653846155 0.39125474759615386 0.7971568581730769 0.3986838725961538 0.8040867764423076 0.4402647716346154 0.8094784735576923 0.45506118509615384 0.79449171875
3 0.4443087668269231 0.7821587067307691 0.45037096875 0.7739948774038462 0.4495240528846154 0.7709017596153847 0.4295148846153846 0.7752682548076923 0.4443087668269231 0.7821587067307691
2 0.1957953653846154 0.23481799278846155 0.22466748317307694 0.23756733653846154 0.23007840624999998 0.22534132211538463 0.1942328004807692 0.22069331009615387 0.1957953653846154 0.23481799278846155
2 0.22714385817307692 0.2398773076923077 0.22414494230769233 0.2474439158653846 0.22870642067307692 0.25400199278846153 0.25718726682692306 0.25868946875 0.25810107932692306 0.24687475721153845 0.22714385817307692 0.2398773076923077
2 0.16523307451923078 0.7579048413461538 0.1729891033653846 0.7559272451923077 0.17396728846153844 0.7510819158653846 0.16041159375 0.7453464471153846 0.14607335096153845 0.7434872427884615 0.13773041346153844 0.7483720360576923 0.14353007451923078 0.7560850985576923 0.16523307451923078 0.7579048413461538