1 0.7831596009615385 0.20314982211538463 0.8072412980769231 0.1954866610576923 0.8119181298076923 0.18919174759615384 0.812226625 0.1789795264423077 0.8054095721153847 0.16752989423076922 0.7872670600961539 0.1635896201923077 0.7561760673076924 0.17398393750000002 0.7543727067307693 0.18156753365384615 0.7658546923076923 0.2001446778846154 0.7831596009615385 0.20314982211538463
1 0.8063981105769231 0.47093729567307696 0.7994528918269231 0.46894152403846157 0.7924435961538462 0.47167268269230767 0.7531972115384615 0.49407524759615384 0.7812746658653846 0.5052685408653846 0.7970847139423077 0.5056450600961538 0.8130870048076922 0.49184078605769227 0.8063981105769231 0.47093729567307696
1 0.6384761514423077 0.6020805528846154 0.633595173076923 0.6359786899038462 0.6423318413461538 0.6438132956730769 0.6780236826923077 0.645273423076923 0.6924670264423077 0.6335674567307692 0.6958293317307693 0.6238855552884615 0.6935609495192309 0.6155948701923077 0.6855456201923077 0.6047268221153846 0.6771055384615384 0.6001024278846153 0.6605219759615385 0.5940638485576923 0.6360274302884614 0.5945482235576923 0.6384761514423077 0.6020805528846154
1 0.6305907427884615 0.7823367548076923 0.6202832259615385 0.7900228822115385 0.6302181658653846 0.7972759038461539 0.6540554471153845 0.7950980360576924 0.6673005192307693 0.7839736562499999 0.664799625 0.767745826923077 0.6428938653846153 0.7528862379807693 0.6318769038461538 0.750183375 0.6383973701923077 0.7584227956730769 0.6379726177884616 0.7646664447115386 0.6305907427884615 0.7823367548076923
1 0.6015356225961539 0.7930846153846154 0.5967425336538461 0.7954109639423077 0.6019484735576923 0.8002633990384616 0.6079160240384616 0.8242003293269231 0.6011914134615385 0.8435641322115385 0.6037042115384615 0.8463695288461538 0.6169373798076924 0.8486675769230769 0.6324508341346153 0.8458338846153846 0.6486334615384616 0.8312712524038461 0.6483487740384616 0.814638610576923 0.63273096875 0.8000813004807692 0.6190208725961538 0.7953313990384616 0.6015356225961539 0.7930846153846154
1 0.6156914879807692 0.9029388894230769 0.6407911201923077 0.8954525048076923 0.6557113918269231 0.8861983894230769 0.6573463221153847 0.8659507211538462 0.6415481802884616 0.8521517716346154 0.6201715216346154 0.8484395384615385 0.6083691394230769 0.8534970432692308 0.6122486418269231 0.8683849278846154 0.6020454711538462 0.8934620576923076 0.6156914879807692 0.9029388894230769
0 0.35319933173076923 0.8713337884615384 0.3484611057692308 0.870278 0.34130855288461537 0.868222533653846 0.34704844951923075 0.8637555432692309 0.3557478413461539 0.8606166514423077 0.36222213942307696 0.8629033701923077 0.3583226802884615 0.8589711514423077 0.3504221225961538 0.8567849975961538 0.3367481081730769 0.8559218317307693 0.3302218076923077 0.8538582451923078 0.3194918293269231 0.8517627307692308 0.30466431971153846 0.8511635817307692 0.3016391923076923 0.8619148197115384 0.3051742884615385 0.8686897764423077 0.3131904831730769 0.8789167524038461 0.32244125721153843 0.8793608245192307 0.3352020024038461 0.8775076298076924 0.3467523798076923 0.8781188822115384 0.3538821706730769 0.8763341466346154 0.35319933173076923 0.8713337884615384
0 0.41578979567307695 0.6960748413461538 0.41615046875 0.6945581225961538 0.41992562019230767 0.6920550024038461 0.4243580360576923 0.6912453774038462 0.43435705769230765 0.6937714663461538 0.43795187500000005 0.6920267091346154 0.42359642067307696 0.6721608822115385 0.4183904855769231 0.6673084447115385 0.413481141826923 0.6656662211538461 0.4070128557692308 0.6661223028846154 0.39563522115384614 0.6649361586538463 0.3836525024038462 0.6707520216346154 0.38275082211538464 0.6745438197115384 0.38442602163461537 0.6764140865384616 0.38682256490384614 0.6752509110576923 0.39293018028846155 0.6763115504807692 0.39867712499999997 0.6788889086538461 0.4011899254807692 0.6816943076923077 0.40232411778846155 0.6858396514423077 0.4080710625 0.6884170072115385 0.41189838701923076 0.6946093870192308 0.41578979567307695 0.6960748413461538
0 0.37193800721153847 0.6442377355769231 0.37313628125 0.6436561466346155 0.3933146634615384 0.64794996875 0.3945129350961538 0.6473683822115385 0.39421634134615385 0.644158170673077 0.38810872836538457 0.64309753125 0.3845779927884615 0.6401153629807692 0.39321031490384617 0.6305589663461538 0.4029127451923077 0.6298748461538461 0.4069844879807692 0.6305819375 0.40141788221153846 0.6272462211538462 0.3861488413461539 0.6245946250000001 0.38531124278846157 0.6236594927884614 0.37477120673076925 0.6234084807692307 0.36560978365384617 0.6218175240384615 0.3608807764423077 0.619416939903846 0.35423215384615386 0.6206313798076923 0.3501604110576923 0.6199242884615385 0.3489621370192308 0.6205058725961539 0.34806045673076924 0.624297670673077 0.35003225 0.6293781490384615 0.36026378605769227 0.6398413798076923 0.36397485817307695 0.6420651923076923 0.3668483269230769 0.6433538701923076 0.37193800721153847 0.6442377355769231
0 0.554239233173077 0.5061154423076923 0.5575896298076923 0.5098559711538462 0.5606434375 0.5103862884615384 0.56340065625 0.5077063966346154 0.56484334375 0.5016395216346153 0.5620339519230769 0.4956239110576923 0.5586835528846155 0.4918833822115385 0.5558100793269231 0.4905947043269231 0.5376675697115385 0.4866544302884615 0.5233523846153847 0.4889065360576923 0.5209558413461539 0.4900697067307692 0.5180182884615385 0.49350795913461537 0.5165756009615385 0.4995748365384615 0.5187277283653846 0.503896954326923 0.5205832644230769 0.505008858173077 0.5225028798076923 0.5013938341346154 0.52627803125 0.49889071394230766 0.5266387019230769 0.4973739951923077 0.5380804158653846 0.49383321153846155 0.539935951923077 0.4949451153846154 0.5422684158653847 0.498508875 0.554239233173077 0.5061154423076923
0 0.7226437067307692 0.10103826923076922 0.7061763942307693 0.09896825961538462 0.7025815769230769 0.10071301923076924 0.6996440264423077 0.10415127163461538 0.6991030192307692 0.10642635096153846 0.6965261394230768 0.10834788221153846 0.695083451923077 0.11441475961538461 0.69759625 0.11722015384615385 0.6996321225961538 0.11757370192307692 0.7222711298076923 0.11597742067307691 0.7254531009615385 0.1070538798076923 0.7270120408653846 0.10495557211538462 0.7244992427884616 0.10215017548076923 0.7226437067307692 0.10103826923076922
0 0.6221677451923077 0.17432833653846155 0.6291018125 0.1649911057692308 0.6378112379807692 0.1564833653846154 0.6275855288461538 0.15363125721153847 0.62035753125 0.14960192067307693 0.6176469302884615 0.14117837259615384 0.6070904831730769 0.14174972115384615 0.6000094495192307 0.14440366826923076 0.5973132259615385 0.1494837139423077 0.5986580120192307 0.1500868173076923 0.6033502403846154 0.15330622596153848 0.6062062932692307 0.15694590384615384 0.6015916274038461 0.1596585889423077 0.612636141826923 0.16120699038461536 0.6162575096153847 0.16997269951923075 0.6221677451923077 0.17432833653846155
2 0.18347982211538463 0.7880504519230769 0.16737913221153844 0.7852544302884615 0.15706018509615383 0.7894805841346154 0.15780685576923076 0.7967844591346154 0.1495861201923077 0.8078550673076923 0.14584392548076924 0.8301176658653847 0.16192584375000002 0.8342986754807692 0.16134153846153848 0.8223939134615385 0.1668836802884615 0.8069239783653847 0.17776489423076924 0.8016393798076924 0.18867559375 0.8031487524038461 0.1857893846153846 0.794006110576923 0.18347982211538463 0.7880504519230769
2 0.08794298557692308 0.7196885000000001 0.08255671153846154 0.715594423076923 0.07782770432692308 0.7131938365384615 0.06968421634615385 0.7117796514423076 0.06303559375 0.7129940913461539 0.058719430288461535 0.7177722884615385 0.05540930288461539 0.7361496923076923 0.05503672596153846 0.751088841346154 0.05682818269230769 0.7569276802884615 0.06017857932692308 0.7606682091346154 0.06712379567307693 0.7626639783653846 0.07562795673076923 0.7625614447115385 0.08197998798076923 0.7581367932692308 0.0839636875 0.7497948389423077 0.08205597355769231 0.7399874326923077 0.08794298557692308 0.7196885000000001
2 0.1918960576923077 0.665880266826923 0.18920292307692307 0.6638332283653846 0.18770806009615384 0.6612046033653846 0.18915074759615386 0.6551377259615384 0.18765588221153845 0.6525091033653846 0.18460207692307692 0.6519787836538461 0.1797568125 0.6456096274038461 0.1779012764423077 0.6444977235576924 0.17448679567307693 0.6454841201923076 0.17171767307692307 0.6615864447115385 0.17255527403846155 0.662521579326923 0.17176985096153846 0.6702819447115385 0.17242711298076924 0.6719754375 0.1784706514423077 0.6777630072115385 0.1813441201923077 0.6790516850961539 0.1886500096153846 0.679530735576923 0.19344309615384617 0.677204391826923 0.19260549759615384 0.6762692572115385 0.19350717548076923 0.6724774615384616 0.19135504807692308 0.6681553461538462 0.1918960576923077 0.665880266826923
2 0.16141294951923074 0.5310796923076923 0.16045909375 0.5261759903846154 0.1620180360576923 0.5240776826923077 0.16052317067307692 0.5214490600961539 0.15681210336538462 0.5192252475961538 0.14357893509615385 0.5169271971153846 0.14003629326923075 0.5273674591346154 0.13810477163461538 0.5444049134615384 0.14055349278846155 0.5519372403846154 0.1396518125 0.5557290384615384 0.14365947355769232 0.5611630600961539 0.14755088221153845 0.5626285144230769 0.15689264182692308 0.5634611129807692 0.16168573076923076 0.561134764423077 0.1699573798076923 0.5530950913461539 0.16810184375 0.5519831850961538 0.15960958894230767 0.5386632884615384 0.16141294951923074 0.5310796923076923
2 0.2052318173076923 0.4849912115384616 0.20529589423076924 0.48026428125 0.19841476201923078 0.4735415793269231 0.1731466971153846 0.4683638918269231 0.16602114423076925 0.46712648076923075 0.164822875 0.46770806730769227 0.1635605216346154 0.4730165841346154 0.16236225240384616 0.4735981682692308 0.16049481009615382 0.4859086947115384 0.1639614639423077 0.4936177956730769 0.16964432451923078 0.5009220841346154 0.18491336538461536 0.5035736802884615 0.19054405528846155 0.5021824687499999 0.19486021394230768 0.49740426923076925 0.19648323798076922 0.4905790336538462 0.20367287019230768 0.4870895168269231 0.2052318173076923 0.4849912115384616
2 0.47220764663461534 0.08439695673076922 0.4751452019230769 0.08095870432692308 0.47611096153846155 0.07243997836538461 0.47461609855769227 0.06981135336538462 0.47515710576923076 0.06753627403846153 0.47318531490384613 0.06245579807692307 0.4666007716346154 0.0589433076923077 0.4601324831730769 0.05939938701923077 0.4585735360576923 0.06149769230769231 0.4555078269230769 0.07438980528846154 0.4569386105769231 0.08174536057692308 0.4568104495192308 0.09119922115384616 0.457287375 0.09365107211538462 0.4589625769230769 0.09552133653846154 0.4618360456730769 0.09681001442307692 0.46608812740384614 0.09675874759615384 0.4684846730769231 0.09559557451923076 0.4701076971153846 0.0887703389423077 0.47130596875 0.08818875240384615 0.47220764663461534 0.08439695673076922
2 0.4488637572115385 0.13798947115384613 0.45030644711538464 0.13192259615384616 0.44378598076923076 0.12368317307692307 0.4419304471153846 0.12257126923076923 0.4358228293269231 0.12151062980769231 0.4325886875 0.12173867067307692 0.4277955985576923 0.12406501682692307 0.4264169903846154 0.12540496153846153 0.42479396394230773 0.1322301971153846 0.4256315649038462 0.13316533173076922 0.4249102235576923 0.13619876923076923 0.42538714903846153 0.1386506201923077 0.42891788461538466 0.1416327908653846 0.43586310096153846 0.1436285625 0.4423313894230769 0.14317248317307693 0.4459262043269231 0.14142772115384614 0.4488637572115385 0.13798947115384613
2 0.4576827307692308 0.3906380504807692 0.4565485384615385 0.38649270673076924 0.45805530528846156 0.37569889903846154 0.4533903798076923 0.36857138701923076 0.45153484374999997 0.3674594783653846 0.44476996394230767 0.36470534855769227 0.44273409375 0.3643518028846154 0.44135548557692306 0.36569175 0.43763250721153846 0.3768903677884615 0.4364342355769231 0.3774719543269231 0.4298258798076923 0.40080432692307694 0.4297618028846154 0.40553125721153843 0.43143699999999996 0.40740152163461535 0.43449081009615387 0.40793184375 0.43892322596153843 0.40712221634615386 0.4437163125 0.40479586778846155 0.4473752067307692 0.3983241802884615 0.4521682956730769 0.39599783413461537 0.4576827307692308 0.3906380504807692
1 0.7375153245192307 0.48424487019230766 0.7420759014423077 0.47398138221153846 0.7041037764423077 0.4776529975961538 0.696192798076923 0.48417595432692306 0.7226591298076923 0.4887720552884615 0.7375153245192307 0.48424487019230766
3 0.5421318701923077 0.9225413798076924 0.5573487379807692 0.9164974735576923 0.5783885288461538 0.8948815673076923 0.5743927716346154 0.8760251129807692 0.566970625 0.8715774903846154 0.5682329783653846 0.8662689735576923 0.558839045673077 0.856740875 0.5527314278846154 0.8556802355769231 0.5472691706730769 0.8697355216346154 0.5359437139423077 0.8772448774038462 0.5305455384615384 0.8865732331730769 0.4729882115384615 0.8923714495192308 0.44161253125 0.886133125 0.41268557211538465 0.8874271298076923 0.3850209639423077 0.8834126153846154 0.3813501658653846 0.9033067355769231 0.38673643750000003 0.9074008125 0.40607721875 0.9107594999999999 0.50326996875 0.9165823629807692 0.5242859519230769 0.9218113173076923 0.5421318701923077 0.9225413798076924
3 0.35523539182692304 0.7724234663461539 0.34833044471153846 0.792545625 0.34777753125 0.8082431370192308 0.35643821875000004 0.8342271057692308 0.3646338798076923 0.8443367908653846 0.38737723798076923 0.8601315120192308 0.4352843125 0.8637129158653847 0.45390375 0.8701050408653846 0.47359330048076925 0.8853694399038462 0.4874837331730769 0.8893609855769231 0.5218610432692308 0.8874341274038462 0.5376829951923077 0.8743882115384616 0.5527314278846154 0.8556802355769231 0.5562740673076922 0.8452399759615384 0.559002920673077 0.8070197211538462 0.5477012740384615 0.7876842139423077 0.5386680096153846 0.7766393990384616 0.5351894495192308 0.7823527259615385 0.5295587620192308 0.7837439399038462 0.48583968990384613 0.7848381995192307 0.4807500144230769 0.7839543341346153 0.4727346850961538 0.7730862884615385 0.4642305264423077 0.7731888221153846 0.4614092283653846 0.7805956442307692 0.45104953365384615 0.7795862764423076 0.4411145889423077 0.7723332524038462 0.42889935817307695 0.7702119759615385 0.40543465384615385 0.7574506947115385 0.3720752788461539 0.7595543245192308 0.35523539182692304 0.7724234663461539
3 0.43378033413461536 0.7363138389423077 0.4263581947115384 0.7318662163461538 0.42138476923076923 0.7349509206730769 0.41495675 0.7575249326923077 0.4294403653846154 0.7679368990384615 0.4571049735576923 0.7719514110576923 0.4586117403846154 0.7611576057692309 0.43378033413461536 0.7363138389423077
3 0.5681121682692308 0.7999151778846154 0.5945382331730769 0.78239334375 0.5958646658653847 0.7723578966346154 0.6076789567307692 0.7538779615384615 0.6022926826923076 0.7497838846153846 0.5977678197115385 0.7197800793269231 0.5542007211538462 0.6845756177884615 0.5400136995192308 0.6773738629807693 0.527501875 0.6720423750000001 0.5167815096153846 0.6725497211538461 0.5025184975961539 0.6834973317307692 0.5006510552884615 0.6958078557692308 0.49603830528846155 0.6973758413461538 0.4538900817307692 0.6829493629807692 0.4419714423076923 0.6840383004807692 0.4412500985576923 0.6870717355769231 0.4569841634615385 0.7055976153846154 0.4587115384615385 0.7161633822115385 0.48055321634615383 0.7357498990384616 0.5348406826923077 0.770447014423077 0.5540414014423077 0.7966819951923078 0.5681121682692308 0.7999151778846154
3 0.6044430504807692 0.5535278942307692 0.6009123173076923 0.5505457235576923 0.5398361586538462 0.5399393413461538 0.5180347475961539 0.5424707548076924 0.5003691658653846 0.5409823317307693 0.41223349038461543 0.5193594254807692 0.4040661923076923 0.5447901033653846 0.40700829807692307 0.6037370745192308 0.4356789375 0.6213507932692307 0.4852612067307692 0.6268024615384615 0.5406947716346153 0.6522224927884616 0.5630893629807692 0.6561115 0.5964725480769231 0.6271630072115385 0.6003236875 0.6065105288461539 0.6115969663461539 0.5903056706730769 0.6044430504807692 0.5535278942307692
3 0.7816829567307693 0.4500620985576923 0.7825965432692308 0.4328478701923077 0.7711145625 0.41427072355769234 0.7085673485576923 0.3741908509615385 0.6794719591346153 0.3628207836538462 0.6694729350961539 0.3602946947115385 0.6656977836538461 0.3627978125 0.6544766778846154 0.38769817067307694 0.6476239086538461 0.4165158317307692 0.6355130264423077 0.4317855576923077 0.6677903870192308 0.4342320841346154 0.7021557932692308 0.44572765865384617 0.714254766826923 0.4438803653846154 0.7265981610576924 0.43654778125000004 0.7495337620192307 0.43816171153846156 0.7539020961538461 0.4420790144230769 0.7557979014423076 0.46530885096153846 0.7771864639423077 0.45559865625 0.7816829567307693 0.4500620985576923
3 0.7224560192307692 0.1776042860576923 0.7157552211538462 0.1701232235576923 0.7027302692307693 0.15696932932692306 0.7169013173076924 0.16084613701923076 0.7677981153846154 0.16968479086538463 0.786249125 0.16341284615384616 0.7880524855769231 0.15582925 0.7727312692307693 0.14448215384615384 0.7537511586538461 0.1396067451923077 0.7066816874999999 0.13696047596153846 0.6673428581730769 0.12854960576923077 0.6434414975961539 0.13545440625 0.629835752403846 0.1480955048076923 0.6380314158653846 0.1582051923076923 0.6538936394230769 0.16727720913461536 0.6630550649038462 0.16886816826923076 0.6673593173076923 0.17751240144230768 0.7275099855769231 0.21875544471153846 0.7539882259615385 0.20992911298076924 0.7638188173076923 0.19979113221153846 0.7504053149038461 0.19825144230769232 0.7224560192307692 0.1776042860576923