1 0.8459673389423077 0.1929715721153846 0.81707178125 0.2099790408653846 0.8096764759615385 0.2474972235576923 0.8136928942307692 0.2823361754807692 0.8306569519230769 0.2655741177884615 0.8709642283653847 0.24588741826923075 0.8844550697115385 0.2529434591346154 0.8894167139423076 0.2441110168269231 0.8691687475961539 0.20541533653846156 0.8459673389423077 0.1929715721153846
1 0.49853563701923076 0.3537725625 0.5026229615384615 0.3809273100961538 0.5336685456730769 0.3659709134615384 0.5181694975961538 0.34149539423076924 0.49853563701923076 0.3537725625
1 0.4336328509615385 0.3945688725961538 0.46311909615384617 0.3723110192307692 0.45673992788461537 0.35847360336538464 0.4437688701923077 0.35385137740384615 0.4279152788461538 0.36779687259615385 0.4336328509615385 0.3945688725961538
1 0.3778974326923077 0.3820958509615385 0.363745 0.38797439663461536 0.3592322235576923 0.40692486057692306 0.3649497932692308 0.433696860576923 0.40421751682692303 0.4091425264423077 0.39249873798076923 0.38633532932692305 0.3778974326923077 0.3820958509615385
1 0.3161133221153846 0.43749507451923075 0.29357351201923076 0.4121167259615385 0.2685291346153846 0.42310831730769227 0.25801515384615387 0.4460235889423077 0.27462466826923077 0.46768254326923075 0.2878084519230769 0.44925216105769233 0.3161133221153846 0.43749507451923075
1 0.14633159134615384 0.44413015384615384 0.20079130769230769 0.41856491105769233 0.17024208173076924 0.37973189423076925 0.14897797596153844 0.3923918076923077 0.1406140216346154 0.4173581490384616 0.14633159134615384 0.44413015384615384
0 0.18344799759615385 0.7702325528846153 0.20643668028846152 0.805728923076923 0.21517859615384616 0.7985648028846154 0.21591110096153845 0.7779460144230769 0.20197139182692309 0.7607719519230769 0.18344799759615385 0.7702325528846153
0 0.40943808173076923 0.6660578461538461 0.4141160961538462 0.6879622115384615 0.42975696153846155 0.6970693269230769 0.4241812043269231 0.6549289182692307 0.40943808173076923 0.6660578461538461
0 0.4644884831730769 0.63524221875 0.4706549278846154 0.6721322427884615 0.4755456658653846 0.6709840024038461 0.47745954326923074 0.6398644447115385 0.4644884831730769 0.63524221875
0 0.5397634350961538 0.5868990408653846 0.541700733173077 0.61200271875 0.5568218197115384 0.6186760144230768 0.55117515625 0.5842198100961539 0.5397634350961538 0.5868990408653846
2 0.38177009615384616 0.9613649206730769 0.39519002644230766 0.9761051658653846 0.41964371634615383 0.9703639591346154 0.40636560336538463 0.9402553100961538 0.38028166826923077 0.9463792620192308 0.38177009615384616 0.9613649206730769
2 0.41562730048076924 0.9355250072115384 0.4377891490384615 0.9431011346153846 0.45631254326923076 0.9336405288461538 0.42895290144230774 0.9017262211538462 0.41191793750000005 0.9261724807692308 0.41562730048076924 0.9355250072115384
2 0.45666708413461543 0.8952195192307693 0.46356602884615383 0.9114907548076924 0.4852790096153846 0.9089488581730769 0.4757102572115385 0.8881927331730769 0.45666708413461543 0.8952195192307693
2 0.47845096875000004 0.8849934230769231 0.5169861850961538 0.8810578725961539 0.5219478317307693 0.8722254278846153 0.500896451923077 0.8618327379807693 0.4791125649038461 0.8720588365384615 0.47845096875000004 0.8849934230769231
2 0.5536550120192307 0.8443344447115385 0.5381559639423077 0.8198589254807692 0.5174825432692308 0.8272684567307693 0.5179314158653846 0.8373864783653846 0.5286815432692308 0.8476418341346155 0.5416526009615384 0.8522640600961539 0.5536550120192307 0.8443344447115385
2 0.5853621899038461 0.8164434615384616 0.5606014447115385 0.7966982427884616 0.5464490096153847 0.8025767836538461 0.5463071923076923 0.8179451923076922 0.5565375408653847 0.8257667283653846 0.5804005432692307 0.8252759038461538 0.5853621899038461 0.8164434615384616
2 0.5807550841346154 0.7868548942307693 0.5892133677884616 0.8104275817307692 0.6049960480769231 0.8041662932692308 0.5970575456730769 0.783027420673077 0.5807550841346154 0.7868548942307693
2 0.6041692139423077 0.7762460480769231 0.6111390697115385 0.7848330817307693 0.6399637187499999 0.7755098125 0.6205425841346154 0.764734375 0.6041692139423077 0.7762460480769231