1 0.14698224519230768 0.5337652836538461 0.13019474038461537 0.5385786057692308 0.11238288461538462 0.5577923389423077 0.11405543028846155 0.5795635721153846 0.1387036514423077 0.5953289278846154 0.16523335336538464 0.5917943557692308 0.17031339182692307 0.5513625697115384 0.17798585576923076 0.5388371899038462 0.14698224519230768 0.5337652836538461
1 0.17589509134615386 0.4824281033653846 0.1667173028846154 0.46368135817307693 0.11211085336538461 0.4710486394230769 0.09492615865384615 0.48382906249999996 0.08662653125 0.5027877548076923 0.09271023557692308 0.5221307788461538 0.11890549759615385 0.5375979951923078 0.1308219014423077 0.5321452956730769 0.1306964014423077 0.5100759230769231 0.17589509134615386 0.4824281033653846
1 0.12032669711538461 0.39845031009615384 0.12130932932692308 0.4156201658653846 0.14418053605769232 0.43014986778846154 0.18400646634615384 0.43036535336538456 0.17589474759615384 0.36564793028846154 0.13767861057692307 0.37616899278846155 0.12032669711538461 0.39845031009615384
1 0.20221516826923078 0.2864043461538462 0.18013834374999999 0.2559404423076923 0.15703716826923075 0.2398769471153846 0.13096740384615385 0.24647910336538462 0.10410326201923076 0.2690154639423077 0.10107192548076924 0.28064642788461536 0.10623574759615385 0.29385428125 0.14085613701923078 0.31243218028846154 0.19065423557692307 0.31546020913461537 0.20382496153846155 0.2971408942307692 0.20221516826923078 0.2864043461538462
3 0.27131010336538464 0.49244616346153847 0.2989896586538462 0.4965805552884615 0.31836958894230766 0.5196736370192307 0.35608406490384614 0.5376552572115385 0.36480191105769233 0.5533344182692308 0.3568994759615384 0.5643260072115385 0.43694852884615387 0.5567898774038461 0.45126910576923074 0.5461395240384616 0.4476940480769231 0.5010632644230769 0.42693429567307695 0.4687674278846154 0.3909340841346154 0.44098677403846154 0.2818884038461538 0.44622044471153843 0.24189525240384613 0.45550585336538457 0.19933070673076925 0.4794898100961538 0.18988123076923077 0.49077953846153843 0.18822971634615385 0.5116132572115385 0.20204863701923076 0.5294655865384615 0.2123552451923077 0.5132763413461539 0.22690579567307692 0.50415978125 0.27131010336538464 0.49244616346153847
3 0.2844387668269231 0.3889169423076923 0.34487791826923075 0.35675393990384613 0.37272469471153846 0.3513874350961539 0.39513595913461536 0.3628495528846154 0.45421631730769235 0.36408874759615384 0.5187321874999999 0.3484993221153846 0.5301886490384615 0.33997904086538466 0.5199654759615384 0.29302775240384615 0.5020698389423077 0.25860184375 0.4762300504807693 0.2667377932692308 0.4628293533653846 0.2835233173076923 0.41441107451923076 0.28969804326923076 0.40993716586538465 0.2810915649038461 0.2810098966346154 0.29173483653846155 0.24153943990384616 0.3151225144230769 0.22408305528846156 0.35793941346153846 0.2435257331730769 0.3920671802884615 0.26972099759615387 0.4075343966346154 0.2759091706730769 0.40634184134615386 0.27452934855769234 0.3971390865384615 0.2844387668269231 0.3889169423076923
3 0.4362996490384615 0.2870578870192308 0.44031361778846156 0.2925967788461538 0.4571011225961538 0.2877834567307692 0.4673449807692308 0.2605595264423077 0.4829826298076923 0.24807724278846152 0.48222997115384614 0.2324411778846154 0.43090551442307695 0.15553606971153847 0.37560915384615384 0.15830197355769232 0.26135793509615385 0.18189805528846154 0.23070979567307692 0.20042931490384616 0.21931608173076922 0.21998428365384617 0.2303336346153846 0.25100137019230767 0.2675881706730769 0.26591540625 0.26765092067307694 0.27695009134615384 0.32146299038461534 0.28551701201923074 0.4362996490384615 0.2870578870192308
2 0.7959659663461539 0.11674551923076923 0.7671993100961539 0.11597685096153845 0.7694990144230769 0.13131477644230768 0.77982665625 0.15773048557692307 0.8030323004807692 0.15325839903846153 0.8360428990384615 0.16109974999999999 0.8445307740384614 0.17524511778846152 0.8646423365384616 0.17136931009615383 0.8529765913461538 0.10418058173076924 0.7959659663461539 0.11674551923076923
2 0.8207396874999999 0.15458024519230767 0.7805165673076923 0.16233186298076924 0.7804748485576922 0.19390212740384616 0.8201335576923078 0.20361850721153846 0.8366493725961538 0.22884166105769232 0.8536668461538461 0.2255621298076923 0.8584751971153846 0.21516681971153848 0.8565099302884616 0.1808271081730769 0.8207396874999999 0.15458024519230767
2 0.8421896947115385 0.30825763221153846 0.8369420937500001 0.24141013942307693 0.8326981538461538 0.23433745432692307 0.8097224783653847 0.2403433341346154 0.8173532235576922 0.25938821875 0.8116877427884616 0.27468304567307694 0.7978271033653846 0.2884009831730769 0.8125031538461538 0.3013537956730769 0.8158899615384616 0.31332599759615387 0.8356043317307692 0.3174172908653846 0.8421896947115385 0.30825763221153846
2 0.8800924206730769 0.3593433125 0.8714373245192307 0.35469883653846157 0.8515557355769231 0.36010843750000004 0.8400992740384615 0.36862872115384615 0.8493398125 0.3984101514423077 0.8469983870192308 0.41464249519230767 0.8650612427884615 0.4395675072115385 0.8812215841346155 0.4411874951923077 0.8910682572115385 0.42193066586538464 0.8800924206730769 0.3593433125
0 0.2451989639423077 0.6473987596153846 0.2512199158653846 0.6557070961538461 0.2589551322115385 0.6542164014423076 0.2626763798076923 0.6471868149038461 0.2670875384615385 0.6447586057692308 0.26972168509615385 0.6410947427884615 0.27212585817307694 0.6358970865384616 0.2727530192307692 0.6294637788461538 0.2795683533653846 0.6218379134615385 0.27933838221153845 0.6203041201923077 0.2635752307692308 0.61071703125 0.254063 0.6109720745192307 0.24237656971153848 0.6179585625 0.22673891586538464 0.6304408485576923 0.22542184375 0.632272778846154 0.2261117548076923 0.63687415625 0.23144279807692308 0.6405811177884615 0.2316727668269231 0.6421149086538461 0.23631389663461538 0.6412204927884615 0.2451989639423077 0.6473987596153846
0 0.2396169206730769 0.5995530528846154 0.2504462235576923 0.5974660793269231 0.2561744543269231 0.5932059399038462 0.26236262740384614 0.5920133822115384 0.2769131754807692 0.5828968221153846 0.2808643966346154 0.5774010288461539 0.28040445432692307 0.5743334423076922 0.2750734110576923 0.570626483173077 0.26200715625000004 0.56841021875 0.25581898557692306 0.5696027740384616 0.25404196875 0.5683671201923077 0.2527248966346154 0.5701990528846154 0.2480837668269231 0.57109346875 0.24630675480769232 0.5698578149038462 0.22882934134615385 0.5700697596153846 0.21668296394230768 0.5739886658653846 0.20855055769230768 0.5834464615384616 0.20901050000000002 0.5865140480769231 0.21565861538461537 0.588389076923077 0.2185227283653846 0.5862590048076923 0.2300419423076923 0.5887734086538461 0.23273883894230768 0.596144233173077 0.2396169206730769 0.5995530528846154
0 0.24298269951923077 0.5689203004807692 0.25535904326923076 0.5665351899038462 0.25822315625000003 0.5644051177884616 0.25776321875 0.5613375336538462 0.2559862043269231 0.5601018798076923 0.24647397355769232 0.5603569230769231 0.24137290625000002 0.5581837548076923 0.22830664903846154 0.5559674903846153 0.22475262259615383 0.5534961826923077 0.21856444951923076 0.5546887379807692 0.21678743509615384 0.5534530841346154 0.21237627403846154 0.555881295673077 0.20579091346153847 0.5650409519230769 0.2076306778846154 0.5773112932692308 0.2125017764423077 0.5779506682692308 0.22991644230769231 0.5667040360576923 0.23501751201923077 0.5688772043269231 0.24120568509615387 0.5676846490384615 0.24298269951923077 0.5689203004807692
0 0.4325784014423077 0.29408747596153845 0.44564465865384617 0.2963037403846154 0.45028578846153844 0.2954093221153846 0.4588781346153846 0.2890191105769231 0.4641464230769231 0.2816913846153846 0.46981190625 0.2663965576923077 0.4691219951923077 0.26179518028846155 0.4671150096153846 0.2590257331730769 0.4602369254807692 0.2556169134615385 0.4555957980769231 0.2565113293269231 0.4425922908653846 0.26532975240384615 0.4348570745192308 0.2668204471153846 0.43354000240384616 0.2686523774038462 0.42116365865384614 0.2710374903846154 0.4193866442307692 0.26980183653846157 0.4147455144230769 0.27069625480769227 0.41342844471153845 0.27252818509615384 0.4157281466346153 0.2878661105769231 0.41796510096153844 0.29216934855769233 0.4232961442307692 0.29587631009615384 0.4281672427884615 0.29651568509615384 0.42948431490384614 0.29468375240384614 0.4325784014423077 0.29408747596153845