1 0.3508459543269231 0.44536734375000003 0.3474197860576923 0.45038474519230765 0.34940465625 0.46323229326923077 0.3566958581730769 0.4638078509615384 0.3630781586538462 0.45558669951923075 0.3671754158653846 0.44592929567307693 0.3508459543269231 0.44536734375000003
1 0.4001373028846154 0.44998543990384615 0.4020514326923077 0.44465038701923076 0.4006724903846154 0.43766731971153844 0.38884517548076925 0.43613879567307695 0.38578992067307694 0.4479274951923077 0.38720283413461537 0.4568300961538462 0.39325098798076924 0.45810071153846155 0.4001373028846154 0.44998543990384615
1 0.4280306754807693 0.4797502860576923 0.4306498677884615 0.4716947620192308 0.4281949519230769 0.46066086298076925 0.4144535048076923 0.4644673918269231 0.41190226201923075 0.47636198076923075 0.4145921971153846 0.48648905528846154 0.4209093413461539 0.4887723798076923 0.4280306754807693 0.4797502860576923
1 0.4671426394230769 0.4908356346153846 0.4694588629807692 0.479847875 0.4575975697115385 0.47639982211538456 0.45168531009615387 0.48280732932692305 0.4506121346153846 0.49310003846153844 0.45249508653846154 0.5001889927884615 0.46102933173076927 0.5000695 0.4671426394230769 0.4908356346153846
1 0.5106548245192308 0.4951958245192308 0.5139818701923077 0.4987633725961539 0.5236232668269231 0.49027070192307687 0.5272165096153846 0.48050741826923077 0.5258375721153846 0.4735243461538462 0.5157233389423077 0.4694871225961539 0.5117591802884616 0.4724791105769231 0.5082678605769231 0.48800098798076924 0.5106548245192308 0.4951958245192308
1 0.5454656923076923 0.5044213942307693 0.5512448533653846 0.504679298076923 0.5576271538461538 0.4964581442307692 0.5608834567307692 0.48184308894230765 0.5535582812500001 0.4793479975961539 0.5458310144230769 0.4825056129807692 0.5431438798076923 0.4867220769230769 0.5423396947115384 0.4980274903846154 0.5454656923076923 0.5044213942307693
1 0.6018443990384615 0.49809786538461537 0.605202625 0.4892414014423077 0.6038916298076923 0.48609739663461543 0.5918292932692307 0.48547569471153845 0.5895810168269231 0.5003025192307692 0.5908920072115385 0.5034465264423077 0.5962011298076922 0.5055180817307693 0.6018443990384615 0.49809786538461537
3 0.6293784735576923 0.4082626298076923 0.6288065144230769 0.4043176826923077 0.61691125 0.3989500961538462 0.60848171875 0.41917172115384616 0.611004576923077 0.4340446826923077 0.5957566802884615 0.46622063942307695 0.5965636586538461 0.4692587644230769 0.6174632115384615 0.47269320673076926 0.6226024663461539 0.4651671081730769 0.6371057379807692 0.4051050144230769 0.6339145889423077 0.4092155913461539 0.6293784735576923 0.4082626298076923
3 0.5937634230769231 0.4103424759615385 0.596849858173077 0.38612976923076925 0.5907677283653846 0.3829396201923077 0.5730281490384616 0.3878186105769231 0.5701059927884615 0.39294189423076925 0.565810485576923 0.41976918750000003 0.5647401033653846 0.4444054350961538 0.5593998028846154 0.45475788942307693 0.552479514423077 0.4609536298076923 0.5581595504807693 0.4697964807692308 0.5672997307692308 0.47554146634615385 0.578889233173077 0.46363326923076925 0.5843966081730769 0.4485349326923077 0.5937634230769231 0.4103424759615385
3 0.5209221538461539 0.42276946875 0.5105784951923077 0.4483261466346154 0.5141093774038462 0.46341087980769236 0.5294647884615384 0.46568059375000004 0.5458254278846154 0.45381853846153847 0.56032590625 0.3794129014423077 0.558006889423077 0.376057125 0.5308241610576924 0.37225888942307694 0.5260897932692308 0.38847581971153844 0.5209221538461539 0.42276946875
3 0.49548089903846154 0.38969498317307694 0.496588048076923 0.3813218076923077 0.4945380240384616 0.37897873798076925 0.4731400504807692 0.40412548798076925 0.45712194230769226 0.4495263918269231 0.4696910889423077 0.4645975120192307 0.48786673317307694 0.45598535096153847 0.49270301923076926 0.4455270096153846 0.4973354663461539 0.42355148557692307 0.49793581009615384 0.40072888221153846 0.49548089903846154 0.38969498317307694
3 0.47353655528846156 0.3697857019230769 0.4703114302884615 0.37197674759615384 0.46792726201923074 0.3791254471153846 0.47011318028846155 0.38914663942307687 0.48042566105769235 0.37601396875 0.4803577139423077 0.3721749110576923 0.47353655528846156 0.3697857019230769
3 0.4561990673076923 0.36901198076923075 0.43251045673076927 0.36403540384615385 0.42717015625 0.37438785817307696 0.4199185216346154 0.40441890625000004 0.41095100240384613 0.4226151153846154 0.40870272596153845 0.4374419399038461 0.41515577163461537 0.44740338701923077 0.4260090336538462 0.4506396706730769 0.43665845673076925 0.44235876682692304 0.4374938197115385 0.41862934375000005 0.4474693653846154 0.40064490384615387 0.4561990673076923 0.36901198076923075
3 0.40920114903846155 0.4088607475961539 0.4165886826923077 0.3865078221153846 0.42804229086538464 0.36692150480769226 0.4327087091346154 0.34686551201923077 0.43139771634615387 0.3437215048076923 0.4170843076923077 0.3435830889423077 0.4102291730769231 0.33927435096153846 0.40703802403846157 0.3433849302884615 0.39508319711538464 0.3772089014423077 0.38810055288461537 0.40825265384615383 0.39499245432692304 0.42882446394230767 0.4025186778846154 0.42849320192307694 0.4092039447115384 0.4232042836538461 0.40920114903846155 0.4088607475961539
3 0.38573917548076925 0.3599467307692308 0.3676626586538462 0.35997394711538466 0.35654319471153845 0.37006849759615384 0.35113774038461537 0.39092542548076925 0.3496964447115385 0.4087903725961538 0.3451631225961539 0.42218095432692304 0.34613997115384615 0.4348167283653846 0.35178603124999996 0.4417400504807692 0.36592957211538457 0.43228081250000006 0.37929451923076923 0.39301590384615387 0.38631113461538463 0.3638916778846154 0.38573917548076925 0.3599467307692308
0 0.6341900192307691 0.4039531730769231 0.6291250865384614 0.40526622355769226 0.626607829326923 0.4094916009615384 0.6250375721153846 0.41162965625 0.625792264423077 0.4189405793269231 0.6259279014423077 0.4185827524038462 0.6259188221153846 0.4194031730769231 0.6302672548076923 0.4183058221153846 0.6338253846153846 0.41457354326923074 0.6366804951923076 0.41179032932692305 0.6367758293269231 0.40632465625 0.6341900192307691 0.4039531730769231
0 0.3829812956730769 0.3459805913461539 0.38150323076923076 0.34758247115384616 0.3776409951923077 0.35633304807692306 0.3779439615384615 0.3592652860576923 0.38298409134615385 0.3603241322115384 0.38520118990384616 0.3579213173076923 0.38731636538461534 0.34975990865384615 0.38677837980769236 0.3477344927884615 0.38523237019230766 0.3454973076923077 0.3829812956730769 0.3459805913461539
0 0.3838249423076923 0.35957326923076927 0.38620588461538463 0.36276802644230766 0.3862956081730769 0.36300010817307693 0.3892044615384615 0.35945175240384614 0.39090804567307696 0.35576780288461535 0.3917895120192308 0.34844588701923074 0.38814476923076924 0.3480645769230769 0.3868430697115385 0.3501978581730769 0.3838249423076923 0.35957326923076927
0 0.46752683173076925 0.35355599759615386 0.46789888942307695 0.34733550721153844 0.46870396634615386 0.3416412403846154 0.46686524038461535 0.3387535456730769 0.4649871370192308 0.33879023076923076 0.4640153846153846 0.34401823557692307 0.46183890625 0.3527873389423077 0.4647983533653846 0.3550479903846154 0.46752683173076925 0.35355599759615386
2 0.3990533269230769 0.26521173557692307 0.402524375 0.26168013221153846 0.40585871153846154 0.26112035336538464 0.4075196274038462 0.26125318028846156 0.4080236418269231 0.2613590673076923 0.4102407379807692 0.2589562524038462 0.4107107764423077 0.25714260336538464 0.4091307908653846 0.2529858894230769 0.4071147403846154 0.25256235096153845 0.40684574759615383 0.2515496442307692 0.39424542548076924 0.24890252884615385 0.39226334375000005 0.2503985216346154 0.3913232668269231 0.2540258125 0.39159225721153845 0.2550385216346154 0.3901821394230769 0.2604794639423077 0.39075410096153845 0.26442440624999997 0.39203111778846156 0.26564888701923073 0.39757526442307695 0.26681361538461534 0.3990533269230769 0.26521173557692307
2 0.4103822716346154 0.26281077403846154 0.40912891586538463 0.2611074302884615 0.4023772019230769 0.2616492139423077 0.39754873557692305 0.26707386298076924 0.3939836947115385 0.26912465384615386 0.3983227283653846 0.2765326129807692 0.39933075480769226 0.27674437980769234 0.40052461778846155 0.27539834375 0.4024520576923077 0.2700632139423077 0.40547803846153846 0.26943005048076923 0.4099462043269231 0.26654394951923077 0.4106852379807692 0.2657430096153846 0.4103822716346154 0.26281077403846154
2 0.4864146875 0.24627320432692307 0.4880937980769231 0.2418449735576923 0.48473278124999997 0.23635789663461537 0.46608430288461544 0.23244016586538463 0.4636321875 0.2357498052884615 0.46178600000000003 0.24492392067307692 0.4694141442307692 0.25035124999999997 0.4864146875 0.24627320432692307
2 0.505097141826923 0.2521104639423077 0.5152453461538461 0.25806721634615387 0.5174624447115385 0.2556644014423077 0.5210896610576923 0.24782064903846154 0.5229018701923077 0.236727 0.5105365697115385 0.2331730625 0.5030782956730769 0.23734338701923077 0.501971141826923 0.24571656490384616 0.505097141826923 0.2521104639423077
2 0.5500194447115384 0.25102971394230766 0.5389311586538461 0.24870025240384616 0.5371189495192308 0.2597939014423077 0.5414879951923077 0.2654927451923077 0.5477032211538462 0.2620174783653846 0.5508264230769231 0.25406783653846154 0.5500194447115384 0.25102971394230766
2 0.5764347524038461 0.28239643509615386 0.5824829086538462 0.28366705048076923 0.5877892355769231 0.27139506490384613 0.5859402572115384 0.26622564182692304 0.5791530673076923 0.26575596634615384 0.5764347524038461 0.28239643509615386
2 0.5599694014423077 0.2741563605769231 0.5685376177884616 0.27595639663461535 0.571592875 0.2641676971153846 0.5657797379807692 0.26199025961538464 0.5565404326923077 0.2648302235576923 0.5599694014423077 0.2741563605769231
2 0.6031842091346153 0.3042713870192308 0.6097363774038461 0.30564788701923074 0.6114494615384616 0.3031391875 0.6159488100961539 0.2878290793269231 0.6098666826923077 0.28463893269230767 0.5953182524038462 0.28540734134615386 0.5944121466346154 0.29095416586538464 0.6018052692307692 0.29728831730769234 0.6031842091346153 0.3042713870192308
2 0.6150087331730769 0.2914563701923077 0.6102403894230769 0.30575377163461537 0.6108123485576923 0.30969871634615387 0.6168944759615385 0.31288886538461536 0.6213286754807693 0.3080832331730769 0.6260630432692308 0.2918663004807692 0.6150087331730769 0.2914563701923077
2 0.6522745096153847 0.3117158365384615 0.6546586802884615 0.30456713701923077 0.6536166802884615 0.30243583653846157 0.6397393365384616 0.2985642451923077 0.6360102019230769 0.30064940625000003 0.6433041971153847 0.31556850961538463 0.6490833581730769 0.3158264158653846 0.6522745096153847 0.3117158365384615
2 0.6548937019230769 0.3036603125 0.6536194759615385 0.3167793774038462 0.6591636177884616 0.31794410576923077 0.6629239326923078 0.3034349375 0.6548937019230769 0.3036603125
2 0.44583025 0.2654768076923077 0.45137439182692307 0.2666415360576923 0.4526174399038462 0.2659464831730769 0.4567486682692307 0.25820861298076925 0.4604778028846154 0.2561234519230769 0.4621229423076923 0.24977568990384616 0.4620889711538462 0.24785615865384614 0.45425978125 0.2452551826923077 0.4474725913461538 0.24478550721153847 0.4462295480769231 0.24548056009615385 0.44626352163461536 0.24740009375000002 0.44414834375 0.2555614975961538 0.4434093125 0.25636243990384616 0.4432082644230769 0.2591887908653846 0.4440152451923077 0.2622269182692308 0.44451925721153845 0.26233280048076923 0.44583025 0.2654768076923077