0 0 0.39888398798076924 0.004004043269230769 0.40545425 0.007850588942307692 0.4223726298076923 0.012158420673076922 0.42992349759615384 0.024671060096153847 0.4292424495192308 0.02959394471153846 0.42430330048076925 0.026669978365384615 0.3886498966346154 0.029002872596153844 0.3729522451923077 0.05877082211538461 0.33863359615384614 0.05133482692307693 0.33125298798076924 0.046642588942307696 0.33150838221153844 0.017028403846153846 0.36270452884615384 0.009131122596153847 0.3646914350961538 0.004592641826923077 0.3618243245192308 0 0.3620742956730769 0 0.39888398798076924
0 0.25110222836538465 0.3608636514423077 0.24541053125 0.3814153197115384 0.23697508173076923 0.39433099278846157 0.2323597235576923 0.39302513221153845 0.22907780048076923 0.39631789903846154 0.2295655408653846 0.41809029567307693 0.23848873076923077 0.4269470216346154 0.24546343509615387 0.4436951394230769 0.2549247956730769 0.44162310336538463 0.2615655216346154 0.43347631730769226 0.25676994951923077 0.4041530552884615 0.25097491826923074 0.39512606490384616 0.26361486778846155 0.3601826033653846 0.26392239423076924 0.35393759374999995 0.25110222836538465 0.3608636514423077
0 0.49279226201923076 0.3944207860576923 0.4951251586538462 0.3787231346153846 0.49379172355769235 0.3741245096153846 0.4833044519230769 0.3653529134615384 0.45992013221153843 0.36506862500000004 0.44084364663461534 0.3723352043269231 0.42451091586538464 0.38723778365384615 0.424049625 0.39660529567307695 0.43140873798076923 0.40554715384615386 0.43235776682692306 0.41795203605769227 0.4391018269230769 0.4393839110576923 0.4463071754807692 0.45144827403846155 0.45264037740384616 0.4495465 0.4609220649038462 0.43975332932692307 0.4581783125 0.4321173317307692 0.4578443341346154 0.4072224302884615 0.4626903389423077 0.40384453365384615 0.48466433894230765 0.4010914471153846 0.49279226201923076 0.3944207860576923
0 0.6360725721153847 0.3990787548076923 0.6015859302884615 0.4025128894230769 0.5936117668269231 0.40606104807692306 0.5886888846153846 0.4110001947115384 0.5880738317307692 0.42349021153846156 0.6032533413461538 0.43200641346153845 0.6131255625 0.4532680264423077 0.6281513125 0.4649067331730769 0.639714923076923 0.4518208004807692 0.6325864567307692 0.43819518749999997 0.6328171009615384 0.43351143028846156 0.6521242307692308 0.42156109375 0.6560212043269231 0.40577831249999996 0.6499955264423077 0.40143508173076925 0.6360725721153847 0.3990787548076923
0 0.8286586009615384 0.3527839831730769 0.8206075576923078 0.3578933966346154 0.8143512379807691 0.35823391826923073 0.8039408485576923 0.34790106971153845 0.7991717283653846 0.3497177139423077 0.7991981778846153 0.380857625 0.8038399879807692 0.4133033942307692 0.7988402235576924 0.4198037956730769 0.7983789350961538 0.4291713076923077 0.8084049182692308 0.4473104158653846 0.8339179375 0.46772071875 0.8450202596153846 0.46400229567307694 0.8574560192307692 0.46488250240384615 0.8607379423076923 0.46158973557692307 0.8609685841346154 0.4569059807692308 0.856814514423077 0.4462326081730769 0.8351215865384615 0.4116007764423077 0.836121048076923 0.3913045 0.8332739615384616 0.35408984375 0.8286586009615384 0.3527839831730769
3 0 0.645922795673077 0.010087569711538461 0.6620392668269232 0.02888298076923077 0.6921576057692308 0.04493676923076923 0.670375514423077 0.07506054326923077 0.6413751249999999 0.05988103365384615 0.6328589230769232 0.03590564182692308 0.581223579326923 0.027032879807692308 0.5396656899038461 0.025415896634615385 0.47747100000000003 0.013645617788461538 0.4313996201923077 0 0.43969279086538465 0 0.645922795673077
3 0.04908129086538461 0.4403703701923077 0.07451990144230769 0.55732290625 0.08508405288461537 0.5645332524038461 0.0990574423076923 0.5341884134615384 0.10995309615384616 0.47131267788461534 0.06831153846153847 0.4299812860576923 0.04985010336538461 0.42475785096153845 0.04908129086538461 0.4403703701923077
3 0.32482560336538463 0.6059817764423077 0.3226200192307692 0.5874170144230769 0.2953387259615385 0.6029155096153846 0.2723123653846154 0.5636850504807692 0.26051563461538463 0.48647375721153846 0.2461818173076923 0.46078378124999997 0.2311056394230769 0.48184623798076925 0.2249262019230769 0.48062550961538464 0.21938826682692308 0.4980546730769231 0.20957142307692309 0.6340538629807693 0.21326420432692308 0.6540947475961538 0.22462362259615384 0.6768324807692309 0.23177822596153846 0.64545275 0.2392299735576923 0.6129170721153846 0.25931445673076925 0.6375746802884615 0.2795970673076923 0.6691691442307692 0.309365016826923 0.6348504903846154 0.32482560336538463 0.6059817764423077
3 0.32382119711538465 0.4363160889423077 0.27587288701923074 0.4280263846153846 0.28215565625 0.4588257716346154 0.3078488942307693 0.5072534807692308 0.30982382932692304 0.5305019975961538 0.32274732932692307 0.5531546009615385 0.32277378124999995 0.5842945096153846 0.3322855721153846 0.5495213100961538 0.3311034254807692 0.44681919951923077 0.32382119711538465 0.4363160889423077
3 0.5473308701923076 0.4272648701923077 0.5413820769230769 0.4213603846153846 0.4945365600961538 0.4223530600961538 0.4766678581730769 0.4337922379807692 0.5066643461538461 0.5256272139423077 0.5202636153846154 0.5821357235576923 0.5005012980769231 0.6270241274038462 0.4827083461538461 0.6081306225961538 0.47660099038461534 0.5658180745192307 0.4489121033653846 0.4627587211538462 0.4378452716346154 0.4332240336538461 0.42681983173076926 0.43538120432692307 0.41197429807692304 0.4517599014423077 0.4104366682692308 0.48298494230769234 0.43651678365384616 0.6185873725961539 0.4422349326923077 0.6291756153846154 0.4879272307692308 0.65160171875 0.5111313341346154 0.6238686009615384 0.5320529735576923 0.5791319711538462 0.5454352884615384 0.49743608173076925 0.5473308701923076 0.4272648701923077
3 0.720256764423077 0.6218285649038461 0.7323585456730769 0.5978138701923077 0.734023483173077 0.5323264134615384 0.7274587884615384 0.5072521394230769 0.7248671754807692 0.43317246153846156 0.7128662524038462 0.3917848365384616 0.6591493653846154 0.4056080504807692 0.6487654254807692 0.4264151153846154 0.6380780769230768 0.4381469735576923 0.6564752139423077 0.44473945673076926 0.6936846033653846 0.4970418389423077 0.7165256850961538 0.5559683846153847 0.7287883653846153 0.5921037908653847 0.7153447427884616 0.6156185216346154 0.6985053052884616 0.613030110576923 0.6759239326923077 0.5844662596153847 0.6571212091346154 0.5148050336538461 0.6294806105769231 0.4701595528846154 0.6133562067307692 0.44858427163461534 0.6077678413461538 0.4987145985576923 0.6251554086538461 0.6207765456730769 0.6324376418269231 0.63127965625 0.6447547884615384 0.6352337379807692 0.6440624663461538 0.6136562115384615 0.6705401826923078 0.6494476586538462 0.6909501033653846 0.6467797043269231 0.720256764423077 0.6218285649038461
3 0.9246419975961538 0.7477260697115384 0.9236160865384615 0.7368824375 0.8761794951923078 0.6865240576923076 0.8611248221153847 0.5487644591346154 0.8491238990384615 0.5073768317307692 0.84168790625 0.4999962259615385 0.809714375 0.5157501129807692 0.8071772884615385 0.5672714302884615 0.8247186201923077 0.6862108725961539 0.8360780384615385 0.7089486081730769 0.86128353125 0.7356039182692308 0.8906166442307692 0.7417926899038462 0.8900784759615384 0.7527214543269231 0.9181550336538462 0.7527503485576923 0.9246419975961538 0.7477260697115384
3 0.9286638100961538 0.6026998918269231 0.9496648028846154 0.6513829927884616 0.9526317980769231 0.673486 0.9609889495192309 0.54812871875 0.9641474350961539 0.4839885 0.9463275024038461 0.49741495673076924 0.9026101442307692 0.49823737019230774 0.9004310144230769 0.5108125168269231 0.9313811105769231 0.5791959807692307 0.9286638100961538 0.6026998918269231
2 0 0.17533408173076925 0.0013057740384615384 0.175155125 0.01507496875 0.18063395673076924 0.017330978365384615 0.1664975576923077 0 0.15526934134615383 0 0.17533408173076925
2 0.08943242067307693 0.15945902884615387 0.09340627884615384 0.1421149951923077 0.07361140865384616 0.13229293028846154 0.05789372596153846 0.13470549278846153 0.05281708173076923 0.1427671466346154 0.05838146634615385 0.15647789182692307 0.08943242067307693 0.15945902884615387
2 0.27260248076923077 0.19122650240384614 0.24606244471153846 0.18251740624999999 0.21779031490384615 0.18205694711538462 0.21873934134615383 0.1944618341346154 0.24173925480769232 0.20255238221153846 0.25512404086538465 0.21583747355769228 0.25863660817307693 0.20786095192307694 0.2846109182692308 0.21890374278846153 0.28945691826923076 0.21552584615384618 0.29240486538461535 0.18733817548076923 0.27260248076923077 0.19122650240384614
2 0.30886490865384614 0.13817318509615384 0.28548058894230766 0.1378888966346154 0.2833014591346154 0.15046404326923077 0.30272099759615384 0.16993543990384616 0.3060202980769231 0.19593950961538462 0.33355868509615383 0.20689717067307692 0.33875308413461536 0.18342503846153846 0.3386857620192308 0.16613435576923077 0.3256085 0.14660425721153847 0.30886490865384614 0.13817318509615384
2 0.4387364495192308 0.19338713461538462 0.4490699591346154 0.2052812355769231 0.47073643509615387 0.20877315865384613 0.48973604086538464 0.20306783173076923 0.49794084615384615 0.19483591586538462 0.49855589663461536 0.1823459014423077 0.4800944615384616 0.1771224639423077 0.4456078221153846 0.18055659615384614 0.4387364495192308 0.19338713461538462
2 0.5466315192307692 0.1563731923076923 0.533323610576923 0.14152685096153844 0.5272979375 0.13718361778846153 0.50227265625 0.13854571153846154 0.49750353605769226 0.14036235576923078 0.4942216129807692 0.14365512259615384 0.49540128365384617 0.15137625240384617 0.510042625 0.17082121875 0.5169404495192308 0.1891305889423077 0.5403247668269231 0.18941487740384616 0.5485295745192308 0.18118296153846153 0.549144625 0.1686929471153846 0.5476574278846154 0.16721682451923078 0.5466315192307692 0.1563731923076923
2 0.6821683052884615 0.1598955625 0.6856039903846154 0.15348029326923077 0.6860652812500001 0.14411278125 0.6800396057692308 0.13976955048076922 0.6411682475961539 0.1372140673076923 0.6395272860576923 0.13886044951923077 0.6317068870192308 0.13928610576923076 0.6300659278846154 0.14093248798076924 0.6221686466346154 0.14291939423076921 0.6172457620192309 0.14785854326923079 0.6199895144230769 0.1554945408653846 0.6246817548076924 0.15523914903846153 0.6506560625000001 0.16628193990384615 0.6550407764423076 0.17227155528846155 0.6581689374999999 0.17210129086538462 0.6662968629807692 0.1654306298076923 0.6805273461538461 0.16154194471153846 0.6821683052884615 0.1598955625
2 0.7231154591346154 0.12029724278846153 0.7112178701923076 0.10848827163461539 0.7020640360576924 0.1043153028846154 0.6912692379807692 0.1017887139423077 0.6709361995192308 0.10289541586538462 0.6628851538461539 0.10800482692307692 0.6626545096153845 0.11268858173076923 0.6654751466346155 0.11876332932692307 0.6715008197115384 0.1231065625 0.6714239399038462 0.12466781490384617 0.6877062427884616 0.14246639903846153 0.6907575216346153 0.1438573894230769 0.7032701610576922 0.14317634134615384 0.7221928846153846 0.13903226682692307 0.7231154591346154 0.12029724278846153
2 0.8583447235576924 0.1300646201923077 0.8617035288461538 0.12521060336538462 0.86654953125 0.12183270673076924 0.8712417716346154 0.12157731490384616 0.8842156971153846 0.1115287548076923 0.8908564254807693 0.10338197115384616 0.8912408341346154 0.09557570913461538 0.8867792355769232 0.09114734615384615 0.8836510769230769 0.09131760817307691 0.8820101153846154 0.09296399038461539 0.8679333942307692 0.09373017067307693 0.8567541923076922 0.09900984134615384 0.8426774735576923 0.09977602163461538 0.8284469903846153 0.10366470192307692 0.8092936225961539 0.11249253365384616 0.8042938557692308 0.11899293509615384 0.8055504086538462 0.1251528125 0.8085248076923077 0.12810505528846153 0.8366013677884615 0.12813394951923077 0.8442680024038461 0.13083080048076923 0.8501399158653846 0.13829653846153847 0.8547552740384615 0.13960239423076923 0.8580371971153846 0.1363096298076923 0.8583447235576924 0.1300646201923077
2 0.9637266802884615 0.08073092307692308 0.9610598100961538 0.07153367067307692 0.9615979783653846 0.06060490865384616 0.9572132644230769 0.05461529086538462 0.9263160745192308 0.048511649038461536 0.8919063149038462 0.05038453125 0.8682913509615384 0.054784000000000006 0.8522661442307692 0.06344156971153846 0.8534458149038462 0.07116269711538462 0.8624458894230769 0.07845817307692307 0.8885739615384616 0.08637845913461538 0.9035228293269231 0.09957841826923076 0.9208045889423077 0.09708072596153847 0.9339322788461538 0.0839096610576923 0.9557525168269231 0.08427907932692308 0.9637266802884615 0.08073092307692308