0 0.4190094375 0.7641118966346153 0.42608308173076925 0.7605292884615384 0.42861842788461535 0.7482031129807692 0.42344629086538466 0.7425410865384615 0.4041807307692308 0.7360804927884614 0.3925149158653846 0.7388833197115384 0.3975793149038462 0.7604729158653847 0.4190094375 0.7641118966346153
0 0.40825309134615384 0.677772295673077 0.39753802884615386 0.6759528076923077 0.38186001442307693 0.68285809375 0.38270303365384617 0.6941633533653846 0.4145851634615385 0.6931988052884616 0.41648667307692305 0.6839541730769232 0.40825309134615384 0.677772295673077
0 0.3732619375 0.639938826923077 0.39812428846153847 0.6345931009615384 0.40245340865384616 0.6289498677884615 0.38994457692307694 0.6204474375 0.36086084134615387 0.6155088245192307 0.35341640865384616 0.6285959879807692 0.35674090625 0.6355388581730769 0.3732619375 0.639938826923077
0 0.37707124759615385 0.5752076153846154 0.39332923076923076 0.5731845697115385 0.3979752668269231 0.5660005649038461 0.36340247836538464 0.5569406995192308 0.3565918822115384 0.5669463221153846 0.37707124759615385 0.5752076153846154
0 0.40152781971153845 0.4486043918269231 0.3926065336538462 0.45346784375 0.39191882932692307 0.4645131730769231 0.41519658894230765 0.46687130528846155 0.4238548245192308 0.45558483894230767 0.41868268990384616 0.44992281490384617 0.40152781971153845 0.4486043918269231
0 0.4252903966346154 0.3792884447115385 0.4280887908653846 0.37338528365384616 0.4238674086538462 0.3631009423076923 0.40734637740384616 0.3587009735576923 0.38771002884615385 0.36174493750000003 0.3833270408653846 0.3753519567307692 0.4139415 0.3805505 0.4252903966346154 0.3792884447115385
0 0.4629372139423077 0.2963842692307692 0.4767675865384616 0.29075982451923077 0.4786690961538461 0.2815151923076923 0.4710693509615385 0.2722517716346154 0.4392410889423077 0.26525253125 0.42994901682692305 0.2796205408653846 0.45222215384615383 0.29456477644230766 0.4629372139423077 0.2963842692307692
3 0.2569207091346154 0.6664263221153846 0.21833572115384614 0.6614689158653846 0.20460679086538464 0.6974077355769231 0.1455837235576923 0.7687091466346154 0.1412007355769231 0.7823161658653847 0.10900168509615385 0.7848214855769231 0.08545458653846152 0.8222822836538461 0.09949413942307692 0.8310446442307692 0.1121582860576923 0.8618976610576923 0.1408173653846154 0.8843046201923077 0.16008292548076924 0.89076521875 0.24881098317307693 0.9138047716346154 0.3456711778846154 0.9127118293269232 0.36778900000000003 0.9053054783653847 0.3718012019230769 0.9012030168269232 0.3592923677884615 0.8927005865384616 0.3581863028846154 0.8749723125 0.3848962932692308 0.8683457427884615 0.3925023317307692 0.8313672163461538 0.38237353365384613 0.7881880216346153 0.2771408125 0.7735079711538462 0.25488308894230766 0.7709658581730768 0.24740687019230767 0.7588914278846153 0.25717746875 0.7190912836538461 0.25021156009615386 0.7067463173076922 0.26056212259615386 0.6718284182692307 0.2569207091346154 0.6664263221153846
3 0.3557775673076923 0.7326450697115384 0.36137435817307695 0.72083875 0.3609559951923077 0.6920651466346153 0.2617759278846154 0.6736291153846155 0.25570061298076924 0.7108675697115385 0.26050196394230773 0.7260341514423078 0.30304528365384614 0.7348528798076923 0.3557775673076923 0.7326450697115384
3 0.19279824759615385 0.5853760769230769 0.19950110576923075 0.5912980288461539 0.23845688221153846 0.5867508725961538 0.26600989423076926 0.5914295600961539 0.3317771081730769 0.6105702091346153 0.34133223076923075 0.6026252115384616 0.3439214447115385 0.58233525 0.3427615096153846 0.5725707644230769 0.33331412259615384 0.5645881875 0.2189345625 0.5276253149038461 0.21370856009615385 0.529927076923077 0.21671613461538464 0.5384107163461539 0.23381713701923076 0.5476929302884616 0.22394509615384614 0.5571786995192307 0.20246110817307691 0.5615035072115384 0.19195522836538462 0.5740708197115384 0.19279824759615385 0.5853760769230769
3 0.3850543629807692 0.48248258413461537 0.38141294951923077 0.47708048798076924 0.2975401129807692 0.46124372596153845 0.23240673317307692 0.43902153365384616 0.2092842860576923 0.4590139879807692 0.2569458774038461 0.4814585288461538 0.2651794591346154 0.48764040625 0.2641748341346154 0.5002265072115384 0.19951368990384613 0.4988141298076923 0.19576454086538464 0.5093396057692308 0.20489500721153847 0.5188629567307692 0.36409018269230764 0.5458953701923077 0.38272819951923076 0.5091955600961539 0.3850543629807692 0.48248258413461537
3 0.30294030528846155 0.3425667067307692 0.38528242067307694 0.35814353846153846 0.41178952163461535 0.29088821875000004 0.4103665360576923 0.27470071875 0.30749118750000004 0.2588263798076923 0.24605309375 0.2340424951923077 0.2312719639423077 0.2442892548076923 0.23301186778846153 0.2589359831730769 0.26716000240384613 0.2854641947115385 0.29258006971153844 0.3007514495192308 0.29375367307692307 0.3082236466346154 0.2520080865384615 0.30521551201923075 0.22355818990384616 0.2971953557692308 0.21833218509615385 0.29949711778846155 0.21949212259615386 0.3092616033653846 0.23685617067307693 0.3249668293269231 0.30294030528846155 0.3425667067307692
3 0.2374036153846154 0 0.23774323076923076 0.01257844951923077 0.2589578774038462 0.04807257451923076 0.3197621370192308 0.07593800240384616 0.3410306514423077 0.10346834134615385 0.3569717163461539 0.10298606730769232 0.37222507692307694 0.113549125 0.5041302908653846 0.14232586298076924 0.5314202524038462 0.1405815360576923 0.537017045673077 0.1287752139423077 0.5160494182692308 0.12713146394230768 0.5310557572115384 0.10384414663461539 0.5369156009615385 0.09846084134615385 0.5629378870192308 0.10287959855769231 0.5752438293269231 0.050753281250000004 0.39071407211538467 0.008256778846153846 0.33532109134615384 0 0.2374036153846154 0
2 0.8010905240384615 0.19275171153846155 0.8130193894230769 0.19637189903846153 0.8253190408653845 0.1904875264423077 0.8495538485576923 0.14198139903846155 0.8490277475961538 0.12913536778846152 0.8318728774038462 0.1278169423076923 0.8314482235576922 0.1452852860576923 0.8012521298076922 0.16886035096153848 0.8010905240384615 0.19275171153846155
2 0.6699555841346154 0.32196986057692306 0.66874178125 0.32016915865384615 0.6638326923076924 0.32093014903846157 0.6591866562500001 0.32811415624999996 0.656334391826923 0.3419811033653846 0.6575481947115385 0.34378180288461535 0.6697939807692308 0.34586121875 0.6750199855769231 0.34355945673076926 0.6785060841346154 0.32661096634615383 0.6760784759615385 0.3230095673076923 0.6699555841346154 0.32196986057692306
2 0.6445545504807693 0.4069534519230769 0.6469821586538462 0.4105548509615385 0.658857153846154 0.42213882451923074 0.6603878774038462 0.42239875000000005 0.6679939158653846 0.3854202235576923 0.666780110576923 0.3836195264423077 0.6677308653846155 0.3789972115384615 0.6665170625 0.37719651201923077 0.661924891826923 0.37641673076923077 0.6585465288461538 0.37743764903846155 0.6489375360576923 0.39334643028846156 0.6452422548076923 0.3959081225961538 0.6409131346153847 0.4015513557692308 0.6405962163461538 0.4030921274038462 0.6430238269230769 0.40669352403846154 0.6445545504807693 0.4069534519230769
2 0.6265853629807693 0.5713337740384615 0.6335575649038462 0.5374367932692308 0.6323437596153846 0.53563609375 0.6216287019230768 0.5338166033653846 0.6197810576923076 0.5350974495192308 0.6136581682692308 0.5340577427884615 0.6069014399038462 0.536099576923077 0.6052091129807692 0.5597310096153846 0.6076367211538461 0.56333240625 0.6174010264423077 0.5697742139423077 0.6210424399038461 0.5751763100961539 0.6241038870192307 0.5756961634615385 0.6265853629807693 0.5713337740384615
2 0.6300777548076923 0.5081433365384616 0.625168670673077 0.5089043269230769 0.6230041105769231 0.5117259423076923 0.6210487331730769 0.5289343629807692 0.6336114326923077 0.5294730048076923 0.6354590745192308 0.5281921610576923 0.6367267475961539 0.5220290721153846 0.6385743870192309 0.5207482283653846 0.6392620913461537 0.5097028990384616 0.6300777548076923 0.5081433365384616
2 0.6214356394230769 0.7889177067307693 0.6236001971153846 0.7860960889423076 0.621806423076923 0.7794131466346154 0.6130467427884615 0.7603852379807693 0.6103022139423077 0.7583246153846154 0.6026486009615385 0.7570249783653846 0.6008009591346154 0.7583058245192308 0.5962087908653846 0.7575260432692308 0.5928304278846154 0.7585469591346155 0.5906658677884615 0.7613685769230769 0.5921965889423076 0.761628502403846 0.5958380024038461 0.7670305985576923 0.5955210865384616 0.7685713725961538 0.5982656129807692 0.7706319975961539 0.606445326923077 0.7847776634615384 0.6214356394230769 0.7889177067307693