2 0.9225354254807693 0.25661360096153846 0.9240196802884615 0.24763749278846153 0.9164586730769231 0.2416709951923077 0.8902420096153846 0.23574284375000001 0.8694507091346153 0.23512090384615383 0.86931684375 0.24741759134615385 0.8578295673076923 0.25475258173076926 0.8760925985576923 0.25604438461538465 0.9053164134615385 0.2636280360576923 0.9225354254807693 0.25661360096153846
2 0.84045565625 0.44388714182692307 0.8664760072115385 0.45048036778846157 0.8745010552884616 0.4311884206730769 0.8720828461538462 0.42753770192307694 0.8447983605769231 0.42127940625 0.8325496346153846 0.4232985961538462 0.8309553197115385 0.4365952860576923 0.84045565625 0.44388714182692307
1 0.21274551682692305 0.6163300384615386 0.2174094326923077 0.6163204519230769 0.2272637548076923 0.6026744423076923 0.23817106009615385 0.5617747692307693 0.23555653125 0.5587891274038461 0.22690389903846153 0.5604685865384615 0.1950417548076923 0.5578753894230769 0.17947950240384614 0.5632247427884616 0.17282864663461536 0.5778611730769231 0.1768798173076923 0.5878229038461538 0.1859875264423077 0.5964449086538461 0.20743021634615386 0.606703233173077 0.21274551682692305 0.6163300384615386
1 0.21662140384615383 0.45713340625 0.25290354326923076 0.47633428846153847 0.26065499038461537 0.41849199278846155 0.254138 0.4208317379807692 0.22421518509615385 0.41956389423076923 0.20865293509615385 0.42491325 0.20306990384615384 0.4398798173076923 0.21662140384615383 0.45713340625
2 0.8649055 0.4558009639423077 0.8420886153846154 0.45019815865384616 0.82369171875 0.4612030384615385 0.8178023100961538 0.48115526923076923 0.8247743798076923 0.48911698798076925 0.8363241033653845 0.49341361057692307 0.8502295937500001 0.4897293389423077 0.8647478293269231 0.47607375 0.8688704158653846 0.4621071875 0.8649055 0.4558009639423077
2 0.683791579326923 0.911472733173077 0.6614773798076924 0.9002191923076922 0.6476195024038461 0.887951266826923 0.6175241778846154 0.8793724014423077 0.6273070817307692 0.8896546899038462 0.625516451923077 0.9036164591346154 0.6640204879807693 0.9271331322115385 0.6819771466346154 0.9334105985576924 0.6870336899038462 0.9320708677884616 0.6906535865384615 0.9237550408653846 0.683791579326923 0.911472733173077
2 0.7849703389423077 0.6081748798076924 0.7835961466346154 0.6128303966346154 0.7747471971153845 0.6151749326923077 0.7702557908653845 0.6224955432692307 0.7577006923076923 0.6295003942307692 0.7634086250000001 0.6377970456730769 0.7780517548076923 0.6474046778846153 0.7964010408653847 0.6523519951923077 0.8037508942307692 0.6313997548076924 0.8041673269230769 0.6220935096153847 0.7849703389423077 0.6081748798076924
2 0.7195147716346154 0.7272854903846154 0.718533204326923 0.7306108629807693 0.7260079567307692 0.7329218461538461 0.7571949086538462 0.7338547524038461 0.7632806298076923 0.7132374495192307 0.7495952596153846 0.7082805456730769 0.7273435096153846 0.7086586177884615 0.7195147716346154 0.7272854903846154
2 0.7225485048076923 0.8828122283653846 0.7196514134615384 0.8768361466346154 0.7113051514423077 0.8735299471153847 0.67126925 0.874941576923077 0.6679081153846155 0.8942239399038462 0.7099457932692308 0.9057692764423078 0.7225485048076923 0.8828122283653846
1 0.3596028894230769 0.14643825480769232 0.3675892932692308 0.10753859375 0.3615987956730769 0.09625150240384615 0.3219555240384615 0.09633298317307691 0.30892154326923077 0.10101246875 0.3038173918269231 0.11830439903846154 0.3147543725961538 0.13257234375 0.3428865600961538 0.14780195432692309 0.3470477908653846 0.15344310336538464 0.3542399735576923 0.15276364903846154 0.3596028894230769 0.14643825480769232
3 0.4532672860576923 0.6028746009615384 0.4217977668269231 0.5989512572115385 0.36801404807692306 0.5837743701923077 0.3507563918269231 0.5711810961538462 0.30551525 0.5586453389423076 0.29276383653846155 0.5663152596153846 0.28212426201923074 0.5826215649038462 0.2854139831730769 0.5872674975961538 0.33169914182692306 0.6081094975961538 0.34603590144230767 0.6227027884615384 0.34213343509615385 0.6280281754807693 0.3262886153846154 0.6303870913461539 0.3058899423076923 0.6284350048076923 0.2909404375 0.6238130336538461 0.27635975240384614 0.6258370144230769 0.29666320673076924 0.6596934975961539 0.30801661778846157 0.6646551947115384 0.33442959615384615 0.6699182716346154 0.34696088942307696 0.6708895240384615 0.3560061514423077 0.6678799134615385 0.3762085120192307 0.6704970745192308 0.38910862740384616 0.6781142740384615 0.41580417067307696 0.6863677908653846 0.42229735817307695 0.6920041490384615 0.45764553846153844 0.6985782043269231 0.4884726346153846 0.6573052500000001 0.49396941346153844 0.638683170673077 0.49286294711538464 0.6187453197115385 0.48617344951923075 0.6137740360576923 0.4532672860576923 0.6028746009615384
2 0.8864078629807692 0.31584356009615383 0.8923121057692308 0.32347513942307693 0.9027940144230769 0.32744162019230766 0.9109915721153846 0.3154606971153846 0.9138738245192308 0.2938529711538461 0.8898952211538462 0.28692354086538463 0.87884978125 0.29802398076923076 0.8864078629807692 0.31584356009615383
2 0.7999288149038463 0.5772369399038462 0.80402759375 0.5712464783653846 0.8036587692307692 0.5646005288461539 0.7941584326923077 0.5573086754807692 0.7423764951923076 0.5550887548076923 0.747189110576923 0.5703662932692308 0.7407345697115384 0.5843376490384615 0.7662998461538462 0.5806294110576923 0.7868948317307692 0.5819164230769232 0.7999288149038463 0.5772369399038462
1 0.14280751442307693 0.7072013485576923 0.13596034615384614 0.7225028557692308 0.1491192235576923 0.7410865913461537 0.16289084615384614 0.7496990072115385 0.1692115216346154 0.7480243365384616 0.17878327644230768 0.7313878942307692 0.19681135096153846 0.7137370625 0.1649730096153846 0.7031677668269231 0.14280751442307693 0.7072013485576923
2 0.759455451923077 0.7577782596153846 0.7561657307692309 0.7531323221153846 0.7335451586538462 0.7468644423076923 0.7227092716346154 0.7638358197115385 0.7390716153846154 0.7834099783653846 0.7510139687499999 0.7863764543269232 0.759455451923077 0.7577782596153846
3 0.4337190889423077 0.7717411706730769 0.3940996225961539 0.7638465528846154 0.33944439663461534 0.7476744519230769 0.28638348317307694 0.7182056586538461 0.26502705048076924 0.7116028461538462 0.2543250264423077 0.7162775360576923 0.24418813701923078 0.7269331033653846 0.2576533894230769 0.7405311802884615 0.32032922115384616 0.782165954326923 0.28900387980769227 0.7843350216346153 0.2616093365384615 0.7823973125 0.25219525240384616 0.7787609735576922 0.24654976923076924 0.7820959302884615 0.22848305528846155 0.7801390504807693 0.22623735096153846 0.7837993557692309 0.23057108653846156 0.7967515312500001 0.23880728846153848 0.8043783173076923 0.27938451682692306 0.8169236610576923 0.29891168028846155 0.817880533653846 0.32939963461538463 0.8251292499999999 0.3704557451923077 0.8399999591346153 0.39004535817307695 0.8525884423076923 0.4129484975961538 0.8618467596153846 0.4206433677884615 0.8555165721153847 0.43015267307692306 0.827248516826923 0.4511254495192307 0.7996215697115385 0.45788636538461536 0.7806645552884616 0.4467292644230769 0.7750377836538462 0.4473182067307692 0.7730425625 0.43663998798076925 0.76974115625 0.4337190889423077 0.7717411706730769
3 0.49354278846153843 0.47235017067307694 0.47749423557692305 0.46158225721153845 0.4677737788461539 0.4629315769230769 0.44883555528846153 0.4599794831730769 0.43447499038461534 0.4533622884615385 0.42236012980769233 0.4430847908653846 0.40673543028846154 0.43680253125 0.3296321394230769 0.42167357692307694 0.3243792860576923 0.4236783846153846 0.3267736899038462 0.43530520432692305 0.3235464182692308 0.4422908798076923 0.3347035192307692 0.44791765144230766 0.3469046322115385 0.4618506610576923 0.36154776923076926 0.4714582932692308 0.36239546875 0.4804296057692307 0.3314910841346154 0.4824871370192308 0.31640771634615383 0.4901618533653846 0.31346301201923077 0.50013796875 0.30295730288461536 0.5041475841346154 0.30352243990384614 0.5101284615384615 0.36652392548076923 0.5296067620192308 0.3922617067307692 0.5332095528846155 0.4295254110576923 0.5490850625 0.45434407692307693 0.5676448365384615 0.4957928125 0.5811853942307692 0.50008790625 0.5745298605769231 0.5093294807692308 0.5708551778846154 0.51704815625 0.5565488894230769 0.5193414711538462 0.5369363846153846 0.4778956586538462 0.5115427427884616 0.5251684278846154 0.5053525432692307 0.5222951394230769 0.4914003605769231 0.5070868749999999 0.4758118557692308 0.49354278846153843 0.47235017067307694
1 0.29873085096153845 0.32502748317307695 0.3089539951923077 0.31802742788461535 0.31562865384615385 0.2954149014423077 0.3159201899038461 0.2628454302884615 0.3055483461538462 0.2545583629807692 0.2887219567307692 0.26024264903846156 0.27512284134615383 0.2589412548076923 0.2614136682692308 0.26196045192307693 0.2507978990384615 0.27029065625 0.24937609375 0.290898375 0.26972715625 0.30880265865384615 0.28127687980769234 0.31309928125 0.29873085096153845 0.32502748317307695
3 0.5188153004807693 0.29001224999999997 0.5165934038461539 0.2856964615384615 0.5020365264423077 0.27974434134615384 0.4187149735576923 0.2646284951923077 0.37131749999999997 0.24755481009615382 0.35493587740384613 0.2451514639423077 0.34362110817307695 0.25979747596153846 0.34525406490384614 0.26610849519230767 0.33289527884615383 0.27244826923076926 0.3488025456730769 0.28172096394230767 0.40947367788461536 0.3222518533653846 0.3598406201923077 0.3272282307692308 0.3431242932692308 0.3285919278846154 0.3430142331730769 0.332912516826923 0.3522081971153846 0.34519002884615385 0.3864409423076923 0.3673861418269231 0.3941120096153846 0.3690320528846154 0.3997574927884615 0.3656970961538461 0.4247100216346154 0.3719601826923077 0.44957629567307694 0.37456775961538463 0.48936826923076926 0.38977339903846153 0.5038227331730769 0.3973870721153846 0.5349157860576923 0.3973234975961538 0.5480360216346154 0.3962995264423077 0.55639125 0.3640458197115385 0.5595190288461539 0.3468686153846154 0.5610403245192308 0.33645242307692313 0.5579945288461539 0.3151892163461539 0.5316291634615384 0.2939739399038462 0.5188153004807693 0.29001224999999997
3 0.6376471201923077 0.15982486538461538 0.6455145000000001 0.16080570192307692 0.6475638894230769 0.15781047115384617 0.62806053125 0.1488775 0.5465996995192308 0.12877246875 0.4748593245192308 0.10731811778846154 0.44894903365384614 0.09640430288461539 0.4278513581730769 0.1007680264423077 0.4158613942307693 0.11375375 0.4231398341346154 0.11672981009615385 0.49065653124999997 0.12091140144230769 0.6376471201923077 0.15982486538461538
3 0.4255163052884615 0.19947644471153847 0.462913875 0.2030552716346154 0.5087439591346153 0.2135958076923077 0.5966741682692308 0.24731329086538462 0.6272721802884615 0.2502414206730769 0.6317635841346154 0.2429208125 0.6291490624999999 0.23993516826923075 0.5973107211538461 0.22936587259615385 0.5561445504807693 0.21881574999999998 0.5100557043269232 0.19730867548076925 0.4749038389423077 0.19006954326923076 0.40307720913461537 0.16495968028846153 0.41610222115384615 0.19584010576923075 0.4255163052884615 0.19947644471153847