2 0.8976647524038461 0.2638423293269231 0.9085940697115386 0.2559132932692308 0.9201797572115384 0.26029009375 0.9269202091346155 0.24085250721153845 0.9305927692307693 0.21446016346153846 0.9276576105769231 0.20529054086538462 0.9187120769230769 0.20337672596153847 0.9060644639423077 0.216718875 0.9028860192307693 0.2464955504807692 0.8976647524038461 0.2638423293269231
2 0.7140710721153846 0.21067312740384617 0.7175667115384615 0.22211964903846154 0.7306052163461538 0.22551307211538463 0.7368147067307693 0.21493496153846153 0.7405536322115385 0.18743518750000002 0.7379798485576923 0.18386476442307692 0.7170504038461538 0.18421875240384616 0.7140710721153846 0.21067312740384617
1 0.3912881153846154 0.7240035024038461 0.3490678485576923 0.7191122764423077 0.3327918557692308 0.7232227764423077 0.33113993028846156 0.7275284567307693 0.3383007980769231 0.7359628197115384 0.3403731394230769 0.7595290961538462 0.34525522596153846 0.7710996754807693 0.3531756850961539 0.7784886346153846 0.36925256730769235 0.7777004399038462 0.3797541394230769 0.7652796370192309 0.3885447403846154 0.7348917596153846 0.39316867307692305 0.7275118942307692 0.3912881153846154 0.7240035024038461
1 0.48188662740384614 0.7822120192307692 0.4933027283653846 0.8010475 0.5093132379807692 0.8013667403846154 0.5198148100961538 0.7889459375 0.5291658942307692 0.7608349591346154 0.5336570889423077 0.7556699615384616 0.47665049759615385 0.7416620504807692 0.48188662740384614 0.7822120192307692
2 0.6744982884615385 0.18486470192307694 0.6661427572115385 0.19636416346153848 0.6661059086538461 0.20860797115384616 0.6711207331730769 0.21796368509615385 0.6919174423076923 0.2198245625 0.708724391826923 0.20685458653846153 0.7115046153846154 0.1837225168269231 0.7069839038461538 0.1777511394230769 0.6924262067307693 0.17644852403846153 0.6744982884615385 0.18486470192307694
2 0.21101943028846154 0.17345390384615383 0.20194115384615385 0.1737549567307692 0.19890277884615384 0.17793657932692308 0.1984677091346154 0.1968249951923077 0.20697084855769232 0.24100741826923075 0.2207025769230769 0.24446287259615385 0.2269047379807692 0.2572649471153846 0.22945632692307694 0.22631880528846154 0.22282642548076922 0.20902496394230768 0.22012722836538462 0.18428922596153846 0.21101943028846154 0.17345390384615383
2 0.5340689182692308 0.17897938701923077 0.5251897524038461 0.17595813701923074 0.5029402283653847 0.1750806298076923 0.5011187115384615 0.1938449903846154 0.5049757235576923 0.21089071394230768 0.5107501442307693 0.21920102403846153 0.5217458269230769 0.21016455048076924 0.5301972524038462 0.20869403365384614 0.53551440625 0.20137619471153848 0.5403669711538461 0.2018104014423077 0.5340689182692308 0.17897938701923077
2 0.4055424302884615 0.21869406971153846 0.4257786514423077 0.21827805048076923 0.43397192067307694 0.19785708653846154 0.4341415120192308 0.18339840624999998 0.4126515841346154 0.18147549759615386 0.4025409038461539 0.2106318798076923 0.4020763125 0.21838392548076924 0.4055424302884615 0.21869406971153846
2 0.24999488221153848 0.2092292403846154 0.2654227163461539 0.17275501682692307 0.2652604543269231 0.16383351201923077 0.26067337259615386 0.1589695673076923 0.23469225 0.16221165624999997 0.23071736298076925 0.20527754807692308 0.24999488221153848 0.2092292403846154
1 0.8159686466346153 0.7664572187500001 0.8127975312500001 0.7728537091346154 0.8166250192307692 0.7787630576923077 0.8210056634615385 0.8103294903846153 0.8305412067307691 0.825656579326923 0.848565016826923 0.8272693461538462 0.8575474038461538 0.8169393485576923 0.8715887908653847 0.7803410721153846 0.8631078461538462 0.7706752139423076 0.8237932163461538 0.763817235576923 0.8159686466346153 0.7664572187500001
3 0.38075681009615386 0.6206308100961538 0.38400916105769234 0.6710236322115384 0.3872097980769231 0.6757635192307692 0.40625868509615387 0.6719011370192308 0.41794759375 0.6629266947115385 0.42212158894230767 0.6165385 0.41638401923076923 0.5959843822115385 0.4210889783653846 0.5407367115384616 0.42849313221153845 0.5102247764423077 0.42985738701923076 0.4758322740384615 0.4275490841346154 0.4678321129807692 0.4092302692307692 0.4595127115384615 0.3898200144230769 0.45777589423076925 0.34023243990384616 0.47115279086538464 0.3339492548076923 0.5062185216346153 0.3369507764423077 0.5142807139423077 0.33529152163461534 0.541966579326923 0.33789482932692305 0.5566733774038461 0.3332340456730769 0.5762970528846154 0.3272236658653846 0.5835528605769231 0.32372069951923077 0.5954865216346155 0.31935491826923074 0.6218168389423078 0.3200112932692308 0.6341226778846154 0.34462816346153846 0.6652730913461539 0.35166361778846156 0.6525421394230769 0.3525927980769231 0.6370380552884616 0.3579468052884615 0.6174764086538461 0.36574185336538456 0.6037000504807692 0.3721136033653846 0.6020434471153846 0.38075681009615386 0.6206308100961538
2 0.8504074711538461 0.21507883173076922 0.8644659350961538 0.22858388701923077 0.8787728966346153 0.22244120673076925 0.8807175240384615 0.1977502403846154 0.859426704326923 0.19250502644230771 0.845296752403846 0.19569418028846153 0.8453262740384615 0.20683055528846153 0.8504074711538461 0.21507883173076922
2 0.5471518076923076 0.25140593509615383 0.5625354663461539 0.25055571153846157 0.5751757524038461 0.26059374759615384 0.5913336610576923 0.21193774278846153 0.5878380192307693 0.20049122115384616 0.58173175 0.1977180889423077 0.5746667740384616 0.1993126658653846 0.5656843894230769 0.20964265865384618 0.5596371610576922 0.2291422764423077 0.5471518076923076 0.25140593509615383
1 0.18843177644230769 0.7247793533653847 0.19166193509615384 0.7406556177884615 0.2044644807692308 0.75961515625 0.22123458653846154 0.7588889903846153 0.23282760336538463 0.7398856081730769 0.2341254855769231 0.7066005384615385 0.21121226201923077 0.7167973822115384 0.19222974759615383 0.7195523293269231 0.18843177644230769 0.7247793533653847
2 0.3723709206730769 0.2023654158653846 0.39211302884615384 0.19856506490384615 0.39420002884615385 0.17537096634615384 0.39099939182692306 0.1706310817307692 0.36119078125000004 0.16796381971153848 0.35976748557692306 0.18008357211538462 0.3723709206730769 0.2023654158653846
3 0.20035643509615383 0.5955816802884615 0.2134265841346154 0.5674327283653846 0.2304158701923077 0.6405795721153846 0.23843222596153846 0.6579974735576923 0.2520016923076923 0.6525314230769231 0.26015811057692306 0.6443542692307692 0.26148551682692306 0.6222055769230769 0.2525251153846154 0.5623950120192307 0.25660322115384615 0.5059778774038461 0.26315189182692306 0.46648240625 0.2660575264423077 0.4645156538461538 0.2667212283653846 0.4534413076923077 0.2646415576923077 0.45325521874999997 0.2632919591346154 0.44088735096153847 0.24312210817307692 0.44019593509615385 0.20981052884615387 0.44946233653846157 0.17993554807692308 0.4479025120192308 0.17128501442307692 0.4526953341346154 0.1719045408653846 0.4772449807692307 0.17681614663461537 0.4999519399038462 0.17630737740384614 0.5433279783653846 0.17236934134615384 0.5741500576923078 0.16638848317307692 0.5925422427884615 0.1638664158653846 0.6346247572115384 0.16812164663461537 0.645025875 0.17874862980769232 0.6537703870192307 0.18297434375000002 0.6530351274038462 0.1875023846153846 0.6356263221153846 0.1926204278846154 0.6316307860576923 0.19252453605769232 0.6216018461538462 0.20035643509615383 0.5955816802884615
3 0.5233544158653847 0.6601113437499999 0.5321303629807692 0.6764838389423077 0.5334799591346153 0.6888517067307693 0.5411717860576923 0.68842659375 0.5512382932692308 0.6948942067307692 0.5549698870192308 0.6907746153846154 0.5679344879807693 0.6139985456730769 0.5675435937500001 0.5972629639423077 0.5621673966346153 0.5823080528846154 0.5610169086538461 0.5666178774038462 0.5649180961538461 0.548039608173077 0.5696083990384616 0.5395523076923077 0.5651577211538462 0.5207833990384615 0.5666805721153846 0.5070024975961538 0.557410514423077 0.4872456706730769 0.5453307115384616 0.47948453125 0.5228696322115385 0.5208962884615385 0.5136415408653846 0.47330887980769226 0.49443039182692305 0.4682497548076923 0.47828713942307693 0.4701453846153846 0.4715835360576923 0.4773391610576923 0.4638253389423077 0.4788717091346154 0.4619301225961538 0.5221236899038462 0.4706028485576923 0.5518474302884615 0.4723728605769231 0.5920872524038462 0.4666870048076923 0.6171860721153847 0.46277116346153846 0.6825247163461537 0.4681842091346154 0.6852358197115385 0.47564740625 0.6769966346153846 0.4860457596153846 0.677927076923077 0.4985606298076923 0.6667997932692308 0.5113778341346153 0.6389989639423077 0.5194974038461538 0.6430656177884615 0.5233544158653847 0.6601113437499999
1 0.6991752427884615 0.7615734639423077 0.6685111490384615 0.7499226682692307 0.644941548076923 0.7478136706730769 0.6347718293269231 0.7546973028846153 0.6398161778846153 0.7751893894230769 0.6397793269230768 0.7874331995192307 0.6494107572115385 0.8127892307692307 0.6692487620192308 0.8190178197115384 0.6808049278846154 0.8122582475961538 0.6884672355769231 0.8006967596153847 0.6920365697115384 0.7876556610576924 0.7032977379807692 0.7741894495192307 0.6991752427884615 0.7615734639423077
3 0.6961441971153846 0.7423749014423078 0.706446658653846 0.7332763990384615 0.7117933389423077 0.7370949375 0.7295221466346155 0.7320010625000001 0.7330376490384616 0.7159857788461538 0.7337131009615384 0.6659444158653846 0.7488804807692309 0.5834278269230769 0.7484232163461539 0.5677996826923077 0.7451562091346153 0.564167235576923 0.7459526538461538 0.5508780192307692 0.7353329951923077 0.5187533197115385 0.7164536995192308 0.5081570216346154 0.7061438173076924 0.5057503725961539 0.6889238677884616 0.5023535456730769 0.6557155120192307 0.4982687019230769 0.650132875 0.5100162788461539 0.6391202307692307 0.5387212019230769 0.6411726850961539 0.5548628365384615 0.6414235072115384 0.5971934663461538 0.635110798076923 0.6211228245192307 0.6321978365384615 0.6464697620192308 0.6270797908653846 0.6504652932692309 0.6259219759615384 0.6581553100961539 0.63469059375 0.6979079879807693 0.6429724254807693 0.7108961538461538 0.6470653966346155 0.7123757620192308 0.65423359375 0.6974299423076923 0.6763871298076923 0.6533931658653847 0.69304678125 0.7242837692307693 0.6961441971153846 0.7423749014423078
3 0.9110282019230769 0.4943930072115385 0.9091771634615384 0.5020209879807692 0.8939118004807691 0.6520738365384615 0.8740518149038461 0.7159858052884616 0.8742804495192308 0.723799875 0.8906891802884616 0.7174745072115385 0.902215829326923 0.6995785576923077 0.9011021899038462 0.6716445769230769 0.90624221875 0.597508485576923 0.9160725504807693 0.51488509375 0.9145606923076923 0.4935957211538462 0.9110282019230769 0.4943930072115385
3 0.8291319374999999 0.4770446033653846 0.8206805168269231 0.4785151201923077 0.8126495072115384 0.5078575913461538 0.8133134182692309 0.6014403653846154 0.8070597524038461 0.6476424711538461 0.7972440745192307 0.6835054951923076 0.7973399639423077 0.6935344350961539 0.8217282019230769 0.7168707788461539 0.8234684831730769 0.6413171057692307 0.8290584495192307 0.6061893461538461 0.8251128750000001 0.5557344927884615 0.8297146129807692 0.5138380649038461 0.8310124975961538 0.48055299519230765 0.8291319374999999 0.4770446033653846