1 0.7192411826923077 0.4114152235576923 0.7444216009615385 0.4020248100961539 0.7346164062499999 0.3900046514423077 0.7245856009615385 0.3913165985576923 0.720225920673077 0.40251040625 0.7192411826923077 0.4114152235576923
1 0.554325125 0.39806555288461537 0.5676180600961538 0.4011306634615384 0.5677684663461539 0.39224259134615386 0.5637096033653847 0.38566026442307694 0.5544379302884616 0.39139950240384613 0.554325125 0.39806555288461537
1 0.49323075480769235 0.41039800961538464 0.5126084399038462 0.3989027908653846 0.506065375 0.39125968990384613 0.4985563725961538 0.3914103894230769 0.4934187644230769 0.3992879182692307 0.49323075480769235 0.41039800961538464
1 0.4150101971153846 0.39975091826923076 0.44271241826923075 0.3891992620192308 0.43870995673076923 0.37928390865384615 0.43209168990384617 0.37608484134615383 0.41697968028846155 0.3819412908653846 0.4150101971153846 0.39975091826923076
1 0.23034043990384617 0.42011664182692304 0.2309679639423077 0.43232099038461536 0.24966172115384613 0.41195444951923077 0.2388717860576923 0.40883910576923077 0.23034043990384617 0.42011664182692304
1 0.2193365985576923 0.3803547548076923 0.21622487499999998 0.3670896298076923 0.19699759855769233 0.3696967740384615 0.19261911778846155 0.38200159375000003 0.1950281153846154 0.38750640384615387 0.21755512500000002 0.3870542956730769 0.2193365985576923 0.3803547548076923
1 0.40524260336538465 0.38550874038461536 0.4034799326923077 0.39109727644230774 0.4033859278846154 0.3966523221153846 0.4016420600961539 0.4011298413461538 0.4064412524038462 0.41325047115384617 0.4089066514423077 0.41542225480769235 0.41224398557692304 0.4153552764423077 0.4139314543269231 0.41421077644230764 0.4165096586538462 0.40971650721153846 0.4157129278846154 0.4075112379807692 0.41966483653846154 0.3957702908653846 0.42775081249999997 0.3861676442307692 0.42778841346153845 0.383945625 0.42534181730769227 0.38066283173076926 0.4253794182692308 0.3784408149038461 0.41286441346153846 0.3786919855769231 0.4069488725961538 0.3832532379807692 0.40524260336538465 0.38550874038461536
3 0.5708237884615385 0.40884074759615385 0.5691551225961539 0.40887423557692304 0.5640739158653847 0.4134187379807692 0.5606237764423077 0.4201517716346154 0.5582476225961538 0.43044947596153843 0.5539679086538462 0.41917471875 0.5516529158653847 0.40811486538461533 0.5457185745192308 0.41378712500000003 0.5431403701923077 0.4182813894230769 0.5422496346153847 0.42163116346153845 0.5430275649038461 0.42494744471153845 0.5415916033653846 0.46051646874999996 0.5423883365384615 0.4627217403846154 0.5440194014423076 0.4649102692307692 0.5481722716346155 0.4659375528846154 0.5648777451923077 0.46449165144230775 0.5657308798076923 0.46336389903846154 0.5698837475961539 0.4643911826923077 0.5724619519230769 0.45989691346153844 0.5719848341346154 0.4388044927884615 0.5737475072115384 0.43321595913461536 0.5730071754807692 0.4276776610576923 0.5757545889423077 0.4131843149038461 0.5740859206730768 0.4132178004807692 0.5708237884615385 0.40884074759615385
3 0.5205757572115385 0.4209555192307692 0.5080983533653846 0.4189846706730769 0.5048174230769231 0.415718625 0.4997738197115385 0.41804111057692306 0.5028855432692307 0.4313062379807692 0.5027915408653846 0.43686128125 0.49657518509615384 0.4591986682692308 0.49646237980769226 0.46586472115384614 0.4956092475961539 0.4669924735576923 0.4962931730769231 0.4758637980769231 0.5021335096153846 0.4757465865384616 0.5029866466346153 0.4746188341346154 0.5229918533653847 0.4753279663461539 0.524716920673077 0.47196144951923075 0.5258896706730769 0.451946548076923 0.5252245432692308 0.44196421634615385 0.5260776802884616 0.4408364639423077 0.5271940264423077 0.4241545889423077 0.5239318942307692 0.41977753125 0.5205757572115385 0.4209555192307692
3 0.4023777788461539 0.5055144302884615 0.40376443269230766 0.5221460721153846 0.4103827019230769 0.5253451394230769 0.4512650528846154 0.5245246466346154 0.45473399278846155 0.5166806081730769 0.45486559855769226 0.5089035456730769 0.46089394230769226 0.4976762451923077 0.4625931153846154 0.4465530985576923 0.457869125 0.42998843509615386 0.4430203269230769 0.42029076201923077 0.43716118990384617 0.4215189855769231 0.4244957764423077 0.43065822596153847 0.41253309374999997 0.44755778365384613 0.4124202908653846 0.45422383653846155 0.40529439903846154 0.4810220024038462 0.4023777788461539 0.5055144302884615
3 0.4700528125 0.49860306009615385 0.47042883173076927 0.47638288942307694 0.46926778605769226 0.4464191418269231 0.4669715913461538 0.43424827884615386 0.4653405264423077 0.43205975240384614 0.46363425961538457 0.43431525721153846 0.46344625 0.44542534615384616 0.46168357692307693 0.45101387980769225 0.4588609615384615 0.4699512596153846 0.45748140625 0.5021872596153846 0.45911246875 0.5043757860576923 0.46664027403846153 0.5031140745192307 0.4700528125 0.49860306009615385
3 0.24321975721153846 0.4476239423076923 0.2436780745192308 0.4698273725961538 0.23660858653846153 0.4932925144230769 0.21694889182692306 0.5214528629807693 0.2201546201923077 0.5291629423076923 0.24780043509615385 0.5219443149038462 0.24839035817307692 0.5363706826923077 0.26828276201923074 0.5437458677884616 0.2776484375 0.5324515913461538 0.3028664591346154 0.5208391610576923 0.30216373317307693 0.51307884375 0.28624789182692306 0.4678623822115385 0.2863418942307692 0.4623073365384615 0.27338737740384617 0.43924407211538463 0.2576478413461538 0.4328961682692307 0.24752303125000003 0.4397631610576923 0.24321975721153846 0.4476239423076923
3 0.21567964903846154 0.3993088798076923 0.20974530769230768 0.4049811370192308 0.20881697115384615 0.41055292548076927 0.2004548341346154 0.4118313846153846 0.19648997355769232 0.3996940096153846 0.19150277403846155 0.39868346875000005 0.18560603365384615 0.4021337115384615 0.18389976442307693 0.40438921394230765 0.18384336298076923 0.40772224278846153 0.18617715865384615 0.4176710865384615 0.18606435336538463 0.42433713942307694 0.1884733485576923 0.4298419471153846 0.1917918798076923 0.4308859807692308 0.19338534615384614 0.43529652163461535 0.19331014423076923 0.4397405576923077 0.20228100240384617 0.45177746153846154 0.20980880769230767 0.45051575240384617 0.21322134615384616 0.44600473798076923 0.21411208173076923 0.4426549663461538 0.22262462740384617 0.4324884399038461 0.22315105048076925 0.40138019471153846 0.2206856514423077 0.3992084110576923 0.21567964903846154 0.3993088798076923
3 0.7370324975961539 0.4443770985576923 0.7368820889423078 0.4532651706730769 0.7351194182692308 0.4588537019230769 0.7316880793269231 0.46447572596153847 0.7225104110576923 0.46465991586538463 0.7190602692307693 0.4713929495192308 0.7178499206730768 0.4936298677884615 0.72027771875 0.4980236682692307 0.7269147860576923 0.5001117307692308 0.7427671250000001 0.4997935817307692 0.7528355312499999 0.4962596153846154 0.755413735576923 0.49176534615384615 0.7539518774038462 0.47957774278846155 0.7537943774038461 0.43959817307692306 0.7521633100961539 0.4374096418269231 0.7438763749999999 0.4342440625 0.7389831778846154 0.42767848076923076 0.7339771778846154 0.42777894951923073 0.7305646394230769 0.43228996394230773 0.7296550985576923 0.43675074278846154 0.7354202331730769 0.4410775649038462 0.7370324975961539 0.4443770985576923
0 0.7135959519230769 0.44928998798076925 0.7095558894230769 0.4415966514423077 0.7071092884615384 0.4383138581730769 0.7029376201923078 0.4383975817307692 0.7012313533653847 0.4406530913461539 0.700303014423077 0.44622487740384614 0.7018776754807692 0.4517464350961538 0.705158608173077 0.4550124783653846 0.7084959471153846 0.4549455 0.7109613461538462 0.45711728365384613 0.7135959519230769 0.44928998798076925
0 0.5812494110576923 0.3841976153846154 0.5795619447115384 0.3853421153846154 0.5793927379807692 0.3953411947115385 0.5810238028846154 0.39752972115384616 0.5843611370192308 0.39746274278846155 0.5852142716346154 0.39633498798076927 0.5853458774038461 0.38855793028846153 0.5837524134615385 0.38414738221153844 0.5812494110576923 0.3841976153846154
0 0.5357136682692307 0.4628556971153846 0.5348605336538461 0.4639834543269231 0.5346725240384615 0.47509354086538463 0.5363035889423077 0.4772820673076923 0.5421439254807692 0.4771648557692308 0.5429970625 0.47603710096153845 0.5423507331730769 0.46494375961538464 0.5398853341346154 0.4627719759615384 0.5357136682692307 0.4628556971153846
0 0.4822975096153846 0.4650383725961538 0.4806476442307692 0.4639608533653846 0.47729150721153846 0.46513884134615385 0.47387896874999996 0.4696498533653846 0.47378496394230774 0.4752048990384615 0.47619396153846155 0.48070970913461536 0.4795500985576923 0.47953171875 0.4830566394230769 0.4694656634615385 0.4831130432692308 0.4661326370192308 0.4822975096153846 0.4650383725961538
0 0.3913739375 0.46575254326923077 0.4012355360576923 0.47443967548076926 0.40536960336538463 0.47657796875 0.4105260120192308 0.4675894302884615 0.4106012163461538 0.4631453942307692 0.4073390841346154 0.45876834134615385 0.40661755288461543 0.45211903365384615 0.40252108894230765 0.4477587211538462 0.39834942307692306 0.44784244471153845 0.3941401490384615 0.45014818509615384 0.39243388221153847 0.45240369471153846 0.39069001201923076 0.45688121875000004 0.39057720673076923 0.4635472692307693 0.3913739375 0.46575254326923077
0 0.24788273317307694 0.566367920673077 0.25288873557692304 0.5662674519230769 0.2545950048076923 0.5640119423076922 0.25548574278846153 0.5606621730769231 0.25411788942307695 0.5429195216346154 0.25330235576923077 0.5418252572115384 0.2516148894230769 0.5429697572115384 0.24911188701923076 0.5430199903846155 0.24655248317307693 0.5464032524038461 0.24568054807692308 0.5486420120192308 0.24549253846153848 0.5597521033653846 0.24627047115384615 0.5630683798076923 0.24788273317307694 0.566367920673077
0 0.21268321875 0.5270916298076923 0.21258921153846153 0.532646673076923 0.20910147115384614 0.5416017211538462 0.21151047115384614 0.54710653125 0.21401347115384617 0.5470562956730769 0.21822273798076924 0.5447505552884615 0.22246961057692308 0.5402227980769231 0.22423228365384615 0.5346342644230769 0.22426988701923076 0.5324122475961539 0.22349195432692306 0.5290959639423077 0.2218420889423077 0.5280184471153846 0.21776442067307694 0.522547125 0.2177832235576923 0.5214361177884616 0.21361155528846154 0.5215198413461539 0.21188648557692308 0.5248863557692307 0.21268321875 0.5270916298076923
0 0.19541864903846154 0.4397882019230769 0.20259890384615384 0.4405326033653846 0.20544987259615383 0.43859952884615383 0.20674319711538464 0.4322585216346154 0.20240554326923077 0.4300754471153846 0.19648180528846154 0.4297489711538462 0.19510416826923077 0.4364392980769231 0.19541864903846154 0.4397882019230769
0 0.4009832548076923 0.44750304086538456 0.4043693870192308 0.44785490144230766 0.4098309254807692 0.4420777379807692 0.40880978124999995 0.4371648076923077 0.40508233413461536 0.4336700480769231 0.4024632139423077 0.4346677596153846 0.3968146033653846 0.4444513918269231 0.4009832548076923 0.44750304086538456
2 0.21936737259615385 0.4893826009615384 0.21725821875 0.4869582163461538 0.21695543028846156 0.48291826442307695 0.21248856490384613 0.4752112788461539 0.20850635576923077 0.47326651923076923 0.20504377163461537 0.47694001442307693 0.20515294230769232 0.4836482548076923 0.2080036346153846 0.49484173798076925 0.21310799519230766 0.49996926201923075 0.21673491586538463 0.4959492836538461 0.21936737259615385 0.4893826009615384
2 0.23443777163461538 0.49717331490384614 0.23512788221153846 0.49143526923076924 0.23657224519230768 0.48499127403846154 0.23816593749999998 0.47844654807692305 0.23877344471153844 0.47320328125 0.23741436057692308 0.4702707235576923 0.23418220192307693 0.4684597355769231 0.23105175721153845 0.46941106971153845 0.2291218485576923 0.47389121634615383 0.2251248846153846 0.4868158822115385 0.22452258173076922 0.49589183653846153 0.23041878846153846 0.4980425216346154 0.23443777163461538 0.49717331490384614
2 0.3678646754807692 0.6228233918269231 0.358593 0.6285626298076923 0.3510463942307692 0.6309353485576923 0.3501556586538461 0.6342851201923078 0.3542709254807692 0.6375344206730769 0.37676033173076917 0.6393043317307693 0.38006006730769226 0.6414593677884616 0.3850660697115385 0.6413588990384615 0.38675353605769225 0.6402144038461538 0.38849740625 0.6357368774038462 0.39206035096153846 0.6223377956730769 0.3906736995192308 0.6057061514423077 0.3890614326923077 0.6024066177884616 0.3840554302884615 0.6025070865384615 0.38234916105769234 0.6047625913461538 0.38049248798076923 0.6159061682692308 0.37624561298076925 0.6204339254807691 0.37120200961538463 0.6227564134615384 0.3678646754807692 0.6228233918269231
2 0.382243454326923 0.6602962836538461 0.37886851682692313 0.6625852812499999 0.3730093798076923 0.6638135024038461 0.3704687764423077 0.6660857524038462 0.36959684134615384 0.6683245168269232 0.36948403605769226 0.6749905697115385 0.3794396394230769 0.6781226586538461 0.3902671754807692 0.6790159831730769 0.4019666490384616 0.6776705504807693 0.40281978365384613 0.6765427980769231 0.40784458413461533 0.6753313173076924 0.40958845673076927 0.6708537932692308 0.4088857283653846 0.6630934783653846 0.3972050576923077 0.6633279038461539 0.39638952403846156 0.6622336394230769 0.3938865216346154 0.662283875 0.38975245913461537 0.6601455793269231 0.3881213894230769 0.6579570528846154 0.38734345913461543 0.6546407716346153 0.382243454326923 0.6602962836538461
2 0.41960046153846153 0.6706528557692307 0.4204347932692307 0.6706361105769231 0.4220658605769231 0.672824639423077 0.42623752884615385 0.6727409182692308 0.4270530625 0.6738351802884615 0.4353963966346154 0.6736677331730768 0.4371026682692308 0.6714122259615384 0.43715906971153845 0.6680791995192308 0.43801220192307694 0.6669514471153846 0.4381062091346154 0.6613964038461538 0.4372906778846154 0.6603021370192308 0.43284117307692305 0.6603914375000001 0.4223102716346154 0.6583815264423076 0.4196944663461538 0.6650978125000001 0.41960046153846153 0.6706528557692307
2 0.4091865408653846 0.6453173365384616 0.40994567307692303 0.6497446274038462 0.41489527163461537 0.6529771850961539 0.41823260817307695 0.6529102067307692 0.41910454326923074 0.6506714447115385 0.42337021394230767 0.6450326754807693 0.4243549543269231 0.6361278629807692 0.4227802932692307 0.6306063076923076 0.41860862259615383 0.6306900288461539 0.4160492211538462 0.6340732908653847 0.41438055288461534 0.6341067812500001 0.4109680144230769 0.638617795673077 0.4100960817307693 0.6408565576923078 0.4100396778846154 0.6441895817307692 0.4091865408653846 0.6453173365384616
2 0.4495104639423077 0.6249564951923077 0.4500556153846154 0.620835108173077 0.44989279086538464 0.6164102908653846 0.4442427235576923 0.6179997139423077 0.44349189903846153 0.6202282716346155 0.44245331490384615 0.6254146610576924 0.4495104639423077 0.6249564951923077
2 0.45801853846153845 0.618356298076923 0.45832235096153845 0.6144496610576924 0.4583955048076923 0.6101267283653846 0.45094332451923075 0.6138691850961538 0.4500709423076923 0.6152472163461539 0.45057222836538463 0.6184002331730769 0.45801853846153845 0.618356298076923
2 0.4935256442307692 0.5591678317307692 0.49776239423076923 0.5585896802884616 0.49664275721153844 0.5537797932692308 0.49230262980769235 0.5525807884615385 0.49022690384615386 0.54818103125 0.48895627884615384 0.5443581947115385 0.4858833942307692 0.5462946105769231 0.4863121442307692 0.5516148149038462 0.4897069447115384 0.5569743389423076 0.4935256442307692 0.5591678317307692
2 0.5055957596153846 0.5689912403846153 0.5125448966346154 0.5702333990384616 0.5207063557692307 0.5699707548076923 0.5208222211538461 0.5591808677884615 0.5214015360576923 0.5595957235576923 0.5209068100961539 0.5581251802884615 0.5128279735576923 0.5578919350961539 0.5124941971153846 0.5600699158653846 0.5068298677884615 0.5617629158653846 0.5055957596153846 0.5689912403846153
2 0.2891021514423077 0.6563769831730769 0.2847772932692308 0.6651189326923077 0.27859781250000004 0.6666467908653846 0.27635228125 0.6746473076923076 0.2778161875 0.6816371201923077 0.28928074278846155 0.6795356129807693 0.2900910264423077 0.6732020817307693 0.2894849471153846 0.6570689975961539 0.2891021514423077 0.6563769831730769