1 0.802396360576923 0.19550618749999998 0.8007960600961539 0.17031466346153845 0.7888780216346153 0.14130352403846153 0.767152860576923 0.13633578846153846 0.7554559110576923 0.15045491826923077 0.7400708894230769 0.20564217548076924 0.7775621899038462 0.20107207451923076 0.7956982499999999 0.20901597115384615 0.802396360576923 0.19550618749999998
3 0.7576815625000001 0.3837403317307692 0.7512656009615385 0.4809915 0.7801994903846154 0.5003124663461539 0.8000348221153846 0.49535592788461535 0.8049420721153846 0.43382990625 0.8004307067307692 0.3429880745192308 0.8151756081730769 0.27772420673076925 0.8009487091346154 0.27184245192307693 0.7775853365384615 0.32038626923076924 0.760310485576923 0.3656492524038461 0.7590986875 0.28709851201923076 0.74551190625 0.29129336538461537 0.7400940360576923 0.32495637019230766 0.7576815625000001 0.3837403317307692
1 0.38471205528846153 0.5789853629807692 0.38093239663461537 0.5591368149038461 0.3663549038461538 0.5279111971153847 0.3471291658653846 0.5226387908653846 0.33123352403846157 0.5499630288461538 0.3292752548076923 0.5984362764423077 0.3433421225961538 0.6017988774038462 0.3764441754807692 0.5876091778846153 0.38471205528846153 0.5789853629807692
2 0.7834390024038461 0.8883325504807692 0.8115422091346154 0.8747521947115384 0.8102314423076924 0.8342934134615384 0.7977038125 0.8155112235576923 0.77972778125 0.8100864783653846 0.7805584615384615 0.8429878028846154 0.7580942091346153 0.8660354182692308 0.7590543918269231 0.8811503341346154 0.7671927716346154 0.8903129254807692 0.7834390024038461 0.8883325504807692
3 0.3962184471153846 0.5420415216346154 0.4004781971153846 0.5694475288461539 0.4402783557692308 0.5417480432692308 0.45739318028846154 0.4939659086538462 0.45737003125 0.3746517139423077 0.45375040384615384 0.3573223173076923 0.43029544471153847 0.3449494639423077 0.42862670432692307 0.3781554567307692 0.41680025 0.41006099278846153 0.38751577163461537 0.36539616105769235 0.37408901923076926 0.37211017067307695 0.40000548798076924 0.4628814326923077 0.3962184471153846 0.5420415216346154
1 0 0.3124691514423077 0.02013893028846154 0.33148006490384613 0.06512849038461538 0.3259959447115385 0.058818882211538456 0.2861465120192308 0.038922492788461535 0.2504919375 0.021106492788461537 0.24758634615384614 0.009249509615384616 0.2591863221153846 0 0.3048442307692308 0 0.3124691514423077
1 0.35512966346153846 0.2322563125 0.3421219447115385 0.20591666586538462 0.32805507451923077 0.2025540625 0.31074969471153846 0.22751148798076923 0.3064215 0.25850300240384616 0.35333142307692306 0.28324871634615384 0.35817023317307695 0.2801202139423077 0.35512966346153846 0.2322563125
1 0.5532545 0.23856928846153844 0.56655175 0.24964168509615386 0.5646313918269231 0.21941185096153845 0.5558528918269231 0.2001726514423077 0.5402162524038462 0.19192408173076922 0.5280697403846154 0.21879131009615385 0.5276507091346153 0.25184496875 0.532969610576923 0.2562739278846154 0.5410774615384615 0.24513095913461538 0.5532545 0.23856928846153844
1 0.4838803269230769 0.23687119471153845 0.46715400961538467 0.23129411298076924 0.45500749759615383 0.25816134375 0.4558381754807692 0.2910626634615385 0.4914396466346154 0.2765682908653846 0.49547831009615384 0.2608440288461539 0.4838803269230769 0.23687119471153845
3 0 0.4991619230769231 0.00352734375 0.5061338557692308 0.02428494230769231 0.5949953100961538 0.039022461538461534 0.6287400817307692 0.0602980625 0.6464559134615384 0.06984618028846154 0.6579853221153846 0.07859415144230769 0.6569189639423076 0.09119022355769231 0.6173036346153846 0.09798730528846153 0.565701889423077 0.09761356971153846 0.4210438293269231 0.06944929807692307 0.39401306971153843 0.052746125000000005 0.5077501802884615 0.014012495192307692 0.41346398076923074 0 0.42477934855769234 0 0.4991619230769231
1 0.5926440144230769 0.5612549326923078 0.5901140625 0.541254045673077 0.5766262548076923 0.5073569423076922 0.5584901947115385 0.4994130432692308 0.5435242019230769 0.5215466418269231 0.5396761009615385 0.5600956153846154 0.5445454423076923 0.5772726730769231 0.5807870336538461 0.5728549086538461 0.5926440144230769 0.5612549326923078
2 0.6960203557692307 0.9396072331730768 0.7180655745192308 0.9496132716346154 0.7505580360576923 0.9456525168269232 0.7515256009615385 0.8617587980769231 0.7463362019230769 0.8395434326923077 0.7396380889423076 0.8530532163461538 0.7186825480769231 0.8403756875 0.7218526177884615 0.8704531826923076 0.718294048076923 0.8937349038461538 0.6964699158653846 0.9268591322115385 0.6960203557692307 0.9396072331730768
3 0.1729319951923077 0.6352647668269231 0.20987476682692308 0.6815347307692308 0.22516081490384615 0.6644394375 0.23102824759615384 0.6180283341346153 0.21690031971153845 0.5740546153846154 0.2081902620192308 0.49641789182692303 0.19002367067307693 0.46816843509615386 0.1308756514423077 0.40937328125 0.1196282596153846 0.4107443125 0.11043073076923077 0.4245587692307692 0.13509748798076923 0.5154823653846153 0.1417576875 0.5806756634615385 0.1729319951923077 0.6352647668269231
1 0.16328390865384618 0.24548721634615384 0.14719770673076923 0.24998674519230768 0.1347311346153846 0.2718156706730769 0.12870367307692307 0.31570762259615387 0.19089964423076924 0.3233580408653846 0.18535965625 0.27579881490384617 0.16328390865384618 0.24548721634615384
3 0.5560286875 0.42101463701923075 0.5628489134615384 0.48872708653846153 0.5778759639423077 0.5072046057692308 0.5934136322115384 0.5535451370192308 0.6095303629807692 0.5693511658653846 0.6232771754807692 0.5676754615384616 0.6316440264423077 0.5209596850961539 0.6332211778846154 0.4268370144230769 0.64126796875 0.3750829326923077 0.6334191201923077 0.35065308894230773 0.6196723100961539 0.35232879086538466 0.6071752091346154 0.3538521586538461 0.5910510961538461 0.43705476682692307 0.5788814399038462 0.3446078004807692 0.5699734399038461 0.34315500721153847 0.5570573076923077 0.37773203125 0.5560286875 0.42101463701923075
2 0.8272399110576922 0.9236118822115384 0.852234110576923 0.9205651490384615 0.8481343918269231 0.8956782932692308 0.8496125745192308 0.8396475889423077 0.8203891538461539 0.835593875 0.8272399110576922 0.9236118822115384