0 0.4595261129807692 0.38313443509615386 0.4583493173076923 0.40706600961538464 0.5047370264423077 0.40831653125 0.5059138245192307 0.3843849567307692 0.4595261129807692 0.38313443509615386
0 0.46997671153846154 0.3379192908653846 0.46913203846153845 0.35509666105769233 0.5019973197115385 0.35598264423076925 0.5028419879807692 0.33880527403846156 0.46997671153846154 0.3379192908653846
1 0.26397940625 0.7171481370192307 0.27180640625 0.6789510600961539 0.23360035817307695 0.6896105192307692 0.23027148798076924 0.7062199399038461 0.23989665384615386 0.7148289975961538 0.26397940625 0.7171481370192307
1 0.23001028365384618 0.6093577524038462 0.22943623798076923 0.6210316923076923 0.24391498798076924 0.6331114254807692 0.2690029903846154 0.6337877475961539 0.26570753365384614 0.5986306634615385 0.24458875240384614 0.6006096370192308 0.23001028365384618 0.6093577524038462
1 0.26890580048076923 0.5335901442307692 0.2532789519230769 0.5448582932692307 0.2548828870192308 0.552548076923077 0.25616188942307694 0.5534609326923077 0.26889088461538463 0.5634728966346154 0.28605609134615384 0.5639356346153847 0.28654940625 0.5323958653846154 0.26890580048076923 0.5335901442307692
1 0.3000288942307692 0.46262275961538457 0.29304094951923076 0.4611251658653846 0.27941437980769235 0.46211212259615386 0.2721040673076923 0.46854962740384615 0.2704582716346154 0.4785698461538462 0.2808852211538462 0.4874259567307692 0.30130759375 0.4877059759615384 0.3000288942307692 0.46262275961538457
1 0.32482227884615383 0.41820339903846154 0.3199686923076923 0.41473272355769236 0.30483388701923075 0.41599463701923073 0.2970614663461538 0.42079485576923076 0.29406062740384614 0.43073345913461536 0.29632340384615385 0.4358042067307692 0.30360378365384616 0.44101022115384614 0.3085393774038462 0.44281318990384616 0.31113018269230774 0.44121311778846156 0.3186565841346154 0.44141601442307693 0.3237561923076923 0.43988357211538465 0.32482227884615383 0.41820339903846154
1 0.3446800673076923 0.37198106971153844 0.34500809615384614 0.3653102451923077 0.34258130528846154 0.3635749086538462 0.34290933173076926 0.35690408894230774 0.3455821442307692 0.3536363076923077 0.34081056490384615 0.34849792788461537 0.3307753653846154 0.3482273966346154 0.3231669591346154 0.3496922043269231 0.31531253125 0.3561601322115384 0.3148204903846154 0.3661663653846154 0.32444565625 0.37477542067307695 0.33690765144230767 0.37678128846153847 0.3420072572115384 0.3752488461538462 0.3446800673076923 0.37198106971153844
2 0.6779525697115385 0.7466771105769231 0.6782805961538462 0.7400062860576924 0.6760178149038462 0.7349355360576924 0.6613750504807693 0.7261912163461539 0.6561934350961539 0.7293913629807692 0.6557013942307692 0.7393975961538461 0.6531105913461539 0.7409976706730769 0.655291360576923 0.747736125 0.65771815625 0.7494714615384616 0.6626537475961538 0.7512744326923078 0.6701801466346153 0.7514773293269231 0.6752797524038462 0.7499448870192308 0.6779525697115385 0.7466771105769231
2 0.6618184975961537 0.6660861850961539 0.6644913076923077 0.6628184038461539 0.6649833509615385 0.652812170673077 0.6551941730769231 0.6475385264423077 0.6476677716346154 0.6473356274038462 0.6374685576923077 0.6504005096153846 0.6321229302884616 0.6569360673076924 0.6317949014423078 0.663606889423077 0.6342216971153847 0.6653422283653847 0.64174809375 0.6655451250000001 0.644174889423077 0.6672804615384614 0.6567188918269231 0.6676186225961539 0.6618184975961537 0.6660861850961539
2 0.6406334134615383 0.6371264975961538 0.6455690072115385 0.6389294663461539 0.6433062259615384 0.6338587163461539 0.648569846153846 0.6289908653846153 0.64930790625 0.6139815144230769 0.6518987163461538 0.6123814423076923 0.6523087475961538 0.6040429134615384 0.6499639639423077 0.6006398725961538 0.6424375649038462 0.6004369759615384 0.6373379567307692 0.6019694158653845 0.6319103221153846 0.6101726802884616 0.6215470961538462 0.6165729711538461 0.6213830817307693 0.6199083846153847 0.6281714182692307 0.6351206322115384 0.6305982139423078 0.63685596875 0.6406334134615383 0.6371264975961538
2 0.6286816923076923 0.47148258413461536 0.6293377475961539 0.4581409399038462 0.6269929591346154 0.4547378966346154 0.6244021538461539 0.4563379711538461 0.6118581514423077 0.45599981009615387 0.6117761442307692 0.45766751442307696 0.6040037259615384 0.4624677331730769 0.6036756995192307 0.46913856009615384 0.6060204831730769 0.47254160096153847 0.6159736754807692 0.47447983653846154 0.6185644855769231 0.47287976201923076 0.6260908846153845 0.4730826586538462 0.6286816923076923 0.47148258413461536
2 0.6024790072115385 0.4423876346153846 0.6048237932692307 0.4457906778846154 0.6044137596153847 0.4541292067307693 0.6067585456730769 0.45753225 0.619302545673077 0.4578704110576923 0.6269929591346154 0.4547378966346154 0.6281410528846153 0.43139001923076925 0.6155970552884615 0.43105185817307695 0.6104974495192308 0.4325842980769231 0.6024790072115385 0.4423876346153846
2 0.6201560264423077 0.38942685096153845 0.6101208245192308 0.38915631971153847 0.6100388197115385 0.3908240264423077 0.6022663990384616 0.3956242475961539 0.5992655576923077 0.4055628461538462 0.6016923509615385 0.40729818509615384 0.6167451538461539 0.4077039783653846 0.6193359567307692 0.40610390384615386 0.6220087716346154 0.4028361274038461 0.6225828221153846 0.3911621875 0.6201560264423077 0.38942685096153845
2 0.603660516826923 0.36727325 0.6009056947115384 0.3722087355769231 0.6004136538461539 0.38221496875 0.5978228485576923 0.38381504326923077 0.6001676322115385 0.38721808653846157 0.6076940360576922 0.3874209831730769 0.6101208245192308 0.38915631971153847 0.6152204326923078 0.3876238798076923 0.6165325432692307 0.36094059134615386 0.6115149423076923 0.3608053269230769 0.603660516826923 0.36727325
1 0.1992213125 0.16266008173076923 0.19831923798076925 0.18100484134615383 0.22727674278846152 0.2051643076923077 0.24710112259615385 0.21070848317307694 0.2548735432692308 0.20590826442307691 0.2529387908653846 0.1941666923076923 0.27245830288461537 0.15482364423076925 0.2602525817307692 0.14760619951923076 0.21509418028846156 0.14638881730769232 0.1992213125 0.16266008173076923
2 0.8546073365384615 0.27050346634615385 0.87484175 0.2677091105769231 0.8886158533653846 0.24303168990384616 0.8983564350961538 0.19820653365384616 0.8788600841346154 0.1859915408653846 0.8586256706730769 0.18878588942307692 0.8547227572115385 0.2170692548076923 0.8390139014423077 0.23000510576923078 0.8546073365384615 0.27050346634615385