1 0.600441375 0.35864279807692306 0.6118453317307693 0.37576266346153847 0.6419306201923077 0.39145205528846155 0.6643369879807692 0.4199979735576923 0.6695495817307692 0.4210503221153846 0.6750711298076923 0.40670273076923075 0.6866451490384615 0.3767804543269231 0.6850382235576924 0.35400267307692307 0.6736344927884615 0.3368820721153846 0.6613662836538462 0.33414120673076925 0.6481127115384615 0.33454329326923077 0.6362709014423077 0.33974437980769234 0.6136949471153846 0.3582407115384615 0.600441375 0.35864279807692306
2 0.45628684375 0.7647302836538461 0.46502470432692306 0.7554734302884616 0.4802499543269231 0.74878565625 0.4881851778846154 0.7281397067307692 0.4804066201923077 0.7099238365384615 0.4625415600961539 0.708286576923077 0.4504443966346154 0.7275546538461538 0.42515067548076924 0.7493671490384616 0.42786844711538463 0.7586056899038461 0.4370183197115385 0.7684965721153846 0.45628684375 0.7647302836538461
2 0.42819911538461536 0.9333241201923077 0.43582734375 0.922025608173077 0.4421458990384615 0.9028114399038463 0.44694450721153844 0.8719364975961538 0.4449338365384615 0.8620712596153847 0.4439833221153846 0.8527795 0.4371981538461539 0.8509269879807693 0.43242731730769235 0.8498611250000001 0.4138614951923077 0.8651056105769231 0.3985512091346154 0.8953136682692308 0.42819911538461536 0.9333241201923077
0 0.5432256995192307 0.49012701442307693 0.522941110576923 0.4848105288461539 0.5130329711538462 0.47082689423076923 0.5132205889423077 0.48813153125 0.5124028725961538 0.5005035456730769 0.5132464206730769 0.5124620384615385 0.5307026225961539 0.5202853100961539 0.5432256995192307 0.49012701442307693
1 0.44284022115384614 0.2958572019230769 0.5206494687500001 0.30088218028846153 0.5125240600961539 0.29220101201923077 0.5123638461538461 0.24998926201923075 0.5054098245192308 0.23960812740384616 0.4798092115384615 0.23781198798076925 0.4662209735576923 0.24654625 0.45154663221153846 0.26484622355769233 0.4420307860576923 0.28704500721153847 0.44284022115384614 0.2958572019230769
0 0.40010251201923075 0.4544244158653846 0.4023813293269231 0.44512516826923076 0.4225934278846154 0.44375577403846156 0.42264994711538456 0.4371826754807693 0.41618739182692305 0.43686015384615384 0.40848923798076925 0.43233745673076923 0.42560723557692304 0.42775487980769233 0.42636745673076926 0.4195177788461538 0.4143007355769231 0.4196239831730769 0.4097063076923077 0.4191577860576923 0.41562721634615385 0.4165572427884615 0.4258379879807693 0.4177179447115385 0.4303351875 0.40919443509615383 0.42503487980769233 0.40632873798076924 0.4296838822115384 0.3961576033653846 0.41169602403846156 0.3988650793269231 0.40536748076923074 0.4109027884615385 0.3911219783653846 0.4295786971153846 0.3902733173076923 0.45320929326923076 0.40010251201923075 0.4544244158653846
2 0.31549156730769234 0.6811509567307692 0.3335520408653846 0.6537991201923077 0.31935525480769233 0.6455827548076923 0.30907359134615386 0.6441825841346154 0.2956170576923077 0.6666222644230769 0.29313442067307693 0.6884863894230769 0.3012960120192308 0.6950178004807692 0.3077999975961539 0.6928841490384615 0.31549156730769234 0.6811509567307692
1 0.2807852379807692 0.2737762331730769 0.27976618990384616 0.2835350480769231 0.2752649086538462 0.29137498076923074 0.2895942379807692 0.2921509110576923 0.32746682932692306 0.31345242307692306 0.3452028894230769 0.3131345 0.36531615144230767 0.3126351923076923 0.3563086802884615 0.29992228846153846 0.35879463221153846 0.2698041826923077 0.3605213125 0.24950371875000002 0.3555954158653846 0.23413636298076923 0.3440322139423077 0.22513284134615383 0.3209533461538462 0.22546943269230768 0.30630693990384616 0.2373915817307692 0.29494578846153846 0.24697963942307694 0.2807852379807692 0.2737762331730769
0 0.2689035048076923 0.5167230985576923 0.27223301442307696 0.5265259519230769 0.2723030360576923 0.5449460072115385 0.28463254567307694 0.5328632596153846 0.29252457692307693 0.522499375 0.3056642956730769 0.5053191706730769 0.31624672355769234 0.4956991610576923 0.31597562259615386 0.4906457451923077 0.2996410504807692 0.4984808221153846 0.28901597596153844 0.4981754423076923 0.2818612740384615 0.5047093076923077 0.27426205048076924 0.5141397235576923 0.2689035048076923 0.5167230985576923
2 0.2253937091346154 0.6758491274038462 0.21146931249999998 0.7084045961538461 0.23718223317307693 0.7255629567307692 0.2490473125 0.7424806129807693 0.2602419639423077 0.7494040240384615 0.27055508173076925 0.7508520240384615 0.2778661490384616 0.7467785048076923 0.2824972019230769 0.7349736009615384 0.27760278846153846 0.7224663341346154 0.26772775000000004 0.7095603870192307 0.2694854423076923 0.69211990625 0.24105422115384614 0.6836274567307693 0.23395897115384615 0.6736965528846154 0.2304234855769231 0.6768300288461538 0.2253937091346154 0.6758491274038462
2 0.09599432692307691 0.7924597620192307 0.10905211538461537 0.7996573966346153 0.11747108894230769 0.7979711899038461 0.12369464903846154 0.797364625 0.13509814182692306 0.78764321875 0.15215689903846152 0.7229025264423077 0.1537155841346154 0.7090553100961539 0.1460142596153846 0.705052139423077 0.1238518125 0.7080902860576923 0.11576207932692308 0.7022167884615385 0.10980265865384616 0.7292048701923076 0.08970230288461539 0.7787849639423077 0.09599432692307691 0.7924597620192307
2 0.3699607475961538 0.7039687620192308 0.3807801706730769 0.6985392596153847 0.3862386057692308 0.6846256105769231 0.390272625 0.6647896298076923 0.37916713942307695 0.6595056947115385 0.36851194711538465 0.6644116322115384 0.3652588605769231 0.6685050769230769 0.3589802668269231 0.6820110721153847 0.36430762259615385 0.6999037307692307 0.3699607475961538 0.7039687620192308