0 0.881260014423077 0.556631795673077 0.8885668413461538 0.5861056875 0.8963872403846154 0.5863577548076923 0.9305549855769232 0.5270330913461538 0.9231835745192308 0.5160747572115384 0.9016774759615385 0.5153815649038461 0.8783438966346153 0.5370455552884615 0.8789205072115384 0.5487594879807692 0.8731513076923078 0.5505227572115385 0.881260014423077 0.556631795673077
0 0.5290206490384615 0.5784151105769231 0.5294381201923077 0.5472409663461538 0.5162975120192308 0.5380459014423077 0.49969414663461537 0.5774698485576922 0.5000785552884616 0.585279139423077 0.5059438557692307 0.5854681899038462 0.5264243533653846 0.5851537139423078 0.5290206490384615 0.5784151105769231
0 0.29870325721153845 0.5787883341346154 0.2977091754807692 0.5982485432692308 0.30562567788461537 0.6004529326923077 0.31203606971153847 0.591888045673077 0.32024087740384616 0.5999494038461538 0.3267473701923077 0.5933368365384616 0.3310750408653846 0.5622887307692308 0.31979343269230764 0.5512043605769231 0.3129986322115385 0.5519599591346154 0.29870325721153845 0.5787883341346154
0 0.09982660576923076 0.6230579182692307 0.09966746634615385 0.5801698365384615 0.0905331610576923 0.5730531298076923 0.07796916346153847 0.575572 0.06649380528846154 0.6200342956730769 0.07899321875 0.6360309831730769 0.08130120673076924 0.6234354110576923 0.09982660576923076 0.6230579182692307
3 0.09362266586538462 0.45736875 0.10257231009615385 0.4171133389423077 0.12216298798076923 0.37096339423076924 0.1416503293269231 0.3544383389423077 0.12062535817307693 0.33972623317307693 0.09398556730769231 0.3061205913461538 0.07824143509615385 0.3352413389423077 0.06470288461538462 0.3457206201923077 0.03955029567307692 0.3106035336538462 0.030012050480769232 0.3071773317307692 0.023832612980769233 0.3085375336538462 0.03304243509615385 0.49563652884615383 0.03608533894230769 0.5412800841346154 0.04780058413461538 0.5416576947115385 0.054748836538461534 0.5559160721153846 0.06249235576923077 0.5546062860576924 0.0803122860576923 0.5676557019230769 0.09223632692307691 0.5243774038461538 0.09362266586538462 0.45736875
3 0.16744195192307693 0.4659856418269231 0.15331480048076923 0.43278331009615384 0.1411096875 0.4386274302884615 0.14180161778846154 0.45268415384615385 0.13459627163461538 0.46492694711538457 0.13982668028846154 0.47601119471153847 0.11574795673076924 0.55788221875 0.11651676923076923 0.5735008004807692 0.13043972596153847 0.5708308076923078 0.15164491346153847 0.5574798822115384 0.17661976442307692 0.5255379014423076 0.16744195192307693 0.4659856418269231
3 0.32167329086538465 0.3633596634615385 0.30798097836538463 0.37071523076923074 0.2996992884615385 0.3610920120192308 0.29823854326923077 0.33141670673076923 0.2857763317307692 0.36376200240384615 0.28277548317307694 0.3979716370192307 0.2834674158653846 0.4120283581730769 0.2899543798076923 0.4169155889423077 0.28859449519230773 0.45273749519230766 0.2839791370192308 0.45414811057692306 0.2910811514423077 0.47153020432692305 0.2894906201923077 0.5026665384615385 0.31589976201923076 0.5315866057692308 0.33228539903846155 0.4837739759615385 0.33890214903846155 0.4278495697115385 0.3707748221153846 0.3774173629807693 0.38328746153846155 0.37782067548076925 0.38882539663461535 0.39515235576923075 0.39149226923076924 0.38588203605769233 0.37103191826923076 0.35091618990384615 0.34962253846153846 0.32839479807692307 0.32167329086538465 0.3633596634615385
3 0.3892513966346154 0.4211081201923077 0.3659767764423077 0.502013108173077 0.3420782668269231 0.5558211009615385 0.3409754735576923 0.5651418365384615 0.3472317932692308 0.5653434903846154 0.38892378365384617 0.5557716634615384 0.39784697355769233 0.5467029975961538 0.4019506153846154 0.5031726322115385 0.39895223798076923 0.44226016826923076 0.3949783846153846 0.42497889903846153 0.3892513966346154 0.4211081201923077
3 0.6095359423076923 0.5644418966346154 0.61392065625 0.5583457067307692 0.6093077716346154 0.4646342235576923 0.60041103125 0.44251614182692306 0.6012559879807692 0.4200898653846154 0.5949764302884616 0.3955595745192308 0.5906077668269231 0.3829156514423077 0.5799337884615384 0.3777671538461539 0.5744391971153846 0.3590318701923077 0.5530298173076923 0.3365104759615385 0.5104656802884615 0.3600886129807692 0.5031834519230769 0.37076954807692303 0.4771802163461538 0.50871621875 0.4786409639423077 0.5383915216346155 0.4934864975961538 0.5544638269230769 0.5045119399038461 0.5563785841346154 0.5152556225961539 0.5294107788461538 0.5386182307692308 0.48292551442307696 0.5351565432692308 0.4451814206730769 0.5429754110576923 0.4086024447115385 0.5570061610576923 0.3842340384615385 0.5653382932692308 0.3580820288461538 0.5796841153846154 0.38896949038461537 0.5805775673076923 0.42342627884615386 0.5754976490384616 0.45048619711538457 0.5677721009615385 0.4726548317307693 0.5390388245192308 0.5565995024038461 0.5501777860576923 0.5640880240384616 0.6095359423076923 0.5644418966346154
3 0.7916107235576924 0.5515980408653847 0.7937154447115385 0.46745936298076923 0.8005363870192308 0.4474072764423077 0.79910209375 0.38654522836538463 0.7869234302884615 0.36120260336538457 0.7544117283653846 0.3352045913461538 0.7404423485576923 0.3403259903846154 0.7093807475961539 0.3757332067307692 0.7085938341346154 0.3491827860576923 0.6947195913461539 0.35979003365384615 0.6744345096153845 0.4870053533653846 0.6770484783653846 0.5401085264423077 0.6961050865384616 0.5185764519230769 0.7359901442307692 0.4402868822115385 0.7476868485576923 0.39229504807692306 0.7636319086538462 0.3777251129807692 0.7775162379807692 0.36361114903846153 0.7870993629807692 0.3784815240384616 0.7925288004807692 0.4041414735576923 0.7769764134615385 0.4478486057692308 0.7503089735576923 0.4984797764423077 0.7186415360576923 0.5427075889423076 0.7041835216346153 0.5557629567307693 0.7154320913461538 0.5584988990384615 0.7274569903846154 0.5807178125 0.781097 0.5918030360576924 0.7916107235576924 0.5515980408653847
0 0.698698420673077 0.5556204639423077 0.7086346033653845 0.5393723221153846 0.6969685889423077 0.5204786610576924 0.6721604182692308 0.5518412451923077 0.680269125 0.5579502836538461 0.698698420673077 0.5556204639423077
3 0.9277914879807692 0.43123706971153847 0.9430768076923077 0.29762307692307693 0.9946674663461538 0.23535138701923078 0.9815397764423076 0.22245321153846154 0.9566682596153846 0.22477030528846154 0.9445400264423077 0.23217628125 0.9130013293269231 0.25766917548076923 0.8984368701923077 0.2790310456730769 0.8738439543269231 0.4139044158653846 0.8780220048076923 0.46705800240384615 0.8925600096153846 0.47688287740384616 0.9114058509615385 0.47904970432692306 0.9277914879807692 0.43123706971153847
3 1 0.3635185865384616 0.9966639110576924 0.37108179326923074 0.9980477764423077 0.3991952379807693 0.9670976802884615 0.46836974278846155 0.9692768100961539 0.4809150216346154 1 0.48080941826923074 1 0.3635185865384616
2 1 0.8975939158653846 0.9866759903846154 0.8978302860576922 0.9780867764423077 0.8819596370192309 0.97331765625 0.8802465384615386 0.9686254158653846 0.8800952956730769 0.9552406274038462 0.8936982908653845 0.9260612788461539 0.9036734326923077 0.9186252836538462 0.9112306514423077 0.9189328100961538 0.9174780817307693 0.9222147331730769 0.9207026274038461 0.9318298581730768 0.9256906850961539 0.9538807403846155 0.9295201971153847 0.9945468197115385 0.9308309639423077 1 0.9286265360576924 1 0.8975939158653846
2 0.9213450600961538 0.8395868389423077 0.9139090673076923 0.8471440576923077 0.9078065096153847 0.8500661177884615 0.8985757932692308 0.8528873509615384 0.8751914759615385 0.8536929975961538 0.8722170769230769 0.8567158870192307 0.8726783653846154 0.8660870360576923 0.8808062908653846 0.8725865360576923 0.88549853125 0.8727377788461539 0.9014468581730769 0.8794893509615385 0.9249849399038462 0.8818074182692308 0.9361641418269231 0.8868458894230768 0.9534459014423077 0.8889623028846153 0.9579075 0.8844279711538461 0.959087173076923 0.87666909375 0.9426775576923077 0.8605463750000001 0.9379084375000001 0.8588332740384614 0.9378315552884615 0.8572714158653846 0.9332161971153846 0.85868203125 0.9262679447115385 0.8444236538461538 0.9213450600961538 0.8395868389423077
2 0.7295518197115385 0.8770675264423077 0.7376028653846153 0.8820051706730769 0.75793590625 0.8826605528846153 0.7687307019230769 0.879889733173077 0.7778845360576923 0.8755066442307692 0.7853205312499999 0.867949423076923 0.7852436490384616 0.8663875649038462 0.7897821274038462 0.8634150913461538 0.7888595504807692 0.844672795673077 0.769936826923077 0.840944110576923 0.7574241875 0.8405408004807692 0.7543729086538461 0.8420018293269231 0.7306546129807692 0.8677467932692308 0.7292442980769231 0.87082009375 0.7295518197115385 0.8770675264423077
2 0.6837586658653846 0.8350476250000001 0.6856302716346154 0.8413454711538461 0.6920403533653846 0.8446708413461538 0.706193954326923 0.8466864278846155 0.7078349158653846 0.8482986995192309 0.7467062716346154 0.8448734735576923 0.7527319471153846 0.8403895576923077 0.7522706586538461 0.8310184086538462 0.74875809375 0.8231082908653846 0.7378095336538462 0.822755391826923 0.7248356033653847 0.8129809326923076 0.7201433629807692 0.8128296899038462 0.71583553125 0.8204877379807692 0.6913484206730769 0.8306141201923077 0.6866561802884615 0.8304628798076923 0.6837586658653846 0.8350476250000001
2 0.5620679519230769 0.837362764423077 0.5608882788461538 0.8451216418269231 0.564170201923077 0.8483461850961539 0.5689393245192308 0.8500592836538462 0.5939646033653846 0.8508659086538461 0.5999902788461539 0.8463819903846154 0.6118109855769231 0.8327285817307692 0.6146316201923077 0.8265819759615384 0.61432409375 0.8203345432692307 0.6158112932692308 0.8188231009615384 0.6151962427884615 0.8063282355769231 0.6069914350961538 0.7982668774038462 0.5836071153846154 0.7990725240384615 0.5825812067307692 0.8099551153846154 0.5751452115384615 0.8175123341346153 0.5680167475961538 0.8313169879807693 0.5620679519230769 0.837362764423077
2 0.5650688004807692 0.8031531298076923 0.5646075120192308 0.7937819807692308 0.5629665504807693 0.7921697091346154 0.5627359086538462 0.7874841346153846 0.5595308653846154 0.7858214495192308 0.5501463870192308 0.7855189639423077 0.5485054254807692 0.7839066923076923 0.5438131850961538 0.7837554519230768 0.5389671826923077 0.7804804927884615 0.526531423076923 0.7816390384615384 0.5250442259615384 0.7831504831730769 0.5203519855769231 0.7829992403846154 0.5173007067307692 0.7844602716346153 0.5173775865384616 0.7860221298076924 0.5054031177884615 0.7965518245192308 0.5056337620192308 0.8012373990384615 0.5106335288461539 0.8076360721153846 0.5138385697115384 0.8092987572115384 0.5185308100961539 0.80945 0.5200180072115385 0.8079385552884616 0.5294024879807693 0.8082410408653846 0.5358125697115385 0.8115664110576923 0.54363296875 0.8118184807692308 0.5452739302884615 0.8134307524038462 0.5513764879807692 0.8105086923076923 0.56076096875 0.8108111778846154 0.5638122475961539 0.8093501466346154 0.5635816033653847 0.8046645745192307 0.5650688004807692 0.8031531298076923
2 0.35214725721153844 0.8555466009615385 0.3755315745192308 0.854740954326923 0.3922751682692308 0.8459243605769231 0.4040958725961538 0.8322709495192308 0.4053524302884615 0.8260739302884615 0.4041223269230769 0.8010842019230769 0.40022535096153844 0.7853647932692307 0.39419967548076923 0.7898487115384616 0.39255871394230774 0.7882364399038462 0.38645615625 0.7911585024038461 0.38050736298076926 0.7972042764423077 0.3741741610576923 0.7954407620192309 0.34996812740384614 0.8430013221153847 0.3488653341346154 0.8523220576923076 0.35214725721153844 0.8555466009615385
2 0.34525190625 0.7789147307692308 0.33312367548076927 0.7863207091346154 0.3218675889423077 0.7797203774038461 0.32038038942307695 0.7812318221153846 0.31568815144230766 0.7810805817307693 0.3113803173076923 0.7887386298076924 0.29761112500000003 0.7945323341346153 0.2931495264423077 0.7990666658653847 0.2854060096153846 0.8003764543269232 0.28243161298076924 0.8033993413461539 0.28117505769230766 0.8095963605769231 0.2828929014423077 0.8127704903846154 0.28766202403846153 0.8144835913461539 0.3063541009615385 0.8135266995192307 0.3170720168269231 0.8091940240384615 0.32958465625 0.8095973365384614 0.3345075408653846 0.8144341538461538 0.3517124206730769 0.8149887067307693 0.3591484134615385 0.8074314879807692 0.36048184855769233 0.802796326923077 0.3588408870192307 0.8011840552884616 0.3583795985576923 0.7918129086538461 0.3546363870192308 0.7792172139423077 0.35143134615384614 0.7775545264423077 0.3500210288461538 0.7806278293269231 0.34525190625 0.7789147307692308
2 0.1313044543269231 0.8421907932692307 0.1250481346153846 0.8419891394230768 0.11948374759615385 0.8558442067307692 0.12135535096153846 0.8621420504807692 0.12456039423076923 0.8638047379807693 0.1293295144230769 0.8655178365384616 0.14027807451923077 0.8658707355769231 0.1510728701923077 0.8630999182692308 0.16007294471153846 0.8555931105769231 0.15938101201923077 0.8415363870192307 0.15774005048076922 0.8399241153846154 0.15468877163461536 0.8413851466346153 0.14999653124999998 0.8412339038461538 0.14850933413461537 0.8427453485576923 0.14381709375 0.842594108173077 0.14232989423076922 0.8441055504807693 0.1329454158653846 0.843803064903846 0.1313044543269231 0.8421907932692307
2 0.08174163461538461 0.8187619471153845 0.0803313173076923 0.82183525 0.054819189903846155 0.8222878413461537 0.05685973557692307 0.8528960288461539 0.05840774759615385 0.8523161995192308 0.06435654086538461 0.8462704230769231 0.08102325 0.8358919711538462 0.08399764663461538 0.8328690841346155 0.08353635817307693 0.8234979350961538 0.08174163461538461 0.8187619471153845