3 0.24303002163461537 0.7266719639423077 0.21232722355769232 0.71833703125 0.19608759375 0.7449518918269231 0.22820628365384615 0.8536983581730768 0.2512090048076923 0.8949148413461538 0.28490610336538463 0.8709709543269231 0.2749181490384615 0.8109131129807692 0.24303002163461537 0.7266719639423077
3 0.19230408653846157 0.8435758894230769 0.17218038701923077 0.7578279278846154 0.1601853918269231 0.7348294254807691 0.12887368028846155 0.7118515745192308 0.09494601682692308 0.7112901418269231 0.08675230528846155 0.7417814326923077 0.11811430048076922 0.8702526995192308 0.18771359615384617 0.8564312764423078 0.19230408653846157 0.8435758894230769
3 0.4712599158653846 0.6974397139423077 0.45926492307692307 0.6744412139423077 0.4408201923076923 0.6669897211538461 0.43140864903846154 0.6681951730769231 0.41801553365384614 0.6968989302884616 0.45475721634615385 0.7461696346153845 0.4785491418269231 0.7210409423076923 0.4712599158653846 0.6974397139423077
3 0.6210051105769231 0.63900421875 0.5916679326923077 0.6255874038461537 0.568254360576923 0.6408536971153846 0.5599453677884616 0.659092326923077 0.5691766225961539 0.7388749663461538 0.5956347788461538 0.7968232644230769 0.6430708413461539 0.7809335961538462 0.6210051105769231 0.63900421875
3 0.47121269230769236 0.9427942548076923 0.4973575 0.9173641971153846 0.46709806009615384 0.8059261129807692 0.4368888990384615 0.7999814350961538 0.4524043317307692 0.7464709975961538 0.41429703125 0.7022821754807692 0.3792668173076923 0.6846875697115385 0.37084254086538465 0.6906735408653847 0.3627641153846154 0.7334174903846153 0.37028390384615384 0.7815240360576923 0.4241549807692308 0.9488215240384614 0.47121269230769236 0.9427942548076923
3 0.3357473221153846 0.7663196850961539 0.3454219326923077 0.7429991754807692 0.32552880048076926 0.6817565288461539 0.3116745528846154 0.6614496490384615 0.2697009639423077 0.6570117908653846 0.2519804302884615 0.6764558774038462 0.24291473798076924 0.7144193052884616 0.29678581490384615 0.8817167932692308 0.35636465384615384 0.8544579086538462 0.3357473221153846 0.7663196850961539
3 0.8521820841346154 0.8228476850961539 0.8661516129807693 0.8554072235576923 0.8855836153846154 0.867639233173077 0.8973480432692308 0.8661324158653846 0.9093755360576924 0.8425105432692307 0.8810403533653847 0.6351400793269231 0.8455165024038462 0.6151552115384615 0.8199806129807693 0.6552281875 0.8178582908653845 0.6800348653846153 0.7966823197115385 0.6827471370192307 0.7915981995192307 0.6932122644230769 0.8222359903846154 0.7947879519230768 0.8521820841346154 0.8228476850961539
3 0.9980757115384615 0.6054289903846154 0.9827405649038461 0.5779513341346154 0.9708608533653845 0.5672054927884616 0.9577308076923077 0.5737941899038461 0.9425937259615385 0.6174422283653846 0.9507224326923077 0.6801916923076923 0.9713722668269231 0.7217095384615385 0.9957731057692307 0.7112237644230769 0.9980757115384615 0.6054289903846154
3 0.6865253317307692 0.7925422307692307 0.6762418052884616 0.801219826923077 0.699622875 0.8325739086538462 0.7103350336538461 0.9195273269230769 0.7222147427884615 0.9302731682692307 0.7910573389423077 0.9361765456730768 0.8186830504807693 0.9179172668269231 0.8025084206730769 0.8512913774038461 0.8164276682692309 0.7783575024038462 0.7872707812499999 0.6839525913461538 0.7829433581730769 0.674692920673077 0.7351614471153846 0.6538246105769231 0.6960343774038461 0.6514756490384616 0.6655621514423077 0.66764603125 0.6596060432692308 0.6855832980769231 0.666862764423077 0.7558049014423076 0.6865253317307692 0.7925422307692307
3 0.6566767427884616 0.6246213701923077 0.6228643605769231 0.636312596153846 0.6464109927884615 0.78541275 0.6681958822115385 0.7973433966346154 0.6807170096153846 0.77611178125 0.6573684399038461 0.6981373221153846 0.6690500865384615 0.63775746875 0.6566767427884616 0.6246213701923077
3 0.5262660456730769 0.8351500024038461 0.5427362451923077 0.8330404591346153 0.5302801201923077 0.7610313221153846 0.5404483629807693 0.7401010697115384 0.5240106658653846 0.6955902355769231 0.5153558269230769 0.6770708918269231 0.4845377475961538 0.6564832980769231 0.4624897932692308 0.6666677067307692 0.48560779567307694 0.7201368509615385 0.5149952524038461 0.8390470793269231 0.5235348100961539 0.8453137644230769 0.5262660456730769 0.8351500024038461