1 0 0.4133515625 0.03125 0.3977265625 0.059659375 0.38920468750000003 0.0454546875 0.36221562500000004 0.0375 0.3296875 0.0125 0.30937499999999996 0 0.30937499999999996 0 0.4133515625
1 0.159375 0.3453125 0.1375 0.3203125 0.11249999999999999 0.32499999999999996 0.1 0.35468750000000004 0.09843750000000001 0.38749999999999996 0.10468749999999999 0.4 0.169034375 0.3863640625 0.159375 0.3453125
1 0.22031250000000002 0.41093749999999996 0.19687500000000002 0.39375000000000004 0.1796875 0.396875 0.17031249999999998 0.40937500000000004 0.175 0.475 0.200284375 0.4488640625 0.2296875 0.43125 0.22031250000000002 0.41093749999999996
1 0.3296875 0.365625 0.322265625 0.353515625 0.3076171875 0.3544921875 0.296875 0.365625 0.29403437499999996 0.40625 0.30859375 0.3955078125 0.3366484375 0.39346562500000004 0.3296875 0.365625
1 0.49095468750000004 0.4046046875 0.49013125 0.39720468750000004 0.478125 0.3765625 0.46562499999999996 0.3734375 0.4546875 0.3828125 0.452303125 0.4185859375 0.4605265625 0.4087171875 0.4720390625 0.4029609375 0.49095468750000004 0.4046046875
1 0.534375 0.42500000000000004 0.5419406250000001 0.4087171875 0.53700625 0.390625 0.515625 0.391446875 0.5082234375 0.41282968750000004 0.5065796875 0.426809375 0.5197375 0.4235203125 0.534375 0.42500000000000004
1 0.5953125 0.41093749999999996 0.58125 0.41093749999999996 0.571875 0.42656249999999996 0.5674343749999999 0.44736875 0.60361875 0.4506578125 0.6015625 0.4234375 0.5953125 0.41093749999999996
1 0.6796875 0.37812500000000004 0.666940625 0.375821875 0.6546046874999999 0.3873359375 0.6521375 0.41529531249999996 0.6875 0.41093749999999996 0.6875 0.3890625 0.6796875 0.37812500000000004
1 0.7203953125000001 0.4703953125 0.7281249999999999 0.45625000000000004 0.7328125000000001 0.42656249999999996 0.72861875 0.41611875 0.7140625 0.4 0.7055921875 0.3988484375 0.6965453125000001 0.4078953125 0.688321875 0.4202296875 0.6965453125000001 0.43092031249999996 0.708059375 0.448190625 0.7203953125000001 0.4703953125
1 0.846875 0.4296875 0.833059375 0.4399671875 0.8314140624999999 0.4506578125 0.8218749999999999 0.4671875 0.878125 0.49687499999999996 0.878125 0.453125 0.8656250000000001 0.43437499999999996 0.846875 0.4296875
2 0.23871562500000001 0.9748265625 0.2371328125 0.9659921875 0.21875 0.9640625 0.2078125 0.96875 0.19965312500000001 0.9826390625 0.22812500000000002 0.9875 0.2395828125 0.9826390625 0.23871562500000001 0.9748265625
2 0.3107640625 0.9513890625 0.30937499999999996 0.9359375000000001 0.3072921875 0.925346875 0.2864578125 0.9279515625 0.2890625 0.95 0.29774375000000003 0.957465625 0.3046875 0.9557296875 0.3107640625 0.9513890625
2 0.3541671875 0.934028125 0.3421875 0.91875 0.31944374999999997 0.934028125 0.331596875 0.9401046875 0.34375 0.95225625 0.353125 0.95 0.3541671875 0.934028125
2 0.4348953125 0.8842015625 0.4364578125 0.8670140624999999 0.4322921875 0.8611109375 0.42274375000000003 0.863715625 0.4177078125 0.8748265624999999 0.418403125 0.8923609375 0.4357640625 0.894096875 0.4348953125 0.8842015625
2 0.4861109375 0.8923609375 0.5017359375 0.88975625 0.4921875 0.8640625 0.478125 0.8625 0.46875 0.871875 0.4713546875 0.87586875 0.484375 0.8888890625 0.4861109375 0.8923609375
2 0.5677078125 0.878471875 0.578125 0.8812500000000001 0.582465625 0.8767359375 0.584375 0.8578125000000001 0.584375 0.8390625 0.5703125 0.8420140625 0.5625 0.86024375 0.546875 0.8703125 0.55 0.8828125 0.5677078125 0.878471875
2 0.625 0.890625 0.621528125 0.870659375 0.6015625 0.8697921875 0.589409375 0.90711875 0.609375 0.9114578125 0.6154515625 0.89756875 0.625 0.890625
2 0.6578124999999999 0.934375 0.6892359375 0.9322921875 0.690625 0.925 0.6901046875 0.910590625 0.6796875 0.9157984375 0.671875 0.909721875 0.6614578125 0.92100625 0.652778125 0.92100625 0.651909375 0.93055625 0.6578124999999999 0.934375
2 0.721875 0.95 0.7213546875 0.9357640625 0.7124999999999999 0.9359375000000001 0.698784375 0.9322921875 0.690625 0.934375 0.6781250000000001 0.9421875 0.67881875 0.957465625 0.7083328125 0.957465625 0.71006875 0.9548609375 0.721875 0.95