1 0.13600455048076923 0.6772489615384616 0.13157743990384616 0.70206375 0.13612524759615385 0.7339466538461538 0.15575034134615384 0.7458645552884615 0.1702893221153846 0.7360886081730769 0.1980743966346154 0.6879247259615385 0.1610981153846154 0.6800303798076922 0.1456133605769231 0.6664204375 0.13600455048076923 0.6772489615384616
3 0.22334417067307694 0.5104240024038462 0.25249261778846155 0.41875925480769227 0.22936107692307692 0.39063675961538463 0.20919768269230768 0.38890791586538465 0.18994481971153845 0.44662139663461536 0.17277467548076922 0.5356914903846154 0.1432187596153846 0.5937812860576923 0.15544859615384615 0.6041203197115385 0.18930079326923074 0.5649797451923078 0.21654756490384616 0.5270049206730769 0.19912589423076923 0.6031413293269231 0.2131265721153846 0.6035544447115385 0.2262770745192308 0.5728740913461539 0.22334417067307694 0.5104240024038462
1 0.6266222019230769 0.44453909855769236 0.6255455985576923 0.46491721634615385 0.6321157836538462 0.4998078942307692 0.6492757908653846 0.5111995024038462 0.6709585 0.4900687451923077 0.6843001802884616 0.44397322596153843 0.6716276322115384 0.43611567548076924 0.6365781346153846 0.4389366754807692 0.6266222019230769 0.44453909855769236
2 0.3180490985576923 0.015443954326923078 0.28792976923076924 0.019317538461538462 0.27961385096153846 0.05875805288461538 0.28716504567307694 0.08097818990384614 0.30309251201923076 0.09210665625 0.31008030048076923 0.06011057451923077 0.3370402980769231 0.04525849759615385 0.3396965673076923 0.030369624999999997 0.33407215384615385 0.018864838942307692 0.3180490985576923 0.015443954326923078
3 0.6068662764423076 0.47638520913461535 0.6092710120192307 0.44856265144230767 0.5646127043269231 0.46221217788461544 0.5369232211538462 0.5026684783653846 0.5087205432692308 0.6177191153846154 0.5080866514423077 0.6356157572115385 0.5276161538461538 0.6552412379807693 0.5370690264423077 0.6237714471153846 0.5559395288461538 0.5968882956730769 0.5734114182692308 0.6495624399038462 0.5878548100961538 0.6474940769230769 0.5845144350961539 0.5514690384615385 0.6068662764423076 0.47638520913461535
1 0.8693674807692309 0.8338201923076922 0.8799824134615384 0.8747264038461539 0.8963525913461539 0.8833733918269231 0.9104488605769231 0.876078923076923 0.9328610528846154 0.8293439399038461 0.9171247668269231 0.8028003125 0.8727532307692307 0.7933270961538461 0.8693674807692309 0.8338201923076922
1 0.5729233317307693 0.7885620504807692 0.5791463918269231 0.818226625 0.5918189423076923 0.8260841754807693 0.6142914831730769 0.8076980384615384 0.6257667307692307 0.7792360168269231 0.5867077235576923 0.7399850528846154 0.5813348413461539 0.7414139519230769 0.5729233317307693 0.7885620504807692
1 0.38472665384615384 0.7174705528846155 0.37461478125000003 0.7024317091346154 0.3693022475961539 0.7322094543269231 0.3731558173076923 0.7536401538461538 0.38617548557692305 0.7667238076923077 0.40416056490384616 0.7448036153846154 0.41238089423076923 0.7130706802884615 0.4083361466346154 0.707055141826923 0.3979375024038462 0.7151390432692307 0.38472665384615384 0.7174705528846155
1 0.4507456610576923 0.7418694375 0.4654405817307692 0.7527347596153846 0.4834256634615385 0.7308145625000001 0.4904134495192308 0.698818485576923 0.4528988677884615 0.7011131947115385 0.44531242788461534 0.7149494879807693 0.4507456610576923 0.7418694375
3 0.9693646754807692 0.5099858076923077 0.9531856802884615 0.48592365625 0.9467714375 0.47167425 0.9381436370192309 0.46983223317307693 0.9167124591346153 0.5038966778846153 0.8979978942307691 0.55142109375 0.8641355649038461 0.6910233774038462 0.8847064302884615 0.7263271658653847 0.9276040288461539 0.6221418509615385 0.9423844086538461 0.7257612956730769 0.9891606826923076 0.7074119519230769 0.9743450600961538 0.6398489375 0.9754921466346154 0.5473579615384615 0.9693646754807692 0.5099858076923077
1 0.4233482403846154 0.3934126033653846 0.42103909615384616 0.413527579326923 0.4259340240384616 0.45063658653846156 0.4414187788461538 0.4642465336538461 0.46098352403846155 0.44781558413461536 0.4737869014423077 0.41190912740384616 0.47318825000000003 0.3937493389423077 0.43744451201923074 0.38611813942307693 0.4233482403846154 0.3934126033653846
2 0.35560415625 0 0.34231759134615386 0.051537177884615384 0.3420308197115384 0.07465992307692307 0.35163963221153843 0.06383139903846154 0.3687040480769231 0.08293059134615384 0.3727840408653846 0.05288969951923077 0.38169860817307694 0.03160897115384615 0.41042945432692307 0.006830975961538462 0.41236783894230766 0 0.35560415625 0
3 0.8426995456730769 0.45975913461538465 0.818275110576923 0.4030246442307692 0.7995957884615384 0.4144926322115384 0.7829991899038462 0.4573172379807692 0.7861232764423077 0.5043521610576923 0.7760968605769231 0.5820674423076923 0.7868073846153846 0.6152660721153846 0.8295287764423077 0.6913628990384615 0.8406216634615385 0.693731204326923 0.8526955576923078 0.6834289663461538 0.8505877283653847 0.587667076923077 0.8596331298076922 0.5226223365384615 0.8426995456730769 0.45975913461538465
1 0.7597315264423077 0.8387491418269231 0.7761972932692308 0.8396885432692307 0.7932969519230769 0.8227313100961537 0.8094508389423076 0.7823881826923077 0.7517125096153846 0.7546052091346154 0.7457660841346154 0.8022795961538461 0.7597315264423077 0.8387491418269231
3 0.42522964903846155 0.5406460865384616 0.4347177620192308 0.47311986778846155 0.42470148076923075 0.45037344230769233 0.42078756490384617 0.40059389423076924 0.4090960288461538 0.3800658052884615 0.3955380576923077 0.3771712091346154 0.376476375 0.41946952403846155 0.35270080769230766 0.5097053725961538 0.3327537043269231 0.5569666466346154 0.33448930528846155 0.5830971586538461 0.3480472764423077 0.5859917524038462 0.3603727019230769 0.588623204326923 0.3954926826923077 0.5136893437500001 0.3852750889423077 0.6068197884615384 0.3934601754807692 0.6111432788461538 0.41400593269230773 0.5820417932692308 0.42522964903846155 0.5406460865384616
2 0.25432062259615384 0 0.2431758701923077 0.04067464663461539 0.27019621875 0.05417141586538462 0.2790650985576923 0 0.25432062259615384 0