1 0.9317415 0.9140823365384616 0.933969891826923 0.8839990624999999 0.931011233173077 0.8818661394230769 0.9059184350961539 0.8897032115384615 0.9039818461538461 0.9090484687499999 0.9085750865384615 0.9205081682692308 0.9234058485576924 0.9252736971153847 0.9317415 0.9140823365384616
1 0.8552395576923076 0.8005741850961539 0.8523622548076923 0.8229450889423077 0.8662032716346153 0.8425531153846154 0.8847601057692308 0.844078704326923 0.90154584375 0.8250676538461538 0.9054435384615385 0.7804687139423077 0.9008196490384616 0.7763945504807693 0.8784693149038462 0.794357079326923 0.8552395576923076 0.8005741850961539
1 0.66213934375 0.811000579326923 0.6778066201923078 0.8378512836538461 0.6972857836538461 0.8407825480769231 0.7121839663461539 0.8292998966346155 0.7243764591346153 0.7988291466346154 0.6881973677884615 0.7942294302884616 0.6632210240384615 0.7740014711538462 0.66213934375 0.811000579326923
1 0.23540562019230768 0.7581867764423078 0.2196402764423077 0.7549697884615385 0.21218812019230768 0.7614496658653847 0.1748783125 0.8056659206730769 0.1683055769230769 0.8238912259615384 0.16825654326923076 0.8357080841346154 0.19320224038461536 0.8633215793269231 0.20527215384615383 0.8623929711538462 0.22017033653846155 0.8509103197115385 0.23236282932692306 0.8204395721153847 0.23159986298076923 0.780629108173077 0.23629116826923077 0.76845509375 0.23540562019230768 0.7581867764423078
3 0.9362056682692308 0.8538160625 0.9459884999999999 0.7217478509615384 0.9177708725961539 0.7175016057692307 0.9047050841346155 0.7347498245192308 0.904208625 0.8543955048076923 0.9107016802884615 0.8553725913461538 0.9209514591346154 0.845724204326923 0.9362056682692308 0.8538160625
3 0.9196768149038461 0.7055418846153846 0.9217053413461538 0.6640400216346154 0.9135576370192309 0.6144612620192308 0.9006450769230769 0.5947818004807692 0.9259891682692308 0.5263833317307692 0.9260259423076923 0.5175206875 0.9084527211538462 0.502629704326923 0.8389166754807692 0.4843533389423077 0.8264422451923077 0.5827710192307692 0.8095155360576923 0.6357555360576923 0.8074624927884616 0.6831658269230769 0.823972420673077 0.7306246009615385 0.8406907379807692 0.7278617259615385 0.8656364326923077 0.7554752235576923 0.8944246586538462 0.7517837475961537 0.8981997716346153 0.7367269495192308 0.9121817548076923 0.722361514423077 0.9196768149038461 0.7055418846153846
3 0.7259729903846155 0.6377530312499999 0.7110748100961538 0.6492356850961538 0.7008985841346154 0.6411587860576924 0.6972276658653846 0.6311047620192307 0.686073951923077 0.6349161514423076 0.6832579399038461 0.6425159831730769 0.6924505504807693 0.6639582740384615 0.6977577283653846 0.727045295673077 0.69114821875 0.7541332427884615 0.6855591033653846 0.7589931514423077 0.6929560961538462 0.7658072403846153 0.7189528293269232 0.7638071610576923 0.7654797668269231 0.7351247740384615 0.78980959375 0.687477235576923 0.8142252307692307 0.6191501995192308 0.7742342524038462 0.6384699254807693 0.7259729903846155 0.6377530312499999
3 0.17340140625 0.7142281394230768 0.16126407451923075 0.7314049254807693 0.13715489423076924 0.7258766057692309 0.12514627403846154 0.7120341394230769 0.11600269471153846 0.6787749879807692 0.11988200240384615 0.6386073701923076 0.12553240865384616 0.6189763870192307 0.12466524759615384 0.6042767475961539 0.13506825240384615 0.5577006826923077 0.14442634615384614 0.5392610817307693 0.15305825240384616 0.47214837740384613 0.14936894951923077 0.46652567307692305 0.14286363701923077 0.4685027980769231 0.11488128125 0.5016649903846153 0.07681463461538461 0.5045936754807692 0.0766246298076923 0.550384 0.09203448557692308 0.6392732019230769 0.10757918028846153 0.6956660504807692 0.12412588221153846 0.7342621802884615 0.14348859134615385 0.7652584783653846 0.14905319471153847 0.7663069975961538 0.17710909615384615 0.7154195216346154 0.17340140625 0.7142281394230768
2 0.23463990865384615 0.04798395673076923 0.2225883846153846 0.04448124278846154 0.15574576442307692 0.04814718990384615 0.15292362740384616 0.05722412740384616 0.15648422115384616 0.09386608413461538 0.16016739182692305 0.10096589182692307 0.19728106971153844 0.1040170673076923 0.20757375 0.08402892788461538 0.21781739663461538 0.07585764903846154 0.23453571153846153 0.07309477884615384 0.2411023173076923 0.05634657932692307 0.23463990865384615 0.04798395673076923
2 0.05265663701923077 0.06346160576923077 0.054421608173076924 0.0854753485576923 0.059875884615384616 0.11311179567307693 0.08590326442307691 0.1037261826923077 0.0906374735576923 0.08121241826923077 0.10281158413461539 0.055172990384615386 0.10284835817307693 0.04631034615384615 0.06387164423076923 0.04487914182692308 0.05265663701923077 0.06346160576923077
2 0.853171516826923 0.18054633413461538 0.8595235985576923 0.2154968846153846 0.8537751250000001 0.25876158173076924 0.8629799975961538 0.27724966105769233 0.8731684831730769 0.28237234375 0.8975412139423077 0.22438505769230768 0.8883853774038462 0.1940801201923077 0.8698959591346154 0.1763063557692308 0.8569037211538462 0.1758292860576923 0.853171516826923 0.18054633413461538
2 0.7082345000000001 0.21532333413461538 0.7128461274038462 0.22235171634615383 0.7239691971153845 0.22592586057692307 0.7341147788461538 0.24138829326923078 0.7610093221153846 0.2467023221153846 0.7668129567307692 0.19014365865384614 0.7631175264423077 0.18599806490384616 0.7129564519230769 0.19576378605769232 0.7082345000000001 0.21532333413461538
0 0.6860813197115385 0.5356133149038461 0.6893522548076922 0.5089697548076922 0.6752088221153846 0.48932297355769233 0.6637043942307692 0.5002610120192308 0.6585063389423078 0.5151127596153846 0.6612027091346153 0.5318718557692308 0.6860813197115385 0.5356133149038461