1 0.07978986057692308 0.5187864711538461 0.08754111778846153 0.5206816225961538 0.09428683413461539 0.5264647211538461 0.10203808894230769 0.5283598725961538 0.10512461298076924 0.5270476153846154 0.10713569230769229 0.51927171875 0.10297372836538463 0.5141203341346153 0.09522247115384615 0.5122251826923077 0.08847675240384614 0.5064420841346153 0.06780673557692309 0.5013883485576923 0.06213646394230769 0.5020688894230769 0.05287689663461538 0.5060056610576923 0.04878483413461539 0.5112058677884616 0.04734642788461539 0.5273893822115384 0.05150839182692308 0.532540764423077 0.0618434014423077 0.5350676322115384 0.06744377163461539 0.5240355024038462 0.07978986057692308 0.5187864711538461
1 0.162330125 0.5182982355769231 0.16333566346153847 0.5144102860576922 0.16212041586538462 0.4872434639423077 0.15487192788461537 0.48340433894230767 0.14661790144230769 0.48345316346153844 0.12910431009615386 0.48743875961538463 0.12551501682692306 0.49069499278846157 0.12249839903846153 0.5023588389423077 0.1282385769230769 0.5120298894230769 0.1329033125 0.5152372980769231 0.15615708173076925 0.52092275 0.162330125 0.5182982355769231
1 0.14598877403846153 0.3902888605769231 0.15374003125 0.39218400961538463 0.15582101442307691 0.3947597019230769 0.1687397764423077 0.3979182860576923 0.1810858653846154 0.3926692548076923 0.18661633173076925 0.37128553605769227 0.18554088701923074 0.3648218942307692 0.17671418990384616 0.3564631057692308 0.16379542788461537 0.3533045192307692 0.15245487980769232 0.35466560096153843 0.14628183653846152 0.35729011778846154 0.1386004831730769 0.3657465552884615 0.13608663461538462 0.3754664278846154 0.13766484615384617 0.37998609375000003 0.1418268125 0.3851374759615384 0.1413240408653846 0.38708144951923074 0.14598877403846153 0.3902888605769231
1 0.34902709615384614 0.05135376201923077 0.3345301225961539 0.04367550961538461 0.3236923461538461 0.04309262019230769 0.3108434879807692 0.050285622596153844 0.3088324110576923 0.058061521634615386 0.3124916033653846 0.06515687740384615 0.3217511682692308 0.061220105769230766 0.3222539375 0.059276129807692306 0.3531890625 0.05650514423076923 0.34902709615384614 0.05135376201923077
2 0.44506354326923075 0.6979864086538462 0.37389129807692306 0.6775028629807692 0.4416415288461539 0.7023351201923076 0.44506354326923075 0.6979864086538462
2 0.7486751754807692 0.7898049975961539 0.6602549254807693 0.7599190048076923 0.46653835336538463 0.7041669086538461 0.4669762788461539 0.7105962620192308 0.6065688052884616 0.7550605649038461 0.7626693798076923 0.7994272211538462 0.7486751754807692 0.7898049975961539
2 0.33364015384615386 0.5994539350961539 0.3284726490384615 0.5981905000000001 0.32538612980769227 0.5995027572115385 0.32337505048076925 0.60727865625 0.3265314711538462 0.6163179855769231 0.3311962091346154 0.6195253966346154 0.33227164903846157 0.6259890360576923 0.34260666105769233 0.6285159038461539 0.34246685096153845 0.6078127259615385 0.33364015384615386 0.5994539350961539
2 0.48976624759615384 0.5518745961538462 0.4653135552884615 0.5490190961538461 0.45908767548076923 0.5675788918269231 0.4630833317307692 0.57514715625 0.46554946153846155 0.5899889879807693 0.48053036778846153 0.58758540625 0.49135175480769233 0.5728299639423077 0.5011474927884616 0.5620402259615385 0.48976624759615384 0.5518745961538462
2 0.4948923918269231 0.44403075 0.4825488485576923 0.4375858846153846 0.46662158173076923 0.4357565649038462 0.46150651923076924 0.4485236682692308 0.4634930432692308 0.45032804567307694 0.4625950985576923 0.4537999831730769 0.4669110192307692 0.4601299375 0.4736821971153846 0.4596751586538461 0.49124813461538464 0.4499956514423077 0.4948923918269231 0.44403075
2 0.4275035360576923 0.4188528004807692 0.4368165793269231 0.42482128605769226 0.4545997716346154 0.41835931971153845 0.45514230528846156 0.4108444375 0.43932186778846155 0.40565978846153844 0.42991375 0.4039465432692308 0.4275035360576923 0.4188528004807692
2 0.482908358173077 0.11518162500000001 0.4723692355769231 0.1126048533653846 0.4684196490384615 0.12095057932692307 0.4364979783653846 0.10910713461538461 0.4331858653846154 0.1354564014423077 0.45472562740384614 0.14019572596153845 0.4746095841346154 0.14321153125 0.4826559567307692 0.13647718749999999 0.4872347379807692 0.12283075 0.482908358173077 0.11518162500000001
3 0.3471020288461538 0.37745324038461536 0.23643355288461537 0.3379938509615385 0.21274691346153848 0.3446039615384615 0.1938648197115385 0.3751246610576923 0.22249580048076922 0.41312831490384616 0.29132147596153846 0.4444242091346154 0.33403001442307695 0.4279965793269231 0.35140380288461537 0.40330780288461543 0.3471020288461538 0.37745324038461536