0 0.1984375 0.5984375 0.20468750000000002 0.6109375 0.20468750000000002 0.6203125 0.215625 0.6499999999999999 0.2140625 0.6640625 0.215625 0.6671875 0.21875 0.6671875 0.221875 0.6640625 0.2265625 0.6656249999999999 0.234375 0.653125 0.23593750000000002 0.6328125 0.23125 0.6187499999999999 0.2296875 0.6046875 0.22499999999999998 0.5953125 0.221875 0.5703125 0.22031250000000002 0.5265625 0.215625 0.521875 0.20468750000000002 0.51875 0.18593749999999998 0.5234375 0.1828125 0.53125 0.1828125 0.5390625 0.1984375 0.5984375
0 0.059375 0.31718749999999996 0.065625 0.32343750000000004 0.0703125 0.32499999999999996 0.0734375 0.31718749999999996 0.0859375 0.3015625 0.078125 0.2875 0.065625 0.271875 0.059375 0.2671875 0.056249999999999994 0.2609375 0.0421875 0.246875 0.0359375 0.2453125 0.03125 0.25625 0.026562500000000003 0.2796875 0.05 0.3 0.059375 0.31718749999999996
0 0.3265625 0.3421875 0.328125 0.33125000000000004 0.3140625 0.31875 0.3046875 0.33125000000000004 0.31562500000000004 0.34687500000000004 0.3203125 0.34687500000000004 0.3265625 0.3421875
0 0.4046875 0.34843749999999996 0.3984375 0.328125 0.3921875 0.328125 0.390625 0.365625 0.39375000000000004 0.37031250000000004 0.40156250000000004 0.3671875 0.4046875 0.34843749999999996
0 0.4625 0.3109375 0.459375 0.30781250000000004 0.4515625 0.3203125 0.45625000000000004 0.334375 0.4625 0.33125000000000004 0.4625 0.3109375
0 0.7578125 0.284375 0.7562500000000001 0.2953125 0.76875 0.30625 0.7671874999999999 0.2875 0.7578125 0.284375
0 0.7749999999999999 0.3109375 0.76875 0.3203125 0.76875 0.34062499999999996 0.7765625 0.33125000000000004 0.7749999999999999 0.3109375
0 0.809375 0.275 0.8125 0.2890625 0.8171875 0.2640625 0.809375 0.275
0 0.8671875 0.3109375 0.8703125 0.3 0.8640625 0.290625 0.8671875 0.3109375
0 0.90625 0.2265625 0.9140625 0.23125 0.909375 0.2140625 0.90625 0.2265625
0 0.9437500000000001 0.31875 0.9390624999999999 0.328125 0.9484375 0.33906250000000004 0.9515625000000001 0.321875 0.9437500000000001 0.31875
0 0.44062500000000004 0.35468750000000004 0.421875 0.359375 0.41718750000000004 0.36875 0.44062500000000004 0.3734375 0.44062500000000004 0.35468750000000004
0 0.5578125 0.49687499999999996 0.575 0.47187500000000004 0.575 0.4625 0.56875 0.453125 0.55 0.4625 0.540625 0.47343749999999996 0.546875 0.49687499999999996 0.5578125 0.49687499999999996
3 0.0796875 0.559375 0.08124999999999999 0.5734375 0.1171875 0.621875 0.1640625 0.6390625000000001 0.1953125 0.6375 0.1984375 0.6015625 0.1828125 0.5359375 0.1875 0.5234375 0.1984375 0.5171875 0.215625 0.521875 0.22031250000000002 0.5296875 0.22499999999999998 0.5265625 0.22499999999999998 0.4390625 0.21875 0.4125 0.17343750000000002 0.35468750000000004 0.15 0.3515625 0.0953125 0.3140625 0.08906249999999999 0.3140625 0.08124999999999999 0.328125 0.0796875 0.3734375 0.09843750000000001 0.4046875 0.10625000000000001 0.46406250000000004 0.0796875 0.559375
3 0.5015625 0.48124999999999996 0.5203125 0.49531250000000004 0.5421875 0.5 0.5446796875 0.4876796875 0.539584375 0.46868593750000004 0.5650593749999999 0.45525 0.574321875 0.440425 0.5669109375 0.409384375 0.6 0.38593750000000004 0.5796875 0.3453125 0.5484375 0.3125 0.546875 0.328125 0.534375 0.34062499999999996 0.5125 0.35468750000000004 0.5046875 0.3453125 0.5 0.3515625 0.49531250000000004 0.37187499999999996 0.50625 0.390625 0.49687499999999996 0.4703125 0.5015625 0.48124999999999996
3 0.4046875 0.33906250000000004 0.4125 0.35468750000000004 0.42500000000000004 0.3578125 0.4390625 0.3421875 0.44062500000000004 0.32343750000000004 0.446875 0.3125 0.44999999999999996 0.3125 0.45625000000000004 0.2984375 0.44843750000000004 0.2625 0.4390625 0.24843749999999998 0.43281250000000004 0.2515625 0.42656249999999996 0.25 0.415625 0.2375 0.4 0.24375000000000002 0.3921875 0.2578125 0.390625 0.284375 0.4046875 0.3015625 0.40156250000000004 0.31875 0.4046875 0.33906250000000004
3 0.2578125 0.3140625 0.2625 0.32343750000000004 0.2734375 0.321875 0.28125 0.34062499999999996 0.2859375 0.3421875 0.2921875 0.3265625 0.29595 0.32113593749999997 0.27856562500000004 0.303478125 0.2769609375 0.29705781249999996 0.29274062500000003 0.28555312499999996 0.290625 0.22812500000000002 0.284375 0.22031250000000002 0.2671875 0.21875 0.2546875 0.22499999999999998 0.2515625 0.2390625 0.25 0.265625 0.25625 0.28125 0.2546875 0.2828125 0.2578125 0.3140625
3 0.4765625 0.2984375 0.47968750000000004 0.303125 0.48124999999999996 0.303125 0.4828125 0.3 0.49531250000000004 0.3 0.4984375 0.2984375 0.5015625 0.2921875 0.5015625 0.284375 0.503125 0.2828125 0.5046875 0.265625 0.50625 0.2640625 0.50625 0.253125 0.503125 0.246875 0.5015625 0.234375 0.49687499999999996 0.22499999999999998 0.4921875 0.23125 0.48124999999999996 0.2390625 0.478125 0.24843749999999998 0.478125 0.2546875 0.4765625 0.25625 0.4765625 0.265625 0.475 0.2671875 0.478125 0.271875 0.4765625 0.2984375
3 0.7484375000000001 0.275 0.75 0.278125 0.7546875 0.28125 0.7609375 0.28125 0.7640625000000001 0.278125 0.7640625000000001 0.2734375 0.765625 0.271875 0.765625 0.2625 0.7671874999999999 0.2609375 0.7703125 0.2609375 0.7703125 0.25 0.76875 0.24843749999999998 0.76875 0.24375000000000002 0.765625 0.2421875 0.7640625000000001 0.24375000000000002 0.7640625000000001 0.24843749999999998 0.7625 0.24843749999999998 0.7584921875 0.2637671875 0.746875 0.2390625 0.7437499999999999 0.23281249999999998 0.7359374999999999 0.23593750000000002 0.734375 0.2390625 0.7328125000000001 0.24375000000000002 0.7453125 0.2640625 0.7484375000000001 0.2703125 0.7484375000000001 0.275
3 0.71875 0.31875 0.7250000000000001 0.32499999999999996 0.7250000000000001 0.328125 0.7281249999999999 0.33125000000000004 0.7406250000000001 0.3359375 0.7484375000000001 0.3359375 0.7515624999999999 0.334375 0.7546875 0.33125000000000004 0.7546875 0.32499999999999996 0.7562500000000001 0.32343750000000004 0.7562500000000001 0.30937499999999996 0.7625 0.3015625 0.7625 0.2984375 0.7578125 0.2984375 0.7375 0.2921875 0.7328125000000001 0.2859375 0.7328125000000001 0.28125 0.7265625 0.278125 0.7234375 0.2734375 0.71875 0.278125 0.7124999999999999 0.29375 0.7124999999999999 0.3015625 0.71875 0.30625 0.71875 0.31875
3 0.8328125 0.246875 0.8296874999999999 0.25 0.828125 0.2578125 0.828125 0.278125 0.8526921875 0.2841734375 0.85625 0.290625 0.8609374999999999 0.290625 0.8640625 0.275 0.8640625 0.2625 0.871875 0.25625 0.8734375000000001 0.2515625 0.8734375000000001 0.23281249999999998 0.8703125 0.21718749999999998 0.8687499999999999 0.2140625 0.8584078125 0.23205781250000002 0.8544515625 0.210728125 0.8515625 0.19687500000000002 0.8374999999999999 0.2 0.83125 0.20937499999999998 0.825 0.23125 0.825 0.23593750000000002 0.8328125 0.2421875 0.8328125 0.246875
3 0.9328125 0.26875 0.934375 0.29375 0.9390624999999999 0.30781250000000004 0.9421875 0.3109375 0.9484375 0.3125 0.9624999999999999 0.2984375 0.9703124999999999 0.3 0.9750000000000001 0.2953125 0.9750000000000001 0.25625 0.971875 0.24843749999999998 0.9624999999999999 0.23593750000000002 0.9578125 0.234375 0.953125 0.24375000000000002 0.9488421874999999 0.25379843750000003 0.9418890625 0.26037656249999996 0.9437500000000001 0.2390625 0.9421875 0.234375 0.9390624999999999 0.23281249999999998 0.934375 0.23593750000000002 0.9330578125 0.243459375 0.929675 0.2475953125 0.9296875 0.2625 0.9328125 0.26875