1 0.3341810384615385 0.22994275961538463 0.3444979086538461 0.2337181971153846 0.36989981490384616 0.23767453605769231 0.3737013149038461 0.2356783028846154 0.3744103100961539 0.21964674038461537 0.37895803125000005 0.1991063798076923 0.37597719471153845 0.17753336057692307 0.3741369326923077 0.17444856009615384 0.3703773052884615 0.17361816105769232 0.34959001923076927 0.17643160576923078 0.3382366923076923 0.17896552884615383 0.3315910432692308 0.1819878317307692 0.32110201442307695 0.1898329951923077 0.3172074567307692 0.1981106346153846 0.31793216586538464 0.21284399038461538 0.3243870456730769 0.22269857211538463 0.3341810384615385 0.22994275961538463
1 0.38818612500000005 0.27637427884615384 0.39572864423076926 0.2764647307692308 0.3959938581730769 0.25856272115384615 0.39252736538461536 0.23794588942307693 0.37273465384615384 0.23727660817307694 0.36752736538461533 0.2386866298076923 0.3651828341346154 0.23781429807692306 0.36044258653846156 0.23952441105769232 0.3532787091346154 0.2457013918269231 0.35169611057692307 0.2570498557692308 0.35398015624999996 0.26200509855769233 0.3684492524038462 0.27193615625 0.3839734134615385 0.27430157451923076 0.38818612500000005 0.27637427884615384
1 0.3204989831730769 0.516968516826923 0.33838628846153845 0.518949983173077 0.3357329086538462 0.5070991682692307 0.33558226201923075 0.4854422884615385 0.3380198509615384 0.4800332115384615 0.34232562259615384 0.4758245096153846 0.33856599519230773 0.4749941081730769 0.3319529158653846 0.4758179182692308 0.3139679014423077 0.48043192788461536 0.3020777355769231 0.4873768125 0.2986781370192308 0.494070125 0.2981133822115385 0.5003655072115385 0.3012942956730769 0.5084335024038462 0.30641783173076925 0.51267675 0.3204989831730769 0.516968516826923
1 0.3678322620192308 0.6000138870192308 0.3711760240384615 0.5970894206730769 0.37085787019230765 0.5867390769230769 0.3777873461538462 0.5645584831730769 0.37639086538461536 0.5633441298076923 0.36412206009615383 0.5640215841346155 0.35325904326923074 0.5652852475961538 0.3461370432692308 0.5686355961538462 0.34089253125 0.5725581778846154 0.33604061538461544 0.5818059807692307 0.3387591346153846 0.5892598125 0.34481211057692307 0.5944173173076923 0.3678322620192308 0.6000138870192308
1 0.3760238990384615 0.6835911466346154 0.39630691826923076 0.6829901682692309 0.3982216274038462 0.68104984375 0.39876777403846153 0.6760107403846154 0.39568922596153844 0.6610331971153846 0.3897897956730769 0.6455113701923078 0.39042434375 0.6345049326923077 0.38667867788461535 0.6327323221153847 0.3705618413461539 0.6385467067307692 0.3615437427884615 0.6425811009615384 0.3543705600961538 0.6493862211538463 0.35047599999999995 0.657663860576923 0.34986471634615385 0.6670999471153846 0.3586548221153846 0.6784550024038462 0.36473106250000004 0.68204215625 0.3760238990384615 0.6835911466346154
1 0.32716921634615387 0.9578460264423078 0.3281265673076923 0.9568758629807692 0.3272064375 0.9553334639423077 0.3234281995192308 0.95575934375 0.3201123533653846 0.956799389423077 0.32716921634615387 0.9578460264423078
1 0.3271133798076923 0.9616148701923077 0.3152790504807692 0.9647909086538462 0.3109825841346154 0.96837146875 0.3132666298076923 0.9733267139423076 0.3269179591346154 0.9748058245192308 0.3321299014423077 0.9730817355769231 0.3331570504807692 0.9674005168269232 0.3299342620192308 0.9621591538461539 0.3271133798076923 0.9616148701923077
1 0.3348001370192308 0.9519691394230769 0.33153081971153847 0.9498684807692308 0.32348403365384615 0.9519905000000001 0.31872982932692306 0.9546428245192308 0.2959999158653846 0.9612810216346154 0.2855481105769231 0.9666136225961538 0.2721916706730769 0.9770552091346154 0.2601898389423077 0.99153778125 0.3347181418269231 0.9893295360576922 0.3348001370192308 0.9519691394230769
2 0.9732629783653847 0.8203499591346154 0.9686157884615384 0.8157786658653846 0.9696615504807693 0.8088411658653847 0.9588729831730769 0.8050797043269231 0.9423449350961538 0.8068251538461539 0.9281521177884616 0.810071076923077 0.9325154783653846 0.8338006610576923 0.9372091947115385 0.8352312475961539 0.9537139759615385 0.8350561490384615 0.9674257908653847 0.8324523485576923 0.9736695360576924 0.8247329663461538 0.9732629783653847 0.8203499591346154
2 0.926123983173077 0.7878419615384615 0.9227243846153846 0.7945352716346155 0.9259983533653846 0.7963218605769231 0.9321257764423077 0.7964542403846154 0.9387621201923076 0.7940600793269231 0.9397892692307692 0.7883788605769231 0.9344173701923076 0.7690742139423077 0.9328655865384616 0.7465170552884615 0.9260506754807692 0.7291387572115385 0.9204461346153846 0.7255376298076922 0.9143187091346154 0.7254052475961538 0.9109889086538462 0.7273875048076923 0.9080749663461538 0.7331246298076923 0.906773295673077 0.7573359975961539 0.9076841225961538 0.7595065384615385 0.9175013798076923 0.7651803725961539 0.9230268221153846 0.7741206995192308 0.926123983173077 0.7878419615384615
2 0.8538820048076924 0.6675487932692307 0.8629047572115385 0.6632003293269231 0.8648520384615386 0.6590615120192307 0.8739259711538462 0.6512582740384616 0.8758732524038462 0.647119454326923 0.8775023798076924 0.6326302908653846 0.8761477740384614 0.6285893028846155 0.8714540552884615 0.6271587139423077 0.8662607235576923 0.6276265240384615 0.8553465264423077 0.6323449615384615 0.8476876875 0.6401062692307692 0.8545537788461538 0.6540297908653846 0.8539936754807692 0.6600111033653846 0.8511076514423077 0.6638638076923077 0.8515374735576924 0.6666764639423076 0.8538820048076924 0.6675487932692307
2 0.82861328125 0.6227772860576923 0.8205758004807693 0.6242711634615384 0.8133746995192308 0.6329607067307692 0.8123568581730769 0.6380137860576922 0.81609321875 0.6404145384615384 0.8326259158653847 0.638355016826923 0.8354793701923077 0.6367008076923076 0.8337693870192309 0.6248220408653846 0.82861328125 0.6227772860576923
2 0.7976254423076923 0.6139635384615384 0.80051146875 0.6101108365384615 0.8025006225961538 0.6031453822115385 0.8021499014423077 0.5949935288461539 0.7979278822115384 0.5935489663461538 0.7932062475961538 0.5940027980769231 0.7822827451923077 0.599349375 0.7868694447115385 0.6080035841346154 0.783936891826923 0.6149969879807693 0.7749187932692307 0.6190313822115385 0.7763199302884616 0.6199316634615385 0.7852682331730769 0.620608326923077 0.7976254423076923 0.6139635384615384
2 0.7734833341346155 0.5886224639423077 0.7777379206730769 0.5878685360576923 0.7787860072115385 0.580774 0.7812166177884615 0.5758360288461538 0.7864611322115385 0.5719134447115384 0.7889312908653847 0.5643058774038462 0.7890522668269231 0.5561400480769231 0.7862639543269231 0.5533972716346154 0.7810799278846154 0.5532369399038461 0.7667661322115384 0.5646486875 0.7736368774038461 0.578258141826923 0.7735903485576923 0.5813988461538462 0.770746201923077 0.5824249110576922 0.7702465865384615 0.5843233100961538 0.7711341490384616 0.5880642019230768 0.7734833341346155 0.5886224639423077
2 0.8613709687500001 0.5439514302884615 0.8628698173076923 0.538256235576923 0.8620427427884615 0.5304324302884615 0.859263735576923 0.5270615144230769 0.8564707716346154 0.5246328076923077 0.8456682427884614 0.5218135576923078 0.8382141322115384 0.5157557716346154 0.8287848221153846 0.5157212235576923 0.8273650745192308 0.5160772259615385 0.8310688653846154 0.5206764711538462 0.8242464086538461 0.5356334423076923 0.8251665384615384 0.5371758413461538 0.8448382716346153 0.5460109495192308 0.8585035600961538 0.5465478509615385 0.8613709687500001 0.5439514302884615
2 0.8666817668269231 0.47190353365384613 0.8615303125 0.4695447091346154 0.8455391033653845 0.4668791971153846 0.84081746875 0.46733303125 0.8359609014423076 0.47689490625000003 0.8362604447115385 0.48850152884615383 0.8578654975961538 0.49414003125 0.868723860576923 0.4931904350961539 0.8706339182692309 0.49156418028846155 0.8712824254807692 0.47961553125 0.8666817668269231 0.47190353365384613
2 0.8423407235576923 0.3963391538461538 0.8339664783653846 0.38873896874999997 0.8317568798076922 0.37875859855769234 0.8270445528846154 0.3785842908653846 0.8278623197115385 0.3870362379807692 0.8182468966346155 0.39956450721153847 0.8302830528846153 0.4145905721153846 0.839189483173077 0.4180938677884616 0.8449103485576923 0.4138432379807692 0.8455542043269231 0.40220865625 0.8423407235576923 0.3963391538461538
2 0.8357817235576923 0.36168699038461544 0.8372712620192307 0.3566199375 0.8345760072115385 0.3475957524038461 0.8280327211538462 0.3437085048076923 0.8157732235576923 0.34375781730769234 0.8100988870192308 0.34486774278846155 0.808188829326923 0.34649399999999997 0.8061624495192308 0.35597201442307697 0.8070360528846153 0.36065511778846154 0.8182963197115385 0.36440260336538466 0.8329143100961538 0.3642834110576923 0.8357817235576923 0.36168699038461544
2 0.8409418701923077 0.2679822139423077 0.8415624591346155 0.2579179879807692 0.8346591442307693 0.24650702884615386 0.8329491610576922 0.2346282596153846 0.8306139350961538 0.23312779086538463 0.8221187187500001 0.23369343269230772 0.8206850120192308 0.2349916418269231 0.8209985120192307 0.2456560576923077 0.8160721490384616 0.25992898557692307 0.8243952115384615 0.2709839471153846 0.8337779927884615 0.2741591971153846 0.8375748413461538 0.2724770336538462 0.8409418701923077 0.2679822139423077
2 0.9369571466346154 0.24755710096153846 0.9408703173076923 0.23802318028846156 0.9396646057692308 0.2239319423076923 0.934568985576923 0.21780427163461538 0.9169812187499999 0.22742943509615385 0.9121944447115384 0.23228025240384614 0.9190326177884616 0.2480881971153846 0.922278670673077 0.25175920673076924 0.9265099951923077 0.25257563221153845 0.93123628125 0.2518077283653846 0.9369571466346154 0.24755710096153846
2 0.9835615889423077 0.15701939903846154 0.9755799447115384 0.1547444326923077 0.9706815 0.16713293990384617 0.9639195288461538 0.17800699759615385 0.9623974182692308 0.18527254567307694 0.9759510336538462 0.1933471346153846 0.9834656322115385 0.1953220048076923 0.9914845000000001 0.19508440865384616 0.9962340528846153 0.19274615625 0.9966714254807693 0.16322354326923078 0.9835615889423077 0.15701939903846154