1 0.7487289447115385 0.7957474230769231 0.7630205216346154 0.8236369951923077 0.7783732187500001 0.8201112379807692 0.7775152524038462 0.7891366298076924 0.7487289447115385 0.7957474230769231
3 0.7318770721153847 0.7590943341346155 0.7638648822115385 0.7704512980769231 0.7832634447115385 0.7317076009615384 0.7636345168269231 0.6645206225961539 0.733773483173077 0.6183864399038461 0.6973108245192308 0.6267601105769232 0.6941138557692308 0.6368457884615384 0.7318770721153847 0.7590943341346155
2 0.1433131298076923 0.6230651225961539 0.1590993485576923 0.6630801057692307 0.17295740865384615 0.6474289375000001 0.14842918509615385 0.6125387259615385 0.1433131298076923 0.6230651225961539
1 0.9054619639423076 0.8065110528846154 0.9255062692307692 0.80502503125 0.9321124254807691 0.778570608173077 0.92613840625 0.7581223990384616 0.886049795673077 0.7610944423076924 0.8890390745192308 0.785345266826923 0.9054619639423076 0.8065110528846154
2 0.36501486778846154 0.20432582932692306 0.3835645336538462 0.19071439663461537 0.35988067067307694 0.10263849038461538 0.34452343990384615 0.07811081009615384 0.32192337499999996 0.09888675 0.3558438774038462 0.19396329807692309 0.36501486778846154 0.20432582932692306
3 0.84253553125 0.5334910432692308 0.8105522548076922 0.5501875120192308 0.8506362163461538 0.6477294903846154 0.8555386802884615 0.6917557572115385 0.8619703750000001 0.719174826923077 0.9120834038461538 0.7294864879807693 0.9260862259615384 0.7070690024038462 0.9274085048076923 0.6897954975961539 0.9237555480769231 0.6663922163461538 0.9144133341346153 0.6323193317307693 0.8766546538461538 0.5381242235576923 0.84253553125 0.5334910432692308
2 0.37929737500000005 0.17610853125 0.38761493028846156 0.1835498918269231 0.3927309855769231 0.1730234951923077 0.3940043293269231 0.13532510096153846 0.4050898701923077 0.11719348076923077 0.39996928125000003 0.09966644471153846 0.3615875360576923 0.10848083653846154 0.37929737500000005 0.17610853125
2 0.8277770144230769 0.40041713701923076 0.8403571923076923 0.3944109278846154 0.8311816682692308 0.35599495913461543 0.8156122115384616 0.3377503485576923 0.8058045528846154 0.34623701201923074 0.8196716802884616 0.3866927115384616 0.8277770144230769 0.40041713701923076
2 0.885137408653846 0.39347861778846155 0.9062473677884615 0.3886307043269231 0.9026168822115385 0.35517564182692307 0.8934458942307693 0.3448131081730769 0.8731893653846154 0.35258219471153845 0.8751129879807693 0.38019491105769226 0.885137408653846 0.39347861778846155
1 0.5839178004807692 0.9395799759615385 0.6048200745192308 0.9690685625 0.6427773701923076 0.9728203028846154 0.6540751346153846 0.9484056153846154 0.6472431466346154 0.896982798076923 0.5990537403846153 0.9142838509615385 0.5764491418269231 0.9070063557692307 0.5839178004807692 0.9395799759615385
2 0.6546392451923077 0.4807014639423077 0.6687185985576923 0.5148740985576923 0.6806575721153846 0.49966365144230773 0.6738301153846155 0.47629426923076923 0.6546392451923077 0.4807014639423077
3 0.6349696057692308 0.8066979663461538 0.6025370624999999 0.6732066658653846 0.5623199014423077 0.5642459375000001 0.5350146274038461 0.4988218365384615 0.42904037740384615 0.5356275408653846 0.4642432980769231 0.6491125649038462 0.4764727331730769 0.6552098052884615 0.49098192788461537 0.6640004134615385 0.5067519879807693 0.7452248966346153 0.528670576923077 0.8275809735576923 0.5442992355769231 0.8308246658653846 0.5369003028846154 0.7428274423076923 0.5399422115384616 0.6415223966346153 0.5770927620192308 0.6923851947115385 0.6154584903846154 0.8232358966346154 0.6349696057692308 0.8066979663461538
1 0.28517232451923075 0.9614295937499999 0.28823212259615383 0.9523323846153846 0.28047618269230773 0.9313364254807692 0.24977078365384614 0.9383879374999999 0.25631862259615384 0.9548141514423077 0.26406236298076924 0.9662775096153846 0.28517232451923075 0.9614295937499999
2 0.16484753846153846 0.6056510745192308 0.1716749903846154 0.6290204591346154 0.18510860336538462 0.6259354230769231 0.18489184375 0.6041650528846154 0.16484753846153846 0.6056510745192308
2 0.6708453750000001 0.48009687980769233 0.6866270552884616 0.49205842788461535 0.7021919807692308 0.48224960576923076 0.69237978125 0.46268283413461536 0.6708453750000001 0.48009687980769233
3 1 0.6084556274038462 0.9883754206730769 0.5786199399038462 0.9254745240384616 0.6086509879807692 0.9525214471153846 0.6667560889423078 0.9652171370192307 0.7183846514423077 0.9666514639423076 0.7425842211538461 0.98819040625 0.7532236105769231 1 0.75051153125 1 0.6084556274038462
1 0.4717712403846154 0.8742852572115385 0.4599549927884615 0.8677658269230769 0.4496149110576923 0.86726640625 0.44383476923076925 0.8668700264423077 0.44883078846153845 0.8749214399038461 0.4528442716346154 0.8860725192307692 0.4615350528846154 0.8938521009615384 0.46904406971153845 0.8898271826923078 0.4717712403846154 0.8742852572115385
1 0.5041915961538461 0.8783048317307693 0.5030870745192307 0.8641852451923077 0.4877155192307692 0.8671417716346154 0.47635279086538457 0.8709014615384615 0.48382675961538457 0.8835583052884615 0.49298863701923074 0.8929503774038461 0.5001329014423077 0.8921980817307692 0.5041915961538461 0.8783048317307693
1 0.4137569134615384 0.8737774230769231 0.40659230288461534 0.8767739182692308 0.4002330673076923 0.8740091586538461 0.3978747716346154 0.8814490264423077 0.40747084134615386 0.8884440336538462 0.4134470673076923 0.8882218245192307 0.41663042067307693 0.8823162740384615 0.4137569134615384 0.8737774230769231
1 0.20888669951923078 0.9131016586538461 0.21340347596153847 0.9324381658653846 0.2212282283653846 0.9398399567307693 0.23141275240384618 0.9449729158653846 0.23687568509615384 0.9287715480769231 0.2336467331730769 0.9151398341346154 0.22377586298076924 0.90590746875 0.20888669951923078 0.9131016586538461
1 0.1985401442307692 0.9358515360576922 0.20212179567307692 0.9442277596153846 0.20869521153846152 0.9447599134615385 0.21002444711538462 0.9441366995192308 0.21454345192307694 0.9350503918269231 0.21265480769230768 0.9285858365384616 0.20813306490384614 0.9273237908653846 0.19822440625 0.9244248269230769 0.1954724735576923 0.9279308341346154 0.1985401442307692 0.9358515360576922
1 0.3555395889423077 0.8851707884615384 0.3393310192307692 0.8891455865384615 0.3395691009615385 0.897712985576923 0.3467663485576923 0.9081329086538462 0.3547485793269231 0.91090071875 0.35844399519230774 0.9054511298076923 0.3600918197115384 0.8929999302884616 0.3555686009615385 0.8865668485576923 0.3555395889423077 0.8851707884615384
3 0.43505975 0.8366100985576923 0.4640628173076923 0.8517696778846153 0.47578956490384616 0.8428422932692308 0.4802598774038461 0.7950582211538462 0.4476217884615385 0.7183901514423077 0.40732095673076923 0.7276452620192307 0.4049774206730769 0.7406521105769232 0.43505975 0.8366100985576923
3 0.3403878004807692 0.8770545528846154 0.3578718100961539 0.8668050120192308 0.3472016466346154 0.8162636298076923 0.33461693269230774 0.7942164086538461 0.30753748557692306 0.806669548076923 0.32631298317307694 0.8709353533653845 0.3403878004807692 0.8770545528846154
3 0.41842463701923077 0.8217273774038462 0.3988002451923077 0.7825938365384615 0.36702919471153844 0.7930072427884615 0.38665812019230766 0.86019421875 0.4162978605769231 0.8565045985576922 0.41842463701923077 0.8217273774038462
3 0.3194945985576923 0.9036728365384616 0.3250351009615385 0.8805803100961539 0.30562293509615385 0.8351636995192308 0.2953862908653846 0.8281630600961538 0.28728549278846155 0.8424920673076923 0.30008696875 0.8863096634615384 0.3194945985576923 0.9036728365384616
3 0.48900188221153845 0.789933451923077 0.48260341105769233 0.7820513725961539 0.4681132163461538 0.8446051706730769 0.4689666490384615 0.8475263461538461 0.4745116875 0.8524872524038462 0.4811223798076923 0.8540862668269231 0.4887987283653846 0.852323389423077 0.5007377019230769 0.8371129399038462 0.5003087163461538 0.8216256346153846 0.4951881274038462 0.8040985961538462 0.49241560817307695 0.801618141826923 0.48900188221153845 0.789933451923077