1 0.7231063798076923 0.2471688341346154 0.7435644855769231 0.25155257451923074 0.7667560504807691 0.2455866610576923 0.773671716346154 0.2284957548076923 0.7593482860576923 0.20997814903846154 0.7232820384615385 0.2010348653846154 0.7231063798076923 0.2471688341346154
2 0.2724343389423077 0.043849108173076926 0.26284764182692305 0.034678204326923076 0.2376528028846154 0.020947759615384618 0.23006937740384614 0.03147321394230769 0.2564865048076923 0.06785706490384616 0.2724343389423077 0.043849108173076926
2 0.23183456490384616 0.1339150096153846 0.25580711778846155 0.12499205048076924 0.24828612500000002 0.09890603605769231 0.2228648221153846 0.10422058653846154 0.21622641826923078 0.12935546875 0.23183456490384616 0.1339150096153846
1 0.6731463677884615 0.3090188317307693 0.6822293389423078 0.32919075721153845 0.6701864447115384 0.3384134855769231 0.6560270480769231 0.33746235336538466 0.6593150360576924 0.34320064903846154 0.6920932980769231 0.34640563701923077 0.7059754326923078 0.33931279567307693 0.7058113990384616 0.3217463221153846 0.6884772475961539 0.3055343990384615 0.6688001298076922 0.29819360817307694 0.6583192139423077 0.30150224759615385 0.6731463677884615 0.3090188317307693
1 0.6657661490384614 0.4279001730769231 0.6575657692307693 0.4589491442307692 0.6941357427884616 0.45689140865384614 0.7006609158653846 0.44127902403846153 0.6896254735576922 0.4284997115384615 0.6584091899038461 0.4193806298076923 0.6657661490384614 0.4279001730769231
1 0.6593933822115384 0.5247794711538462 0.6592293485576923 0.5072129975961539 0.6474129158653846 0.4973907283653846 0.6366547379807692 0.49265539423076926 0.6261738245192308 0.49596403125 0.6313010480769231 0.5038322091346153 0.6326365649038461 0.5169631177884615 0.6317423461538462 0.5294426586538461 0.6593933822115384 0.5247794711538462
1 0.5925288870192308 0.6597284375 0.5889578221153846 0.677796389423077 0.6124832668269231 0.6751132019230769 0.6178369567307692 0.6639363846153846 0.6116514783653846 0.6509812764423076 0.58528515625 0.6416863966346154 0.5925288870192308 0.6597284375
1 0.5513629543269231 0.797406826923077 0.5766710264423077 0.8016147740384615 0.5909436514423076 0.793043408653846 0.590389125 0.7769554591346155 0.5767334543269231 0.7650033052884615 0.5615158076923077 0.7589652427884614 0.5513629543269231 0.797406826923077
1 0.609756016826923 1 0.6109763798076924 0.9900069951923077 0.5944232139423077 0.9708380288461539 0.5695056418269231 0.9651515600961538 0.5736254158653846 0.9950217764423077 0.57339746875 1 0.609756016826923 1
2 0.2592358798076923 0.27569769951923073 0.26229740384615385 0.3004809855769231 0.2966376442307692 0.2977718894230769 0.3035533076923077 0.28068098076923076 0.293185625 0.27446712259615386 0.27350850721153847 0.2671263317307692 0.2592358798076923 0.27569769951923073
2 0.28737901442307695 0.3237339326923077 0.29250623798076925 0.3316021105769231 0.3297439711538462 0.3361098269230769 0.33364891346153847 0.3213246009615384 0.31921225240384615 0.31232949278846156 0.2950756658653846 0.3036859783653846 0.28737901442307695 0.3237339326923077
2 0.2909326322115385 0.40121663942307695 0.3199191850961538 0.40968435817307697 0.3208134038461538 0.3972048149038461 0.2966768173076923 0.38856130048076926 0.2909326322115385 0.40121663942307695
2 0.3051428293269231 0.42925674278846154 0.2917644230769231 0.4253485649038462 0.2804459014423077 0.43637549759615385 0.2797723317307692 0.46166026682692307 0.2931253413461538 0.4520239591346154 0.3097663341346154 0.44812594471153844 0.300960625 0.4359979927884616 0.3051428293269231 0.42925674278846154
2 0.25422617067307696 0.5401977572115384 0.27758176923076927 0.5517983173076924 0.28410694230769235 0.5361859326923077 0.25930259615384615 0.5209769639423076 0.25422617067307696 0.5401977572115384
2 0.23230768990384615 0.5959060456730769 0.24195100240384615 0.6003157019230769 0.2557765216346154 0.5979841057692308 0.26508595192307693 0.5991110360576923 0.27345036538461537 0.5856285384615385 0.2442685673076923 0.5779000793269231 0.23230768990384615 0.5959060456730769
2 0.21740648076923078 0.6887013701923077 0.2310113485576923 0.6735645504807692 0.21743769471153845 0.6703956346153847 0.19689756971153846 0.6572286538461539 0.19326989182692306 0.6800578557692307 0.21740648076923078 0.6887013701923077
2 0.20396564182692306 0.7214046610576923 0.20564084855769232 0.7059680721153847 0.17888403125 0.6981517187499999 0.16806342548076922 0.7300278509615384 0.17698236298076922 0.7326333028846155 0.20396564182692306 0.7214046610576923
2 0.1546363605769231 0.8399760697115385 0.15480620673076922 0.8256923221153846 0.13571483173076923 0.8161337524038461 0.1339263894230769 0.8410928365384615 0.1491440408653846 0.8471309014423076 0.1546363605769231 0.8399760697115385
2 0.1260032764423077 0.8801857860576923 0.1372651778846154 0.8739201009615385 0.13827262740384616 0.8519180600961539 0.11915003846153846 0.8606652235576924 0.11262486538461539 0.8762776081730769 0.1260032764423077 0.8801857860576923