0 0.7516263894230769 0.5116986538461539 0.7548531298076924 0.5012214759615385 0.7509420528846154 0.49574991105769234 0.7414372379807692 0.49557018028846156 0.7358435000000001 0.5008620168269231 0.7398563605769231 0.5158455841346153 0.7516263894230769 0.5116986538461539
0 0.7958501105769231 0.5641977451923077 0.807481545673077 0.5711004447115384 0.8167459783653845 0.5728178028846154 0.8269719375 0.5683846466346154 0.8096449735576924 0.5572617836538462 0.8003805408653846 0.5555444230769231 0.7958501105769231 0.5641977451923077
0 0.6508177379807693 0.4756075528846154 0.6551077860576923 0.4684918605769231 0.6449186370192308 0.45236338701923073 0.6320852956730769 0.45314883173076925 0.6426166153846153 0.47725167788461537 0.6508177379807693 0.4756075528846154
0 0.3889057235576923 0.16915983173076923 0.40410606490384615 0.17355972596153846 0.39546098798076923 0.15771747836538463 0.3889057235576923 0.16915983173076923
3 0.8061801322115384 0.8335025336538462 0.7827786682692307 0.8307467620192307 0.7340526923076923 0.8375362572115385 0.7510006802884616 0.8612463798076924 0.7658956610576924 0.8371102740384615 0.7774253100961539 0.8345009711538461 0.8196978100961538 0.8486658317307693 0.8252915480769231 0.8433739951923077 0.8061801322115384 0.8335025336538462
3 0.7449261778846155 0.8696134735576924 0.7421802019230769 0.8770153942307692 0.7656834543269231 0.8892831634615385 0.7616705913461538 0.8742995961538462 0.7449261778846155 0.8696134735576924
3 0.6865458846153847 0.6942438173076924 0.818614954326923 0.7234721899038461 0.8306253653846153 0.7177876298076923 0.8404441730769231 0.6753064687499999 0.8395194591346153 0.6608953557692308 0.8327606177884616 0.6533137067307693 0.7325994975961538 0.6537329807692308 0.6967436658653846 0.6391753966346154 0.6958189495192308 0.62476428125 0.6833277764423078 0.6335240985576923 0.680341420673077 0.6424636466346154 0.7014408629807692 0.6701077091346155 0.7213678413461538 0.6797015793269231 0.7176141538461539 0.6842095721153847 0.688228548076923 0.6834804134615384 0.6756355913461539 0.6827282283653846 0.6865458846153847 0.6942438173076924
3 0.6671095649038462 0.5340041947115385 0.6867017427884616 0.5408003990384616 0.7447939375 0.5452402668269231 0.778898841346154 0.5471654302884615 0.8096449735576924 0.5572617836538462 0.8170231658653846 0.550718545673077 0.8271841442307692 0.5162117572115384 0.8254364951923077 0.49690152644230773 0.8186776586538461 0.4893198798076923 0.797744983173077 0.5012614495192308 0.7843290961538462 0.4956101538461538 0.7811391634615384 0.48552569951923075 0.7646351298076923 0.4793019495192308 0.7573587235576924 0.4953571875 0.7411968581730769 0.4971078076923077 0.667941125 0.4677064158653846 0.6527039783653846 0.4838681514423077 0.6919901201923077 0.5069725600961539 0.7114928125000001 0.5165668894230769 0.7122643173076924 0.5227807620192307 0.6707727331730768 0.520725173076923 0.6603507259615384 0.5264225456730769 0.6671095649038462 0.5340041947115385
3 0.5079401610576924 0.44437559374999996 0.47657795432692307 0.4417263197115385 0.4683768317307692 0.44337044471153847 0.47238969230769234 0.45835401201923076 0.5247863605769231 0.45857371394230767 0.5920043966346153 0.47578057211538466 0.5898777764423077 0.4690576033653846 0.5309994567307692 0.4391569903846154 0.5079401610576924 0.44437559374999996
3 0.37648181009615383 0.4722192235576923 0.3782662644230769 0.4709678245192308 0.3921629158653846 0.4735438605769231 0.39494569711538463 0.4455803125 0.3938823870192308 0.4422188269230769 0.38770609855769234 0.44107392067307694 0.3810490480769231 0.44300427403846154 0.37487275961538463 0.4418593677884616 0.37308830528846154 0.44311076923076925 0.3464969086538462 0.43027054567307693 0.34340876442307694 0.42969809374999995 0.33675171394230774 0.4316284447115385 0.32985428125 0.4350964254807692 0.3307789975961538 0.44950753846153846 0.33623414663461537 0.4552653341346154 0.3504729663461538 0.46581574278846155 0.3610410889423077 0.4693569591346154 0.3623447788461539 0.47118081490384617 0.37648181009615383 0.4722192235576923
3 0.42043697836538463 0.4756206826923077 0.42187926201923076 0.4663949086538462 0.4259289302884615 0.4608168461538461 0.43509157692307693 0.4530222043269231 0.4324841947115384 0.44937449278846153 0.40932310817307693 0.44508109375000005 0.40523663701923074 0.4712207884615385 0.40654032692307696 0.4730446418269231 0.4058191850961539 0.47765753125 0.40866694951923077 0.4797676105769231 0.4225635985576923 0.4823436514423077 0.42458843269230767 0.47955462019230766 0.42613250480769227 0.47984084855769227 0.42043697836538463 0.4756206826923077
3 0.3467850072115385 0.6012003365384616 0.3496327716346154 0.6033104182692308 0.3514172235576923 0.6020590168269231 0.3560494399038462 0.6029176947115384 0.38789240865384617 0.6024917115384615 0.39300538701923077 0.6002751346153846 0.3908787668269231 0.5935521634615385 0.3923210504807692 0.5843263894230769 0.38225725 0.5792157812500001 0.3749940865384615 0.5732035240384615 0.37320963701923077 0.5744549254807693 0.36857741826923074 0.5735962475961538 0.36192036778846154 0.5755265985576923 0.35511498798076924 0.5853166658653847 0.34277214663461536 0.5862167692307693 0.3413298581730769 0.5954425408653846 0.3393050264423077 0.5982315721153847 0.34060871875000004 0.6000554302884615 0.3467850072115385 0.6012003365384616
3 0.42340606971153844 0.6090749206730769 0.42508873798076924 0.5983115192307692 0.42687318990384615 0.5970601177884615 0.4275943317307692 0.5924472283653845 0.4267714014423077 0.5875481153846154 0.4239236370192308 0.5854380336538462 0.4192914206730769 0.5845793533653846 0.41750696875 0.5858307572115384 0.41133068028846154 0.5846858509615385 0.40800215384615385 0.5856510264423077 0.40597731971153844 0.5884400576923077 0.40405427403846156 0.6007410889423077 0.40666165624999995 0.6043888004807692 0.41283794711538463 0.6055337091346155 0.4141416346153846 0.6073575625 0.42340606971153844 0.6090749206730769
3 0.36616269951923075 0.3959434879807692 0.36664346153846156 0.39286822836538465 0.3618968076923077 0.38465172836538464 0.3775905600961539 0.38382218749999997 0.37889425240384617 0.3856460408653846 0.3850705408653846 0.38679094711538464 0.38637423317307695 0.38861480288461536 0.3925505216346154 0.3897597091346154 0.3961194278846154 0.38725690625 0.39756171153846154 0.3780311298076923 0.3941314014423077 0.36948430288461537 0.3511377596153846 0.3599323317307693 0.3462651586538461 0.36061128125 0.34424032692307693 0.36340031009615387 0.3455440192307692 0.36522416826923076 0.344822875 0.36983705528846156 0.3469494975961539 0.3765600240384615 0.36022679326923074 0.3932609519230769 0.36307455528846155 0.39537103605769236 0.36616269951923075 0.3959434879807692
3 0.4341386850961539 0.3879758269230769 0.4371250408653846 0.3790362788461538 0.43427727884615386 0.3769261971153846 0.4219246995192308 0.3746363846153846 0.4177732475961538 0.37070244711538464 0.4180136274038461 0.3691648149038462 0.41314102884615383 0.3698437644230769 0.4119023173076923 0.39809354326923074 0.4149904639423077 0.3986659951923077 0.4139271514423077 0.3953045120192308 0.4161923677884615 0.3909778485576923 0.41715388942307696 0.3848273317307692 0.4305697788461539 0.39047863221153845 0.4341386850961539 0.3879758269230769
3 0.43956565865384617 0.34309835817307693 0.44062896874999996 0.34645984375 0.45071633173076925 0.35307631490384617 0.4584366923076923 0.3545074471153846 0.4635496706730769 0.35229087019230765 0.4626249543269231 0.3378797548076923 0.46489016826923074 0.33355309375 0.45919464182692304 0.32933293028846156 0.4076577091346154 0.3134507091346154 0.38401586298076923 0.31223256971153845 0.3691576899038462 0.31580704567307694 0.3697402379807692 0.3222437908653846 0.37770098076923075 0.3221372932692308 0.3815102668269231 0.3180968581730769 0.39386284615384615 0.3203866706730769 0.4193909302884615 0.3298654110576923 0.43956565865384617 0.34309835817307693
2 0.59261284375 0.2686266346153846 0.5913091514423077 0.2668027788461539 0.5927514350961538 0.2575770048076923 0.5914477451923077 0.2557531490384615 0.5870559086538462 0.2533568413461538 0.5821833125 0.25403578846153846 0.5798163100961539 0.24885044951923077 0.5803988581730769 0.2552871923076923 0.57147659375 0.2615442043269231 0.5694517596153846 0.26433323557692306 0.5731224519230769 0.27134243028846156 0.5728820697115384 0.2728800625 0.5791601490384616 0.28353696875 0.5837923629807692 0.28439564663461536 0.5873612716346154 0.28189284375 0.5916513197115385 0.2747771490384615 0.59261284375 0.2686266346153846
2 0.6484311947115384 0.34859005528846154 0.6533037908653847 0.3479111081730769 0.6540249350961538 0.34329821875 0.6490505480769231 0.33446516826923073 0.6469239278846154 0.3277421995192308 0.6361154206730769 0.3257386129807692 0.6343309687500001 0.32699001442307696 0.6296987524038461 0.32613133413461537 0.6181691033653846 0.3287406346153846 0.6179287235576923 0.3302782668269231 0.6192324158653846 0.33210212019230767 0.6300409182692307 0.3341057067307692 0.6385842115384615 0.34043595432692303 0.64119159375 0.34408366346153846 0.6484311947115384 0.34859005528846154