1 0.15390625000000002 0.22977725721153847 0.16171875000000002 0.22743259134615385 0.15546875 0.19460726923076924 0.13515625 0.17116061057692308 0.11875 0.17819460817307692 0.109375 0.19343493509615386 0.10468749999999999 0.21453692788461537 0.10625000000000001 0.22157092548076923 0.13515625 0.22274325961538463 0.15390625000000002 0.22977725721153847
1 0.23593750000000002 0.28487690384615383 0.24375000000000002 0.2790152403846154 0.2234375 0.23563892067307693 0.20703125 0.22508792548076922 0.19687500000000002 0.22743259134615385 0.18515625000000002 0.24501758413461536 0.1828125 0.2567409134615385 0.1828125 0.28487690384615383 0.21796875 0.27198124278846153 0.23046875 0.2731535745192308 0.23593750000000002 0.28487690384615383
1 0.32109374999999996 0.24267291826923076 0.321875 0.24618991826923078 0.3265625 0.24267291826923076 0.32734375000000004 0.2368112548076923 0.321875 0.21219226201923075 0.303125 0.19226260336538464 0.2890625 0.2004689326923077 0.28203125 0.21336459615384615 0.2796875 0.22626025721153847 0.27890625 0.23915592067307692 0.28203125 0.24032825240384614 0.29921875 0.23563892067307693 0.32109374999999996 0.24267291826923076
1 0.39609375 0.27198124278846153 0.4 0.2672919110576923 0.39531249999999996 0.23798358653846152 0.37734375 0.2180539278846154 0.36875 0.2180539278846154 0.35703125 0.2286049230769231 0.35078125000000004 0.24618991826923078 0.34921875 0.27198124278846153 0.3734375 0.2637749110576923 0.3921875 0.26494724519230767 0.39609375 0.27198124278846153
1 0.515625 0.2672919110576923 0.51015625 0.26260257932692305 0.50859375 0.24736225 0.50234375 0.23446658894230768 0.48515624999999996 0.22274325961538463 0.478125 0.22391559134615385 0.46484375 0.24618991826923078 0.4625 0.2790152403846154 0.46640625 0.28135990625 0.4765625 0.2731535745192308 0.515625 0.2672919110576923
1 0.6234375000000001 0.3223915600961539 0.61640625 0.2919109038461538 0.59609375 0.27784290625 0.58671875 0.28018757211538464 0.5765625 0.2942555697115385 0.5734375 0.30480656490384617 0.57265625 0.3294255576923077 0.57578125 0.3317702235576923 0.6015625 0.3223915600961539 0.6234375000000001 0.3223915600961539
1 0.72734375 0.21219226201923075 0.71875 0.21336459615384615 0.71015625 0.22274325961538463 0.7015625000000001 0.24384525240384616 0.7007812499999999 0.2661195769230769 0.7515624999999999 0.25791324759615386 0.7453125 0.22743259134615385 0.72734375 0.21219226201923075
1 0.81328125 0.2672919110576923 0.84296875 0.26963657692307696 0.8500000000000001 0.2872215721153846 0.8570312499999999 0.28135990625 0.8570312499999999 0.2754982403846154 0.846875 0.26494724519230767 0.8414062499999999 0.24032825240384614 0.8343750000000001 0.22977725721153847 0.8226562500000001 0.22274325961538463 0.81171875 0.22274325961538463 0.8031250000000001 0.2321219230769231 0.7953125000000001 0.24501758413461536 0.7890625 0.27080890865384616 0.784375 0.27784290625 0.784375 0.29073856971153844 0.7945312499999999 0.2989449014423077 0.79609375 0.27667057451923077 0.81328125 0.2672919110576923
3 0.17734375000000002 0.47479484134615385 0.17343750000000002 0.4947245024038462 0.17343750000000002 0.516998826923077 0.18125000000000002 0.5357561538461538 0.175 0.5392731538461539 0.17890625 0.5803048076923077 0.19609375 0.5803048076923077 0.22421875000000002 0.5720984759615384 0.2609375 0.5720984759615384 0.27890625 0.5521688149038462 0.27109375 0.5158264951923077 0.2734375 0.5087924975961539 0.2703125 0.4958968341346154 0.2703125 0.47010550961538466 0.265625 0.46776084375000004 0.2703125 0.44665885096153846 0.26328125 0.4138335288461539 0.24375000000000002 0.38218053846153843 0.23203125000000002 0.38452520432692305 0.23515625 0.3927315360576923 0.23515625 0.40797186298076926 0.23046875 0.41500586057692307 0.21796875 0.4091441971153846 0.21250000000000002 0.3985931995192308 0.203125 0.39155920192307697 0.20156249999999998 0.376318875 0.19609375 0.36459554567307695 0.18515625000000002 0.35873387980769234 0.17890625 0.3481828846153846 0.17421874999999998 0.34935521634615385 0.18906250000000002 0.39038687019230767 0.1828125 0.44665885096153846 0.1765625 0.46189918028846155 0.17734375000000002 0.47479484134615385
3 0.0796875 0.5005861658653846 0.0859375 0.5111371634615385 0.15 0.5134818293269231 0.1515625 0.47010550961538466 0.1484375 0.46189918028846155 0.1515625 0.44314185336538464 0.1515625 0.4103165288461538 0.16171875000000002 0.3610785456730769 0.16875 0.3505275504807692 0.16875 0.34349355288461536 0.17812499999999998 0.34114888701923074 0.17578125 0.30480656490384617 0.17343750000000002 0.3001172331730769 0.153125 0.2919109038461538 0.1484375 0.2942555697115385 0.15 0.3165298942307692 0.1421875 0.34583821875 0.1421875 0.36576787740384614 0.13359375 0.38452520432692305 0.12578125 0.3739742091346154 0.1234375 0.3516998822115385 0.11484375 0.32708089182692307 0.10703125 0.2825322379807692 0.07734374999999999 0.30246189903846155 0.08281250000000001 0.37514654086538457 0.08203125 0.4196951923076923 0.0765625 0.46776084375000004 0.0796875 0.5005861658653846
3 0.30937499999999996 0.4994138341346154 0.30937499999999996 0.39155920192307697 0.29296875 0.34701055048076923 0.29296875 0.3376318870192308 0.28046875 0.30480656490384617 0.27109375 0.3141852283653846 0.26640625 0.3094958966346154 0.2515625 0.32590855769230764 0.275 0.5005861658653846 0.27890625 0.509964829326923 0.2828125 0.509964829326923 0.30937499999999996 0.4994138341346154
3 0.33203125 0.53223915625 0.33515625000000004 0.5381008197115384 0.353125 0.5486518173076923 0.37578124999999996 0.5416178197115384 0.39140624999999996 0.5533411490384615 0.40546875000000004 0.5533411490384615 0.41328125000000004 0.5427901514423077 0.4203125 0.5228604927884615 0.4203125 0.48300117307692303 0.41484374999999996 0.4583821802884615 0.41640625 0.44665885096153846 0.41328125000000004 0.42203985817307693 0.415625 0.38452520432692305 0.42734375 0.376318875 0.43125 0.39038687019230767 0.43281250000000004 0.38686987019230773 0.42734375 0.3622508798076923 0.40312499999999996 0.3388042211538461 0.39531249999999996 0.33645955528846155 0.39531249999999996 0.35873387980769234 0.3890625 0.40445486538461534 0.38203125000000004 0.42790152403846154 0.37578124999999996 0.4314185240384615 0.36015624999999996 0.3798358725961538 0.35390625 0.34583821875 0.34921875 0.3376318870192308 0.34687500000000004 0.34232121875000004 0.33984375 0.34349355288461536 0.3296875 0.3634232115384615 0.3359375 0.46893317788461536 0.3265625 0.5017585 0.33203125 0.5146541610576923 0.33203125 0.53223915625
3 0.45234375000000004 0.3786635408653846 0.4546875 0.46189918028846155 0.45234375000000004 0.5146541610576923 0.4546875 0.5298944903846153 0.4609375 0.5357561538461538 0.4859375 0.5310668221153846 0.5 0.5357561538461538 0.528125 0.53223915625 0.53984375 0.516998826923077 0.54453125 0.4970691682692308 0.5375 0.44431418509615384 0.5453125 0.43024618990384617 0.53671875 0.4314185240384615 0.53203125 0.4255568581730769 0.52734375 0.39742086778846153 0.53125 0.3798358725961538 0.5296875 0.35873387980769234 0.5359375 0.34935521634615385 0.540625 0.3516998822115385 0.540625 0.34701055048076923 0.5296875 0.33645955528846155 0.5125 0.32825322355769226 0.50625 0.3739742091346154 0.50078125 0.39155920192307697 0.50078125 0.40562719711538464 0.49687499999999996 0.41500586057692307 0.48671875 0.41500586057692307 0.4828125 0.3739742091346154 0.47734374999999996 0.36811254326923076 0.47187500000000004 0.33645955528846155 0.46562499999999996 0.3352872211538462 0.4546875 0.34232121875000004 0.453125 0.3505275504807692 0.446875 0.35756154807692303 0.4515625 0.36694021153846157 0.45234375000000004 0.3786635408653846
3 0.5578125 0.6025791322115385 0.56484375 0.6107854639423077 0.575 0.6131301298076923 0.6382812499999999 0.6143024615384616 0.64453125 0.6060961322115385 0.64765625 0.5896834711538461 0.64765625 0.5298944903846153 0.6382812499999999 0.46776084375000004 0.6390625000000001 0.4325908557692308 0.640625 0.42203985817307693 0.6539062499999999 0.40797186298076926 0.6429687500000001 0.39390386778846154 0.6343749999999999 0.3950762019230769 0.6312500000000001 0.39038687019230767 0.62421875 0.39155920192307697 0.6195312500000001 0.40328253125 0.6156250000000001 0.4091441971153846 0.6109375 0.40679953124999996 0.61015625 0.41266119471153845 0.59140625 0.4130515817307692 0.590625 0.40328253125 0.5875 0.40211019951923077 0.57890625 0.41500586057692307 0.56875 0.4196951923076923 0.5609375 0.4548651826923077 0.56015625 0.5017585 0.5640625 0.5302848774038462 0.55703125 0.5849941394230769 0.5578125 0.6025791322115385
3 0.7703125 0.5017585 0.7703125 0.509964829326923 0.7757812500000001 0.5310668221153846 0.7718750000000001 0.5474794831730769 0.7757812500000001 0.5638921442307692 0.80078125 0.5674091442307693 0.82890625 0.5603751466346154 0.87890625 0.5662368100961538 0.8882812499999999 0.5627198125 0.8921874999999999 0.4982415 0.87890625 0.4173505264423077 0.87890625 0.38921453605769235 0.8812500000000001 0.36811254326923076 0.88671875 0.3563892139423077 0.8851562500000001 0.3481828846153846 0.85546875 0.3376318870192308 0.8500000000000001 0.3563892139423077 0.8414062499999999 0.3692848774038462 0.8414062499999999 0.376318875 0.81640625 0.4478311850961539 0.7867187499999999 0.42086752644230774 0.7953125000000001 0.3786635408653846 0.7953125000000001 0.372801875 0.7914062500000001 0.3692848774038462 0.7914062500000001 0.35756154807692303 0.7828124999999999 0.35873387980769234 0.7710937499999999 0.3692848774038462 0.7632812499999999 0.4009378653846154 0.76484375 0.4349355216346154 0.77265625 0.46893317788461536 0.7734375 0.4982415 0.7703125 0.5017585
3 0.67186796875 0.43174443028846154 0.6734374999999999 0.5123094951923076 0.68046875 0.5193434927884616 0.7015625000000001 0.520515826923077 0.71171875 0.5158264951923077 0.715625 0.5275498245192307 0.7269531250000001 0.5252051586538461 0.7359374999999999 0.5298944903846153 0.73828125 0.48417350480769233 0.75 0.40797186298076926 0.7632812499999999 0.3739742091346154 0.7671874999999999 0.3739742091346154 0.7796875000000001 0.35873387980769234 0.7770374999999999 0.35366471394230764 0.7815609375 0.3409331778846154 0.7796875000000001 0.33411488942307693 0.7476562499999999 0.3153575625 0.74820078125 0.34008440865384615 0.7374578125 0.3731840552884615 0.7204945312500001 0.4028886274038461 0.7 0.32473622596153845 0.67578125 0.3388042211538461 0.67130234375 0.3519671754807692 0.671875 0.3634232115384615 0.67109375 0.40445486538461534 0.66960625 0.41562016346153846 0.67186796875 0.43174443028846154
2 0.109375 0.8815943725961539 0.1015625 0.8429073846153846 0.08124999999999999 0.84407971875 0.078125 0.8616647139423077 0.07734374999999999 0.8851113725961538 0.08203125 0.8921453701923077 0.09921875 0.8921453701923077 0.109375 0.8815943725961539
2 0.171875 0.8522860480769231 0.16953125000000002 0.8276670576923078 0.15468749999999998 0.8147713942307693 0.13828125 0.8159437283653846 0.1375 0.8347010552884615 0.14765625 0.8429073846153846 0.15 0.8534583822115385 0.171875 0.8522860480769231
2 0.203125 0.8956623677884615 0.21718749999999998 0.8874560384615384 0.21875 0.8757327091346153 0.20703125 0.8546307139423077 0.19374999999999998 0.8569753798076923 0.17734375000000002 0.8628370456730768 0.17734375000000002 0.8722157091346154 0.18906250000000002 0.8921453701923077 0.203125 0.8956623677884615
2 0.26171875 0.8604923798076923 0.26015625 0.84407971875 0.24375000000000002 0.825322391826923 0.23593750000000002 0.8335287211538461 0.21796875 0.8393903870192307 0.21875 0.8546307139423077 0.23984375000000002 0.8686987115384616 0.25 0.8686987115384616 0.26171875 0.8604923798076923
2 0.28671875 0.8112543966346154 0.290625 0.8018757331730769 0.2890625 0.7901524038461538 0.27109375 0.7901524038461538 0.26328125 0.8147713942307693 0.2640625 0.8311840552884615 0.2703125 0.8347010552884615 0.28515625 0.8311840552884615 0.28671875 0.8112543966346154
2 0.36953125 0.8347010552884615 0.36953125 0.8229777259615385 0.36484375 0.8194607259615385 0.34453124999999996 0.8229777259615385 0.33125000000000004 0.8499413822115385 0.33046875 0.8534583822115385 0.3375 0.8616647139423077 0.35703125 0.8569753798076923 0.36953125 0.8347010552884615
2 0.43125 0.8558030480769231 0.43281250000000004 0.8358733870192308 0.42734375 0.8241500576923078 0.41093749999999996 0.8241500576923078 0.40546875000000004 0.84056271875 0.4046875 0.8558030480769231 0.40937500000000004 0.8628370456730768 0.4234375 0.8640093798076923 0.43125 0.8558030480769231
2 0.48203125 0.8112543966346154 0.48203125 0.8018757331730769 0.45546875 0.7971864014423077 0.44296875 0.825322391826923 0.446875 0.8335287211538461 0.46640625 0.8358733870192308 0.48203125 0.8112543966346154
2 0.5640625 0.8358733870192308 0.56328125 0.8147713942307693 0.55859375 0.8007033990384615 0.53515625 0.8018757331730769 0.534375 0.8100820625 0.540625 0.8335287211538461 0.55625 0.8393903870192307 0.5640625 0.8358733870192308
2 0.7054687500000001 0.821805391826923 0.7015625000000001 0.8124267283653845 0.6773437499999999 0.8018757331730769 0.6617187499999999 0.8159437283653846 0.6609375 0.8335287211538461 0.6734374999999999 0.8382180528846154 0.69609375 0.8335287211538461 0.7054687500000001 0.821805391826923
2 0.7921875 0.8511137163461538 0.7867187499999999 0.825322391826923 0.7632812499999999 0.8241500576923078 0.76171875 0.8276670576923078 0.75859375 0.8475967163461539 0.7632812499999999 0.8604923798076923 0.7906249999999999 0.866354045673077 0.7921875 0.8511137163461538
2 0.8078125 0.9132473629807693 0.83671875 0.8956623677884615 0.8414062499999999 0.889800704326923 0.8414062499999999 0.8815943725961539 0.8374999999999999 0.8769050408653847 0.8234375 0.8815943725961539 0.796875 0.8733880432692308 0.7789062499999999 0.8921453701923077 0.7789062499999999 0.90504103125 0.7828124999999999 0.9026963653846154 0.7945312499999999 0.9120750288461538 0.8078125 0.9132473629807693
2 0.9156249999999999 0.9648300120192308 0.91796875 0.9613130120192307 0.91484375 0.920281360576923 0.89375 0.9109026971153846 0.8843749999999999 0.9109026971153846 0.8828125 0.9144196947115385 0.88203125 0.9390386875 0.8875 0.9554513485576923 0.90625 0.9636576778846154 0.9156249999999999 0.9648300120192308