2 0.253125 0.4078125 0.253125 0.4 0.2546875 0.3984375 0.2578125 0.3828125 0.2578125 0.3734375 0.259375 0.37187499999999996 0.2578125 0.3671875 0.2546875 0.365625 0.246875 0.365625 0.24375000000000002 0.3671875 0.2390625 0.3734375 0.2390625 0.38125 0.2375 0.3828125 0.23593750000000002 0.4234375 0.2390625 0.42656249999999996 0.2453125 0.4234375 0.253125 0.4078125
3 0.3125 0.334375 0.3265625 0.328125 0.33125000000000004 0.33281249999999996 0.33125000000000004 0.3375 0.34062499999999996 0.34687500000000004 0.3421875 0.3453125 0.3421875 0.321875 0.34062499999999996 0.31875 0.33906250000000004 0.2953125 0.3359375 0.2875 0.32499999999999996 0.2765625 0.3140625 0.271875 0.3046875 0.2734375 0.3015625 0.2765625 0.290625 0.278125 0.2890625 0.2890625 0.29375 0.35 0.303125 0.34375 0.3125 0.334375
2 0.19374999999999998 0.34843749999999996 0.19374999999999998 0.353125 0.1921875 0.35468750000000004 0.1921875 0.36875 0.19687500000000002 0.375 0.203125 0.375 0.2078125 0.37187499999999996 0.2109375 0.36406249999999996 0.2109375 0.353125 0.2140625 0.34843749999999996 0.215625 0.3359375 0.2140625 0.334375 0.2140625 0.3296875 0.21250000000000002 0.3265625 0.2078125 0.321875 0.2 0.321875 0.2 0.32343750000000004 0.19374999999999998 0.3265625 0.19374999999999998 0.33281249999999996 0.1921875 0.334375 0.1921875 0.34687500000000004 0.19374999999999998 0.34843749999999996
1 0.300375 0.260209375 0.3020125 0.2592734375 0.3052875 0.2620828125 0.3160515625 0.267465625 0.31875 0.271875 0.3203125 0.26875 0.3203125 0.2578125 0.31875 0.2546875 0.3125 0.24843749999999998 0.3046875 0.24843749999999998 0.3 0.25 0.296875 0.253125 0.296875 0.2578125 0.2953125 0.259375 0.2975671875 0.26137968749999996 0.300375 0.260209375
3 0.48906249999999996 0.33906250000000004 0.5015625 0.3453125 0.5078125 0.34062499999999996 0.521875 0.3359375 0.5296875 0.3359375 0.5328125 0.33906250000000004 0.534375 0.3375 0.534375 0.33125000000000004 0.525 0.3125 0.5234375 0.3015625 0.51875 0.2921875 0.50625 0.278125 0.5015625 0.2765625 0.49375 0.2796875 0.490625 0.2828125 0.490625 0.2875 0.48906249999999996 0.2890625 0.4913984375 0.30721875 0.48906249999999996 0.33906250000000004
2 0.7515624999999999 0.7109375 0.7593749999999999 0.7109375 0.7609375 0.7124999999999999 0.7671874999999999 0.7140625 0.7671874999999999 0.70625 0.76875 0.7046874999999999 0.76875 0.7015625000000001 0.765625 0.6953125 0.7625 0.6937500000000001 0.7562500000000001 0.6937500000000001 0.7546875 0.6921875 0.7437499999999999 0.6921875 0.7406250000000001 0.6953125 0.7406250000000001 0.7015625000000001 0.7484375000000001 0.7093750000000001 0.7515624999999999 0.7109375
1 0.80800625 0.474575 0.8127562500000001 0.4796171875 0.8145015625 0.4831078125 0.8170234375000001 0.4856296875 0.8203125 0.48750000000000004 0.8234375 0.48124999999999996 0.8234375 0.4671875 0.8203125 0.46406250000000004 0.8140624999999999 0.4609375 0.8062499999999999 0.4609375 0.8015625 0.46562499999999996 0.8 0.46562499999999996 0.7984374999999999 0.4671875 0.7989890625 0.4751546875 0.8028671875 0.4749609375 0.80800625 0.474575
2 0.5203125 0.4140625 0.5296875 0.40156250000000004 0.5328125 0.38593750000000004 0.53125 0.3828125 0.528125 0.38125 0.5234375 0.37968749999999996 0.5171875 0.37968749999999996 0.509375 0.38749999999999996 0.5078125 0.41093749999999996 0.509375 0.415625 0.515625 0.41718750000000004 0.5203125 0.4140625
0 0.2453125 0.35468750000000004 0.2453125 0.36250000000000004 0.246875 0.365625 0.253125 0.365625 0.259375 0.36875 0.259375 0.359375 0.2515625 0.3375 0.25 0.3359375 0.24843749999999998 0.3375 0.24375000000000002 0.3375 0.24375000000000002 0.353125 0.2453125 0.35468750000000004
2 0.32343750000000004 0.446875 0.328125 0.453125 0.33125000000000004 0.453125 0.3359375 0.44999999999999996 0.3359375 0.44843750000000004 0.33906250000000004 0.4453125 0.33906250000000004 0.44062500000000004 0.34062499999999996 0.4390625 0.34375 0.40312499999999996 0.3421875 0.4 0.3421875 0.3921875 0.34062499999999996 0.390625 0.33906250000000004 0.390625 0.33125000000000004 0.396875 0.328125 0.40312499999999996 0.328125 0.40937500000000004 0.3265625 0.41093749999999996 0.32499999999999996 0.4375 0.32343750000000004 0.4390625 0.32499999999999996 0.44062500000000004 0.32343750000000004 0.446875
0 0.73125 0.5671875 0.7437499999999999 0.5765625 0.753125 0.575 0.7562500000000001 0.571875 0.7578125 0.571875 0.7640625000000001 0.5640625 0.7640625000000001 0.55 0.7625 0.546875 0.7593749999999999 0.5484375 0.7453125 0.5609375 0.7390625 0.5640625 0.73125 0.5640625 0.73125 0.5671875
3 0.184375 0.253125 0.18593749999999998 0.2546875 0.18593749999999998 0.259375 0.18906250000000002 0.2640625 0.203125 0.2578125 0.22499999999999998 0.259375 0.23593750000000002 0.2640625 0.2375 0.259375 0.23593750000000002 0.2578125 0.23593750000000002 0.246875 0.234375 0.2453125 0.234375 0.2390625 0.23281249999999998 0.23593750000000002 0.22499999999999998 0.22812500000000002 0.2234375 0.22812500000000002 0.22031250000000002 0.22499999999999998 0.1984375 0.22499999999999998 0.1953125 0.2265625 0.1921875 0.2296875 0.1921875 0.23125 0.184375 0.2375 0.184375 0.253125
2 0.528125 0.4234375 0.5359375 0.4234375 0.540625 0.41874999999999996 0.5421875 0.39375000000000004 0.5390625 0.38749999999999996 0.5375 0.38749999999999996 0.5328125 0.3828125 0.528125 0.3828125 0.5265625 0.38593750000000004 0.5265625 0.39375000000000004 0.525 0.39531249999999996 0.5265625 0.396875 0.528125 0.4234375
2 0.2953125 0.43125 0.303125 0.43125 0.30625 0.4296875 0.30625 0.428125 0.3125 0.4203125 0.3140625 0.41093749999999996 0.31562500000000004 0.40937500000000004 0.31562500000000004 0.4 0.3125 0.3890625 0.30781250000000004 0.38593750000000004 0.3015625 0.38593750000000004 0.2921875 0.3984375 0.2921875 0.40625 0.2890625 0.41093749999999996 0.2890625 0.41718750000000004 0.2875 0.41874999999999996 0.2890625 0.42500000000000004 0.2953125 0.43125
3 0.7796875000000001 0.5421875 0.78125 0.5453125 0.7796875000000001 0.5640625 0.7906249999999999 0.575 0.7921875 0.5734375 0.8023437499999999 0.5734375 0.8234375 0.5796875 0.828125 0.5734375 0.828125 0.5265625 0.8234375 0.5078125 0.8187500000000001 0.503125 0.815625 0.49531250000000004 0.809375 0.490625 0.79375 0.490625 0.7828124999999999 0.49687499999999996 0.784375 0.5015625 0.7828124999999999 0.5265625 0.784375 0.534375 0.7796875000000001 0.5421875