1 0.6512289254807692 0.20353652403846154 0.64235921875 0.20958032692307693 0.6343572331730769 0.22536794711538463 0.6300476346153846 0.24145824999999999 0.6357659182692307 0.25353422836538464 0.6397487572115386 0.24612256249999998 0.6484369302884615 0.2449002283653846 0.648691079326923 0.23815017548076925 0.6576334014423076 0.23017778846153847 0.6763857716346154 0.22397684134615387 0.7022324471153846 0.22609559134615387 0.7156259543269231 0.23106258173076924 0.7260132716346154 0.2502921826923077 0.7309727548076924 0.24973146153846154 0.7279338990384615 0.2320715096153846 0.7162068677884614 0.21563389663461538 0.693330076923077 0.2002168317307692 0.6699086802884615 0.1992641610576923 0.6512289254807692 0.20353652403846154
1 0.8134976490384616 0.3532232475961538 0.8144742932692307 0.36007419230769233 0.8391627908653846 0.36016346153846157 0.8489002235576923 0.36386348317307693 0.8514707307692307 0.36117238942307694 0.8482140336538462 0.3492981947115385 0.8397800120192307 0.3437704831730769 0.8225125865384615 0.34332227403846155 0.8134976490384616 0.3532232475961538
1 0.49085168028846154 0.29872393990384616 0.4723534615384616 0.2981748389423077 0.46467823798076924 0.30528382451923075 0.46536442548076923 0.3198491105769231 0.5012026875 0.3189178317307692 0.49805490865384616 0.3041507620192308 0.49085168028846154 0.29872393990384616
1 0.38919677163461536 0.34262343509615384 0.4232959399038462 0.3550913629807692 0.4142483389423077 0.33306977644230773 0.40092744471153846 0.32617419951923077 0.3799313293269231 0.32638760576923076 0.37214718750000003 0.33638947115384615 0.3730875240384615 0.34420470432692307 0.38919677163461536 0.34262343509615384
1 0.2903447908653846 0.24649867548076923 0.27379986298076925 0.2596514639423077 0.2632273677884615 0.27813017788461536 0.2628642956730769 0.28777310576923076 0.27003122115384615 0.2941642235576923 0.27763382932692304 0.28898381971153847 0.28874728365384617 0.2889275625 0.3599518100961539 0.29960081490384616 0.3745035 0.30659728365384614 0.37540752884615386 0.3153768125 0.3802943990384616 0.31674467788461536 0.3819608798076923 0.3052740576923077 0.37334896394230765 0.2716809543269231 0.36516908894230765 0.25940318990384614 0.3495318341346154 0.24844865384615386 0.3313240697115385 0.2401852139423077 0.31286215624999997 0.23867181971153845 0.2903447908653846 0.24649867548076923
1 0.26858258653846157 0.29984908653846154 0.2605116298076923 0.2846784423076923 0.24331681971153846 0.28230164903846156 0.23205813701923078 0.2862150793269231 0.22304320192307692 0.2961160504807692 0.21884251923076922 0.30931347355769234 0.22336631971153847 0.3203242668269231 0.24993549278846153 0.3360440096153846 0.26061326201923074 0.34755926442307694 0.2658995096153846 0.33831990865384615 0.26858258653846157 0.29984908653846154
1 0.18239068509615386 0.2937508798076923 0.18496119471153843 0.29105978605769234 0.18405716346153847 0.28228025721153843 0.17080888221153845 0.27345609375 0.15973173557692308 0.27254806009615384 0.14836413221153846 0.2793543653846154 0.1490866298076923 0.29295536057692306 0.18239068509615386 0.2937508798076923
3 0.8431056802884616 0.38660294230769227 0.8378557379807692 0.3948780024038462 0.8177999615384616 0.40290664663461534 0.8159483052884616 0.45208558413461536 0.8243097139423077 0.4595418846153846 0.8549706490384616 0.4649570817307692 0.8588445673076923 0.4604383004807693 0.8627620793269231 0.38918151682692304 0.8431056802884616 0.38660294230769227
3 0.6868964495192308 0.4366703725961539 0.6813088149038461 0.5522846274038462 0.6910462475961539 0.5559846490384616 0.7711930985576922 0.5586855096153847 0.7791224687499999 0.5448264759615384 0.7805384399038461 0.5072190504807692 0.7748564615384615 0.49417877884615385 0.7703726105769231 0.44931684615384615 0.7839149927884616 0.4175398149038462 0.7976062427884615 0.34901876201923077 0.7993090312500001 0.3365838461538461 0.7934455144230769 0.3283650408653846 0.7251382596153846 0.30632206490384617 0.723867514423077 0.3400723125 0.7080813870192307 0.3658618004807692 0.6917143509615384 0.40707997115384614 0.6868964495192308 0.4366703725961539
3 0.6425661274038461 0.3024551201923077 0.6088626947115384 0.3122668221153846 0.5952876514423078 0.31212129326923077 0.5689689807692307 0.32253835096153843 0.5656360240384616 0.34547959375000004 0.5697967524038462 0.36613331730769233 0.5652330048076923 0.38897366586538457 0.5766695745192307 0.41312562500000005 0.5852125216346153 0.4157604615384616 0.5980977307692308 0.4342275528846154 0.5970811346153846 0.4612277548076923 0.5846606298076923 0.49599855528846154 0.5867555048076923 0.5387301201923077 0.6160767235576923 0.5469373076923078 0.6640050841346153 0.5528007115384616 0.6702462427884615 0.41982918750000003 0.6649999471153846 0.39521740144230766 0.6307265312499999 0.3217972379807692 0.6461858966346153 0.3046863846153846 0.6425661274038461 0.3024551201923077
3 0.5156345216346154 0.4274677307692307 0.5195084399038461 0.4229489495192308 0.5136812331730769 0.41376584855769233 0.5223694038461538 0.4125435120192308 0.5189311706730769 0.40549078365384617 0.5231354951923077 0.35940651201923074 0.5187206177884616 0.3455028389423077 0.49910052403846156 0.34195996634615383 0.4851950721153846 0.3833799278846154 0.48457785576923074 0.39977290625 0.49435159375 0.40250863221153843 0.503326579326923 0.42645880288461535 0.5156345216346154 0.4274677307692307
3 0.1719088918269231 0.4737709711538462 0.17512928365384614 0.48660945913461534 0.17183263221153847 0.5085864086538462 0.15687428125000002 0.5779708581730769 0.14481684134615386 0.6030987331730769 0.14449008173076924 0.6117773701923077 0.1516933125 0.6172041899038461 0.24439860817307693 0.64705078125 0.2838929447115385 0.6473864735576923 0.3236414278846154 0.6409721153846154 0.37421291105769233 0.64221584375 0.3771464903846154 0.6298818197115386 0.3723322331730769 0.6265853701923076 0.3714282019230769 0.6178058413461538 0.38399029326923073 0.61206471875 0.3860561490384615 0.5899868774038461 0.37650389663461536 0.5485785408653846 0.3802725360576923 0.5140657836538461 0.4120226802884615 0.4905521947115385 0.44036725240384617 0.4919084399038462 0.45546354567307695 0.4844405168269231 0.4877909591346154 0.47838509375 0.4991948701923077 0.4706144903846154 0.5030724302884615 0.4332088557692308 0.5009012980769231 0.42529272596153844 0.4889927331730769 0.41367657692307697 0.37525501442307696 0.3850076875 0.36920996634615383 0.38161034374999997 0.3613205456730769 0.3616182355769231 0.3280164855769231 0.3608227139423077 0.32211301923076924 0.3864550504807692 0.30292496874999997 0.4042275168269231 0.2918478221153846 0.40331948076923074 0.26372473317307693 0.36329063221153846 0.1685905096153846 0.3651648125 0.1074465360576923 0.3823997980769231 0.042250750000000004 0.3760881850961538 0.011843966346153846 0.3639229375 0.008975711538461538 0.4401020745192307 0.039672951923076925 0.4445529807692308 0.05295753846153846 0.4524128533653846 0.057953329326923084 0.4508878389423077 0.08727454807692309 0.45909502403846153 0.11561912259615384 0.46045126442307693 0.13324961778846153 0.45125654326923076 0.15996401923076925 0.4631191153846154 0.1719088918269231 0.4737709711538462
3 0.20584474519230772 0.3266261105769231 0.19875043509615387 0.3183064110576923 0.181555625 0.3159296177884615 0.17507488701923077 0.3241037884615385 0.16888461057692308 0.32456361778846154 0.15216179086538462 0.3096510192307692 0.12732806490384616 0.3134189182692308 0.13307901442307693 0.3574174543269231 0.14411985576923075 0.35928978125 0.15251757451923076 0.3657817908653846 0.21434773798076925 0.36311208894230773 0.20584474519230772 0.3266261105769231
2 0.9825120528846154 0.7172294086538462 0.9622747403846154 0.7300795168269231 0.9473962860576923 0.7317616826923078 0.94703321875 0.7414046105769232 0.9541638341346155 0.7487600168269231 0.9774763076923076 0.7526055673076922 0.998508733173077 0.7514278677884616 0.9994164062500001 0.7273205456730769 0.9871447716346153 0.7253473245192308 0.9825120528846154 0.7172294086538462
2 0.7817255048076923 1 0.7843576995192307 0.9960030264423078 0.7643818221153846 0.9363293846153845 0.7596075192307693 0.8991817884615384 0.7523679807692307 0.8947192596153847 0.7189913100961539 0.8958523245192308 0.7105572860576923 0.8903246129807693 0.7028820649038461 0.8974336009615385 0.6999121778846155 0.9107319134615385 0.7040692620192307 0.9642724855769231 0.7160141370192308 0.9749243413461539 0.7227816802884616 0.9919226802884615 0.7326790649038462 1 0.7817255048076923 1
2 0.5491054038461539 0.8828934086538461 0.5032682764423076 0.9526484206730769 0.5000079326923077 0.973661079326923 0.5084419567307692 0.9791887884615385 0.5231751802884615 0.9813637980769231 0.5566607740384616 0.9773378533653846 0.5794685961538462 0.9617966514423077 0.6056420336538462 0.9552367644230769 0.6121227692307692 0.94706259375 0.6144827259615384 0.8843835576923078 0.6084376730769231 0.8809862163461539 0.6042369927884615 0.8941836370192308 0.5966706947115384 0.8983997427884615 0.5861345072115385 0.9159141658653845 0.569084923076923 0.9096802043269231 0.5655740769230769 0.9045560576923077 0.57002890625 0.8846085865384615 0.5491054038461539 0.8828934086538461
2 0.81488446875 0.5787106298076923 0.8118782740384615 0.5929732403846154 0.8314983701923077 0.5965161105769231 0.8345408677884615 0.5812892091346155 0.81488446875 0.5787106298076923
2 0.7842235336538461 0.5732954326923078 0.7835700096153846 0.5906527043269231 0.7984121514423077 0.5899348317307692 0.7966403990384615 0.5714114831730769 0.7842235336538461 0.5732954326923078
2 0.47409970673076923 0.5469061466346153 0.45929386778846154 0.5466597235576923 0.45158233894230765 0.5547330048076924 0.4536445528846154 0.5655420120192308 0.48220696634615384 0.5611124951923077 0.48018106250000003 0.5493391947115385 0.47409970673076923 0.5469061466346153
2 0.5462808798076924 0.5644303365384615 0.5381010024038462 0.5521525721153846 0.5221006826923077 0.5508409639423077 0.5191671009615384 0.5631749879807693 0.5251395360576923 0.5685009134615384 0.5448322427884615 0.570115201923077 0.5462808798076924 0.5644303365384615
2 0.4405305673076923 0.6515212283653846 0.43082944230769227 0.6468569134615384 0.4194618389423077 0.6536632211538461 0.41953080769230766 0.6846214831730768 0.44537748798076926 0.6867402355769231 0.4479843028846154 0.6830848485576924 0.4405305673076923 0.6515212283653846
2 0.042341317307692306 0.8655337764423077 0.02247071875 0.8358541057692308 0.012360014423076921 0.8343009951923077 0.0133145 0.8987288245192308 0.013920485576923077 0.8989929711538461 0.03354057692307692 0.90253584375 0.07060963221153846 0.9017054543269231 0.07712667548076922 0.8925669927884615 0.07622263942307693 0.8837874615384614 0.042341317307692306 0.8655337764423077
2 0.16408479807692308 0.5176239807692308 0.14562288701923076 0.5161105889423078 0.13407374759615384 0.527738360576923 0.13620857451923077 0.5366187788461538 0.15593758653846154 0.5372687716346154 0.16227309134615384 0.5329517716346154 0.16408479807692308 0.5176239807692308
0 0.8455200288461538 0.4864295697115385 0.8513835408653846 0.4946483774038462 0.8638730192307692 0.4908358413461539 0.8706442091346154 0.47494732692307695 0.8707531298076923 0.47205444951923076 0.8547528076923077 0.47074284134615385 0.8458830961538462 0.4767866418269231 0.8455200288461538 0.4864295697115385