3 0.7323206995192308 0.3785257980769231 0.720679641826923 0.3462646514423077 0.6644576995192307 0.3481886778846154 0.4765553894230769 0.33177902403846155 0.4453284903846154 0.33319373076923076 0.43929947596153845 0.3434358317307692 0.4648016274038461 0.3662682884615384 0.47150678365384613 0.38714855769230766 0.48417334134615386 0.3946744927884615 0.5456016394230769 0.4165802932692308 0.6067323413461538 0.42773753365384615 0.6241252836538462 0.43405112259615386 0.6711515745192307 0.4404877139423077 0.6913797524038461 0.43637811298076923 0.6895090721153847 0.42221036538461537 0.60764975 0.39507745673076927 0.5637399807692307 0.3786474591346154 0.6135435360576923 0.3786108822115385 0.6636012355769231 0.3807044831730769 0.7181553389423077 0.37394942067307696 0.7323206995192308 0.3785257980769231
3 0.6298499855769231 0.6256163774038461 0.5872186778846153 0.6056627668269231 0.5760847307692308 0.5967433966346154 0.5519697475961538 0.5852461995192308 0.5693290865384616 0.5768484471153846 0.5784400000000001 0.5612780384615385 0.5907008677884615 0.5501305504807692 0.5020236826923077 0.5688677836538462 0.48012766586538463 0.5681463485576923 0.45567353846153846 0.5935535625 0.4559778028846154 0.6075586298076924 0.4671455576923077 0.6180341177884615 0.5880976682692307 0.6461218461538463 0.6465621682692307 0.675482875 0.6515994879807692 0.6915321057692307 0.6469678557692308 0.6941562956730769 0.6159099903846154 0.70335159375 0.5659537139423076 0.7059263485576923 0.5959522692307693 0.7199101442307693 0.6194147019230769 0.7207942620192308 0.6947829927884615 0.6649648437500001 0.7085426682692308 0.6508678028846154 0.7067396009615384 0.6398122884615384 0.7006091658653847 0.6453860336538462 0.6771467307692307 0.6445019158653846 0.6643449447115385 0.6307515072115385 0.6298499855769231 0.6256163774038461
3 0.5392232211538461 0.6984923942307693 0.5091570480769231 0.6813963629807692 0.4131999855769231 0.6527993124999999 0.3935803341346154 0.6849190456730769 0.4110475600961539 0.6976013846153847 0.5393584471153846 0.7047168653846154 0.5392232211538461 0.6984923942307693
3 0.7187977235576923 0.18770325240384617 0.7940195024038462 0.19706812740384613 0.8111148509615386 0.19263315865384617 0.8130644326923077 0.13849437740384615 0.8012881466346153 0.10000875480769231 0.7932194158653847 0.08830251442307692 0.7567861610576923 0.06588739663461539 0.747117204326923 0.052462355769230765 0.717389108173077 0.05092750721153846 0.7743886153846155 0.08479420673076922 0.7936589086538461 0.10853205528846153 0.8037673557692308 0.1421866370192308 0.7776791995192307 0.16431893269230768 0.7041590673076924 0.16134121394230772 0.6147381225961538 0.14584384134615386 0.6067708125 0.13880595432692308 0.5833083798076923 0.1379218389423077 0.5611757115384616 0.12630757451923078 0.54564678125 0.1309052235576923 0.5242240649038462 0.15196944471153848 0.5282696899038462 0.19431001201923076 0.5866665769230769 0.22055880048076923 0.6060044855769231 0.24740888221153845 0.6750282115384615 0.2592352644230769 0.6574257548076923 0.24032845673076922 0.6054635697115385 0.22251098798076924 0.5877258846153846 0.19737970432692306 0.6270305336538461 0.1936987091346154 0.6941069471153847 0.20221763701923076 0.7034716370192308 0.20163761298076924 0.7187977235576923 0.18770325240384617
3 0.6672299879807693 0.044165550480769235 0.4832377740384616 0.025056774038461536 0.4377076850961539 0.022695954326923076 0.48463545432692307 0.05625407932692307 0.4924675336538461 0.05706749278846154 0.5000967716346154 0.04854419230769231 0.5453199927884615 0.04392527163461538 0.6189753557692307 0.05312746394230769 0.6672299879807693 0.044165550480769235
0 0.4941128004807692 0.2047360625 0.49125042788461537 0.21685964663461538 0.4961187115384615 0.2251282860576923 0.49008969711538464 0.23537038461538462 0.5060243149038461 0.24944615625 0.5439901802884616 0.2704678365384615 0.5768173028846154 0.2707719326923077 0.5907460096153846 0.26445548076923076 0.6013728509615385 0.25003307451923074 0.5979357524038462 0.23570264182692308 0.5851001610576924 0.22039611538461537 0.5470666802884615 0.1962621995192308 0.5079400889423077 0.19375125721153846 0.4941128004807692 0.2047360625
0 0.32105199038461535 0.22402515865384617 0.35118577644230775 0.24423342788461538 0.41224219471153845 0.24902192307692309 0.45705973076923073 0.22572957932692306 0.4064949230769231 0.20029420432692308 0.3853407091346154 0.21062518990384616 0.3443453894230769 0.21712868269230767 0.33171263942307694 0.21115886778846155 0.3145496778846154 0.21248159855769233 0.32105199038461535 0.22402515865384617
2 0.28594850240384617 0.19087989423076923 0.2542595889423077 0.09909017548076923 0.23859542788461538 0.09746335336538461 0.22859963701923075 0.21287077884615385 0.24017307932692308 0.2420196875 0.2621367115384615 0.2458533581730769 0.28594850240384617 0.19087989423076923
2 0.2713688389423077 0.014070975961538461 0.20761709134615383 0.010765331730769231 0.20721129567307692 0.01963062259615385 0.21255236057692306 0.04973299759615384 0.24551471394230767 0.05626156490384615 0.26100983653846155 0.050107795673076924 0.26214801682692307 0.030559127403846156 0.2713688389423077 0.014070975961538461
2 0.2811928269230769 0.5474856826923077 0.29685698798076926 0.5491125072115385 0.29801771875 0.5306017668269231 0.28048287740384614 0.5148071947115385 0.2738791418269231 0.49859528125 0.2503152860576923 0.4930428076923077 0.2445567283653846 0.5157338533653847 0.2557921009615385 0.5293215769230769 0.2811928269230769 0.5474856826923077
2 0.29073779086538465 0.6990799038461539 0.2451764951923077 0.6881376394230769 0.22964756249999999 0.6927352884615385 0.22688661057692305 0.7095272283653846 0.23175489423076925 0.7177958677884615 0.24915450721153845 0.7273659663461539 0.2710505240384615 0.7280874014423078 0.30220981009615383 0.7235604567307692 0.31280284375 0.7075819302884615 0.3515575600961538 0.6929755697115384 0.3606517884615385 0.6799465961538461 0.3418209903846154 0.6764382908653845 0.31873043509615384 0.6926714759615386 0.29073779086538465 0.6990799038461539