1 0 0.4124230192307692 0.02107304326923077 0.41970192067307693 0.0618804375 0.41613245432692303 0.04868156009615385 0.3948016923076923 0.04375833173076923 0.3611455985576923 0.05233993990384615 0.35190317307692304 0.02897372355769231 0.3557410793269231 0.0035628461538461534 0.3708808725961538 0 0.37500345673076924 0 0.4124230192307692
1 0.0306526875 0.7236113341346153 0.011931728365384616 0.7423520456730769 0.01547816826923077 0.7621350673076923 0.03072170673076923 0.7721639399038461 0.05812127644230769 0.7770630288461539 0.09098695432692307 0.7732314110576923 0.0810285625 0.7686007644230769 0.08011070432692308 0.7593520504807691 0.09592511538461539 0.7113237427884616 0.05044447836538461 0.7156607908653847 0.0306526875 0.7236113341346153
0 0.08727637740384615 0.4965564206730769 0.07964061298076924 0.4993771778846154 0.025981331730769233 0.5489217764423077 0.017705677884615384 0.5612471057692308 0.021280100961538463 0.5653597427884616 0.04699693269230769 0.5533028533653847 0.08203226442307693 0.5553811850961539 0.09391032451923077 0.5314981057692308 0.10982173798076923 0.5163520240384616 0.10065621634615383 0.5037582548076923 0.08727637740384615 0.4965564206730769
3 0.27536277884615384 0.2541750456730769 0.2993968701923077 0.2251621778846154 0.2963830721153846 0.17396009375000002 0.28600782451923074 0.16870235576923076 0.24822957692307693 0.15680405528846153 0.2232761778846154 0.20790002163461538 0.15092392307692307 0.2605149471153846 0.15053401442307693 0.3044431971153846 0.1400607235576923 0.32652896153846156 0.12555408173076923 0.3398777307692308 0.14217440625 0.3637796802884615 0.13609639182692307 0.36634457451923075 0.1329529110576923 0.38252668028846154 0.1497541971153846 0.3922996971153846 0.1478065408653846 0.43648380528846153 0.08005842307692308 0.5047038509615385 0.1100700673076923 0.5234485673076923 0.1602556298076923 0.4901403173076923 0.17605926201923075 0.47918843509615383 0.17936445432692308 0.4673317259615385 0.26222181490384616 0.4035918605769231 0.3191867740384616 0.39266877403846157 0.42774219711538464 0.3858045697115384 0.4480209038461539 0.36680800240384615 0.4415119471153846 0.3490781538461538 0.42642138461538465 0.3405907283653846 0.41743682211538463 0.31386802644230766 0.4184386346153846 0.27610558653846157 0.4250035625 0.2624946658653846 0.43263932692307694 0.25967391105769233 0.4306506346153846 0.23963502884615384 0.31629516346153846 0.26781741586538466 0.29885398317307693 0.2675489759615385 0.27536277884615384 0.2541750456730769
2 0.8942978557692308 0.6522534591346154 0.9006818221153845 0.65277146875 0.9480261586538461 0.6512614639423078 0.9612833581730769 0.6459359278846153 0.9653454543269231 0.5773880528846154 0.9606560528846154 0.5551922716346154 0.9321576658653845 0.5551734014423076 0.9152724206730769 0.5924115432692308 0.8906544110576923 0.5995882139423077 0.8965999663461539 0.6275933653846154 0.8942978557692308 0.6522534591346154
0 0.3151982307692308 0.09724049278846153 0.28294445913461536 0.10723792067307693 0.25955025721153846 0.1267462139423077 0.24190013221153844 0.15627708894230768 0.25573889903846153 0.16810327884615386 0.28719980528846156 0.16606897355769232 0.3038761033653846 0.15863015384615384 0.3073255360576923 0.1455309519230769 0.3166720216346154 0.14399578846153846 0.32574054086538456 0.12370733653846154 0.3151982307692308 0.09724049278846153
2 0.9596887716346154 0.6728445625 0.9596672884615385 0.6728480889423077 0.9305010240384616 0.6980041802884615 0.9150765240384615 0.702104235576923 0.9244920288461539 0.7491216802884615 0.9552003076923078 0.7485873990384615 0.9596887716346154 0.6728445625
2 0.9469460504807692 0.20966364423076925 0.8690586658653847 0.22245666586538462 0.864997326923077 0.2293900576923077 0.8705324567307693 0.2692119591346154 0.905108858173077 0.2666659350961539 0.928906016826923 0.28312277163461536 0.9542889086538462 0.2836533605769231 0.9469460504807692 0.20966364423076925
2 0.8586003100961539 0.14897866826923079 0.862730670673077 0.1905978846153846 0.9426627163461538 0.16650297596153846 0.9391442620192307 0.13104956730769232 0.8586003100961539 0.14897866826923079
3 0.1740505985576923 0.72042371875 0.1702672283653846 0.7461103990384615 0.1442164591346154 0.7707547692307692 0.16844456249999998 0.8075063461538462 0.20500965625 0.824999204326923 0.3734963894230769 0.831789951923077 0.4658624326923077 0.8213185432692308 0.4596594278846154 0.8066716009615384 0.4629558846153846 0.7920309471153846 0.48589115625 0.7678982980769231 0.4710095408653846 0.7296115576923078 0.45671184375 0.7131610120192308 0.4742089927884615 0.6820886826923077 0.3592696009615385 0.6884348725961539 0.30059008653846153 0.6714411586538461 0.30358059134615384 0.6537176009615385 0.2832048798076923 0.6398319495192308 0.2599786442307692 0.6262406057692308 0.20210313942307692 0.6246067283653846 0.19748901682692305 0.6490371730769231 0.24550807211538464 0.6648226033653846 0.1740505985576923 0.72042371875
0 0.15333978365384615 0.6517628485576924 0.17062798317307692 0.6504898341346154 0.1770399375 0.6353374615384616 0.14777666826923078 0.6276113293269231 0.11943125721153845 0.6291339134615386 0.0995144735576923 0.6198726177884615 0.10043233413461539 0.6291213341346154 0.11271335096153846 0.6412033822115385 0.15333978365384615 0.6517628485576924
0 0.48342743269230765 0.7714361225961538 0.45752964182692313 0.7976219447115385 0.46837790625000003 0.8271716923076924 0.5325515144230769 0.8197643197115384 0.5476700625 0.8125813581730769 0.5436646947115384 0.7881739783653846 0.5308967620192308 0.7871379591346154 0.5234699447115385 0.7601593942307693 0.5138175072115385 0.7586116514423077 0.48342743269230765 0.7714361225961538