1 0.49491525480769233 0.3342857139423077 0.4694915264423077 0.3257142860576923 0.45932203365384616 0.33714285817307693 0.4525423725961539 0.3742857139423077 0.4711864399038461 0.4057142860576923 0.4932203389423077 0.3571428581730769 0.49491525480769233 0.3342857139423077
3 0.5254237283653846 0.5857142860576923 0.5288135600961539 0.5085714278846154 0.5152542379807692 0.40857142788461537 0.4728813557692308 0.41428571394230773 0.46610169471153845 0.4257142860576923 0.4711864399038461 0.577142858173077 0.5016949158653846 0.58 0.5135593221153847 0.5914285721153847 0.5254237283653846 0.5857142860576923
2 0.15762711778846153 0.9485714278846153 0.13898305048076923 0.9342857139423076 0.1 0.942857141826923 0.09661017067307692 0.9542857139423078 0.10677966105769231 0.9657142860576923 0.15762711778846153 0.9685714278846155 0.15762711778846153 0.9485714278846153
1 0.13898305048076923 0.36 0.12881356009615386 0.38 0.1305084735576923 0.40857142788461537 0.17457627163461537 0.39428571394230766 0.15932203365384617 0.3571428581730769 0.13898305048076923 0.36
2 0.22372881249999998 0.942857141826923 0.20677966105769233 0.9400000000000001 0.1983050841346154 0.9257142860576923 0.1830508485576923 0.9514285721153846 0.1830508485576923 0.9657142860576923 0.22711864423076925 0.9714285721153846 0.22372881249999998 0.942857141826923
0 0.12033898317307692 0.5714285721153846 0.12033898317307692 0.5857142860576923 0.14745762740384616 0.582857141826923 0.15254237259615386 0.5485714278846154 0.12033898317307692 0.5714285721153846
0 0.07966101682692309 0.5657142860576923 0.03898305048076923 0.577142858173077 0.03898305048076923 0.5914285721153847 0.06271186538461539 0.5971428581730769 0.08813559374999999 0.58 0.07966101682692309 0.5657142860576923
2 0.5016949158653846 0.9114285721153846 0.4932203389423077 0.9028571418269231 0.4440677956730769 0.9142857139423076 0.44576271153846153 0.937142858173077 0.48644067788461537 0.942857141826923 0.5033898293269231 0.9314285721153847 0.5016949158653846 0.9114285721153846
2 0.48813559375 0.8999999999999999 0.48983050961538466 0.9400000000000001 0.5220338990384615 0.9285714278846153 0.49661017067307694 0.8914285721153846 0.48813559375 0.8999999999999999
0 0.5711864399038462 0.3228571418269231 0.5491525432692308 0.32 0.5338983052884616 0.3542857139423077 0.5305084735576924 0.362857141826923 0.5389830504807692 0.3742857139423077 0.5644067788461539 0.362857141826923 0.5711864399038462 0.3228571418269231
3 0.17627118749999998 0.6371428581730769 0.22203389903846155 0.6314285721153846 0.22711864423076925 0.582857141826923 0.20338982932692307 0.46 0.1830508485576923 0.42857142788461544 0.15932203365384617 0.45428571394230766 0.16440677884615384 0.5314285721153846 0.15762711778846153 0.582857141826923 0.1610169495192308 0.62 0.17627118749999998 0.6371428581730769