3 0.5336538461538461 0.5144230769230769 0.5480769230769231 0.5072115384615384 0.5721153846153846 0.5144230769230769 0.5769230769230769 0.5 0.5769230769230769 0.4423076923076923 0.5552884615384616 0.4423076923076923 0.5456730769230769 0.41025721153846156 0.5456730769230769 0.3798076923076923 0.5264423076923077 0.3076923076923077 0.5168269230769231 0.3076923076923077 0.5120192307692307 0.31490384615384615 0.5024038461538461 0.3173076923076923 0.5048076923076923 0.3293269230769231 0.49278846153846156 0.5072115384615384 0.5096153846153846 0.5144230769230769 0.5336538461538461 0.5144230769230769
3 0.5625 0.3942307692307692 0.5649038461538461 0.3942307692307692 0.5745192307692307 0.38221153846153844 0.5793269230769231 0.3798076923076923 0.5793269230769231 0.3317307692307692 0.5745192307692307 0.31971153846153844 0.5673076923076923 0.32211538461538464 0.5673076923076923 0.3317307692307692 0.5649038461538461 0.33413461538461536 0.5649038461538461 0.34615384615384615 0.5625 0.3485576923076923 0.5552884615384616 0.3870192307692308 0.5625 0.3942307692307692
1 0.53125 0.2644230769230769 0.5480769230769231 0.2644230769230769 0.5504807692307693 0.2668269230769231 0.5649038461538461 0.2668269230769231 0.5673076923076923 0.2644230769230769 0.5721153846153846 0.2548076923076923 0.5721153846153846 0.23798076923076922 0.5697115384615384 0.23557692307692307 0.5673076923076923 0.22115384615384615 0.5600961538461539 0.21153846153846154 0.5552884615384616 0.2091346153846154 0.5456730769230769 0.2091346153846154 0.5384615384615384 0.21153846153846154 0.5288461538461539 0.23076923076923078 0.5288461538461539 0.2403846153846154 0.5264423076923077 0.24278846153846154 0.5240384615384616 0.2548076923076923 0.53125 0.2644230769230769
1 0.6610576923076923 0.2668269230769231 0.6754807692307693 0.25961538461538464 0.6971153846153846 0.25240384615384615 0.6995192307692307 0.25 0.7115384615384616 0.25 0.7139423076923077 0.24759615384615385 0.7163461538461539 0.24278846153846154 0.7163461538461539 0.22115384615384615 0.7115384615384616 0.2091346153846154 0.7043269230769231 0.20192307692307693 0.6923076923076923 0.1971153846153846 0.6754807692307693 0.19951923076923078 0.6634615384615384 0.2091346153846154 0.6610576923076923 0.21634615384615385 0.6610576923076923 0.22355769230769232 0.6586538461538461 0.22596153846153846 0.6586538461538461 0.2644230769230769 0.6610576923076923 0.2668269230769231
1 0.8774038461538461 0.25240384615384615 0.8798076923076923 0.2548076923076923 0.8918269230769231 0.2548076923076923 0.8942307692307693 0.25721153846153844 0.8990384615384616 0.25721153846153844 0.9014423076923077 0.25 0.9042163461538462 0.24080528846153845 0.9039350961538462 0.2189375 0.9014423076923077 0.21153846153846154 0.8966346153846154 0.20673076923076922 0.8942307692307693 0.19951923076923078 0.8918269230769231 0.19951923076923078 0.8846153846153846 0.19230769230769232 0.8774038461538461 0.19230769230769232 0.875 0.18990384615384615 0.8629807692307693 0.18990384615384615 0.8533653846153846 0.19471153846153846 0.8461538461538461 0.2091346153846154 0.8413461538461539 0.21394230769230768 0.8413461538461539 0.22596153846153846 0.8365384615384616 0.23557692307692307 0.8365384615384616 0.25 0.8774038461538461 0.25240384615384615
1 0.8942307692307693 0.28365384615384615 0.9230769230769231 0.28365384615384615 0.9289807692307692 0.28334134615384615 0.9350961538461539 0.28125 0.9375 0.27884615384615385 0.9375 0.2692307692307692 0.9399038461538461 0.2668269230769231 0.9399038461538461 0.25240384615384615 0.9302884615384616 0.2283653846153846 0.9206730769230769 0.22115384615384615 0.9086538461538461 0.22115384615384615 0.9038461538461539 0.22596153846153846 0.9038461538461539 0.2548076923076923 0.8966346153846154 0.2668269230769231 0.8942307692307693 0.27403846153846156 0.8942307692307693 0.28365384615384615
2 0.9086538461538461 0.9375 0.8990384615384616 0.8942307692307693 0.8918269230769231 0.8870192307692307 0.875 0.8918269230769231 0.8774038461538461 0.9471153846153846 0.8846153846153846 0.9567307692307693 0.9014423076923077 0.9567307692307693 0.9086538461538461 0.9375
2 0.8293269230769231 0.8533653846153846 0.8293269230769231 0.8173076923076923 0.8100961538461539 0.8100961538461539 0.7956730769230769 0.8413461538461539 0.7956730769230769 0.8605769230769231 0.8052884615384616 0.8701923076923077 0.8293269230769231 0.8533653846153846
2 0.7091346153846154 0.8269230769230769 0.6971153846153846 0.8100961538461539 0.6730769230769231 0.8076923076923077 0.6466346153846154 0.8317307692307693 0.6466346153846154 0.8509615384615384 0.6826923076923077 0.8533653846153846 0.7043269230769231 0.8485576923076923 0.7091346153846154 0.8269230769230769
2 0.5721153846153846 0.7379807692307693 0.5384615384615384 0.7331730769230769 0.5384615384615384 0.7475961538461539 0.5576923076923077 0.7620192307692307 0.5817307692307693 0.7620192307692307 0.5721153846153846 0.7379807692307693
2 0.4879807692307692 0.7403846153846154 0.4855769230769231 0.7740384615384616 0.49759615384615385 0.7788461538461539 0.5072115384615384 0.7475961538461539 0.4879807692307692 0.7403846153846154