1 0.9703703701923078 0.04592592548076923 0.9611111105769231 0.03407407451923077 0.9462962956730769 0.04 0.9416666658653846 0.051851850961538465 0.9435185192307693 0.07111111057692308 0.9685185192307693 0.07703703605769231 0.9740740745192308 0.07259259375 0.9703703701923078 0.04592592548076923
1 0.9425925937499999 0.18074074038461538 0.938888889423077 0.1362962956730769 0.9222222211538462 0.11851851923076924 0.903703704326923 0.12148148076923077 0.8898148149038462 0.14222222115384617 0.89259259375 0.16444444471153846 0.9157407403846154 0.16888888942307692 0.9379629639423077 0.18518518509615384 0.9425925937499999 0.18074074038461538
1 0.75 0.14666666586538463 0.7351851850961538 0.1362962956730769 0.7157407403846154 0.14074074038461537 0.7 0.16888888942307692 0.7009259254807693 0.2059259254807692 0.7259259254807693 0.1837037043269231 0.7620370360576924 0.17629629567307692 0.75 0.14666666586538463
1 0.2583333341346154 0.2592592596153846 0.27407407451923077 0.25481481490384617 0.275 0.24444444471153848 0.2703703701923077 0.23259259375000002 0.2712962956730769 0.19259259375 0.2592592596153846 0.1629629639423077 0.24444444471153848 0.15259259375 0.23240740625 0.15259259375 0.20740740625 0.18222222115384618 0.20740740625 0.19407407451923075 0.21388888942307693 0.21185185096153847 0.25092592548076925 0.2533333341346154 0.2583333341346154 0.2592592596153846
3 0.9907407403846153 0.17037037019230766 0.9935185192307692 0.1170370360576923 0.9907407403846153 0.10814814903846154 0.9777777788461539 0.10222222115384616 0.9583333341346154 0.11407407451923078 0.9481481490384615 0.10518518509615384 0.9416666658653846 0.10666666586538462 0.9416666658653846 0.22666666586538461 0.9546296298076923 0.24296296394230768 0.9935185192307692 0.23407407451923076 0.9907407403846153 0.17037037019230766
3 0.9444444447115384 0.4592592596153846 0.9620370360576923 0.4429629639423077 0.9620370360576923 0.43407407451923075 0.9370370360576923 0.36740740624999996 0.95 0.34666666586538464 0.9583333341346154 0.2962962956730769 0.9564814807692308 0.25481481490384617 0.9490740745192308 0.23851851923076922 0.9351851850961539 0.22518518509615384 0.9314814807692307 0.21037037019230767 0.902777778846154 0.20888888942307693 0.8777777788461538 0.23851851923076922 0.861111110576923 0.2370370360576923 0.8444444447115385 0.2859259254807692 0.846296295673077 0.33333333413461536 0.8629629639423076 0.3851851850961538 0.875 0.48296296394230764 0.9444444447115384 0.4592592596153846
3 0.7203703701923078 0.33629629567307695 0.7231481490384616 0.34370370432692304 0.7342592596153845 0.34666666586538464 0.7379629639423076 0.33629629567307695 0.7481481490384615 0.32740740625 0.7629629639423077 0.33777777884615384 0.811111110576923 0.33333333413461536 0.8509259254807693 0.3496296298076923 0.8268518509615385 0.2829629639423077 0.8027777788461539 0.2370370360576923 0.7564814807692308 0.21185185096153847 0.7305555552884615 0.21185185096153847 0.7231481490384616 0.2192592596153846 0.7287037043269231 0.22370370432692305 0.7351851850961538 0.2503703701923077 0.7296296298076924 0.3140740745192308 0.7203703701923078 0.33629629567307695
3 0.1870370360576923 0.5540740745192307 0.19074074038461536 0.5481481490384615 0.18240740625 0.4814814807692308 0.17314814903846154 0.4637037043269231 0.1629629639423077 0.41777777884615386 0.16388888942307694 0.40296296394230774 0.1583333341346154 0.3837037043269231 0.1546296298076923 0.34370370432692304 0.16388888942307694 0.3096296298076923 0.17592592548076924 0.29481481490384615 0.2 0.28740740625 0.2120370360576923 0.30370370432692306 0.21574074038461538 0.30222222115384617 0.1879629639423077 0.2533333341346154 0.18240740625 0.25481481490384617 0.1629629639423077 0.28740740625 0.14629629567307692 0.32740740625 0.13055555528846152 0.3851851850961538 0.11481481490384615 0.4755555552884615 0.11481481490384615 0.5214814807692307 0.15277777884615384 0.5214814807692307 0.1805555552884615 0.55259259375 0.1870370360576923 0.5540740745192307
2 0.2703703701923077 0.96740740625 0.27685185096153847 0.9585185192307691 0.2703703701923077 0.9422222211538462 0.2537037043269231 0.9407407403846153 0.24351851923076923 0.9333333341346154 0.23333333413461538 0.9140740745192308 0.19629629567307694 0.92 0.19259259375 0.9274074062500001 0.1888888894230769 0.9644444447115385 0.1916666658653846 0.9733333341346154 0.2583333341346154 0.9718518509615385 0.2703703701923077 0.96740740625
2 0.13888888942307692 0.9703703701923078 0.12685185096153845 0.9451851850961539 0.12222222115384616 0.9229629639423076 0.09629629567307692 0.9155555552884616 0.09074074038461538 0.9437037043269231 0.08888888942307692 0.9659259254807692 0.1 0.983703704326923 0.13888888942307692 0.9792592596153846 0.13888888942307692 0.9703703701923078
2 0.9046296298076922 0.7896296298076924 0.9231481490384615 0.7703703701923076 0.9324074062500001 0.7392592596153846 0.9083333341346154 0.6829629639423077 0.8981481490384616 0.688888889423077 0.888888889423077 0.7081481490384616 0.8944444447115385 0.751111110576923 0.8879629639423077 0.7866666658653846 0.8916666658653847 0.7911111105769231 0.9046296298076922 0.7896296298076924
2 0.8018518509615385 0.783703704326923 0.7962962956730769 0.72740740625 0.7694444447115385 0.734814814903846 0.7592592596153847 0.751111110576923 0.7481481490384615 0.7555555552884615 0.7435185192307692 0.7629629639423077 0.7481481490384615 0.7822222211538462 0.7981481490384615 0.7881481490384614 0.8018518509615385 0.783703704326923
0 0.7258972211538463 0.4698103701923077 0.7227444447115385 0.4433318509615385 0.6979101850961539 0.44900592548076923 0.6951509254807693 0.4660281490384615 0.700275 0.48052740625 0.7117064807692308 0.4906133341346154 0.7258972211538463 0.4698103701923077