1 0.8178619302884615 0.5707768341346153 0.8196135048076924 0.5656626802884616 0.8165070240384615 0.5587054951923076 0.8036999182692307 0.560402170673077 0.8061862716346154 0.5725290889423077 0.8121727043269231 0.5744283052884616 0.8178619302884615 0.5707768341346153
3 0.8077863725961538 0.4869269567307692 0.8010213389423076 0.4901249615384616 0.8056506322115384 0.5018480649038461 0.8130258076923076 0.5197189567307693 0.8177284903846154 0.5317999975961538 0.8144120072115384 0.5391489615384615 0.8083299735576923 0.5366356298076923 0.7993150096153846 0.5053350649038462 0.7956825216346155 0.4930419759615384 0.7896110865384615 0.49238574759615383 0.7977223004807693 0.5283287451923078 0.8062001923076922 0.5389168197115385 0.8142299567307693 0.545506 0.8205371610576923 0.5364486225961538 0.8077863725961538 0.4869269567307692
1 0.6892660841346154 0.6349415 0.7007884567307693 0.6321069759615384 0.7062909567307692 0.6256693245192307 0.7054318725961538 0.6091370985576924 0.6764189735576923 0.6071674423076924 0.6799111826923077 0.6292974927884616 0.6892660841346154 0.6349415
2 0.6388463677884615 0.28893348317307693 0.641616766826923 0.29283514182692305 0.6486756442307692 0.29018319711538465 0.6520154471153846 0.28312695673076926 0.6494135913461538 0.27593070913461537 0.6364252475961538 0.27819084134615385 0.6388463677884615 0.28893348317307693
2 0.6163345576923077 0.30380094951923076 0.6215479375 0.3109177836538462 0.6359701682692307 0.30649196153846153 0.6348475649038462 0.28728149278846155 0.6290643677884616 0.28638910576923077 0.6256829519230769 0.28546046153846155 0.6149503870192308 0.2875869759615385 0.6007273629807692 0.28871212980769234 0.602596625 0.30087978365384616 0.6163345576923077 0.30380094951923076
1 0.5934584399038462 0.5916324278846153 0.5767285576923077 0.5905382163461538 0.578807483173077 0.6033549375 0.5834988533653847 0.6101435721153846 0.5949705745192307 0.6177932764423077 0.604931735576923 0.6137797620192308 0.6096892860576923 0.5983391778846154 0.5934584399038462 0.5916324278846153
1 0.5569978533653847 0.722392014423077 0.5679665120192308 0.7168568124999999 0.5716169302884615 0.7003119302884616 0.5680623004807692 0.6743911177884615 0.5446268701923077 0.6862011706730768 0.5225295408653846 0.6911293846153845 0.5274684086538461 0.7106579879807692 0.5361210408653846 0.7217325937500001 0.5466295096153846 0.7254934615384615 0.5569978533653847 0.722392014423077
1 0.3106667548076923 0.7204284182692308 0.3199790216346154 0.7604785048076923 0.3315734519230769 0.7714114543269232 0.3429224663461538 0.7757779158653846 0.35866526682692307 0.7744779302884616 0.37332595913461536 0.7603827307692307 0.37752743990384613 0.7419653798076923 0.3783475048076923 0.7226193846153847 0.37169811298076927 0.7121949639423076 0.36334798076923075 0.7144009567307692 0.33923127163461536 0.717526375 0.3106667548076923 0.7204284182692308
3 0.6296979350961538 0.5361351971153846 0.6339202235576923 0.5217102884615384 0.633732966346154 0.4857783076923077 0.6320124903846154 0.45015011298076923 0.622833951923077 0.45596528125 0.6143804134615385 0.4536436706730769 0.604949329326923 0.46989994471153845 0.5929034423076923 0.48507568269230766 0.5820341971153846 0.4904265264423077 0.5859296754807692 0.5016443846153846 0.5984985889423077 0.5279292908653846 0.6089786081730769 0.5362438846153846 0.6038738389423076 0.5580374639423077 0.5937712043269231 0.5632364134615385 0.59992490625 0.5660137067307692 0.6115399567307692 0.5565185264423077 0.6296979350961538 0.5361351971153846
2 0.5820338605769231 0.2842038533653846 0.5530392860576924 0.2867514807692308 0.5543407668269231 0.3008812427884615 0.5643275288461539 0.30289906971153846 0.5717410985576923 0.3118212379807692 0.58829159375 0.30694335576923076 0.5866959519230769 0.2952698149038462 0.5820338605769231 0.2842038533653846
3 0.5467018774038461 0.602137141826923 0.5528347716346154 0.6009219927884616 0.5569293461538461 0.62089284375 0.5692902019230769 0.6072533269230769 0.5477328798076923 0.5643651538461538 0.5343973509615385 0.5382321418269231 0.5339693894230769 0.48556228125 0.5118980048076923 0.4323848966346154 0.5038753052884615 0.4243827283653846 0.47539479326923073 0.4372195721153846 0.45907604086538456 0.4276639038461539 0.4531214350961538 0.4336396057692308 0.45827678125000004 0.45100234134615386 0.48252925240384614 0.5692912379807692 0.5006309014423077 0.6264524254807693 0.49586478125 0.59542425 0.5080563149038462 0.6081956105769231 0.4920464399038461 0.5106543149038462 0.5249336177884616 0.5776749615384615 0.5467018774038461 0.602137141826923
2 0.42554963221153846 0.12017671875000001 0.4214640216346154 0.13137729567307693 0.4257903389423077 0.1369145985576923 0.4284675576923077 0.14997246153846155 0.43558696875 0.1613508581730769 0.45764042307692304 0.15218538701923076 0.45409256009615384 0.11931720192307692 0.42554963221153846 0.12017671875000001
2 0.31655406249999996 0.14496996153846153 0.3170473173076923 0.15126673557692308 0.31713054086538467 0.16723650240384616 0.32725398076923073 0.16602999519230768 0.34632421153846155 0.17344186778846152 0.3562575192307692 0.19465379326923077 0.36852331250000003 0.1922234951923077 0.3837931298076923 0.17720829326923077 0.3864405817307693 0.15510228605769233 0.3846874567307692 0.14266063701923076 0.3774105625 0.1305141346153846 0.3286415625 0.13777911057692308 0.31655406249999996 0.14496996153846153
3 0.33766476201923074 0.5929313221153846 0.3221582211538462 0.5626995576923076 0.32409945673076923 0.5916225360576923 0.33498583173076923 0.6187747572115385 0.3543238966346154 0.6482473557692308 0.37371658653846157 0.6390767379807692 0.34756855528846153 0.6282713533653846 0.33766476201923074 0.5929313221153846
3 0.3141910769230769 0.65353421875 0.28043155048076923 0.6056045600961538 0.2727157067307692 0.54851653125 0.28076265624999996 0.6201919591346154 0.29912152163461536 0.6578533004807692 0.3141910769230769 0.65353421875
3 0.35281316826923076 0.4074211466346154 0.34317052163461537 0.3733626225961538 0.32393617307692313 0.36385070192307695 0.32515904086538466 0.4022423966346154 0.32461497596153843 0.44498075240384616 0.31764667307692307 0.4823305120192308 0.3256104519230769 0.4887457235576923 0.34704840625 0.5284602980769231 0.3608407860576923 0.5243942692307693 0.3680509086538462 0.5336237235576923 0.3666009639423077 0.5006068365384615 0.36429301923076923 0.45044043749999996 0.35281316826923076 0.4074211466346154
2 0.2240783605769231 0.14917210576923076 0.2514698076923077 0.15306964663461536 0.22934981009615385 0.071126625 0.1667436826923077 0.08353118028846153 0.17570496153846155 0.09481160096153846 0.17911700240384618 0.11145346634615386 0.18629182932692306 0.11402843509615385 0.19714291586538463 0.13452617307692308 0.20288191346153847 0.15603520432692308 0.2240783605769231 0.14917210576923076
2 0.28556852884615386 0.05998765144230769 0.28997806971153844 0.08149472115384615 0.2810139110576923 0.12856471634615385 0.3097178269230769 0.1388636826923077 0.3147786538461539 0.07924573076923076 0.30802452884615383 0.05926789182692308 0.28556852884615386 0.05998765144230769