0 0.8430106009615385 0.5797366802884615 0.8413110889423077 0.5728843052884616 0.8227939447115384 0.5788241610576923 0.8183395961538462 0.5838930673076923 0.8233326586538462 0.5867534230769231 0.8379897500000001 0.5825214615384615 0.8430106009615385 0.5797366802884615
0 0.6168290913461539 0.6445360408653846 0.6215675697115385 0.6230994086538462 0.60699059375 0.6204061153846154 0.5969005985576923 0.6233456682692308 0.5917077620192308 0.6335661322115385 0.5970921346153847 0.6407331442307692 0.6007425600961539 0.6471439471153846 0.6168290913461539 0.6445360408653846
3 0.6729300913461539 0.42939436538461534 0.6581397427884615 0.4215746826923077 0.6620553725961538 0.4085765144230769 0.6713139447115384 0.40560658653846154 0.6647824182692308 0.40230036778846157 0.5707971634615384 0.40332812259615386 0.5331963629807692 0.4129237115384615 0.5216439903846154 0.4124022764423077 0.4709523509615385 0.4210305600961538 0.4402885384615385 0.4298099879807692 0.4371282451923077 0.44585365384615383 0.4496469014423077 0.48481414663461536 0.46775859134615383 0.48299667067307694 0.4802551394230769 0.48732498557692305 0.48422066346153847 0.5033138629807692 0.5090805024038462 0.49991885096153843 0.549786014423077 0.4855698605769231 0.6209109326923077 0.4729703341346154 0.6390504110576922 0.4655077259615385 0.6145960288461538 0.46478035576923077 0.6044195913461539 0.46208053605769234 0.6115746778846154 0.4525983533653846 0.616217858173077 0.4482908221153846 0.6407278125 0.4377279230769231 0.6729300913461539 0.42939436538461534
1 0.7523410024038462 0.6114045889423078 0.7652430072115385 0.6116105192307693 0.7708859350961539 0.5998195961538462 0.7508303245192308 0.6053135889423077 0.7523410024038462 0.6114045889423078
1 0.7680256298076924 0.5940441033653846 0.7842489735576923 0.5846128774038462 0.7848710528846153 0.5756067355769231 0.7752626009615384 0.5714087788461538 0.7554236129807692 0.5720190144230769 0.7197389471153847 0.5835832211538462 0.7387114471153846 0.6025080240384615 0.7680256298076924 0.5940441033653846
0 0.8534305913461538 0.37994844471153844 0.8564797307692308 0.3864853149038462 0.8657383028846154 0.3835153870192308 0.87731846875 0.37839168990384614 0.8774653100961539 0.3683963076923077 0.8735695673076923 0.3575190528846154 0.8485208942307693 0.3601526923076923 0.852164326923077 0.36332855048076923 0.8432278461538462 0.37911149759615387 0.8534305913461538 0.37994844471153844
0 0.90185053125 0.40246097115384616 0.9055495408653846 0.3943465625 0.9007731033653846 0.38660244951923073 0.8768574375 0.3938043413461539 0.8762353557692308 0.40281048317307694 0.8844941802884616 0.4073239447115385 0.8918088317307693 0.40803053125 0.90185053125 0.40246097115384616
1 0.7328525168269231 0.42344128125 0.773719076923077 0.4154988004807692 0.7783622572115385 0.4111912716346154 0.7799562956730769 0.4003468725961538 0.7672888149038462 0.39502422836538464 0.7580565721153847 0.3931146081730769 0.7405505192307692 0.3853933076923077 0.7347465408653846 0.3907777235576923 0.7390568725961538 0.39959017067307695 0.7328525168269231 0.42344128125
2 0.13706584375 0.6062185072115385 0.14305865384615385 0.60159546875 0.1355052716346154 0.5711404615384615 0.10338635817307693 0.5625386225961538 0.08719080288461539 0.5663247139423077 0.08421934615384616 0.5831297548076922 0.0960938125 0.5964642115384615 0.12030378365384616 0.6077204735576923 0.13706584375 0.6062185072115385
2 0.10897939423076923 0.5217606538461539 0.13423900961538462 0.5545205673076923 0.1417424951923077 0.5559885312499999 0.1496514375 0.553334110576923 0.15467228846153847 0.5505493269230769 0.14895167788461539 0.5389983413461539 0.15791594711538462 0.5175702596153846 0.13699952403846155 0.5023219759615385 0.11734937019230769 0.5036935817307693 0.11000693269230769 0.5086321298076923 0.10897939423076923 0.5217606538461539
2 0.2896624254807692 0.70909484375 0.30162025721153846 0.7054938990384615 0.3092071081730769 0.6900264615384616 0.30038177884615386 0.6832288725961538 0.30003189903846156 0.6760609903846154 0.28615793509615384 0.6776933149038461 0.2797874519230769 0.6807936057692309 0.28045942788461536 0.7007745048076923 0.2896624254807692 0.70909484375