0 0.11586504086538461 0.43262194230769235 0.1501338798076923 0.4420638485576923 0.1585031201923077 0.4416754350961538 0.1728065721153846 0.4345220192307692 0.15898822115384614 0.40725806009615384 0.1257240769230769 0.40490808173076925 0.11586504086538461 0.43262194230769235
0 0.18061365865384615 0.3934050288461538 0.16859186298076922 0.3842285625 0.14958860336538463 0.37550589423076924 0.14399492067307693 0.3760250793269231 0.13902283894230769 0.3906627379807693 0.18061365865384615 0.3934050288461538
0 0.21350279326923077 0.3260741466346154 0.2259928076923077 0.32666261298076926 0.22742315384615383 0.3259472716346154 0.2290663269230769 0.3213282956730769 0.2304966730769231 0.32061295432692305 0.22780624278846154 0.3189207307692307 0.20919432211538463 0.3192507980769231 0.1962278341346154 0.3111710480769231 0.19206449759615385 0.31097489182692306 0.19193680048076922 0.3133170721153846 0.1905064543269231 0.3140324134615385 0.19108549278846151 0.32893161298076923 0.19243070673076923 0.3297777259615385 0.1938610528846154 0.3290623846153846 0.20079994951923077 0.32938931250000003 0.2036606394230769 0.3279586274038462 0.21207244951923077 0.32678948798076923 0.21350279326923077 0.3260741466346154
0 0.3736595985576923 0.3743220456730769 0.3737447307692308 0.37276059375000004 0.3780357692307692 0.37061456971153844 0.3726974783653846 0.3664493918269231 0.37126713221153845 0.3671647355769231 0.36319584615384615 0.36208805769230773 0.3619357620192308 0.35968049278846154 0.35520969471153846 0.35544993028846156 0.3524766995192307 0.35453843269230767 0.3483133605769231 0.3543422764423077 0.3469681466346154 0.35349616346153845 0.3427196778846154 0.35486146153846154 0.3288844471153846 0.35342687980769233 0.32606631971153843 0.35407683653846156 0.32337589423076923 0.35238461057692305 0.32038750721153847 0.35615747596153846 0.32421032211538464 0.36259944711538467 0.330936391826923 0.3668300096153846 0.3364023798076923 0.36865300480769225 0.3639877091346154 0.37308362259615385 0.3652903581730769 0.3747104615384615 0.36672070432692305 0.37399512019230774 0.3736595985576923 0.3743220456730769
3 0.4999040264423077 0.3512377403846154 0.47984693509615384 0.3522487980769231 0.43206438461538466 0.3566820504807692 0.43103750240384614 0.3603837403846154 0.43617955769230765 0.3609516274038462 0.46068228605769235 0.3687906105769231 0.4820686875 0.3859389639423077 0.5035566874999999 0.37994043749999995 0.5115796274038462 0.3710258389423077 0.5089347139423077 0.35573891105769234 0.4999040264423077 0.3512377403846154
3 0.4056028870192308 0.3422290528846154 0.3996603894230769 0.3448843173076923 0.39968401442307694 0.35075435817307693 0.40151279086538466 0.3534493677884616 0.4195376442307692 0.3525053701923077 0.4440468581730769 0.34958365625000004 0.4764509495192308 0.3454042596153846 0.46726953605769234 0.34366764423076923 0.4420525841346154 0.34362076682692305 0.4056028870192308 0.3422290528846154
3 0.5226196538461538 0.4765808653846154 0.4900407836538462 0.4786323870192308 0.4675854951923077 0.4757811634615384 0.45510802403846157 0.4760088918269231 0.4544671634615384 0.4930970576923077 0.46036292548076924 0.5068660168269231 0.46638215384615384 0.5084943485576923 0.4806475120192308 0.5073732211538462 0.5220861875 0.5023154591346154 0.5702106009615384 0.49691989663461544 0.5828919615384616 0.4929524831730769 0.573936125 0.48177030528846154 0.5226196538461538 0.4765808653846154
3 0.5837489615384616 0.5120680528846153 0.5596525721153847 0.5127259879807693 0.5112217884615384 0.5184327331730769 0.4646750697115385 0.5214565889423077 0.4638392283653846 0.5261456947115385 0.47005008413461535 0.5292099759615385 0.49438438221153846 0.540138298076923 0.5218360168269232 0.5523547163461539 0.5466224399038462 0.5549901586538462 0.5790659278846154 0.5447800985576923 0.5837489615384616 0.5120680528846153
3 0.41769081490384613 0.5063223533653847 0.4277691634615385 0.47565774759615387 0.3661911346153846 0.4725936826923077 0.33890648557692304 0.47326421153846154 0.3149149855769231 0.48794817548076924 0.3246839519230769 0.4895496658653846 0.33257883413461536 0.4882919831730769 0.3401737403846154 0.4925619158653846 0.33556700000000006 0.5026166682692308 0.3376233341346154 0.5074412548076923 0.3665869927884616 0.5132079711538462 0.39352096153846156 0.5136613629807693 0.41769081490384613 0.5063223533653847
3 0.4139031057692308 0.5528534567307692 0.42624756009615383 0.5550655 0.44447736778846153 0.5609785024038462 0.4625514927884616 0.5644389134615385 0.48776844471153846 0.5644857908653846 0.5074787548076923 0.5592191177884616 0.4910975528846154 0.5512735721153846 0.4723081754807692 0.5450078052884615 0.45531415625 0.5376861850961538 0.4258998509615385 0.5242352860576923 0.40342292067307695 0.5270891634615384 0.4114177740384616 0.5346395841346154 0.41160636298076925 0.5418222115384616 0.4072252427884615 0.5424306201923077 0.3905488942307693 0.5452321754807692 0.35572750721153845 0.5458740072115384 0.37464243509615386 0.5498624615384615 0.4139031057692308 0.5528534567307692
2 0.8790506129807691 0.5468527980769231 0.8901528485576923 0.5473758822115384 0.8973045745192307 0.5437991730769232 0.9018510024038461 0.5369687860576924 0.9103479423076923 0.5342381923076923 0.91732940625 0.533784391826923 0.9216204423076924 0.5316383677884615 0.9275546490384615 0.5248733653846154 0.9281505649038462 0.5139431875 0.9228548413461539 0.5089972836538462 0.8992200216346155 0.5086664567307693 0.8921534254807693 0.5106817115384615 0.8877772596153846 0.5143891899038462 0.8722137283653846 0.5191350384615384 0.8720434663461538 0.5222579471153846 0.8758237163461539 0.5294806466346154 0.8750149711538462 0.5443144615384615 0.8790506129807691 0.5468527980769231
2 0.8967600288461538 0.6048266514423077 0.8982755048076924 0.6025498557692308 0.8987862884615385 0.5931811322115385 0.8935756947115384 0.5866737740384615 0.8881522692307692 0.5840700528846153 0.8687659230769231 0.5823739278846154 0.8674207091346153 0.5815278173076923 0.8632573677884616 0.5813316610576923 0.8564461706730769 0.5786625504807692 0.8508950504807692 0.5784010096153847 0.8505119591346154 0.5854275528846153 0.8430197139423077 0.595250076923077 0.8429345841346154 0.59681153125 0.8456250096153847 0.5985037548076924 0.8674463942307693 0.6065764663461539 0.8715671658653845 0.6075533509615385 0.8868327403846153 0.6082725889423076 0.8938567716346154 0.6070380625 0.8967600288461538 0.6048266514423077
2 0.7628594879807692 0.40674844711538466 0.7666566201923076 0.3881417692307692 0.7600156802884614 0.38234975 0.7503863533653846 0.38033059855769236 0.7479770024038461 0.39900266105769233 0.7628594879807692 0.40674844711538466
2 0.7440433725961538 0.3690734927884615 0.7688531442307693 0.3733733389423077 0.7683166730769231 0.35769341346153843 0.757257 0.3563896033653846 0.7472445865384615 0.36139699519230767 0.7440433725961538 0.3690734927884615