5 0.746875 0.36796875 0.27890625 0.63046875
5 0.3125 0.53203125 0.26328125 0.73984375
5 0.1015625 0.41015625 0.203125 0.71484375
1 0.09296875 0.14140625 0.11640625 0.14296875
1 0.340625 0.2171875 0.090625 0.1296875
1 0.8453125 0.1140625 0.09453125 0.14296875
0 0.26875 0.73359375 0.059375 0.13125
0 0.16015625 0.721875 0.0671875 0.09453125
0 0.6640625 0.62734375 0.065625 0.1421875
6 0.75859375 0.2671875 0.18828125 0.2140625
6 0.303125 0.4265625 0.20078125 0.31484375
6 0.08984375 0.33359375 0.1765625 0.309375
0 0.2984375 0.84609375 0.096875 0.11171875