5 0.71796875 0.60625 0.23828125 0.228125
5 0.39140625 0.36796875 0.146875 0.1609375
5 0.21171875 0.43125 0.146875 0.15078125
1 0.20390625 0.4109375 0.0765625 0.0578125
1 0.35390625 0.3109375 0.06796875 0.06015625
6 0.41484375 0.3390625 0.0765625 0.07890625
6 0.22265625 0.3859375 0.10703125 0.0453125
6 0.72109375 0.55703125 0.2046875 0.10703125
0 0.63359375 0.69765625 0.0984375 0.05859375
0 0.41484375 0.43515625 0.0546875 0.04375
0 0.225 0.4859375 0.0890625 0.0328125
0 0.7453125 0.67109375 0.0953125 0.06796875