5 0.15546875 0.4421875 0.14296875 0.459375
5 0.19375 0.25859375 0.0453125 0.1390625
5 0.21328125 0.27890625 0.0390625 0.12265625
5 0.23671875 0.45703125 0.065625 0.50078125
5 0.26328125 0.490625 0.1046875 0.58984375
5 0.3625 0.4984375 0.11484375 0.7234375
5 0.47421875 0.53125 0.24375 0.83515625
5 0.58203125 0.50625 0.11484375 0.71875
5 0.66171875 0.50078125 0.15078125 0.75703125
5 0.70859375 0.19609375 0.05859375 0.10703125
5 0.7359375 0.2453125 0.05546875 0.1
5 0.7484375 0.47890625 0.07421875 0.584375
5 0.78046875 0.4328125 0.0421875 0.45703125
5 0.82265625 0.440625 0.096875 0.46328125
3 0.8296875 0.234375 0.06875 0.1125
3 0.78828125 0.24921875 0.0359375 0.08984375
3 0.7671875 0.2453125 0.04296875 0.10859375
3 0.7390625 0.240625 0.0390625 0.0859375
3 0.71484375 0.20703125 0.0703125 0.103125
3 0.6609375 0.16171875 0.065625 0.1328125
3 0.5828125 0.2234375 0.06796875 0.13125
3 0.46875 0.19921875 0.0828125 0.14453125
3 0.290625 0.24453125 0.05390625 0.103125
3 0.26171875 0.23828125 0.04921875 0.10390625
3 0.21640625 0.26171875 0.02734375 0.09296875
3 0.19609375 0.2609375 0.05 0.10859375
3 0.1546875 0.27890625 0.04453125 0.11875
1 0.3578125 0.2015625 0.078125 0.1453125
6 0.46796875 0.4171875 0.215625 0.31015625
6 0.359375 0.38671875 0.10078125 0.25
6 0.2890625 0.4109375 0.06171875 0.2625
6 0.2484375 0.384375 0.03046875 0.209375
6 0.22578125 0.34296875 0.01484375 0.0828125
6 0.196875 0.33515625 0.04921875 0.08828125
6 0.14453125 0.3953125 0.07421875 0.15546875
6 0.58125 0.4109375 0.09765625 0.240625
6 0.68203125 0.36640625 0.14296875 0.30234375
6 0.76953125 0.390625 0.07109375 0.18671875
6 0.815625 0.3765625 0.1109375 0.16796875
0 0.690625 0.79765625 0.0546875 0.103125
0 0.5921875 0.78515625 0.04921875 0.1921875
0 0.51796875 0.884375 0.0578125 0.11015625
0 0.3703125 0.81796875 0.0515625 0.1125
0 0.3140625 0.7171875 0.0578125 0.20703125
0 0.28046875 0.70625 0.0296875 0.2109375
0 0.24921875 0.6671875 0.04765625 0.1546875
0 0.15 0.68203125 0.04921875 0.10390625
0 0.79921875 0.62890625 0.0484375 0.10390625
0 0.76328125 0.65234375 0.0328125 0.0671875
0 0.7359375 0.67421875 0.02265625 0.08046875
0 0.73671875 0.74296875 0.059375 0.10234375
0 0.19765625 0.6375 0.06875 0.075
0 0.4078125 0.8109375 0.05546875 0.0984375
0 0.43515625 0.89375 0.07890625 0.11640625