5 0.77734375 0.59296875 0.259375 0.66640625
5 0.6328125 0.5046875 0.14453125 0.52734375
5 0.58125 0.503125 0.16171875 0.4125
5 0.48671875 0.50703125 0.1828125 0.45546875
5 0.146875 0.4921875 0.1234375 0.47421875
5 0.08125 0.5390625 0.1625 0.58125
0 0.0296875 0.765625 0.059375 0.121875
0 0.13203125 0.6703125 0.084375 0.07578125
0 0.40234375 0.64921875 0.06171875 0.0734375
0 0.83359375 0.84375 0.09609375 0.16484375
0 0.55546875 0.634375 0.1015625 0.08984375
1 0.546875 0.34296875 0.0703125 0.10859375
1 0.45625 0.33671875 0.07265625 0.078125
1 0.13828125 0.309375 0.1109375 0.10390625
1 0.07890625 0.30859375 0.13046875 0.1203125
1 0.62421875 0.31328125 0.0609375 0.1109375
1 0.67421875 0.32734375 0.07578125 0.15
6 0.78203125 0.421875 0.1703125 0.16875
6 0.64296875 0.41953125 0.084375 0.1375
6 0.546875 0.446875 0.1125 0.13203125
6 0.45390625 0.45390625 0.13828125 0.19296875
6 0.13046875 0.4171875 0.1125 0.15546875
6 0.03984375 0.4125 0.0796875 0.2125
0 0.4484375 0.6453125 0.0484375 0.08125
0 0.75625 0.821875 0.09296875 0.12265625