5 0.39296875 0.70390625 0.13125 0.3953125
5 0.2140625 0.67265625 0.11796875 0.36796875
5 0.30546875 0.69296875 0.12578125 0.33359375
5 0.434375 0.69921875 0.0921875 0.3859375
5 0.36484375 0.521875 0.059375 0.0640625
5 0.2625 0.7046875 0.071875 0.296875
1 0.41484375 0.54296875 0.05859375 0.06015625
1 0.38046875 0.546875 0.0375 0.071875
1 0.36171875 0.5359375 0.0203125 0.07109375
1 0.32890625 0.56328125 0.04921875 0.06796875
1 0.25546875 0.5875 0.03515625 0.05078125
1 0.240625 0.54140625 0.07109375 0.065625
6 0.21953125 0.6125 0.05390625 0.12265625
6 0.321875 0.65234375 0.06015625 0.13125
6 0.253125 0.64765625 0.06328125 0.103125
6 0.37578125 0.64375 0.08828125 0.15078125
6 0.43359375 0.621875 0.0625 0.12734375
0 0.4328125 0.83203125 0.040625 0.08359375
0 0.41328125 0.87890625 0.059375 0.07109375