5 0.940625 0.51875 0.11796875 0.9625
5 0.828125 0.51484375 0.21484375 0.9703125
5 0.7421875 0.50703125 0.11171875 0.93046875
5 0.69140625 0.18203125 0.06953125 0.26484375
5 0.60234375 0.48359375 0.2 0.9515625
5 0.4640625 0.540625 0.1703125 0.890625
5 0.36484375 0.4609375 0.140625 0.890625
5 0.3234375 0.12421875 0.0796875 0.16484375
5 0.2703125 0.434375 0.14921875 0.86875
5 0.196875 0.5015625 0.14375 0.996875
5 0.08125 0.5078125 0.159375 0.984375
1 0.08203125 0.103125 0.14453125 0.190625
1 0.19375 0.07109375 0.11484375 0.1421875
1 0.26796875 0.0859375 0.06875 0.128125
1 0.33203125 0.11640625 0.06953125 0.13359375
1 0.38359375 0.1125 0.0875 0.134375
1 0.4734375 0.18125 0.1109375 0.146875
1 0.60234375 0.09296875 0.09453125 0.1578125
1 0.6796875 0.12578125 0.10234375 0.1296875
1 0.753125 0.1296875 0.08671875 0.1375
1 0.80625 0.15234375 0.12421875 0.2109375
1 0.92109375 0.1265625 0.11015625 0.16953125
6 0.92421875 0.33984375 0.13125 0.2765625
6 0.80859375 0.36484375 0.19765625 0.26796875
6 0.75859375 0.321875 0.115625 0.26875
6 0.7015625 0.315625 0.0890625 0.25625
6 0.60625 0.3015625 0.1546875 0.275
6 0.4671875 0.3515625 0.14609375 0.221875
6 0.38671875 0.303125 0.125 0.246875
6 0.33046875 0.20625 0.04453125 0.06875
6 0.28203125 0.2765625 0.1 0.228125
6 0.19765625 0.28046875 0.12265625 0.2671875
6 0.07734375 0.31484375 0.14453125 0.29296875
0 0.17890625 0.934375 0.08125 0.11875
0 0.2578125 0.8265625 0.1015625 0.121875
0 0.3609375 0.81640625 0.10859375 0.14296875
0 0.4109375 0.878125 0.0796875 0.11875
0 0.57890625 0.8671875 0.090625 0.128125
0 0.71875 0.91953125 0.0859375 0.0921875
0 0.95078125 0.94296875 0.0890625 0.1140625
0 0.50859375 0.85859375 0.06875 0.13046875
0 0.68046875 0.91015625 0.09140625 0.1046875