5 0.48359375 0.63671875 0.15703125 0.3671875
5 0.290625 0.6796875 0.16796875 0.390625
5 0.43125 0.50859375 0.12421875 0.23046875
5 0.75390625 0.73828125 0.14765625 0.20546875
5 0.621875 0.32890625 0.13046875 0.2359375
5 0.478125 0.37421875 0.0828125 0.1109375
5 0.48515625 0.20234375 0.09765625 0.2796875
5 0.42109375 0.1734375 0.103125 0.29140625
5 0.90859375 0.2359375 0.12265625 0.23203125
5 0.9734375 0.146875 0.05234375 0.171875
1 0.29765625 0.53359375 0.07109375 0.05625
1 0.49765625 0.49140625 0.05078125 0.06875
1 0.46328125 0.4359375 0.05390625 0.0625
1 0.7859375 0.678125 0.06015625 0.0546875
0 0.4671875 0.796875 0.04296875 0.06015625
0 0.29609375 0.85546875 0.05703125 0.0578125
6 0.2828125 0.6203125 0.10234375 0.13046875
6 0.4859375 0.57578125 0.10078125 0.14375
6 0.4453125 0.5203125 0.06015625 0.11171875
6 0.7296875 0.67109375 0.11328125 0.0796875
6 0.46953125 0.38046875 0.0921875 0.084375
1 0.45546875 0.33515625 0.03984375 0.03203125
1 0.66796875 0.240625 0.059375 0.0453125
1 0.46640625 0.09765625 0.04375 0.05859375
1 0.428125 0.0765625 0.0453125 0.06484375
6 0.43359375 0.1375 0.05546875 0.10703125
6 0.4828125 0.16953125 0.04921875 0.115625
6 0.6171875 0.259375 0.06953125 0.08984375
6 0.9140625 0.21640625 0.08359375 0.10390625
1 0.9390625 0.15 0.0359375 0.04609375
1 0.9703125 0.11796875 0.03671875 0.05078125
0 0.5078125 0.8 0.0546875 0.07578125