5 0.24765625 0.4375 0.190625 0.63515625
5 0.53203125 0.61875 0.3 0.72265625
5 0.86015625 0.403125 0.11640625 0.53515625
6 0.24453125 0.36640625 0.153125 0.2359375
6 0.503125 0.41953125 0.17734375 0.2703125
5 0.6140625 0.18046875 0.2015625 0.1640625
6 0.8609375 0.325 0.10234375 0.17578125
1 0.875 0.20078125 0.09296875 0.09921875
1 0.66875 0.184375 0.10546875 0.15
3 0.63828125 0.34140625 0.1125 0.1828125
1 0.24765625 0.18984375 0.09140625 0.1609375
0 0.49453125 0.88828125 0.2578125 0.2234375
0 0.8578125 0.63671875 0.13671875 0.1171875
0 0.60234375 0.78046875 0.12578125 0.1234375