5 0.04921875 0.44609375 0.0984375 0.2390625
5 0.13671875 0.53046875 0.171875 0.24296875
5 0.71640625 0.440625 0.12265625 0.11875
5 0.7328125 0.5234375 0.0984375 0.1125
5 0.68515625 0.784375 0.1859375 0.43125
5 0.528125 0.83125 0.17265625 0.3375
1 0.03671875 0.36484375 0.05703125 0.0609375
1 0.10625 0.4390625 0.0796875 0.07265625
1 0.53828125 0.72109375 0.103125 0.09296875
1 0.7109375 0.60078125 0.1015625 0.0953125
1 0.75078125 0.496875 0.07578125 0.06875
1 0.7265625 0.4203125 0.08828125 0.05703125
6 0.14296875 0.51796875 0.15625 0.0984375
6 0.0375 0.42109375 0.075 0.0796875
6 0.5234375 0.834375 0.12734375 0.16875
6 0.671875 0.71484375 0.1703125 0.1828125
6 0.7328125 0.54609375 0.07421875 0.0953125
6 0.7203125 0.48046875 0.0890625 0.06171875
0 0.175 0.6265625 0.0765625 0.07578125
0 0.5328125 0.9734375 0.11484375 0.05078125