5 0.7375 0.55 0.3109375 0.9
5 0.4890625 0.51796875 0.2671875 0.9609375
5 0.21796875 0.546875 0.3109375 0.90625
3 0.2640625 0.20234375 0.1453125 0.1890625
3 0.51796875 0.17421875 0.13828125 0.20234375
1 0.74375 0.20078125 0.1234375 0.1890625
6 0.7234375 0.43125 0.2171875 0.334375
6 0.5 0.396875 0.23359375 0.328125
6 0.22421875 0.40625 0.22578125 0.31953125
0 0.12265625 0.92421875 0.1125 0.1484375
0 0.53984375 0.9046875 0.115625 0.153125
0 0.82578125 0.909375 0.09375 0.12265625
0 0.32421875 0.90078125 0.11953125 0.15234375
0 0.390625 0.91328125 0.1296875 0.1546875
0 0.62109375 0.8921875 0.109375 0.165625