5 0.24921875 0.3515625 0.32578125 0.425
5 0.55234375 0.2875 0.159375 0.265625
5 0.77109375 0.3140625 0.3734375 0.628125
5 0.3234375 0.12734375 0.06796875 0.15546875
5 0.36171875 0.1609375 0.059375 0.075
5 0.27890625 0.1203125 0.08125 0.13125
5 0.24296875 0.12421875 0.075 0.1390625
5 0.1015625 0.1390625 0.09296875 0.1375
5 0.05625 0.13359375 0.08046875 0.1453125
1 0.08984375 0.08515625 0.046875 0.03671875
1 0.04375 0.084375 0.01953125 0.02578125
1 0.2390625 0.071875 0.02421875 0.0234375
1 0.26328125 0.06796875 0.0234375 0.0265625
1 0.32421875 0.071875 0.040625 0.03671875
1 0.36015625 0.23359375 0.0765625 0.09609375
1 0.36796875 0.14609375 0.02890625 0.03125
1 0.53203125 0.21875 0.075 0.0765625
1 0.778125 0.04765625 0.1484375 0.09453125
6 0.80078125 0.19921875 0.25 0.26875
6 0.5609375 0.234375 0.1265625 0.12265625
6 0.26953125 0.27578125 0.246875 0.18125
6 0.3234375 0.11640625 0.05859375 0.06953125
6 0.35234375 0.16875 0.02890625 0.05859375
6 0.26796875 0.09609375 0.03671875 0.03671875
6 0.24296875 0.10703125 0.03359375 0.0421875
6 0.09296875 0.1171875 0.04140625 0.046875
6 0.04765625 0.115625 0.0421875 0.0375
0 0.19140625 0.51484375 0.090625 0.078125
0 0.353125 0.53203125 0.11328125 0.0515625
0 0.7 0.575 0.0890625 0.06953125
0 0.05 0.19375 0.01796875 0.01484375
0 0.06875 0.19140625 0.01796875 0.01328125
0 0.09609375 0.18515625 0.0203125 0.01796875
0 0.115625 0.18671875 0.02109375 0.01796875
0 0.2546875 0.18125 0.0265625 0.02421875
0 0.26640625 0.17265625 0.015625 0.021875
0 0.28359375 0.1765625 0.0140625 0.01796875