5 0.6484375 0.4140625 0.1984375 0.7375
5 0.78671875 0.54765625 0.215625 0.3328125
5 0.46015625 0.47421875 0.26328125 0.8078125
5 0.10078125 0.40234375 0.2015625 0.6109375
0 0.17265625 0.61640625 0.084375 0.1265625
0 0.10625 0.6296875 0.0765625 0.153125
0 0.4421875 0.759375 0.1140625 0.18828125
0 0.64453125 0.68125 0.11953125 0.19375
0 0.7359375 0.6515625 0.07734375 0.134375
0 0.821875 0.6796875 0.06171875 0.096875
1 0.79140625 0.48515625 0.08125 0.0953125
1 0.6796875 0.128125 0.1046875 0.13828125
1 0.4515625 0.1390625 0.1359375 0.140625
1 0.0828125 0.15859375 0.06796875 0.1015625
6 0.09375 0.3109375 0.1515625 0.22578125
6 0.47578125 0.35 0.19140625 0.296875
6 0.65546875 0.3078125 0.16015625 0.25390625
6 0.78828125 0.48359375 0.196875 0.17734375
0 0.52265625 0.75859375 0.075 0.1578125