5 0.815625 0.36875 0.28984375 0.54765625
5 0.68671875 0.3890625 0.16484375 0.3875
5 0.57265625 0.39921875 0.1359375 0.43046875
5 0.40234375 0.41171875 0.1703125 0.42421875
5 0.2203125 0.42265625 0.440625 0.5890625
5 0.09609375 0.31015625 0.16171875 0.30234375
1 0.12734375 0.2203125 0.06171875 0.07265625
1 0.7953125 0.15546875 0.09765625 0.109375
1 0.69453125 0.24140625 0.0703125 0.0640625
1 0.55078125 0.2546875 0.0859375 0.08203125
1 0.41015625 0.2421875 0.084375 0.08515625
1 0.359375 0.19296875 0.13359375 0.10703125
6 0.2421875 0.28125 0.24296875 0.20859375
6 0.83671875 0.26953125 0.2 0.15625
6 0.68046875 0.3421875 0.11796875 0.14375
6 0.565625 0.378125 0.103125 0.16015625
6 0.4125 0.3421875 0.0953125 0.16328125
6 0.0875 0.33828125 0.1140625 0.1796875
0 0.04609375 0.61796875 0.09140625 0.14375
0 0.1921875 0.57421875 0.07421875 0.1515625
0 0.27734375 0.60234375 0.10546875 0.12421875
0 0.39453125 0.5625 0.16640625 0.13828125
0 0.528125 0.58125 0.12265625 0.11328125
0 0.76328125 0.57265625 0.1328125 0.1078125
0 0.91015625 0.57578125 0.08515625 0.10234375