5 0.82578125 0.54609375 0.265625 0.9078125
5 0.66875 0.54296875 0.2484375 0.8703125
5 0.5234375 0.52421875 0.1765625 0.77421875
5 0.48359375 0.2234375 0.071875 0.19140625
5 0.40234375 0.45078125 0.21875 0.69296875
5 0.2140625 0.46953125 0.35546875 0.69609375
1 0.303125 0.2140625 0.1515625 0.134375
1 0.8421875 0.20859375 0.2015625 0.1859375
1 0.67421875 0.21328125 0.13828125 0.1484375
1 0.5546875 0.20859375 0.1328125 0.1390625
1 0.4875 0.1859375 0.1265625 0.13203125
1 0.4234375 0.1765625 0.12421875 0.153125
6 0.24453125 0.3265625 0.209375 0.278125
6 0.4265625 0.35546875 0.1734375 0.25234375
6 0.48203125 0.37734375 0.109375 0.21796875
6 0.55 0.3984375 0.2046875 0.26015625
6 0.68828125 0.39609375 0.20078125 0.27109375
6 0.83515625 0.47109375 0.23828125 0.3203125
0 0.1046875 0.74765625 0.1046875 0.0703125
0 0.68203125 0.95625 0.06015625 0.06875