5 0.178125 0.63046875 0.2890625 0.73828125
5 0.0734375 0.32890625 0.13359375 0.3078125
5 0.21796875 0.4625 0.13515625 0.48671875
5 0.3765625 0.48203125 0.1359375 0.42265625
5 0.3421875 0.45546875 0.16875 0.565625
5 0.45859375 0.42734375 0.11484375 0.50703125
5 0.53671875 0.4890625 0.12421875 0.49140625
5 0.6234375 0.46484375 0.13046875 0.53203125
5 0.675 0.465625 0.0953125 0.5515625
5 0.7203125 0.5484375 0.109375 0.590625
5 0.878125 0.528125 0.22578125 0.63515625
5 0.80546875 0.4359375 0.08828125 0.55
5 0.76015625 0.2671875 0.0859375 0.159375
3 0.90625 0.2578125 0.09375 0.1140625
3 0.81328125 0.2265625 0.07265625 0.10859375
3 0.71953125 0.315625 0.07734375 0.10859375
3 0.76015625 0.23671875 0.05078125 0.07109375
3 0.68203125 0.24921875 0.05 0.1
3 0.634375 0.27421875 0.0765625 0.10625
3 0.553125 0.2859375 0.07578125 0.090625
3 0.4640625 0.2359375 0.07890625 0.10859375
3 0.371875 0.31328125 0.07734375 0.103125
3 0.34296875 0.2296875 0.08203125 0.09609375
3 0.20234375 0.2578125 0.0828125 0.10390625
3 0.11875 0.334375 0.08984375 0.140625
3 0.10390625 0.23828125 0.0953125 0.1140625
6 0.13046875 0.56875 0.1984375 0.33203125
6 0.1 0.365625 0.14921875 0.17265625
6 0.21484375 0.4140625 0.165625 0.2734375
6 0.31953125 0.35078125 0.08828125 0.175
6 0.375 0.44609375 0.0890625 0.21640625
6 0.4765625 0.34765625 0.10625 0.16015625
6 0.54765625 0.43203125 0.10078125 0.20234375
6 0.62578125 0.38359375 0.11640625 0.190625
6 0.72734375 0.46640625 0.13828125 0.2578125
6 0.890625 0.41328125 0.146875 0.228125
6 0.81328125 0.37734375 0.09453125 0.21796875
6 0.759375 0.3203125 0.084375 0.1
6 0.67890625 0.30078125 0.0625 0.07421875
0 0.88046875 0.80703125 0.0453125 0.10859375
0 0.81875 0.765625 0.065625 0.08828125
2 0.53046875 0.6796875 0.03046875 0.0640625
2 0.55625 0.70078125 0.0359375 0.07890625
0 0.48984375 0.621875 0.06171875 0.10078125
0 0.72421875 0.79453125 0.05546875 0.1171875
0 0.68984375 0.78671875 0.0421875 0.1078125
0 0.7890625 0.6703125 0.03515625 0.06875
0 0.7625 0.659375 0.0359375 0.06015625
0 0.7484375 0.7078125 0.025 0.07421875
0 0.64296875 0.678125 0.03828125 0.08984375
0 0.609375 0.68046875 0.03671875 0.07265625
0 0.43984375 0.621875 0.04140625 0.07109375
0 0.3953125 0.65 0.040625 0.0734375
0 0.371875 0.6578125 0.04296875 0.0765625
0 0.32421875 0.678125 0.05078125 0.08125
0 0.2421875 0.66640625 0.0578125 0.09765625
0 0.228125 0.859375 0.078125 0.12421875
0 0.12734375 0.9421875 0.0703125 0.115625