5 0.87578125 0.54609375 0.20703125 0.4234375
5 0.68046875 0.671875 0.18828125 0.44765625
5 0.41328125 0.790625 0.1546875 0.41875
5 0.32109375 0.6109375 0.1625 0.490625
5 0.16171875 0.5609375 0.16328125 0.465625
5 0.20859375 0.25546875 0.16328125 0.3234375
5 0.54765625 0.36171875 0.178125 0.15546875
1 0.525 0.33203125 0.0546875 0.0703125
1 0.2421875 0.1734375 0.06484375 0.071875
1 0.184375 0.3765625 0.0765625 0.07578125
1 0.3390625 0.43125 0.0671875 0.065625
1 0.45 0.63125 0.0609375 0.0625
1 0.6875 0.48515625 0.0734375 0.0828125
1 0.87421875 0.3734375 0.059375 0.06640625
6 0.88203125 0.4625 0.103125 0.1125
6 0.68671875 0.59453125 0.11328125 0.13359375
6 0.4296875 0.7328125 0.10859375 0.13203125
6 0.3328125 0.5296875 0.1109375 0.146875
6 0.17578125 0.48828125 0.125 0.17109375
4 0.2296875 0.225 0.12109375 0.14140625
0 0.290625 0.7953125 0.0703125 0.05
0 0.33203125 0.79609375 0.06875 0.05234375
0 0.378125 0.9515625 0.0796875 0.04453125
0 0.446875 0.9625 0.04296875 0.053125
0 0.709375 0.815625 0.06484375 0.04453125
0 0.88828125 0.7125 0.059375 0.06875
0 0.9421875 0.6953125 0.0609375 0.05390625
0 0.0921875 0.70703125 0.0734375 0.06171875
0 0.18046875 0.75390625 0.053125 0.06171875