5 0.1328125 0.58984375 0.2453125 0.45234375
5 0.5296875 0.58984375 0.2453125 0.43984375
5 0.77421875 0.71875 0.2625 0.440625
3 0.71640625 0.54921875 0.065625 0.08984375
3 0.20390625 0.4546875 0.0875 0.084375
3 0.50546875 0.4421875 0.08125 0.07890625
3 0.08125 0.23828125 0.0859375 0.08046875
5 0.06796875 0.30078125 0.13515625 0.25234375
4 0.06015625 0.30546875 0.1 0.10546875
6 0.11796875 0.5359375 0.121875 0.246875
6 0.5375 0.5234375 0.1296875 0.16328125
6 0.7875 0.64375 0.1453125 0.24765625
0 0.7484375 0.88828125 0.0984375 0.0921875
0 0.80234375 0.83046875 0.034375 0.0546875
0 0.56015625 0.73125 0.07265625 0.10625
0 0.4890625 0.7328125 0.08671875 0.10625
0 0.153125 0.765625 0.0953125 0.1125