5 0.8984375 0.5734375 0.203125 0.853125
5 0.70859375 0.53125 0.1921875 0.86484375
5 0.51875 0.5421875 0.13046875 0.74921875
5 0.359375 0.54921875 0.16953125 0.81484375
5 0.23046875 0.525 0.13046875 0.6984375
5 0.103125 0.54375 0.16796875 0.7859375
1 0.1078125 0.225 0.06484375 0.1359375
1 0.2421875 0.2609375 0.06640625 0.103125
1 0.371875 0.19453125 0.05 0.1
1 0.515625 0.25390625 0.06171875 0.13125
1 0.6875 0.2 0.0765625 0.1484375
1 0.9046875 0.22421875 0.09296875 0.1609375
6 0.903125 0.471875 0.18828125 0.328125
6 0.70625 0.42421875 0.12421875 0.3328125
6 0.5125 0.43984375 0.109375 0.24765625
6 0.3484375 0.3953125 0.1375 0.29609375
6 0.22890625 0.45625 0.1265625 0.25546875
6 0.09453125 0.4234375 0.13203125 0.2640625
0 0.7484375 0.92578125 0.08046875 0.14140625
0 0.678125 0.87109375 0.05625 0.1140625
0 0.5484375 0.846875 0.05234375 0.1296875
0 0.49296875 0.84921875 0.05078125 0.1421875
0 0.37421875 0.8578125 0.05078125 0.1140625
0 0.31015625 0.88359375 0.05234375 0.11953125
0 0.246875 0.79453125 0.05859375 0.109375
0 0.1953125 0.83203125 0.05625 0.12890625
0 0.13515625 0.83828125 0.07734375 0.09609375
0 0.0671875 0.88671875 0.06015625 0.1171875