5 0.2421875 0.675 0.13671875 0.609375
5 0.4921875 0.69453125 0.11171875 0.6109375
5 0.34375 0.6890625 0.15546875 0.54140625
5 0.434375 0.7046875 0.0953125 0.56015625
3 0.471875 0.43515625 0.0765625 0.08359375
3 0.4375 0.4703125 0.06171875 0.084375
3 0.3734375 0.465625 0.10859375 0.0875
3 0.28515625 0.42421875 0.08125 0.0859375
6 0.2453125 0.56015625 0.1234375 0.1984375
6 0.3546875 0.5828125 0.1078125 0.17578125
6 0.43046875 0.61328125 0.07890625 0.22109375
4 0.49921875 0.5484375 0.090625 0.190625
2 0.53359375 0.95859375 0.0609375 0.0828125
4 0.4765625 0.95703125 0.071875 0.0859375
0 0.43203125 0.93828125 0.075 0.0640625
0 0.3625 0.91875 0.05859375 0.071875
0 0.3046875 0.921875 0.0921875 0.08125
2 0.215625 0.93671875 0.08984375 0.0796875
2 0.24609375 0.909375 0.065625 0.06015625