5 0.6984375 0.6234375 0.1890625 0.6375
5 0.5828125 0.6203125 0.14921875 0.65
5 0.453125 0.61875 0.1640625 0.63125
5 0.2640625 0.63515625 0.28359375 0.6484375
1 0.31796875 0.365625 0.09765625 0.109375
1 0.46484375 0.3765625 0.07265625 0.10703125
1 0.59140625 0.35703125 0.071875 0.1046875
1 0.6953125 0.37890625 0.0734375 0.1046875
6 0.70625 0.5171875 0.1109375 0.175
6 0.5953125 0.49921875 0.10546875 0.1890625
6 0.46171875 0.4984375 0.10703125 0.17578125
6 0.321875 0.52421875 0.0984375 0.1734375
0 0.3109375 0.8890625 0.0578125 0.078125
0 0.34765625 0.88828125 0.05390625 0.0765625
0 0.4734375 0.8859375 0.0921875 0.07890625
0 0.63671875 0.8765625 0.06953125 0.084375
0 0.571875 0.87734375 0.07421875 0.07421875
0 0.6828125 0.88828125 0.0796875 0.09609375