5 0.525 0.42265625 0.12890625 0.4046875
5 0.10546875 0.65859375 0.1484375 0.50546875
5 0.1609375 0.796875 0.19375 0.31875
1 0.1484375 0.6890625 0.08046875 0.08828125
1 0.1234375 0.4640625 0.06171875 0.10078125
1 0.54921875 0.275 0.0515625 0.08828125
4 0.51796875 0.35546875 0.09140625 0.13125
4 0.1078125 0.59765625 0.0578125 0.171875
4 0.1390625 0.8171875 0.10546875 0.18203125
0 0.225 0.91640625 0.06875 0.07265625
0 0.5078125 0.60703125 0.04296875 0.03046875
5 0.45078125 0.6328125 0.0734375 0.23046875
3 0.46484375 0.546875 0.02734375 0.0515625
4 0.4640625 0.61015625 0.0359375 0.078125
2 0.43203125 0.73359375 0.03125 0.0328125