5 0.475 0.42265625 0.12890625 0.4046875
5 0.89453125 0.65859375 0.1484375 0.50546875
5 0.8390625 0.796875 0.19375 0.31875
1 0.8515625 0.6890625 0.08046875 0.08828125
1 0.8765625 0.4640625 0.06171875 0.10078125
1 0.45078125 0.275 0.0515625 0.08828125
4 0.48203125 0.35546875 0.09140625 0.13125
4 0.8921875 0.59765625 0.0578125 0.171875
4 0.8609375 0.8171875 0.10546875 0.18203125
0 0.775 0.91640625 0.06875 0.07265625
0 0.4921875 0.60703125 0.04296875 0.03046875
5 0.54921875 0.6328125 0.0734375 0.23046875
3 0.53515625 0.546875 0.02734375 0.0515625
4 0.5359375 0.61015625 0.0359375 0.078125
2 0.56796875 0.73359375 0.03125 0.0328125