5 0.790625 0.67109375 0.16328125 0.6203125
5 0.66796875 0.67890625 0.1046875 0.59765625
5 0.5890625 0.67578125 0.12109375 0.6234375
5 0.5 0.65859375 0.12109375 0.6484375
5 0.40078125 0.66953125 0.08125 0.5734375
5 0.3703125 0.728125 0.10234375 0.525
5 0.290625 0.6796875 0.11640625 0.63046875
5 0.165625 0.69609375 0.13671875 0.6078125
3 0.18671875 0.4578125 0.05625 0.09375
3 0.29921875 0.42890625 0.0546875 0.096875
3 0.36484375 0.51640625 0.0546875 0.09140625
3 0.38984375 0.42578125 0.0359375 0.08671875
3 0.47109375 0.39375 0.05234375 0.11171875
3 0.57578125 0.4203125 0.059375 0.10390625
3 0.6546875 0.45625 0.053125 0.10078125
3 0.771875 0.40703125 0.0578125 0.103125
4 0.778125 0.54765625 0.090625 0.19921875
4 0.66875 0.58828125 0.10234375 0.2109375
4 0.57578125 0.5609375 0.0875 0.1953125
4 0.478125 0.56953125 0.10546875 0.21875
4 0.403125 0.5390625 0.0671875 0.1484375
4 0.365625 0.62265625 0.0875 0.14609375
4 0.29765625 0.571875 0.096875 0.2078125
4 0.1796875 0.62265625 0.09375 0.2640625
0 0.13828125 0.94375 0.04765625 0.06015625
0 0.19765625 0.93828125 0.03046875 0.08046875
0 0.25234375 0.93515625 0.0546875 0.07890625
0 0.31328125 0.9359375 0.04453125 0.07578125
0 0.3421875 0.94921875 0.0390625 0.0640625
0 0.37421875 0.9375 0.03671875 0.0875
0 0.425 0.925 0.03984375 0.065625
0 0.4765625 0.93984375 0.0453125 0.0921875
0 0.53828125 0.93828125 0.0484375 0.0734375
0 0.58046875 0.93046875 0.04296875 0.0890625
0 0.6484375 0.9390625 0.053125 0.08203125
0 0.69609375 0.92109375 0.0421875 0.0828125
0 0.665625 0.9203125 0.03828125 0.09921875
0 0.759375 0.93203125 0.05078125 0.0609375
0 0.86015625 0.9296875 0.05078125 0.075