0 0.7984375 0.9484375 0.0921875 0.0609375
0 0.73515625 0.946875 0.04453125 0.10234375
0 0.66796875 0.921875 0.06484375 0.07890625
0 0.6203125 0.95 0.08828125 0.1
0 0.5765625 0.91796875 0.0890625 0.0828125
0 0.51328125 0.9171875 0.06875 0.0921875
0 0.4578125 0.89609375 0.0625 0.09609375
0 0.37109375 0.9203125 0.07265625 0.04921875
0 0.30390625 0.92109375 0.0515625 0.0625
0 0.24140625 0.928125 0.07265625 0.0578125
0 0.1828125 0.9015625 0.0734375 0.06796875
0 0.12578125 0.9234375 0.05390625 0.07265625
0 0.4 0.9015625 0.05390625 0.0640625
5 0.82265625 0.69296875 0.1546875 0.6140625
5 0.7046875 0.69609375 0.13828125 0.60703125
5 0.59921875 0.67265625 0.1640625 0.62734375
5 0.4765625 0.66796875 0.1546875 0.55546875
5 0.37109375 0.6734375 0.16171875 0.58359375
5 0.2734375 0.6671875 0.14765625 0.584375
5 0.16484375 0.6609375 0.1796875 0.59765625
1 0.1984375 0.42421875 0.0625 0.10546875
1 0.28359375 0.434375 0.08359375 0.11328125
1 0.39609375 0.4546875 0.07890625 0.103125
1 0.50078125 0.44375 0.06953125 0.10546875
1 0.60234375 0.42109375 0.0796875 0.13515625
1 0.7140625 0.44765625 0.0765625 0.12421875
1 0.8125 0.44609375 0.07734375 0.1109375
6 0.8140625 0.59609375 0.1078125 0.21484375
6 0.7046875 0.578125 0.11328125 0.2015625
6 0.60625 0.55859375 0.09609375 0.20625
6 0.39296875 0.58828125 0.1015625 0.1953125
6 0.2765625 0.57578125 0.1234375 0.2140625
4 0.17734375 0.58125 0.11953125 0.21953125
4 0.4984375 0.58671875 0.1046875 0.20234375