5 0.6359375 0.70546875 0.15234375 0.49921875
5 0.5203125 0.6125 0.14921875 0.4671875
5 0.371875 0.5171875 0.12890625 0.36640625
1 0.40859375 0.41640625 0.0359375 0.10234375
1 0.51796875 0.46328125 0.0546875 0.11796875
1 0.675 0.534375 0.05234375 0.10234375
6 0.65078125 0.66796875 0.0765625 0.19375
6 0.5015625 0.6 0.08359375 0.1734375
6 0.36640625 0.51015625 0.08828125 0.17578125
0 0.47578125 0.78125 0.03984375 0.1125
0 0.45859375 0.76796875 0.02890625 0.11171875
0 0.62109375 0.90234375 0.04921875 0.115625
0 0.5859375 0.86953125 0.0609375 0.11953125
0 0.346875 0.671875 0.03515625 0.11171875