5 0.4109375 0.8296875 0.1234375 0.340625
5 0.5828125 0.81953125 0.1078125 0.3296875
5 0.6953125 0.7953125 0.071875 0.22265625
5 0.76875 0.79765625 0.0765625 0.19765625
5 0.8375 0.79921875 0.0609375 0.271875
5 0.87734375 0.79609375 0.0484375 0.18125
5 0.934375 0.809375 0.0625 0.26015625
5 0.9578125 0.6984375 0.0296875 0.059375
5 0.75390625 0.72734375 0.028125 0.0546875
1 0.41953125 0.6890625 0.0671875 0.06171875
1 0.5953125 0.68984375 0.05625 0.05859375
1 0.70859375 0.7125 0.05390625 0.04140625
1 0.7578125 0.71796875 0.0234375 0.03984375
1 0.7765625 0.71875 0.02890625 0.04453125
1 0.84453125 0.69375 0.03671875 0.040625
1 0.871875 0.72578125 0.03515625 0.03359375
1 0.9265625 0.7015625 0.04296875 0.059375
1 0.9515625 0.6984375 0.028125 0.0484375
6 0.40546875 0.78515625 0.08515625 0.1296875
6 0.5875 0.74921875 0.09609375 0.0875
6 0.70390625 0.7609375 0.06640625 0.0765625
6 0.7640625 0.77890625 0.06328125 0.07734375
6 0.8375 0.7609375 0.059375 0.0953125
6 0.87890625 0.775 0.05546875 0.0828125
6 0.9390625 0.775 0.06953125 0.12890625
0 0.40546875 0.98203125 0.09375 0.0359375
0 0.584375 0.93046875 0.06796875 0.0796875
0 0.69765625 0.878125 0.05078125 0.06171875
0 0.7734375 0.9 0.06328125 0.03203125
0 0.83515625 0.909375 0.05390625 0.0359375
0 0.9375 0.9359375 0.084375 0.046875