5 0.253125 0.49609375 0.25078125 0.50234375
5 0.746875 0.51875 0.3234375 0.66796875
5 0.5671875 0.2625 0.1140625 0.28828125
5 0.42734375 0.29375 0.1125 0.3984375
5 0.05390625 0.2609375 0.09296875 0.24375
1 0.3359375 0.3140625 0.0734375 0.128125
1 0.4453125 0.146875 0.04453125 0.08984375
1 0.29609375 0.13125 0.0625 0.096875
1 0.07890625 0.1671875 0.04296875 0.06328125
1 0.5734375 0.1546875 0.05703125 0.071875
1 0.6625 0.29296875 0.1046875 0.1828125
5 0.3046875 0.33046875 0.15390625 0.5140625
6 0.05078125 0.20859375 0.0578125 0.09609375
6 0.23984375 0.35390625 0.15625 0.190625
6 0.26796875 0.21484375 0.0734375 0.11640625
6 0.41328125 0.23515625 0.0765625 0.1421875
6 0.7765625 0.33515625 0.16796875 0.20703125
6 0.565625 0.22890625 0.065625 0.103125
0 0.246875 0.71484375 0.09375 0.1171875
0 0.26796875 0.6421875 0.0609375 0.0734375
0 0.30546875 0.5140625 0.07578125 0.0953125
0 0.70078125 0.7234375 0.07109375 0.10390625
0 0.7375 0.790625 0.0984375 0.11796875
0 0.0609375 0.3453125 0.04140625 0.05390625
0 0.08671875 0.34296875 0.04140625 0.04609375
0 0.41328125 0.465625 0.05234375 0.0421875
0 0.54453125 0.396875 0.0359375 0.053125