5 0.278125 0.5234375 0.3203125 0.3765625
5 0.4359375 0.27734375 0.1859375 0.3125
5 0.66953125 0.7328125 0.1953125 0.31875
5 0.79921875 0.3453125 0.17109375 0.41640625
1 0.83125 0.228125 0.071875 0.10546875
1 0.4578125 0.18046875 0.08046875 0.11953125
1 0.30390625 0.41015625 0.09921875 0.125
1 0.69453125 0.62578125 0.09296875 0.1046875
6 0.20546875 0.43125 0.13359375 0.15
6 0.42734375 0.20234375 0.1234375 0.146875
6 0.7015625 0.7140625 0.10390625 0.14375
6 0.8453125 0.2984375 0.08125 0.14609375
0 0.81484375 0.4796875 0.0828125 0.07421875
0 0.2359375 0.653125 0.08671875 0.1046875
0 0.403125 0.38828125 0.05859375 0.09765625
0 0.478125 0.3359375 0.04921875 0.09453125
0 0.2625 0.51484375 0.04921875 0.0640625