5 0.37578125 0.340625 0.12734375 0.6515625
5 0.5140625 0.66015625 0.14375 0.64375
5 0.70234375 0.76953125 0.1578125 0.4609375
6 0.37421875 0.23203125 0.12734375 0.25
6 0.496875 0.58671875 0.1125 0.2265625
6 0.70078125 0.70078125 0.121875 0.17578125
0 0.496875 0.92265625 0.1734375 0.0984375
0 0.6703125 0.88671875 0.07734375 0.08046875
0 0.39609375 0.62890625 0.075 0.09921875
1 0.46953125 0.40625 0.06875 0.12421875
1 0.38671875 0.0734375 0.09765625 0.1296875
1 0.6578125 0.58671875 0.065625 0.1265625