5 0.625 0.634375 0.18203125 0.57890625
5 0.32578125 0.39453125 0.15234375 0.34296875
5 0.1859375 0.409375 0.17265625 0.35625
5 0.846875 0.37578125 0.1375 0.41015625
1 0.8453125 0.209375 0.0546875 0.07421875
1 0.62109375 0.428125 0.0890625 0.10390625
1 0.1546875 0.25625 0.0515625 0.07109375
1 0.3265625 0.296875 0.0390625 0.046875
4 0.31171875 0.34375 0.0921875 0.08828125
4 0.615625 0.58046875 0.11640625 0.2328125
4 0.1546875 0.35703125 0.08984375 0.1421875
4 0.8625 0.35 0.1125 0.2203125
0 0.8125 0.54140625 0.0671875 0.10234375
0 0.65 0.8703125 0.08984375 0.08359375
0 0.5734375 0.85859375 0.05 0.08671875