5 0.17890625 0.50078125 0.22734375 0.46328125
5 0.2984375 0.3828125 0.15859375 0.39609375
5 0.759375 0.4484375 0.17578125 0.459375
1 0.76328125 0.29453125 0.071875 0.10625
1 0.29296875 0.23046875 0.06171875 0.07109375
1 0.23671875 0.33203125 0.09140625 0.12578125
4 0.7671875 0.39921875 0.09453125 0.15859375
4 0.29140625 0.33359375 0.08203125 0.15234375
4 0.1765625 0.43984375 0.13671875 0.17734375
0 0.25234375 0.53984375 0.0734375 0.10078125
0 0.3015625 0.54921875 0.059375 0.07890625
0 0.1125 0.6734375 0.06875 0.12890625