5 0.8609375 0.71484375 0.128125 0.5703125
5 0.703125 0.68828125 0.1015625 0.5828125
5 0.65390625 0.628125 0.075 0.53203125
5 0.5953125 0.6578125 0.0828125 0.51875
5 0.528125 0.61328125 0.0640625 0.4796875
5 0.46015625 0.63515625 0.121875 0.55859375
5 0.334375 0.65 0.1609375 0.63125
5 0.19609375 0.69375 0.121875 0.60625
5 0.13515625 0.65703125 0.1078125 0.6859375
5 0.053125 0.63984375 0.10546875 0.7203125
4 0.85703125 0.65859375 0.13125 0.2390625
4 0.7 0.61875 0.07421875 0.26328125
4 0.65703125 0.540625 0.05625 0.15390625
4 0.5875 0.56953125 0.08359375 0.1578125
4 0.52578125 0.54296875 0.0625 0.1515625
4 0.453125 0.5375 0.08046875 0.171875
4 0.31796875 0.55 0.10390625 0.18828125
4 0.190625 0.59296875 0.07109375 0.23984375
4 0.1359375 0.59921875 0.1234375 0.3234375
4 0.0359375 0.70234375 0.07109375 0.38359375
1 0.02734375 0.39765625 0.05390625 0.20859375
1 0.1359375 0.38671875 0.0921875 0.1640625
1 0.2046875 0.453125 0.06796875 0.1125
1 0.30390625 0.39375 0.09140625 0.165625
1 0.46640625 0.4125 0.07265625 0.109375
1 0.51953125 0.42890625 0.0625 0.13046875
1 0.58671875 0.4578125 0.05625 0.10625
1 0.653125 0.409375 0.05859375 0.115625
1 0.70234375 0.45 0.071875 0.090625
1 0.85625 0.48046875 0.08671875 0.1359375
0 0.2125 0.96953125 0.07265625 0.0453125
0 0.2953125 0.92421875 0.06171875 0.0828125
0 0.34609375 0.91328125 0.07109375 0.0921875
0 0.43203125 0.87890625 0.046875 0.0671875
0 0.48671875 0.86171875 0.05859375 0.07890625
0 0.61484375 0.88515625 0.0625 0.06328125
0 0.56953125 0.871875 0.071875 0.08125
0 0.6984375 0.940625 0.0640625 0.078125
0 0.6796875 0.9140625 0.08046875 0.0625