0.0 0.405961 0.086746 0.075484 0.071066
0.0 0.355626 0.124809 0.079482 0.092582
0.0 0.402429 0.148399 0.063187 0.036368
0.0 0.394108 0.184921 0.058755 0.086684
0.0 0.396123 0.222226 0.070750 0.049539
0.0 0.380049 0.334462 0.087430 0.081501
0.0 0.403304 0.412527 0.060711 0.068986
0.0 0.373220 0.524966 0.056070 0.053991
0.0 0.372548 0.631379 0.033199 0.052727
0.0 0.379551 0.911285 0.045707 0.051042
0.0 0.347203 0.918287 0.041804 0.036058
3.0 0.017269 0.218574 0.034537 0.081128
3.0 0.047284 0.119940 0.055644 0.075443
3.0 0.145255 0.468532 0.050320 0.064170
3.0 0.172271 0.959088 0.041229 0.047245