3.0 0.048577 0.854140 0.097154 0.148944
0.0 0.875149 0.237320 0.212431 0.202534
0.0 0.781240 0.279392 0.166531 0.188726
0.0 0.651333 0.166752 0.113210 0.111413
0.0 0.573495 0.202213 0.088552 0.080062
0.0 0.368221 0.414231 0.197799 0.188325
0.0 0.302711 0.201389 0.103572 0.108417
0.0 0.325119 0.146625 0.090952 0.082132
0.0 0.386771 0.191533 0.080980 0.093189
0.0 0.419636 0.252874 0.088781 0.081854
3.0 0.838266 0.936077 0.323467 0.127846
3.0 0.220107 0.825592 0.199873 0.148944
3.0 0.445229 0.619226 0.147778 0.086767
0.0 0.980714 0.212665 0.038571 0.202534