0.0 0.268653 0.020595 0.092367 0.041190
0.0 0.280857 0.156986 0.078433 0.057662
0.0 0.271304 0.099564 0.082692 0.047207
0.0 0.440424 0.950964 0.069540 0.049838
0.0 0.400249 0.941546 0.058707 0.061608
0.0 0.399910 0.899084 0.105688 0.084351
0.0 0.383368 0.826967 0.092185 0.050776
0.0 0.413456 0.800319 0.071433 0.045192
0.0 0.393365 0.777340 0.074915 0.057032
0.0 0.364024 0.751365 0.086058 0.058403
0.0 0.389775 0.724829 0.084791 0.051322
0.0 0.373172 0.672655 0.088479 0.071923
0.0 0.364425 0.696811 0.055850 0.038040
0.0 0.379845 0.636911 0.086980 0.063554
0.0 0.357935 0.595653 0.101229 0.048033
0.0 0.353889 0.577110 0.063899 0.052567
0.0 0.355291 0.540316 0.094005 0.068550
0.0 0.338009 0.480290 0.080696 0.047473
0.0 0.328498 0.447444 0.087745 0.044996
0.0 0.294947 0.418236 0.083692 0.064211
0.0 0.323166 0.389265 0.058331 0.032876
0.0 0.329275 0.346314 0.092367 0.067011
0.0 0.288925 0.202051 0.078433 0.057662
0.0 0.299886 0.259222 0.082692 0.047207
3.0 0.166628 0.995791 0.075594 0.008417
3.0 0.168018 0.980148 0.062110 0.039704
3.0 0.137688 0.943370 0.071360 0.067612
3.0 0.120546 0.876011 0.065033 0.100753
3.0 0.042212 0.791676 0.084423 0.058767
3.0 0.045057 0.720888 0.090114 0.087668
3.0 0.035192 0.598472 0.070385 0.083721
3.0 0.107342 0.631877 0.084281 0.063694
3.0 0.109842 0.503862 0.074150 0.075589
3.0 0.018561 0.458015 0.037123 0.069907