1 0.2359375 0.59609375 0.1671875 0.24921875
1 0.37265625 0.54375 0.18515625 0.24140625
1 0.54375 0.5078125 0.1578125 0.19765625
1 0.678125 0.559375 0.13984375 0.23125
1 0.7828125 0.6515625 0.1234375 0.209375
3 0.1140625 0.90234375 0.12109375 0.11171875
3 0.2578125 0.9046875 0.1171875 0.08515625
3 0.39609375 0.88359375 0.1125 0.07421875
3 0.54921875 0.828125 0.1375 0.159375
3 0.675 0.815625 0.11796875 0.14140625
3 0.77890625 0.83359375 0.096875 0.1234375
3 0.89921875 0.86640625 0.14453125 0.1234375