3.0 0.003703 0.893372 0.007407 0.121530
1.0 0.225284 0.555954 0.216134 0.246729
1.0 0.351575 0.480075 0.232548 0.244490
1.0 0.515442 0.409692 0.196610 0.201652
1.0 0.659858 0.420731 0.185274 0.225320
1.0 0.782614 0.472566 0.164573 0.203253
3.0 0.163838 0.839356 0.142996 0.121530
3.0 0.307926 0.807266 0.133860 0.098527
3.0 0.441933 0.756991 0.127023 0.088326
3.0 0.584000 0.674630 0.168775 0.165025
3.0 0.707211 0.634457 0.145721 0.145465
3.0 0.814567 0.624789 0.121106 0.125535
3.0 0.928439 0.623573 0.143121 0.136820
3.0 0.022939 0.997472 0.045879 0.005056
1.0 0.918798 0.975079 0.162404 0.049843
3.0 0.202310 0.970464 0.142996 0.059072
3.0 0.345474 0.958222 0.133860 0.083557
3.0 0.487792 0.950496 0.127023 0.088326
3.0 0.651711 0.938915 0.168775 0.122170
3.0 0.779846 0.934108 0.145721 0.131784
3.0 0.880123 0.901411 0.121106 0.125535
3.0 0.954754 0.845650 0.090491 0.136820