0.0 0.341406 0.262500 0.106250 0.134375
0.0 0.583594 0.298438 0.075000 0.138281
0.0 0.661719 0.321875 0.090625 0.128125
1.0 0.232812 0.412500 0.139062 0.225781
1.0 0.341406 0.442187 0.121875 0.215625
1.0 0.585938 0.457031 0.142187 0.229687
1.0 0.678906 0.464844 0.118750 0.202344
1.0 0.783594 0.411719 0.159375 0.221094
3.0 0.834375 0.811719 0.073437 0.092969
3.0 0.671875 0.796875 0.064844 0.103906
3.0 0.177344 0.811719 0.065625 0.110937
3.0 0.494531 0.853125 0.053125 0.097656
3.0 0.629687 0.819531 0.060938 0.098438
3.0 0.578906 0.836719 0.087500 0.095312
3.0 0.744531 0.808594 0.087500 0.101562
3.0 0.455469 0.847656 0.060156 0.089062