0.0 0.294531 0.240625 0.097656 0.113281
0.0 0.403125 0.265625 0.098438 0.100781
0.0 0.496094 0.276563 0.078125 0.118750
0.0 0.592969 0.311719 0.069531 0.089063
0.0 0.699219 0.278125 0.078125 0.103125
0.0 0.821875 0.288281 0.104688 0.107813
3.0 0.250000 0.746875 0.101562 0.118750
3.0 0.326563 0.731250 0.067188 0.097656
3.0 0.364844 0.728125 0.078125 0.090625
3.0 0.429688 0.714844 0.085938 0.124219
3.0 0.469531 0.730469 0.075000 0.104687
3.0 0.535156 0.739844 0.078125 0.107813
3.0 0.569531 0.711719 0.068750 0.126562
3.0 0.614844 0.708594 0.065625 0.107813
3.0 0.661719 0.715625 0.065625 0.106250
3.0 0.735156 0.731250 0.097656 0.118750
3.0 0.787500 0.726562 0.092969 0.093750
3.0 0.848437 0.725781 0.095313 0.126562