0.0 0.460904 0.008547 0.159988 0.017095
0.0 0.711975 0.008689 0.169765 0.017378
0.0 0.923578 0.030869 0.152843 0.061739
1.0 0.103667 0.461736 0.207334 0.222075
1.0 0.332620 0.509916 0.286814 0.245387
1.0 0.571797 0.581759 0.284414 0.230307
1.0 0.782114 0.632683 0.247436 0.231997
0.0 0.118943 0.311635 0.181500 0.152184
0.0 0.372310 0.353230 0.159988 0.145094
0.0 0.602406 0.453763 0.169765 0.138114
0.0 0.823300 0.504314 0.173631 0.135919
3.0 0.040819 0.824453 0.081639 0.117260
3.0 0.122985 0.856368 0.198043 0.136357
3.0 0.275390 0.870745 0.162643 0.109270
3.0 0.376300 0.924611 0.132956 0.112541
3.0 0.481649 0.922789 0.140879 0.133065
3.0 0.631742 0.971486 0.218675 0.057028
3.0 0.022880 0.965666 0.045760 0.068667
3.0 0.094030 0.972394 0.188059 0.055212
3.0 0.347873 0.999738 0.132956 0.000524