3.0 0.056409 0.653434 0.112819 0.163547
3.0 0.037714 0.219439 0.075428 0.115746
3.0 0.030935 0.591090 0.061870 0.116306
0.0 0.947716 0.544347 0.104568 0.248100
0.0 0.930947 0.185201 0.138106 0.209205
1.0 0.722220 0.565013 0.380495 0.386708
1.0 0.722870 0.208886 0.348898 0.351226
3.0 0.172299 0.642717 0.142506 0.163547
3.0 0.154089 0.205857 0.174072 0.115746
3.0 0.236085 0.291346 0.136895 0.104300
3.0 0.231361 0.569782 0.180912 0.116306
0.0 0.970355 0.986342 0.059290 0.027316
1.0 0.767614 0.962727 0.380495 0.074545