0.0 0.738281 0.621875 0.033594 0.032031
0.0 0.642969 0.608594 0.041406 0.032031
0.0 0.576563 0.609375 0.030469 0.028906
0.0 0.550781 0.623438 0.036719 0.040625
0.0 0.462500 0.625000 0.042969 0.026562
1.0 0.464844 0.660937 0.047656 0.050781
1.0 0.511719 0.657031 0.027344 0.038281
1.0 0.562500 0.678906 0.036719 0.078906
1.0 0.590625 0.664062 0.043750 0.075000
1.0 0.646875 0.673437 0.056250 0.101562
1.0 0.743750 0.671094 0.053906 0.073437
0.0 0.518750 0.628125 0.021094 0.022656
3.0 0.546875 0.808594 0.035938 0.039844
3.0 0.611719 0.809375 0.030469 0.025781
3.0 0.634375 0.828125 0.030469 0.032031
3.0 0.746875 0.771094 0.026562 0.034375