0.0 0.251563 0.822656 0.059375 0.112500
0.0 0.242188 0.642187 0.044531 0.050781
0.0 0.212500 0.578906 0.068750 0.073438
0.0 0.217187 0.421875 0.055469 0.100000
0.0 0.240625 0.348437 0.057813 0.080469
3.0 0.509375 0.214844 0.038281 0.092188
3.0 0.489062 0.329687 0.043750 0.070312
3.0 0.475781 0.445312 0.050781 0.042187
3.0 0.473437 0.586719 0.046875 0.155469
3.0 0.473437 0.696875 0.064844 0.076563
3.0 0.508594 0.822656 0.035156 0.081250
1.0 0.322656 0.199219 0.105469 0.169531
1.0 0.322656 0.368750 0.113281 0.143750
1.0 0.301562 0.448438 0.120313 0.093750
1.0 0.312500 0.592188 0.123438 0.171875
1.0 0.342187 0.842188 0.132031 0.099219
3.0 0.482812 0.395312 0.035937 0.069531