0 0.246875 0.41015625 0.08671875 0.13125
0 0.34609375 0.196875 0.096875 0.10703125
0 0.46484375 0.403125 0.10234375 0.10546875
0 0.4 0.45546875 0.0984375 0.115625
0 0.5546875 0.309375 0.08984375 0.10859375
0 0.68046875 0.36640625 0.11015625 0.11171875
0 0.775 0.6296875 0.1203125 0.10625
1 0.1453125 0.49453125 0.165625 0.15546875
1 0.546875 0.4484375 0.10546875 0.22578125
1 0.7484375 0.77578125 0.15546875 0.225
3 0.41640625 0.7265625 0.07734375 0.09921875
3 0.51875 0.75078125 0.0796875 0.1390625
3 0.61875 0.63984375 0.0578125 0.146875
3 0.20390625 0.71171875 0.07890625 0.06953125
3 0.30390625 0.62109375 0.0484375 0.071875
3 0.16796875 0.7671875 0.11953125 0.065625
3 0.68671875 0.65625 0.06328125 0.128125