1.0 0.121805 0.356949 0.243610 0.388730
1.0 0.354455 0.340931 0.244219 0.292389
1.0 0.584543 0.367428 0.291310 0.301395
1.0 0.849345 0.290006 0.255936 0.338601
0.0 0.838707 0.843839 0.202978 0.158699
0.0 0.603483 0.908557 0.188883 0.112373
0.0 0.373081 0.941468 0.241441 0.070757
0.0 0.141556 0.934588 0.213885 0.106095
0.0 0.965641 0.658792 0.063857 0.077909
1.0 0.989888 0.277548 0.020223 0.338601
0.0 0.997769 0.655811 0.004461 0.077909
0.0 0.848832 0.987252 0.202978 0.025497
0.0 0.608473 0.977939 0.188883 0.044122
0.0 0.375974 0.983047 0.241441 0.033907
0.0 0.146184 0.988773 0.213885 0.022454