0.0 0.372775 0.596401 0.157017 0.130609
0.0 0.379455 0.476148 0.136164 0.137150
0.0 0.370380 0.247453 0.148141 0.188171
1.0 0.526463 0.266322 0.234190 0.272264
1.0 0.537035 0.473261 0.222455 0.185174
1.0 0.516808 0.626351 0.227653 0.199435
3.0 0.863861 0.715713 0.075838 0.095978
3.0 0.881996 0.328482 0.113431 0.124600
3.0 0.837263 0.442361 0.088220 0.086885
3.0 0.810772 0.488818 0.088009 0.091161
3.0 0.843847 0.611232 0.075028 0.094180
3.0 0.842010 0.250072 0.102438 0.090003
3.0 0.965964 0.726146 0.068072 0.095978
3.0 0.985426 0.342812 0.029149 0.124600
3.0 0.986167 0.627573 0.027665 0.094180