3.0 0.754277 0.040210 0.127415 0.080421
3.0 0.291903 0.008217 0.123119 0.016434
0.0 0.349429 0.899276 0.139118 0.173882
0.0 0.460082 0.689699 0.191784 0.143412
0.0 0.622224 0.594104 0.128068 0.156269
1.0 0.640871 0.458146 0.170614 0.211981
1.0 0.508531 0.499255 0.176875 0.311825
1.0 0.339119 0.629479 0.246342 0.386931
3.0 0.427337 0.014284 0.146532 0.028568
3.0 0.640489 0.040533 0.072196 0.081067
3.0 0.496216 0.061911 0.097296 0.123822
3.0 0.575047 0.061636 0.125506 0.123271
0.0 0.329572 0.994600 0.139118 0.010801