0.0 0.210983 0.740080 0.160517 0.121285
0.0 0.251414 0.676467 0.117535 0.095388
0.0 0.284962 0.576651 0.126405 0.115714
0.0 0.334229 0.500053 0.120433 0.081470
0.0 0.314981 0.414743 0.141103 0.112881
0.0 0.348671 0.249206 0.135522 0.107422
1.0 0.495397 0.146059 0.215434 0.227006
1.0 0.476533 0.288705 0.203414 0.160500
1.0 0.410239 0.347094 0.152938 0.128645
1.0 0.439810 0.458038 0.189141 0.146768
1.0 0.422625 0.536895 0.179540 0.150932
1.0 0.392653 0.604767 0.228419 0.163026
1.0 0.379751 0.698505 0.214808 0.165476
1.0 0.351028 0.785054 0.260670 0.200129
3.0 0.683506 0.867271 0.121858 0.127868
3.0 0.622182 0.687632 0.095563 0.097656
3.0 0.729645 0.766153 0.071934 0.109497
3.0 0.476476 0.586127 0.143166 0.159445
3.0 0.573681 0.570981 0.124707 0.081919
3.0 0.759455 0.680653 0.078919 0.095312
3.0 0.710871 0.606034 0.205616 0.125722
3.0 0.548343 0.511607 0.132387 0.088594
3.0 0.580618 0.468804 0.142022 0.089108
3.0 0.617881 0.430362 0.158820 0.087490
3.0 0.683518 0.288458 0.137458 0.123936
3.0 0.726320 0.239228 0.139915 0.099230
3.0 0.802077 0.371406 0.181095 0.127325
3.0 0.817348 0.451090 0.077332 0.064214
3.0 0.779398 0.526054 0.127458 0.110653
3.0 0.869499 0.264376 0.081367 0.081943
3.0 0.940007 0.934483 0.119985 0.127868
3.0 0.950124 0.823717 0.071934 0.109497
3.0 0.963228 0.734556 0.073544 0.095312
3.0 0.970984 0.693211 0.058032 0.125722
3.0 0.994680 0.443942 0.010641 0.127325
3.0 0.994483 0.505991 0.011034 0.064214
3.0 0.980181 0.589940 0.039637 0.110653
0.0 0.139217 0.977157 0.160517 0.045686
1.0 0.283374 0.972059 0.260670 0.055882