0.0 0.585156 0.542969 0.058594 0.060156
0.0 0.619531 0.546875 0.037500 0.071875
0.0 0.638281 0.535937 0.020312 0.071094
0.0 0.671094 0.563281 0.049219 0.067969
0.0 0.744531 0.587500 0.035156 0.050781
0.0 0.759375 0.541406 0.071094 0.065625
1.0 0.780469 0.612500 0.053906 0.122656
1.0 0.678125 0.652344 0.060156 0.131250
1.0 0.746875 0.647656 0.063281 0.103125
1.0 0.624219 0.643750 0.088281 0.150781
1.0 0.566406 0.621875 0.062500 0.127344
3.0 0.567187 0.832031 0.040625 0.083594
3.0 0.586719 0.878906 0.059375 0.071094