0 0.56953125 0.68984375 0.05078125 0.0546875
0 0.4609375 0.6140625 0.04921875 0.05625
0 0.33828125 0.5953125 0.053125 0.05
1 0.33828125 0.653125 0.07265625 0.071875
1 0.4640625 0.66484375 0.07109375 0.07109375
1 0.56328125 0.76640625 0.084375 0.1296875
3 0.5734375 0.909375 0.05625 0.0765625
3 0.43828125 0.82265625 0.03125 0.08515625
3 0.76171875 0.82265625 0.03046875 0.03515625
3 0.53359375 0.88671875 0.046875 0.06953125
3 0.46875 0.821875 0.0375 0.06640625
3 0.73515625 0.82578125 0.028125 0.04296875