0.0 0.676562 0.817187 0.056250 0.055469
0.0 0.782031 0.733594 0.064063 0.056250
0.0 0.705469 0.629687 0.045313 0.039844
0.0 0.707031 0.465625 0.080469 0.067969
0.0 0.755469 0.476562 0.039062 0.070312
0.0 0.746094 0.025000 0.073438 0.050000
1.0 0.590625 0.453125 0.153906 0.117969
1.0 0.646875 0.628906 0.068750 0.053906
1.0 0.668750 0.027344 0.103125 0.054688
3.0 0.382031 0.479688 0.058594 0.054688
3.0 0.438281 0.384375 0.071094 0.067188
3.0 0.567969 0.610156 0.046094 0.063281
3.0 0.564844 0.810156 0.029688 0.082031