0 0.1828125 0.3234375 0.05546875 0.05625
0 0.26640625 0.21796875 0.05625 0.0640625
0 0.3703125 0.29453125 0.03984375 0.0453125
0 0.534375 0.29296875 0.06796875 0.08046875
0 0.5234375 0.24453125 0.0703125 0.0390625
0 0.975 0.25390625 0.05 0.0734375
1 0.546875 0.409375 0.11796875 0.15390625
1 0.37109375 0.353125 0.05390625 0.06875
1 0.97265625 0.33125 0.0546875 0.103125
3 0.5203125 0.61796875 0.0546875 0.05859375
3 0.615625 0.56171875 0.0671875 0.07109375
3 0.38984375 0.43203125 0.06328125 0.04609375
3 0.18984375 0.43515625 0.08203125 0.0296875