0 0.871875 0.3375 0.0953125 0.09765625
0 0.7890625 0.353125 0.0703125 0.10703125
0 0.72109375 0.35546875 0.06640625 0.1015625
0 0.41484375 0.4671875 0.0875 0.109375
0 0.315625 0.3890625 0.0765625 0.10625
0 0.2578125 0.3953125 0.0546875 0.11015625
0 0.21640625 0.56796875 0.084375 0.09921875
0 0.1515625 0.5890625 0.10546875 0.125
0 0.18828125 0.415625 0.0875 0.15390625
0 0.09609375 0.384375 0.08203125 0.115625
1 0.8890625 0.46640625 0.12421875 0.18984375
1 0.7953125 0.484375 0.1171875 0.19453125
1 0.71640625 0.49609375 0.084375 0.20234375
1 0.41015625 0.57890625 0.115625 0.1796875
1 0.3140625 0.5140625 0.0765625 0.19453125
1 0.24375 0.5359375 0.1046875 0.20390625
1 0.20625 0.684375 0.08671875 0.18828125
1 0.103125 0.76640625 0.14296875 0.2359375
1 0.16484375 0.49921875 0.06640625 0.14609375
1 0.08046875 0.52421875 0.10625 0.19921875
3 0.6765625 0.79140625 0.0546875 0.05234375
3 0.85703125 0.77890625 0.065625 0.046875
3 0.3625 0.8265625 0.04921875 0.0734375
3 0.32890625 0.80390625 0.04296875 0.0484375
3 0.04375 0.9328125 0.0640625 0.134375
3 0.18671875 0.9390625 0.053125 0.07578125
3 0.4484375 0.81953125 0.059375 0.0640625
3 0.303125 0.80703125 0.053125 0.07578125