0.0 0.453034 0.426079 0.025476 0.026710
0.0 0.381335 0.443129 0.020740 0.020885
0.0 0.343150 0.472582 0.024671 0.032420
0.0 0.311572 0.420015 0.028263 0.027586
0.0 0.220806 0.453019 0.042351 0.039333
0.0 0.187940 0.471717 0.035803 0.035106
1.0 0.180770 0.526728 0.062304 0.066746
1.0 0.229198 0.501155 0.038228 0.062973
1.0 0.304696 0.444723 0.043326 0.041807
1.0 0.358468 0.498466 0.023131 0.047114
1.0 0.372782 0.476060 0.026825 0.047191
1.0 0.454638 0.458799 0.041564 0.045861
3.0 0.237994 0.613152 0.048883 0.042741
3.0 0.193532 0.651743 0.055653 0.057608
3.0 0.307990 0.514255 0.035101 0.045727