0.0 0.364844 0.963281 0.060938 0.057031
0.0 0.439063 0.893750 0.072656 0.079688
0.0 0.721094 0.461719 0.092969 0.103125
0.0 0.600781 0.289062 0.095312 0.101562
0.0 0.496875 0.249219 0.068750 0.075781
0.0 0.420312 0.273438 0.057031 0.088281
1.0 0.517969 0.857031 0.098438 0.156250
1.0 0.421094 0.962500 0.079687 0.075000
1.0 0.834375 0.476562 0.168750 0.127344
1.0 0.714844 0.328125 0.182812 0.170313
1.0 0.546094 0.267187 0.095312 0.074219
1.0 0.480469 0.279688 0.061719 0.089062
3.0 0.626562 0.825000 0.075781 0.076562
3.0 0.973437 0.467188 0.050781 0.114844