3.0 0.056162 0.044523 0.112324 0.089046
3.0 0.018703 0.384395 0.037407 0.123137
3.0 0.032010 0.198623 0.064020 0.126370
3.0 0.034167 0.257594 0.068333 0.135457
3.0 0.009790 0.452220 0.019580 0.119717
0.0 0.776068 0.698802 0.196673 0.135443
1.0 0.560409 0.645468 0.347677 0.238578
1.0 0.624516 0.458948 0.344065 0.251694
1.0 0.654524 0.220666 0.334815 0.243646
3.0 0.177725 0.056324 0.156611 0.112649
3.0 0.137404 0.414081 0.161497 0.123137
3.0 0.092630 0.658895 0.129522 0.099608
3.0 0.171519 0.229525 0.161307 0.126370
3.0 0.150301 0.284604 0.164962 0.135457
3.0 0.137796 0.485800 0.172467 0.119717
3.0 0.054123 0.954153 0.108247 0.091694