0.0 0.952621 0.026954 0.094759 0.053908
0.0 0.112566 0.231791 0.114369 0.118298
0.0 0.029253 0.093343 0.058506 0.129303
1.0 0.076584 0.401323 0.153168 0.249351
1.0 0.015040 0.237005 0.030080 0.222598
3.0 0.037045 0.619369 0.074091 0.156506
0.0 0.323367 0.280388 0.114369 0.118298
0.0 0.478067 0.201727 0.101180 0.129303
0.0 0.585483 0.296078 0.089266 0.116980
0.0 0.692993 0.273287 0.096380 0.129473
0.0 0.785759 0.264849 0.099591 0.127660
0.0 0.915578 0.212406 0.128857 0.152282
1.0 0.283075 0.449330 0.156678 0.249351
1.0 0.455836 0.350691 0.134784 0.222598
1.0 0.562561 0.436361 0.124719 0.220916
1.0 0.679447 0.407921 0.141498 0.199247
1.0 0.764011 0.414634 0.161460 0.251730
1.0 0.876543 0.431345 0.211119 0.335958
3.0 0.790914 0.805701 0.147937 0.193070
3.0 0.705082 0.693603 0.151921 0.147384
3.0 0.633869 0.626060 0.146070 0.161357
3.0 0.511510 0.646139 0.139991 0.137611
3.0 0.394937 0.646958 0.131376 0.134348
3.0 0.259422 0.680336 0.158258 0.156506
3.0 0.000673 0.928333 0.001347 0.143334
3.0 0.186678 0.958816 0.158258 0.082368