0 0.12890625 0.3609375 0.1125 0.1125
0 0.2875 0.23515625 0.0921875 0.1296875
0 0.4375 0.31171875 0.08046875 0.11796875
0 0.55625 0.259375 0.0859375 0.13125
0 0.66171875 0.2265625 0.090625 0.128125
0 0.7984375 0.1359375 0.12109375 0.15
1 0.12734375 0.55703125 0.128125 0.2609375
1 0.3015625 0.4046875 0.1078125 0.234375
1 0.4484375 0.471875 0.0953125 0.23515625
1 0.5765625 0.4109375 0.1234375 0.20390625
1 0.6765625 0.396875 0.13359375 0.2625
1 0.81171875 0.38671875 0.17265625 0.3515625
3 0.8125 0.8203125 0.13359375 0.19453125
3 0.6828125 0.71875 0.15234375 0.1375
3 0.58203125 0.6625 0.140625 0.15625
3 0.4453125 0.715625 0.13984375 0.12890625
3 0.31015625 0.74609375 0.1296875 0.12734375
3 0.16171875 0.8171875 0.1578125 0.146875