0.0 0.316689 0.303689 0.090409 0.094615
0.0 0.287445 0.460316 0.169448 0.138665
0.0 0.338621 0.406313 0.069872 0.081949
0.0 0.386513 0.554430 0.080545 0.086833
0.0 0.342534 0.690227 0.085546 0.093014
0.0 0.439499 0.912891 0.132159 0.120063
1.0 0.624697 0.877619 0.295911 0.210665
1.0 0.466542 0.671186 0.191590 0.118958
1.0 0.485124 0.537365 0.154181 0.129949
1.0 0.549775 0.408472 0.390059 0.217085
1.0 0.452856 0.286575 0.224291 0.145118
3.0 0.708686 0.201189 0.069870 0.078152
3.0 0.658986 0.529047 0.036498 0.059469
1.0 0.954969 0.312398 0.090061 0.217085
3.0 0.885645 0.170567 0.069870 0.078152
1.0 0.653143 0.968334 0.295911 0.063333