0.0 0.742188 0.406250 0.054688 0.065625
0.0 0.630469 0.403906 0.053906 0.060938
0.0 0.436719 0.403906 0.043750 0.073438
1.0 0.356250 0.491406 0.145313 0.270312
1.0 0.546875 0.428125 0.148438 0.363281
1.0 0.624219 0.515625 0.075000 0.140625
1.0 0.742188 0.506250 0.092969 0.140625
3.0 0.773438 0.712500 0.064062 0.082031
3.0 0.619531 0.672656 0.081250 0.098438
3.0 0.507812 0.918750 0.107813 0.071875
3.0 0.322656 0.892187 0.084375 0.128125
3.0 0.433594 0.675000 0.057031 0.087500
3.0 0.405469 0.905469 0.071875 0.110937