3.0 0.608638 0.471470 0.042555 0.069668
3.0 0.925307 0.238975 0.034324 0.037011
3.0 0.914806 0.265229 0.026987 0.040538
3.0 0.311925 0.421247 0.040354 0.055705
3.0 0.609440 0.428745 0.022023 0.027434
3.0 0.421501 0.644131 0.032994 0.058304
3.0 0.425652 0.736866 0.030816 0.045269
1.0 0.774520 0.265912 0.091576 0.100551
1.0 0.819342 0.058572 0.152760 0.117144
1.0 0.834452 0.957314 0.168420 0.085371
1.0 0.196585 0.378608 0.069393 0.066622
0.0 0.706524 0.962419 0.083127 0.075162
0.0 0.730255 0.997403 0.044481 0.005194
0.0 0.733298 0.477671 0.065231 0.085991
0.0 0.718573 0.039771 0.061723 0.079542
0.0 0.704785 0.263923 0.048081 0.067950
0.0 0.377889 0.383409 0.042762 0.078018
0.0 0.145066 0.399378 0.035505 0.047240
0.0 0.184253 0.631430 0.062847 0.064606