1.0 0.003471 0.825424 0.006942 0.147507
3.0 0.951809 0.848179 0.096381 0.093600
3.0 0.517336 0.890667 0.112983 0.075464
3.0 0.129270 0.977806 0.094554 0.044389
3.0 0.469140 0.897603 0.051288 0.044163
3.0 0.997519 0.811103 0.004961 0.057173
3.0 0.394800 0.545491 0.068580 0.046027
3.0 0.244081 0.853008 0.038063 0.034160
3.0 0.265738 0.839186 0.040215 0.028626
3.0 0.295216 0.309752 0.055715 0.042045
3.0 0.356567 0.554506 0.027738 0.022487
3.0 0.515549 0.356867 0.057029 0.036349
3.0 0.599614 0.342176 0.045002 0.032529
1.0 0.240599 0.722954 0.103176 0.091418
1.0 0.062945 0.802366 0.125890 0.147507
1.0 0.909928 0.629297 0.174787 0.165557
1.0 0.235741 0.222633 0.069574 0.067794
0.0 0.863433 0.528433 0.098477 0.083811
0.0 0.919801 0.536755 0.071392 0.048060
0.0 0.423255 0.647445 0.086416 0.067339
0.0 0.033629 0.722295 0.067258 0.065708
0.0 0.226010 0.665630 0.067803 0.050340
0.0 0.273336 0.371739 0.076118 0.047488
0.0 0.244941 0.175936 0.047427 0.036719
0.0 0.460587 0.163006 0.066850 0.062058
3.0 0.965145 0.969484 0.069710 0.061031