0.0 0.658585 0.121658 0.060673 0.056104
0.0 0.692682 0.235392 0.074946 0.066167
0.0 0.594744 0.219314 0.068964 0.058662
0.0 0.725240 0.175348 0.076189 0.060295
0.0 0.729652 0.487611 0.085783 0.068617
1.0 0.693423 0.559700 0.152941 0.126871
1.0 0.692860 0.289203 0.129193 0.090052
1.0 0.568730 0.267205 0.114995 0.084108
1.0 0.632246 0.170990 0.126247 0.084600
1.0 0.679565 0.196832 0.134434 0.098074
3.0 0.515637 0.132516 0.059192 0.057137
3.0 0.549557 0.331032 0.051316 0.052622
3.0 0.616153 0.351386 0.051893 0.051385
3.0 0.647215 0.373553 0.064700 0.054963
3.0 0.729770 0.369493 0.063131 0.059395
3.0 0.506754 0.260013 0.072177 0.053918
3.0 0.646209 0.730789 0.089351 0.050279
3.0 0.696444 0.735328 0.034527 0.027632