0.0 0.491386 0.568522 0.073202 0.084218
0.0 0.576924 0.625768 0.062581 0.073688
0.0 0.651576 0.630395 0.054243 0.066851
0.0 0.733295 0.667978 0.056349 0.067408
0.0 0.793422 0.710515 0.083251 0.100003
0.0 0.839634 0.686307 0.066662 0.094074
0.0 0.920431 0.724535 0.067408 0.091955
1.0 0.892304 0.842348 0.114366 0.158425
1.0 0.821732 0.802381 0.106334 0.160164
1.0 0.767400 0.814672 0.107343 0.181283
1.0 0.724784 0.759885 0.097119 0.112935
1.0 0.635034 0.729951 0.090316 0.136624
1.0 0.564947 0.733637 0.099400 0.153698
1.0 0.485421 0.673538 0.108178 0.149839
3.0 0.411654 0.878777 0.063634 0.092502
3.0 0.442024 0.883249 0.072586 0.116492
3.0 0.510270 0.923490 0.073026 0.093439
3.0 0.544590 0.927230 0.064379 0.115096
3.0 0.648955 0.981576 0.070745 0.036847
0.0 0.993922 0.751256 0.012156 0.091955
1.0 0.965310 0.867584 0.069380 0.158425