0 0.69765625 0.546875 0.08828125 0.08828125
0 0.5921875 0.5109375 0.0921875 0.084375
0 0.5171875 0.5515625 0.0890625 0.065625
0 0.43203125 0.503125 0.059375 0.06875
0 0.2875 0.54375 0.0953125 0.06875
0 0.35390625 0.65546875 0.103125 0.09765625
0 0.62734375 0.64921875 0.10703125 0.0953125
3 0.2640625 0.95703125 0.078125 0.0859375
1 0.615625 0.7828125 0.2296875 0.175
1 0.71328125 0.6265625 0.190625 0.14375
1 0.53046875 0.6375 0.14140625 0.12578125
1 0.3234375 0.74765625 0.2640625 0.1203125
1 0.26484375 0.6390625 0.15703125 0.125
1 0.41640625 0.60078125 0.15078125 0.1109375
1 0.5265625 0.63828125 0.14921875 0.1234375
1 0.6015625 0.56015625 0.10859375 0.0734375