0.0 0.697656 0.546875 0.088281 0.088281
0.0 0.592188 0.510938 0.092188 0.084375
0.0 0.517187 0.551562 0.089063 0.065625
0.0 0.432031 0.503125 0.059375 0.068750
0.0 0.287500 0.543750 0.095312 0.068750
0.0 0.353906 0.655469 0.103125 0.097656
0.0 0.627344 0.649219 0.107031 0.095312
3.0 0.264063 0.957031 0.078125 0.085938
1.0 0.615625 0.782812 0.229688 0.175000
1.0 0.713281 0.626562 0.190625 0.143750
1.0 0.530469 0.637500 0.141406 0.125781
1.0 0.323438 0.747656 0.264063 0.120312
1.0 0.264844 0.639063 0.157031 0.125000
1.0 0.416406 0.600781 0.150781 0.110937
1.0 0.526563 0.638281 0.149219 0.123438
1.0 0.601562 0.560156 0.108594 0.073437