3.0 0.826563 0.924219 0.039062 0.047656
3.0 0.789844 0.896875 0.049219 0.046094
3.0 0.720312 0.891406 0.048437 0.043750
3.0 0.689844 0.871094 0.057813 0.049219
3.0 0.653906 0.872656 0.050000 0.049219
3.0 0.607813 0.870313 0.067187 0.061719
3.0 0.470312 0.857031 0.045313 0.044531
3.0 0.434375 0.842969 0.057031 0.053125
3.0 0.188281 0.797656 0.062500 0.067969
3.0 0.250781 0.842969 0.048437 0.051563
3.0 0.277344 0.839063 0.051563 0.050000
1.0 0.791406 0.678906 0.095312 0.137500
1.0 0.704687 0.677344 0.087500 0.157812
1.0 0.639844 0.603125 0.073438 0.117188
1.0 0.467969 0.579687 0.095312 0.122656
1.0 0.554688 0.501562 0.064062 0.130469
1.0 0.332031 0.620313 0.082813 0.150781
1.0 0.260938 0.585938 0.103906 0.135156
1.0 0.174219 0.571875 0.087500 0.146094
1.0 0.362500 0.316406 0.060938 0.060938
1.0 0.461719 0.293750 0.070312 0.065625
1.0 0.521094 0.289062 0.070313 0.064062