1.0 0.000606 0.425872 0.001213 0.358293
1.0 0.780848 0.282773 0.195252 0.245140
1.0 0.639187 0.268469 0.186577 0.282516
1.0 0.484937 0.322203 0.186144 0.267619
1.0 0.338845 0.337035 0.207986 0.301801
1.0 0.169426 0.385159 0.251655 0.358293
3.0 0.267540 0.904237 0.109638 0.097527
3.0 0.316580 0.836549 0.093954 0.090162
3.0 0.378779 0.833333 0.079219 0.095540
3.0 0.423882 0.773899 0.103195 0.092183
3.0 0.521777 0.747240 0.079736 0.093386
3.0 0.600462 0.722470 0.071848 0.095262
3.0 0.647920 0.722837 0.108179 0.092873
3.0 0.733929 0.744846 0.077446 0.088618
3.0 0.784618 0.756328 0.092404 0.096624
3.0 0.857232 0.779421 0.096258 0.106802
3.0 0.280316 0.973875 0.109638 0.052251
3.0 0.406636 0.993377 0.079219 0.013246
3.0 0.772467 0.989438 0.077446 0.021124
3.0 0.818130 0.975025 0.092404 0.049950
3.0 0.881738 0.951504 0.096258 0.096993