0.0 0.439591 0.318810 0.150410 0.117657
0.0 0.556542 0.379242 0.121834 0.096455
0.0 0.739174 0.404167 0.133024 0.107937
1.0 0.757345 0.522041 0.188338 0.199231
1.0 0.535892 0.476362 0.192497 0.170253
1.0 0.368822 0.428119 0.222772 0.214609
3.0 0.280767 0.708631 0.109214 0.085161
3.0 0.386066 0.694089 0.125210 0.070108
3.0 0.453382 0.687768 0.090248 0.077859
3.0 0.555389 0.698492 0.096296 0.078329
3.0 0.249346 0.827072 0.109214 0.085161
3.0 0.333590 0.891898 0.125210 0.070108
3.0 0.388920 0.930756 0.090248 0.077859
3.0 0.482829 0.966421 0.096296 0.067159