1.0 0.826563 0.520312 0.146094 0.246875
1.0 0.762500 0.511719 0.071094 0.214062
1.0 0.663281 0.498437 0.121875 0.178906
1.0 0.728125 0.389844 0.054688 0.060938
1.0 0.615625 0.491406 0.049219 0.204687
1.0 0.566406 0.473437 0.065625 0.188281
1.0 0.503125 0.476562 0.064062 0.203125
1.0 0.441406 0.486719 0.085156 0.204688
3.0 0.425781 0.832812 0.043750 0.069531
3.0 0.461719 0.830469 0.049219 0.057031
3.0 0.510156 0.807031 0.043750 0.045313
3.0 0.546094 0.792188 0.048437 0.050781
3.0 0.585156 0.803125 0.028906 0.047656
3.0 0.609375 0.823438 0.030469 0.053125
3.0 0.639844 0.846875 0.050781 0.062500
3.0 0.681250 0.866406 0.038281 0.054688
3.0 0.705469 0.829687 0.047656 0.043750
3.0 0.743750 0.877344 0.077344 0.050000
3.0 0.768750 0.931250 0.082813 0.055469
3.0 0.807813 0.964063 0.083594 0.047656