0.0 0.575975 0.227862 0.051063 0.045905
0.0 0.522792 0.236759 0.053227 0.046214
0.0 0.525562 0.297338 0.038798 0.039170
0.0 0.773893 0.253420 0.059626 0.046505
0.0 0.256800 0.373366 0.064055 0.057724
0.0 0.423656 0.269088 0.049354 0.048774
1.0 0.520473 0.344121 0.058586 0.083719
1.0 0.252716 0.432330 0.096999 0.100417
1.0 0.401153 0.302142 0.062607 0.052536
1.0 0.517414 0.266069 0.052874 0.053636
1.0 0.783527 0.325991 0.087352 0.097170
3.0 0.790867 0.444298 0.053516 0.063068
3.0 0.520648 0.422585 0.042421 0.054633
3.0 0.304408 0.546893 0.041524 0.058241
3.0 0.274319 0.568057 0.038196 0.064615
3.0 0.543292 0.436863 0.029055 0.030306
3.0 0.406113 0.388355 0.034546 0.024240
3.0 0.616332 0.366100 0.033393 0.040889
3.0 0.592540 0.374689 0.032036 0.036336