0.0 0.585938 0.210156 0.049219 0.048438
0.0 0.528125 0.211719 0.051562 0.048438
0.0 0.521875 0.285156 0.036719 0.042188
0.0 0.792188 0.275000 0.058594 0.047656
0.0 0.225000 0.330469 0.061719 0.060938
0.0 0.417969 0.233594 0.046875 0.052344
1.0 0.509375 0.340625 0.051562 0.094531
1.0 0.211719 0.400781 0.091406 0.108594
1.0 0.389063 0.269531 0.060938 0.054688
1.0 0.517969 0.246094 0.050000 0.057813
1.0 0.791406 0.364062 0.081250 0.106250
3.0 0.781250 0.507812 0.049219 0.069531
3.0 0.497656 0.435156 0.038281 0.060938
3.0 0.249219 0.547656 0.036719 0.065625
3.0 0.214063 0.567969 0.032031 0.074219
3.0 0.519531 0.456250 0.027344 0.032812
3.0 0.381250 0.374219 0.034375 0.024219
3.0 0.607813 0.383594 0.030469 0.045313
3.0 0.581250 0.389844 0.029688 0.039844