0 0.934375 0.34609375 0.13125 0.20546875
0 0.71796875 0.25625 0.12109375 0.18125
0 0.59140625 0.221875 0.1203125 0.17109375
0 0.3765625 0.2546875 0.13046875 0.128125
0 0.259375 0.278125 0.128125 0.153125
0 0.125 0.31796875 0.11015625 0.11875
0 0.034375 0.41640625 0.06875 0.32265625
1 0.09609375 0.73671875 0.19140625 0.50546875
1 0.11953125 0.428125 0.09921875 0.17265625
1 0.2578125 0.478125 0.13984375 0.26328125
1 0.38125 0.44921875 0.11171875 0.27734375
1 0.57265625 0.42421875 0.1703125 0.28125
1 0.6921875 0.515625 0.2484375 0.365625
1 0.903125 0.6796875 0.19375 0.45625
3 0.609375 0.95 0.11484375 0.1
3 0.56640625 0.91171875 0.0859375 0.059375
3 0.371875 0.87109375 0.08984375 0.09453125
3 0.34609375 0.83671875 0.0703125 0.06015625
3 0.2921875 0.96953125 0.134375 0.0609375
3 0.26640625 0.9296875 0.1140625 0.07734375