1.0 0.869531 0.568750 0.198437 0.332031
1.0 0.900000 0.365625 0.149219 0.172656
1.0 0.785156 0.414062 0.165625 0.273438
1.0 0.680469 0.350781 0.088281 0.175000
1.0 0.625000 0.446094 0.089062 0.216406
1.0 0.523438 0.347656 0.106250 0.160156
1.0 0.452344 0.432031 0.100781 0.202344
1.0 0.374219 0.383594 0.116406 0.190625
1.0 0.272656 0.466406 0.138281 0.257812
1.0 0.109375 0.413281 0.146875 0.228125
1.0 0.186719 0.377344 0.094531 0.217969
1.0 0.240625 0.320312 0.084375 0.100000
1.0 0.321094 0.300781 0.062500 0.074219
3.0 0.119531 0.807031 0.045313 0.108594
3.0 0.181250 0.765625 0.065625 0.088281
3.0 0.510156 0.621875 0.061719 0.100781
3.0 0.275781 0.794531 0.055469 0.117188
3.0 0.310156 0.786719 0.042188 0.107813
3.0 0.210938 0.670313 0.035156 0.068750
3.0 0.237500 0.659375 0.035938 0.060156
3.0 0.251563 0.707812 0.025000 0.074219
3.0 0.357031 0.678125 0.038281 0.089844
3.0 0.390625 0.680469 0.036719 0.072656
3.0 0.560156 0.621875 0.041406 0.071094
3.0 0.604688 0.650000 0.040625 0.073437
3.0 0.628125 0.657812 0.042969 0.076563
3.0 0.675781 0.678125 0.050781 0.081250
3.0 0.757812 0.666406 0.057812 0.097656
3.0 0.771875 0.859375 0.078125 0.124219
3.0 0.872656 0.942187 0.070312 0.115625