1.0 0.795085 0.623116 0.232683 0.310080
1.0 0.847029 0.452128 0.166761 0.166912
1.0 0.727685 0.479650 0.193814 0.255632
1.0 0.630347 0.412315 0.106425 0.161422
1.0 0.565039 0.487476 0.111615 0.197138
1.0 0.474555 0.390283 0.122708 0.150865
1.0 0.394878 0.454110 0.121767 0.186484
1.0 0.322366 0.402817 0.136053 0.178328
1.0 0.212563 0.461547 0.164963 0.238822
1.0 0.070529 0.395731 0.141058 0.214341
1.0 0.136615 0.374343 0.117219 0.199156
1.0 0.196289 0.331921 0.094547 0.096420
1.0 0.278375 0.325032 0.070050 0.071547
3.0 0.026164 0.735712 0.052328 0.099001
3.0 0.089791 0.707694 0.074656 0.084029
3.0 0.432122 0.624548 0.072105 0.094302
3.0 0.180696 0.744206 0.067639 0.107645
3.0 0.215706 0.741720 0.053435 0.097944
3.0 0.129467 0.629357 0.042281 0.063474
3.0 0.157042 0.623220 0.042142 0.056177
3.0 0.165860 0.666622 0.032767 0.066928
3.0 0.273885 0.654075 0.047637 0.082005
3.0 0.307035 0.660229 0.044251 0.067027
3.0 0.481833 0.630707 0.048745 0.066260
3.0 0.523110 0.660388 0.048218 0.068180
3.0 0.545579 0.669996 0.050881 0.071157
3.0 0.590795 0.693340 0.059148 0.076152
3.0 0.673602 0.693364 0.067888 0.091132
3.0 0.667016 0.861101 0.090914 0.116485
3.0 0.758389 0.944757 0.082231 0.108130
1.0 0.969088 0.655260 0.061824 0.310080
1.0 0.981247 0.476765 0.037506 0.166912
3.0 0.985245 0.961033 0.029509 0.077935
3.0 0.746064 0.995080 0.082231 0.009840