1.0 0.699418 0.600794 0.236469 0.156596
1.0 0.634766 0.539078 0.236169 0.162800
1.0 0.645166 0.425881 0.108431 0.087885
1.0 0.516838 0.311640 0.117390 0.138569
1.0 0.366536 0.241081 0.077379 0.086794
1.0 0.597454 0.324729 0.104950 0.142145
0.0 0.687670 0.459560 0.118271 0.076192
1.0 0.324828 0.364450 0.119294 0.192829
1.0 0.104678 0.376743 0.185530 0.239496
1.0 0.398029 0.328694 0.149533 0.177636
0.0 0.678939 0.378787 0.089127 0.063522
0.0 0.673646 0.236778 0.084143 0.053322
0.0 0.643232 0.224644 0.084277 0.071377
0.0 0.529825 0.230721 0.063302 0.050577
0.0 0.477349 0.224857 0.065859 0.050667
0.0 0.421088 0.220871 0.097116 0.071828
0.0 0.359016 0.195559 0.089184 0.065147
0.0 0.319494 0.223340 0.085045 0.079038
0.0 0.129641 0.214666 0.126749 0.112618