1.0 0.712673 0.625380 0.388655 0.467771
1.0 0.685125 0.078724 0.303752 0.155652
1.0 0.647815 0.467428 0.419119 0.413952
1.0 0.737308 0.295908 0.270924 0.421812
0.0 0.431150 0.076068 0.071433 0.073727
0.0 0.359652 0.201182 0.139238 0.175166
0.0 0.579219 0.065073 0.177427 0.087790
0.0 0.589495 0.222708 0.226975 0.217923
0.0 0.403189 0.287847 0.185408 0.209958
0.0 0.358079 0.423078 0.151392 0.170692
0.0 0.385538 0.609851 0.165881 0.183344
0.0 0.411108 0.712741 0.132421 0.151922
0.0 0.507804 0.721415 0.226641 0.197410
0.0 0.435926 0.841728 0.203073 0.109515
0.0 0.542655 0.580536 0.244574 0.142305
1.0 0.763827 0.950529 0.388655 0.098942
0.0 0.543957 0.991421 0.226641 0.017157
0.0 0.449598 0.961583 0.203073 0.076835