1.0 0.323703 0.829117 0.292219 0.134203
3.0 0.189070 0.630953 0.034641 0.040906
3.0 0.193398 0.587555 0.051953 0.054109
3.0 0.196641 0.541016 0.032469 0.034625
3.0 0.202055 0.509633 0.030297 0.045453
3.0 0.203141 0.461039 0.041125 0.039172
0.0 0.491234 0.712016 0.056281 0.064938
0.0 0.494594 0.814937 0.058219 0.071219
0.0 0.495672 0.925320 0.060813 0.062547
3.0 0.220781 0.338750 0.025750 0.041344
3.0 0.215047 0.380953 0.034625 0.038750
3.0 0.210719 0.412344 0.034625 0.041344
3.0 0.204219 0.962117 0.064938 0.062547
1.0 0.341883 0.077813 0.207797 0.086594
1.0 0.364719 0.113641 0.227063 0.058656
1.0 0.351836 0.149352 0.209953 0.073797
1.0 0.344156 0.201297 0.194594 0.099344
0.0 0.484852 0.687227 0.052172 0.062547
1.0 0.361477 0.250977 0.216672 0.069266
1.0 0.340906 0.287773 0.218406 0.086578
1.0 0.337664 0.319266 0.250859 0.067313
1.0 0.320344 0.360391 0.255625 0.114500
1.0 0.344156 0.400328 0.281594 0.064938
1.0 0.332359 0.444914 0.287875 0.093078
1.0 0.319266 0.540156 0.279000 0.097406
1.0 0.321531 0.623273 0.279219 0.095234
0.0 0.483875 0.606062 0.054125 0.052156
0.0 0.497727 0.583336 0.051953 0.054328
1.0 0.328898 0.589828 0.277047 0.067312
0.0 0.479547 0.525969 0.067094 0.065156
0.0 0.501086 0.444805 0.036578 0.053891
0.0 0.495562 0.374453 0.064938 0.065156
0.0 0.470883 0.355086 0.054109 0.060609
0.0 0.487016 0.305195 0.047844 0.039172
0.0 0.463203 0.283656 0.047406 0.056281
0.0 0.491234 0.242531 0.047625 0.043281
0.0 0.462227 0.204430 0.054109 0.045453
0.0 0.472945 0.191453 0.053891 0.049781
0.0 0.477273 0.142859 0.045234 0.047406
0.0 0.500000 0.104984 0.038750 0.041344
0.0 0.471859 0.069266 0.038750 0.043500
1.0 0.324680 0.721859 0.290266 0.110594
3.0 0.181500 0.786687 0.049781 0.058437
3.0 0.184742 0.744586 0.038953 0.065141
3.0 0.172836 0.864609 0.041141 0.054125
3.0 0.189070 0.691453 0.047609 0.049781
3.0 0.205305 0.891883 0.054109 0.069266