0.0 0.500510 0.276254 0.111937 0.101240
0.0 0.651863 0.202671 0.129564 0.089084
0.0 0.195542 0.380912 0.065937 0.062585
0.0 0.023382 0.379675 0.046765 0.062316
0.0 0.609934 0.328332 0.072550 0.056121
1.0 0.040910 0.457185 0.081820 0.135954
1.0 0.197047 0.450622 0.100157 0.131886
1.0 0.300620 0.499621 0.134205 0.129567
1.0 0.610883 0.408227 0.105066 0.136896
1.0 0.366043 0.379073 0.255399 0.229437
1.0 0.661551 0.358643 0.247888 0.255903
1.0 0.462729 0.496236 0.064513 0.078315
3.0 0.413986 0.722597 0.147737 0.088126
3.0 0.462772 0.695557 0.118842 0.066037
3.0 0.698693 0.679155 0.099469 0.118665
3.0 0.740420 0.664995 0.097994 0.127049
2.0 0.571279 0.434629 0.115556 0.090784
2.0 0.847259 0.413190 0.099646 0.085217
2.0 0.164199 0.507975 0.040635 0.062823