4 0.82265625 0.5265625 0.1421875 0.165625
4 0.4140625 0.69375 0.16796875 0.2921875
4 0.4671875 0.13125 0.13828125 0.175
4 0.4953125 0.384375 0.09765625 0.171875
2 0.35703125 0.5671875 0.04609375 0.0359375
2 0.82421875 0.45859375 0.03984375 0.02421875
2 0.49765625 0.05703125 0.04375 0.0265625
2 0.475 0.30859375 0.034375 0.0171875
0 0.81015625 0.60234375 0.03203125 0.015625
0 0.3609375 0.825 0.0578125 0.0296875
0 0.878125 0.5859375 0.0203125 0.0171875
0 0.4359375 0.159375 0.04375 0.01484375
0 0.45390625 0.209375 0.02421875 0.01875
0 0.49609375 0.18046875 0.0203125 0.03046875
5 0.828125 0.53515625 0.115625 0.12109375
5 0.465625 0.13125 0.13984375 0.175
5 0.41015625 0.68515625 0.15234375 0.20546875
5 0.49765625 0.38828125 0.07578125 0.14765625