4 0.2953125 0.67890625 0.25 0.63359375
4 0.48515625 0.671875 0.1953125 0.55078125
4 0.14140625 0.6359375 0.1828125 0.5015625
4 0.35859375 0.571875 0.1078125 0.40390625
2 0.2828125 0.4265625 0.1046875 0.128125
2 0.34140625 0.3984375 0.0421875 0.04921875
2 0.4390625 0.43359375 0.0625 0.07578125
2 0.12890625 0.41875 0.0671875 0.06796875
1 0.3984375 0.6078125 0.0421875 0.0375
0 0.5484375 0.8453125 0.0625 0.0453125
0 0.4484375 0.9171875 0.0328125 0.053125
0 0.33359375 0.74921875 0.0578125 0.04140625
0 0.14765625 0.8625 0.05 0.04921875
5 0.4671875 0.69453125 0.16484375 0.4078125
5 0.28125 0.7546875 0.22265625 0.47578125
1 0.52890625 0.48125 0.07265625 0.09453125
5 0.1375 0.63984375 0.13515625 0.36640625
5 0.3609375 0.52265625 0.07265625 0.2078125