4 0.32890625 0.36015625 0.125 0.47890625
4 0.62578125 0.47890625 0.11015625 0.58828125
4 0.52734375 0.35703125 0.1 0.4171875
4 0.690625 0.34765625 0.11875 0.46484375
4 0.66484375 0.34765625 0.17109375 0.46484375
0 0.36171875 0.57109375 0.05234375 0.02265625
0 0.60390625 0.74921875 0.0625 0.04765625
0 0.31328125 0.5796875 0.02734375 0.0390625
0 0.65625 0.72578125 0.05 0.0390625
0 0.55703125 0.55625 0.02265625 0.025
0 0.50078125 0.5390625 0.03515625 0.0421875
0 0.69921875 0.5515625 0.03984375 0.028125
0 0.7375 0.56875 0.025 0.03359375