4 0.2859375 0.6765625 0.246875 0.63984375
4 0.41328125 0.36484375 0.11953125 0.1703125
4 0.5390625 0.35859375 0.09140625 0.25
4 0.81328125 0.6734375 0.25390625 0.646875
4 0.60390625 0.66484375 0.2578125 0.61015625
4 0.7203125 0.43203125 0.10625 0.203125
4 0.134375 0.6484375 0.171875 0.696875
4 0.3390625 0.3515625 0.07265625 0.13671875
4 0.03671875 0.35703125 0.07265625 0.2265625
4 0.05234375 0.5734375 0.1046875 0.53984375
4 0.62734375 0.4015625 0.084375 0.203125
4 0.95625 0.45 0.084375 0.2796875
4 0.2171875 0.33984375 0.03359375 0.0796875
4 0.1375 0.31328125 0.0953125 0.16640625