4 0.12109375 0.5625 0.2421875 0.86328125
4 0.2453125 0.48359375 0.11796875 0.36796875
4 0.478125 0.60390625 0.19609375 0.78046875
4 0.76484375 0.60390625 0.1859375 0.77421875
4 0.66484375 0.5265625 0.11015625 0.60234375
4 0.5796875 0.48515625 0.1 0.46015625
4 0.38203125 0.50703125 0.07578125 0.49296875
4 0.89765625 0.60859375 0.2 0.771875
4 0.1609375 0.49140625 0.065625 0.346875
2 0.09921875 0.2 0.165625 0.13984375
2 0.4640625 0.2578125 0.07578125 0.0828125
2 0.66171875 0.25078125 0.05234375 0.05078125
2 0.38671875 0.28515625 0.0421875 0.04765625
2 0.8890625 0.2671875 0.10234375 0.0828125
2 0.78203125 0.25234375 0.07578125 0.07109375
2 0.5859375 0.28046875 0.0359375 0.05078125
2 0.6109375 0.2984375 0.021875 0.0328125
2 0.15234375 0.33828125 0.03984375 0.04140625
0 0.6328125 0.80390625 0.02578125 0.04140625
0 0.28828125 0.653125 0.03203125 0.0234375
0 0.37890625 0.734375 0.02578125 0.03828125
0 0.7078125 0.95078125 0.071875 0.06796875
0 0.17890625 0.65546875 0.034375 0.0234375
0 0.35625 0.6453125 0.028125 0.0328125
0 0.23125 0.66015625 0.021875 0.02109375
0 0.23203125 0.6515625 0.028125 0.0328125