4 0.125 0.490625 0.18828125 0.41171875
4 0.36953125 0.4671875 0.1453125 0.296875
4 0.53046875 0.42734375 0.11484375 0.21015625
4 0.6453125 0.4671875 0.2046875 0.42734375
2 0.67421875 0.3078125 0.06953125 0.10234375
2 0.40390625 0.35 0.040625 0.06171875
2 0.10625 0.3390625 0.06953125 0.10859375
2 0.49453125 0.3546875 0.0390625 0.06484375
1 0.71484375 0.6390625 0.0328125 0.06484375
1 0.63515625 0.61484375 0.03671875 0.06484375
1 0.07265625 0.57890625 0.0390625 0.06796875
1 0.484375 0.496875 0.02265625 0.04609375
1 0.13203125 0.675 0.03515625 0.04296875
1 0.42109375 0.5015625 0.02265625 0.04296875
1 0.50625 0.490625 0.0203125 0.04609375
1 0.43359375 0.46875 0.02265625 0.040625
0 0.7234375 0.678125 0.0328125 0.04296875
5 0.6453125 0.4875 0.2046875 0.30625
5 0.12578125 0.5234375 0.190625 0.29140625
5 0.3578125 0.44609375 0.1125 0.1671875
6 0.5421875 0.42421875 0.0796875 0.1546875