4 0.58125 0.61640625 0.10234375 0.35390625
4 0.50234375 0.503125 0.1921875 0.2328125
4 0.61328125 0.88203125 0.08203125 0.23046875
2 0.56015625 0.5015625 0.03203125 0.053125
2 0.56484375 0.40546875 0.034375 0.03828125
1 0.5890625 0.46640625 0.021875 0.046875
0 0.58828125 0.95390625 0.028125 0.0328125
0 0.46484375 0.60625 0.0296875 0.0265625
0 0.4203125 0.48203125 0.02421875 0.0265625
6 0.51328125 0.46015625 0.078125 0.10625
6 0.56484375 0.575 0.06171875 0.14765625
6 0.615625 0.8625 0.06796875 0.12109375