4 0.26796875 0.56171875 0.22421875 0.78671875
4 0.8828125 0.52890625 0.20234375 0.93671875
4 0.446875 0.4953125 0.10234375 0.63671875
4 0.7328125 0.54921875 0.23828125 0.89453125
4 0.559375 0.54375 0.165625 0.90703125
2 0.52421875 0.13984375 0.08828125 0.09296875
2 0.8421875 0.125 0.1078125 0.1234375
2 0.453125 0.20703125 0.05390625 0.06015625
2 0.68984375 0.196875 0.14375 0.1890625
0 0.27265625 0.928125 0.03828125 0.05390625
0 0.340625 0.884375 0.04609375 0.05078125
0 0.45078125 0.78515625 0.0421875 0.0453125
0 0.43203125 0.73125 0.0359375 0.0390625