4 0.3 0.50703125 0.278125 0.9734375
4 0.703125 0.515625 0.409375 0.965625
2 0.6796875 0.071875 0.06875 0.078125
2 0.31640625 0.0640625 0.0671875 0.090625
1 0.19140625 0.50078125 0.0546875 0.0890625
1 0.88203125 0.3359375 0.0453125 0.059375
1 0.5234375 0.08515625 0.05 0.0828125
1 0.41328125 0.16640625 0.0484375 0.0953125
0 0.20703125 0.9453125 0.0796875 0.090625
0 0.66953125 0.95078125 0.0765625 0.0953125
0 0.31328125 0.93828125 0.1078125 0.0890625
0 0.7609375 0.9546875 0.05 0.0875
5 0.7109375 0.5140625 0.384375 0.83125
5 0.2828125 0.53515625 0.25 0.7984375