0 0.4640625 0.10078125 0.0375 0.0375
0 0.49140625 0.11484375 0.034375 0.0390625
0 0.13359375 0.05546875 0.0921875 0.0859375
0 0.18671875 0.34453125 0.05625 0.065625
0 0.69296875 0.39140625 0.0609375 0.0765625
0 0.18515625 0.31484375 0.0515625 0.059375
0 0.48828125 0.134375 0.040625 0.040625
0 0.2125 0.0953125 0.05625 0.065625
0 0.56328125 0.13125 0.0453125 0.05
0 0.84609375 0.1171875 0.0796875 0.0828125
0 0.3875 0.12265625 0.040625 0.0484375
0 0.80859375 0.45546875 0.0703125 0.0796875
0 0.98046875 0.09765625 0.0390625 0.0890625
0 0.09921875 0.340625 0.0875 0.084375
0 0.4609375 0.35390625 0.0453125 0.05
0 0.72265625 0.153125 0.06875 0.08125
0 0.2578125 0.09453125 0.059375 0.06875
0 0.3609375 0.3390625 0.040625 0.0453125
0 0.11484375 0.034375 0.1296875 0.06875
0 0.5328125 0.37109375 0.04375 0.0484375
0 0.68046875 0.1265625 0.0609375 0.0671875
0 0.64609375 0.4078125 0.0609375 0.0625
0 0.228125 0.334375 0.059375 0.0671875
0 0.065625 0.3921875 0.125 0.140625
0 0.953125 0.52265625 0.09375 0.1203125