0 0.5602409640625 0.20400000000000001 0.592369478125 0.1973333328125 0.6325301203125 0.17733333281250002 0.6807228921874999 0.1066666671875 0.6867469875000001 0.07466666718750001 0.678714859375 0.0546666671875 0.6606425703125 0.0413333328125 0.6124497984375 0.024 0.5783132531249999 0.02 0.5120481921875 0.032 0.4678714859375 0.0866666671875 0.46987951875 0.12933333281249998 0.5040160640625 0.192 0.5261044171875 0.2026666671875 0.5602409640625 0.20400000000000001
0 0.42369477968749997 0.1853333328125 0.4317269078125 0.17733333281250002 0.421686746875 0.1493333328125 0.393574296875 0.1386666671875 0.37148594375 0.1413333328125 0.34939759062500003 0.16799999999999998 0.34939759062500003 0.17733333281250002 0.35742971875 0.172 0.38554216874999997 0.1706666671875 0.42369477968749997 0.1853333328125
0 0.24899598437499998 0.2653333328125 0.2389558234375 0.272 0.2409638546875 0.2893333328125 0.2710843375 0.2853333328125 0.265060240625 0.268 0.24899598437499998 0.2653333328125
0 0.148594378125 0.24266666718750002 0.1325301203125 0.24133333281249997 0.120481928125 0.248 0.120481928125 0.2613333328125 0.15662650625000002 0.2653333328125 0.1586345375 0.2506666671875 0.148594378125 0.24266666718750002
0 0.21285140624999999 0.296 0.208835340625 0.304 0.2389558234375 0.304 0.234939759375 0.2906666671875 0.21285140624999999 0.296
2 0.598393575 0.5519999999999999 0.598393575 0.5599999999999999 0.61445783125 0.5613333328125 0.6445783125 0.5413333328125 0.6666666671875 0.5013333328125 0.6345381531250001 0.496 0.6104417671875 0.4733333328125 0.6024096390625 0.4813333328125 0.58433735 0.4853333328125 0.5542168671875001 0.5306666671875 0.564257028125 0.5386666671875 0.580321284375 0.54 0.598393575 0.5519999999999999
3 0.4538152609375 0.5493333328125 0.44176706875000005 0.528 0.41566264999999997 0.532 0.41767068281249997 0.5519999999999999 0.429718875 0.5613333328125 0.4437751 0.5626666671875 0.4538152609375 0.5493333328125
3 0.405622490625 0.5533333328125 0.37951807187500003 0.5506666671875 0.35742971875 0.5559999999999999 0.34939759062500003 0.5653333328125 0.351405621875 0.5786666671875 0.377510040625 0.5786666671875 0.39558232968749996 0.5706666671875 0.405622490625 0.5533333328125
2 0.508032128125 0.3906666671875 0.514056225 0.388 0.51606425625 0.37733333281250003 0.5120481921875 0.372 0.5020080328125001 0.372 0.4979919671875 0.37466666718749997 0.4979919671875 0.3786666671875 0.5020080328125001 0.388 0.508032128125 0.3906666671875
1 0.148594378125 0.352 0.17068273125 0.3266666671875 0.17068273125 0.31066666718749997 0.1586345375 0.292 0.148594378125 0.284 0.134538153125 0.2853333328125 0.122489959375 0.2773333328125 0.11044176718750001 0.2773333328125 0.0903614453125 0.2893333328125 0.08634538124999999 0.32 0.09638554218749999 0.3386666671875 0.1124497984375 0.3506666671875 0.148594378125 0.352
2 0.14257028124999999 0.344 0.1546184734375 0.3466666671875 0.1586345375 0.3466666671875 0.1606425703125 0.3453333328125 0.162650603125 0.3413333328125 0.162650603125 0.33599999999999997 0.1586345375 0.3306666671875 0.150602409375 0.32799999999999996 0.14257028124999999 0.32799999999999996 0.1325301203125 0.3333333328125 0.1305220890625 0.3373333328125 0.134538153125 0.3426666671875 0.1405622484375 0.3426666671875 0.14257028124999999 0.344
2 0.16355823281249998 0.32480000000000003 0.1579979921875 0.32061733281250004 0.15058232968750002 0.3176653328125 0.141686746875 0.3191413328125 0.14205622499999998 0.31815733281249997 0.136495984375 0.32061733281250004 0.1390903609375 0.32972 0.16059236875 0.3319333328125 0.16355823281249998 0.32480000000000003
3 0.1457871484375 0.4445786671875 0.1451947796875 0.438488 0.1377931734375 0.4341666671875 0.1165441765625 0.43194800000000005 0.114108434375 0.4412386671875 0.12624698750000002 0.4412386671875 0.137200803125 0.4441853328125 0.1457871484375 0.4445786671875
2 0.197636546875 0.374712 0.20251606406249997 0.3701413328125 0.201080321875 0.3648093328125 0.188164659375 0.363596 0.18673293124999998 0.3672853328125 0.19132329374999998 0.3733786671875 0.197636546875 0.374712
3 0.9277108437500001 0.9279999999999999 0.8975903609375001 0.9106666671875001 0.8373493968749999 0.9026666671875001 0.81526104375 0.9039999999999999 0.7891566265625001 0.9213333328125 0.793172690625 0.9453333328125 0.8594377515625 0.9560000000000001 0.8975903609375001 0.9506666671874999 0.9277108437500001 0.9279999999999999
3 0.45180722968750003 0.8653333328124999 0.5120481921875 0.892 0.564257028125 0.9053333328125 0.592369478125 0.9 0.6024096390625 0.884 0.6044176703125 0.86 0.5361445781249999 0.8386666671875 0.51606425625 0.8173333328125001 0.465863453125 0.8146666671875 0.45582329374999997 0.8253333328125001 0.42369477968749997 0.8186666671875 0.405622490625 0.8039999999999999 0.38554216874999997 0.8039999999999999 0.3755020078125 0.8106666671875 0.3755020078125 0.8213333328125 0.40361445781249994 0.8426666671874999 0.435742971875 0.8506666671875 0.45180722968750003 0.8653333328124999
3 0.504335340625 0.47005600000000003 0.51590160625 0.46454000000000006 0.4960220890625 0.45206799999999997 0.4779497984375 0.450868 0.47929116406250005 0.45256933281249995 0.4768654625 0.46693866718750004 0.489877509375 0.4731746671875 0.497106425 0.4736546671875 0.504335340625 0.47005600000000003
3 0.49642971874999997 0.47698266718750004 0.48703212812499996 0.4714653328125 0.47727309218749997 0.467868 0.476911646875 0.460672 0.46912650625 0.459048 0.46389959843749995 0.4786613328125 0.4761887546875 0.47962 0.4888393578125 0.47842133281250004 0.49642971874999997 0.47698266718750004
1 0.5481927703125 0.2053333328125 0.5963855421875001 0.1973333328125 0.6325301203125 0.1786666671875 0.6807228921874999 0.1106666671875 0.6867469875000001 0.0826666671875 0.6827309234375 0.06 0.6646586343750001 0.0426666671875 0.606425703125 0.0226666671875 0.5662650609375001 0.0213333328125 0.51606425625 0.030666667187500003 0.4979919671875 0.044 0.46987951875 0.08399999999999999 0.465863453125 0.1173333328125 0.4979919671875 0.1866666671875 0.514056225 0.2 0.5481927703125 0.2053333328125
1 0.6184738953125 0.4386666671875 0.6244979921875 0.4453333328125 0.6345381531250001 0.4453333328125 0.71192971875 0.39394 0.6969176703125 0.35409199999999996 0.7010120484375 0.3024693328125 0.7283072296875 0.257188 0.7924518078125 0.2454146671875 0.848405621875 0.2580933328125 0.8579598390625 0.29884666718749997 0.82520481875 0.327828 0.823841365625 0.402996 0.8197469875 0.4301653328125 0.7108433734374999 0.476 0.6566265062500001 0.5253333328124999 0.648594378125 0.576 0.6967871484375 0.5826666671875 0.7550200796875 0.5813333328125 0.8734939765625 0.5559999999999999 0.9618473890624999 0.5026666671875 0.979919678125 0.48266666718750006 0.979919678125 0.46266666718750005 0.9136546187500001 0.2706666671875 0.8594377515625 0.1933333328125 0.7590361453125001 0.124 0.7329317265624999 0.11333333281249999 0.7028112453124999 0.10933333281249999 0.7108433734374999 0.1253333328125 0.7048192765625 0.1653333328125 0.6646586343750001 0.2186666671875 0.6265060234375001 0.2946666671875 0.6004016062499999 0.2866666671875 0.5903614453125 0.22000000000000003 0.5702811249999999 0.2173333328125 0.564257028125 0.2106666671875 0.5562249 0.2306666671875 0.5562249 0.2693333328125 0.580321284375 0.36266666718749996 0.6104417671875 0.4106666671875 0.6184738953125 0.4386666671875
3 0.22997791093750003 0.4567933328125 0.25560843437499997 0.4563173328125 0.2515361453125 0.44789199999999996 0.2300763046875 0.448044 0.2211144578125 0.4512306671875 0.2088995984375 0.4520253328125 0.21369076250000002 0.45488666718750004 0.22997791093750003 0.4567933328125
1 0.365461846875 0.3213333328125 0.37148594375 0.2853333328125 0.37148594375 0.256 0.35742971875 0.2133333328125 0.2991967875 0.24 0.28915662656249996 0.25466666718750003 0.28313252968749997 0.29733333281249996 0.279116465625 0.3293333328125 0.28714859375 0.37733333281250003 0.3393574296875 0.3826666671875 0.365461846875 0.3213333328125
1 0.465863453125 0.37066666718749997 0.49598393593749995 0.36666666718749996 0.508032128125 0.3306666671875 0.508032128125 0.29733333281249996 0.47389558281250005 0.24 0.41365461875 0.21600000000000003 0.407630521875 0.21600000000000003 0.38554216874999997 0.2733333328125 0.393574296875 0.356 0.41365461875 0.392 0.44979919687500003 0.384 0.465863453125 0.37066666718749997
1 0.277108434375 0.37066666718749997 0.279116465625 0.3373333328125 0.265060240625 0.3133333328125 0.2389558234375 0.304 0.206827309375 0.30533333281249997 0.19277108437499998 0.3173333328125 0.19277108437499998 0.3653333328125 0.2289156625 0.364 0.2550200796875 0.376 0.277108434375 0.37066666718749997