0 0.732 0.3873873875 0.736 0.38138138125 0.782 0.3543543546875 0.792 0.3543543546875 0.798 0.3603603609375 0.8220000000000001 0.3603603609375 0.8220000000000001 0.3303303296875 0.818 0.309309309375 0.806 0.2852852859375 0.784 0.2582582578125 0.776 0.2552552546875 0.75 0.2582582578125 0.732 0.27327327343749996 0.718 0.303303303125 0.714 0.321321321875 0.714 0.3423423421875 0.72 0.384384384375 0.732 0.3873873875
0 0.518 0.5585585578125001 0.53 0.5675675671875 0.55 0.5675675671875 0.5660000000000001 0.5555555562500001 0.5740000000000001 0.540540540625 0.58 0.4894894890625 0.576 0.4624624625 0.5700000000000001 0.44444444375 0.564 0.4354354359375 0.5519999999999999 0.4264264265625 0.532 0.4264264265625 0.52 0.4324324328125 0.5 0.465465465625 0.5 0.47747747812499997 0.49800000000000005 0.48048048125 0.5 0.522522521875 0.518 0.5585585578125001
3 0.514 0.84984985 0.52 0.852852853125 0.548 0.852852853125 0.5559999999999999 0.846846846875 0.5660000000000001 0.83183183125 0.568 0.83183183125 0.572 0.8168168171874999 0.5700000000000001 0.8138138140625 0.548 0.8108108109375 0.524 0.8138138140625 0.52 0.8198198203124999 0.518 0.8198198203124999 0.514 0.8348348343750001 0.512 0.8348348343750001 0.512 0.846846846875 0.514 0.84984985
3 0.868 0.9729729734375001 0.866 0.9729729734375001 0.86 0.9549549546874999 0.8400000000000001 0.9699699703125001 0.829334 0.9699699703125001 0.798 0.9669669671875001 0.78 0.9519519515624999 0.776 0.9519519515624999 0.748 0.984984984375 0.752 0.996996996875 0.868 0.996996996875 0.868 0.9729729734375001
3 0.86 0.909909909375 0.8640000000000001 0.903903903125 0.876 0.903903903125 0.892 0.8888888890625 0.8960000000000001 0.8798798796874999 0.898 0.8798798796874999 0.9 0.8708708703125 0.906 0.858858859375 0.906 0.852852853125 0.8880000000000001 0.8378378375000001 0.8880000000000001 0.8348348343750001 0.8859999999999999 0.8348348343750001 0.882 0.828828828125 0.8800000000000001 0.828828828125 0.876 0.83183183125 0.866 0.8618618625 0.8560000000000001 0.8798798796874999 0.8539999999999999 0.8858858859375 0.8539999999999999 0.8948948953125001 0.86 0.90690690625 0.86 0.909909909375
2 0.458 0.76876876875 0.47000000000000003 0.76876876875 0.476 0.765765765625 0.47800000000000004 0.7627627625 0.47800000000000004 0.7447447453125 0.48 0.7417417421875 0.47800000000000004 0.7327327328125001 0.48 0.7297297296874999 0.48 0.708708709375 0.47800000000000004 0.6996997 0.47400000000000003 0.6876876875 0.462 0.6636636640625 0.454 0.6636636640625 0.44800000000000006 0.6726726734375 0.446 0.7207207203125 0.45599999999999996 0.75075075 0.45599999999999996 0.765765765625 0.458 0.76876876875
2 0.508 0.7477477484375 0.51 0.7447447453125 0.512 0.708708709375 0.496 0.708708709375 0.49400000000000005 0.7057057062500001 0.48600000000000004 0.7057057062500001 0.484 0.708708709375 0.484 0.7387387390625 0.49000000000000005 0.7477477484375 0.508 0.7477477484375
1 0.562 0.6546546546875 0.606 0.6546546546875 0.606 0.684684684375 0.634 0.6396396390625 0.616 0.54354354375 0.5820000000000001 0.48348348281250003 0.572 0.534534534375 0.532 0.5675675671875 0.548 0.5945945953125 0.562 0.6546546546875
1 0.5900000000000001 0.7147147140625 0.5599999999999999 0.7267267265624999 0.5780000000000001 0.8048048046874999 0.592 0.8048048046874999 0.618 0.7357357359375001 0.5900000000000001 0.7147147140625
1 0.492 0.48348348281250003 0.48600000000000004 0.552552553125 0.472 0.5945945953125 0.47000000000000003 0.6456456453125 0.5 0.6276276281250001 0.49800000000000005 0.48348348281250003 0.492 0.48348348281250003
2 0.322736 0.5660330328125001 0.33290600000000004 0.5667987984375 0.332398 0.5519069062499999 0.325788 0.550378378125 0.319178 0.5557237234375 0.322736 0.5660330328125001