0 0.40599999999999997 0.3483483484375 0.38 0.36336336406249997 0.382 0.39939939999999996 0.422 0.39339339375 0.422 0.36336336406249997 0.40599999999999997 0.3483483484375
0 0.542 0.297297296875 0.526 0.29429429375 0.506 0.32432432499999997 0.506 0.3423423421875 0.558 0.3543543546875 0.5559999999999999 0.31531531562500004 0.542 0.297297296875
0 0.9339999999999999 0.38553153125 0.9279999999999999 0.3705165171875 0.9119999999999999 0.36451051093750003 0.89 0.394540540625 0.90023 0.391696696875 0.9101699999999999 0.40203603593750004 0.9199999999999999 0.4215675671875 0.9339999999999999 0.38553153125
0 0.6559999999999999 0.3393393390625 0.63 0.3513513515625 0.63 0.38138138125 0.654 0.390390390625 0.6639999999999999 0.38138138125 0.6559999999999999 0.3393393390625
0 0.6839999999999999 0.3513513515625 0.678 0.36936936875000004 0.708 0.38138138125 0.708 0.3543543546875 0.6839999999999999 0.3513513515625
0 0.8099999999999999 0.3513513515625 0.8 0.3363363359375 0.782 0.3393393390625 0.772 0.3543543546875 0.772 0.36936936875000004 0.798 0.3573573578125 0.8119999999999999 0.37837837812499997 0.8099999999999999 0.3513513515625
4 0.49800000000000005 0.8268258265625 0.49800000000000005 0.8888888890625 0.49000000000000005 0.9159159156250001 0.49800000000000005 0.9159159156250001 0.52 0.8978978984375001 0.544 0.852852853125 0.562 0.84984985 0.58 0.7057057062500001 0.5780000000000001 0.5645645640625 0.602 0.5045045046875 0.588 0.42042042031250004 0.558 0.396396396875 0.5519999999999999 0.375375375 0.558 0.3333333328125 0.548 0.303303303125 0.524 0.297297296875 0.512 0.31531531562500004 0.504 0.36636636562499997 0.508 0.402402403125 0.492 0.4234234234375 0.484 0.45645645625000003 0.48 0.5075075078125 0.49800000000000005 0.540540540625 0.49000000000000005 0.597597596875 0.49800000000000005 0.8268258265625
4 0.746 0.60660660625 0.754 0.8108108109375 0.766 0.8168168171874999 0.772 0.8018018015624999 0.794 0.8018018015624999 0.8019999999999999 0.84984985 0.8099999999999999 0.852852853125 0.818 0.846846846875 0.8240000000000001 0.8138138140625 0.818 0.5555555562500001 0.834 0.5135135140625 0.834 0.45645645625000003 0.8019999999999999 0.4084084078125 0.8099999999999999 0.36336336406249997 0.796 0.3363363359375 0.774 0.3543543546875 0.768 0.4144144140625 0.742 0.45045045000000006 0.74 0.5075075078125 0.75 0.525525525 0.752 0.5615615609375 0.746 0.60660660625
4 0.6679999999999999 0.5855855859375 0.658 0.603603603125 0.6559999999999999 0.6366366359375 0.666 0.6606606609375001 0.6839999999999999 0.6606606609375001 0.696 0.675675675 0.724 0.48348348281250003 0.6980000000000001 0.3543543546875 0.682 0.3603603609375 0.678 0.4144144140625 0.6679999999999999 0.4234234234375 0.6559999999999999 0.46846846875 0.6519999999999999 0.5375375375 0.658 0.54354354375 0.65 0.5585585578125001 0.6679999999999999 0.5855855859375
4 0.592 0.6636636640625 0.6 0.6696696703125 0.624 0.6606606609375001 0.654 0.4984984984375 0.666 0.4234234234375 0.654 0.390390390625 0.6559999999999999 0.36336336406249997 0.642 0.3573573578125 0.632 0.36936936875000004 0.632 0.4084084078125 0.618 0.4264264265625 0.612 0.45645645625000003 0.622 0.5015015015625 0.618 0.5825825828125 0.608 0.6426426421875 0.592 0.6636636640625
3 0.41883600000000004 0.7993453453125 0.416362 0.79031831875 0.407524 0.78606906875 0.40080799999999994 0.7784414421875 0.39904 0.7919099093749999 0.386666 0.8104954953125001 0.399746 0.8189909906249999 0.41883600000000004 0.7993453453125
3 0.434392 0.8083723718750001 0.43368399999999996 0.796690690625 0.420692 0.7963573578124999 0.419544 0.8237687687499999 0.42413999999999996 0.8365135140625 0.437928 0.8237687687499999 0.434392 0.8083723718750001
3 0.528694 0.8959699703125 0.534704 0.8811021015625 0.531522 0.8731381375 0.519502 0.888534534375 0.506776 0.8800390390624999 0.504302 0.8757927921875 0.504654 0.87260660625 0.5014719999999999 0.8773843843750001 0.50377 0.8759789796874999 0.492988 0.9007477484375 0.486978 0.9230480484375001 0.5028859999999999 0.9235795796874999 0.528694 0.8959699703125
3 0.5559160000000001 0.8297357359375 0.549198 0.8233633640625 0.5470609453125 0.823041940625 0.543188 0.855753753125 0.555208 0.8621231234375 0.565814 0.8515045046875 0.574652 0.8122132125 0.564046 0.8276126125 0.5559160000000001 0.8297357359375
3 0.601818 0.6736396390625 0.6220640000000001 0.6736396390625 0.625086 0.6541231234375 0.609372 0.6445915921875 0.602422 0.6573003 0.5897300000000001 0.6632012015625001 0.591242 0.671372371875 0.601818 0.6736396390625
3 0.656816 0.6863483484375 0.641406 0.675003003125 0.6400898359375 0.6759900234375 0.635362 0.68861861875 0.617834 0.689072071875 0.62418 0.703597596875 0.642614 0.705864865625 0.65712 0.7040510515625 0.656816 0.6863483484375
3 0.769384 0.7904954953125001 0.7581279999999999 0.7930300296875 0.752462 0.814552553125 0.769082 0.820453453125 0.779658 0.7895885890625001 0.769384 0.7904954953125001
3 0.879608 0.7074354359374999 0.867824 0.6988108109375 0.867672 0.69944444375 0.861478 0.7169669671875 0.866312 0.7255885890625 0.882934 0.72014414375 0.879608 0.7074354359374999
3 0.898344 0.700627628125 0.9198000000000001 0.6743003 0.913756 0.6620120125 0.89351 0.6797477484375001 0.894416 0.692003003125 0.887164 0.695633634375 0.898344 0.700627628125
3 0.8004339999999999 0.836135134375 0.8025499999999999 0.8598078078125001 0.823402 0.8511861859375 0.820682 0.829852853125 0.8004339999999999 0.836135134375
3 0.932418 0.9529519515624999 0.942994 0.9298048046874999 0.925844 0.8979579578125 0.911566 0.918003003125 0.903708 0.9361591593749999 0.9082420000000001 0.9497747750000001 0.932418 0.9529519515624999