0 0.33452000000000004 0.46014743593749996 0.34252 0.46014743593749996 0.34652 0.4537371796875 0.34652 0.421685896875 0.34252 0.415275640625 0.34252 0.4120705125 0.33452000000000004 0.40566025625 0.32852000000000003 0.40566025625 0.32052 0.4120705125 0.31852 0.421685896875 0.32052 0.428096153125 0.33052000000000004 0.4441217953125 0.33452000000000004 0.46014743593749996
0 0.44400000000000006 0.36858974375 0.446 0.3621794875 0.44800000000000006 0.3621794875 0.45199999999999996 0.35576923125 0.458 0.35576923125 0.46799999999999997 0.37179487187500004 0.46799999999999997 0.38141025625 0.47000000000000003 0.38141025625 0.47400000000000003 0.375 0.47400000000000003 0.358974359375 0.47000000000000003 0.3429487171875 0.462 0.3301282046875 0.45599999999999996 0.3269230765625 0.442 0.3269230765625 0.43600000000000005 0.3365384609375 0.43200000000000005 0.349358975 0.434 0.36858974375 0.43600000000000005 0.37179487187500004 0.44400000000000006 0.36858974375
0 0.562 0.3333333328125 0.5740000000000001 0.3365384609375 0.584 0.35256410312500003 0.588 0.35576923125 0.5940000000000001 0.35576923125 0.5940000000000001 0.349358975 0.5860000000000001 0.3237179484375 0.584 0.3237179484375 0.58 0.3173076921875 0.562 0.3173076921875 0.558 0.3237179484375 0.558 0.3333333328125 0.5599999999999999 0.3365384609375 0.562 0.3333333328125
0 0.662 0.31410256406250003 0.67 0.3205128203125 0.6759999999999999 0.3205128203125 0.6759999999999999 0.31089743593749997 0.67 0.2980769234375 0.658 0.2948717953125 0.648 0.3012820515625 0.648 0.3044871796875 0.644 0.31089743593749997 0.646 0.3173076921875 0.662 0.31410256406250003
0 0.78 0.321625 0.784 0.324830128125 0.794 0.324830128125 0.794534 0.3175544875 0.792452 0.31226923125 0.792626 0.300028846875 0.79 0.292778846875 0.784 0.2831634609375 0.776 0.2767532046875 0.772 0.2767532046875 0.77 0.27995833281250004 0.764 0.27995833281250004 0.76 0.28636858906249996 0.756 0.299189103125 0.756 0.31200961562499996 0.76 0.318419871875 0.78 0.321625
2 0.81091 0.4401955125 0.8129099999999999 0.43378525625000003 0.8129099999999999 0.41775961562499997 0.80891 0.40814423125 0.8049099999999999 0.40814423125 0.79891 0.41134935937500006 0.79891 0.43699038437500004 0.80091 0.4401955125 0.81091 0.4401955125
2 0.6084539999999999 0.43844871718749995 0.6124539999999999 0.43524358906250005 0.6124539999999999 0.4224230765625 0.6144540000000001 0.4192179484375 0.6144540000000001 0.4128076921875 0.610454 0.4063974359375 0.606454 0.4063974359375 0.600454 0.4160128203125 0.600454 0.43524358906250005 0.602454 0.43844871718749995 0.6084539999999999 0.43844871718749995
3 0.75276 0.6120224359375 0.747306 0.6222275640625 0.7507159999999999 0.629516025 0.75708 0.6386282046875 0.767536 0.6451858968749999 0.773218 0.6411794875 0.775946 0.635346153125 0.771854 0.626233975 0.7720819999999999 0.618580128125 0.77299 0.605096153125 0.7788999999999999 0.59233974375 0.787084 0.578125 0.788446 0.567919871875 0.783218 0.56208974375 0.778446 0.5584455125 0.771968 0.5510384609375001 0.763672 0.5752115390625 0.7577619999999999 0.5981730765625 0.75276 0.6120224359375
3 0.775718 0.632794871875 0.778672 0.6346185890625 0.782538 0.6338878203125 0.785492 0.629150640625 0.782538 0.616028846875 0.779582 0.6072820515624999 0.778786 0.597025640625 0.7748079999999999 0.6025448718749999 0.774126 0.6134775640625 0.772536 0.625141025 0.775718 0.632794871875
3 0.66691 0.617044871875 0.6783140000000001 0.6188365390625 0.6816679999999999 0.617403846875 0.68301 0.6116666671875 0.6783140000000001 0.5933814109375 0.678984 0.5593205125 0.682562 0.5356538468750001 0.682562 0.5202371796875 0.671382 0.5134262828125 0.6597540000000001 0.514858975 0.6593060000000001 0.5288429484375 0.6602020000000001 0.5470128203125 0.658188 0.575096153125 0.6593060000000001 0.5933814109375 0.66691 0.617044871875
3 0.642932 0.5869583328125 0.644384 0.6013237171875 0.645838 0.614134615625 0.653586 0.6176282046875 0.66206 0.615689103125 0.66206 0.6059807687500001 0.659396 0.6001570515625 0.65746 0.58346474375 0.657944 0.5663814109375 0.6581859999999999 0.5492980765625 0.6572180000000001 0.53958974375 0.652374 0.5399775640625 0.642266 0.5360737171875 0.635668 0.5454134609375 0.6393 0.56521474375 0.642932 0.5869583328125
3 0.5412939999999999 0.6121955125 0.547832 0.6203461531250001 0.557034 0.6238429484375 0.5768880000000001 0.6277243593749999 0.5817319999999999 0.6211249999999999 0.581006 0.61646474375 0.575194 0.6149134609375 0.56575 0.6086987171875 0.565024 0.5861826921875 0.577374 0.55783974375 0.5783419999999999 0.5461923078125 0.564782 0.5399775640625 0.555096 0.5418942312499999 0.547832 0.5648269234375001 0.544926 0.5986057687499999 0.5412939999999999 0.6121955125
3 0.5193220000000001 0.6094487171875 0.519564 0.6273076921875 0.5222260000000001 0.6331314109374999 0.529248 0.6292500000000001 0.531428 0.617990384375 0.533608 0.6051794875 0.53506 0.5888717953125 0.53506 0.5745064109375 0.528764 0.5642083328124999 0.521984 0.572955128125 0.5215 0.576060896875 0.5215 0.59158974375 0.5193220000000001 0.6094487171875
3 0.46599399999999996 0.6579775640625 0.47795 0.652689103125 0.47795 0.6460769234375 0.471354 0.6355000000000001 0.46310799999999996 0.63483974375 0.44579199999999997 0.6328108968749999 0.44249400000000005 0.650705128125 0.452388 0.6586378203125001 0.46599399999999996 0.6579775640625
3 0.431362 0.66789423125 0.43919600000000003 0.6612820515625 0.441256 0.6421121796875 0.435072 0.63483974375 0.42053799999999997 0.6352884609375 0.41981799999999997 0.652028846875 0.423116 0.66591025625 0.431362 0.66789423125
2 0.504728 0.4775128203125 0.50171 0.48316025625 0.505732 0.49566025625 0.515038 0.49686858906250003 0.52233 0.48235256406250004 0.5235879999999999 0.46985256406250003 0.5243420000000001 0.4573525640625 0.518558 0.4452564109375 0.5105120000000001 0.44039743593749997 0.5120199999999999 0.461384615625 0.510008 0.47267628281249996 0.504728 0.4775128203125
2 0.48838 0.48558012812499995 0.48813000000000006 0.4976762828125 0.49315800000000004 0.503724359375 0.497936 0.502919871875 0.504978 0.5021121796875 0.505732 0.49727243593750003 0.502212 0.488400640625 0.499446 0.475096153125 0.495926 0.46824038437500004 0.49190199999999995 0.4573525640625 0.487878 0.46155769218750003 0.484608 0.4666282046875 0.48134 0.47146474375 0.485866 0.4799326921875 0.48838 0.48558012812499995
2 0.41545 0.4819487171875 0.41872 0.47348076875 0.416456 0.4573525640625 0.41268399999999994 0.450900640625 0.407402 0.45248717968749996 0.405894 0.4569487171875 0.403882 0.4605769234375 0.406146 0.4658205125 0.41545 0.4819487171875
2 0.692 0.4166666671875 0.692 0.40705128281249997 0.6900000000000001 0.40384615312500005 0.686 0.400641025 0.6799999999999999 0.40384615312500005 0.6759999999999999 0.4102564109375 0.678 0.41987179531249996 0.6900000000000001 0.41987179531249996 0.692 0.4166666671875
2 0.5860000000000001 0.42948717968750005 0.588 0.4262820515625 0.588 0.4134615390625 0.5820000000000001 0.40384615312500005 0.58 0.40384615312500005 0.5780000000000001 0.4102564109375 0.5780000000000001 0.4262820515625 0.58 0.42948717968750005 0.5860000000000001 0.42948717968750005
1 0.41600000000000004 0.4487179484375 0.41600000000000004 0.47756410312500003 0.42000000000000004 0.483974359375 0.46399999999999997 0.49358974375000003 0.466 0.490384615625 0.466 0.3878205125 0.462 0.38141025625 0.446 0.375 0.41600000000000004 0.39423076875 0.414 0.40384615312500005 0.41200000000000003 0.42948717968750005 0.414 0.43269230781249995 0.414 0.44551282031249995 0.41600000000000004 0.4487179484375