0 0.22200000000000003 0.46363636406250003 0.24 0.4454545453125 0.254 0.4484848484375 0.254 0.4393939390625 0.252 0.43333333281249997 0.24 0.421212121875 0.22799999999999998 0.421212121875 0.21400000000000002 0.43333333281249997 0.21200000000000002 0.4393939390625 0.21200000000000002 0.4575757578125 0.21800000000000003 0.46363636406250003 0.22200000000000003 0.46363636406250003
0 0.318 0.4484848484375 0.324 0.4454545453125 0.32799999999999996 0.44242424218750004 0.33199999999999996 0.43333333281249997 0.33199999999999996 0.4272727265625 0.32799999999999996 0.41212121249999994 0.32 0.40606060624999996 0.308 0.409090909375 0.302 0.424242425 0.3 0.43636363593749994 0.302 0.4454545453125 0.306 0.4484848484375 0.318 0.4484848484375
0 0.356 0.415151515625 0.404 0.415151515625 0.40599999999999997 0.41212121249999994 0.40599999999999997 0.403030303125 0.394 0.3727272734375 0.384 0.3636363640625 0.372 0.3636363640625 0.364 0.36969697031250004 0.356 0.384848484375 0.356 0.396969696875 0.354 0.4 0.354 0.41212121249999994 0.356 0.415151515625
0 0.48600000000000004 0.403030303125 0.502 0.39393939375000003 0.504 0.390909090625 0.518 0.390909090625 0.52 0.39393939375000003 0.522 0.390909090625 0.518 0.375757575 0.512 0.36666666718749996 0.5 0.3575757578125 0.49000000000000005 0.3636363640625 0.48200000000000004 0.375757575 0.48 0.38181818125 0.48 0.403030303125 0.48200000000000004 0.41212121249999994 0.48600000000000004 0.403030303125
0 0.924 0.46363636406250003 0.96 0.46060606093749995 0.9640000000000001 0.45454545468749996 0.9640000000000001 0.4484848484375 0.96 0.43333333281249997 0.952 0.421212121875 0.9480000000000001 0.41818181875000004 0.9359999999999999 0.41818181875000004 0.9259999999999999 0.4272727265625 0.9259999999999999 0.4303030296875 0.922 0.43636363593749994 0.922 0.46060606093749995 0.924 0.46363636406250003
0 0.756444 0.660009090625 0.761212 0.641142425 0.752736 0.61866060625 0.742936 0.612090909375 0.723866 0.6254848484375 0.727044 0.6515787875 0.7408159999999999 0.66281818125 0.756444 0.660009090625
0 0.770216 0.6238787875 0.768892 0.6110333328124999 0.761476 0.60256060625 0.7500880000000001 0.6162515156249999 0.762006 0.641542425 0.767568 0.6335151515625 0.770216 0.6238787875
0 0.6599999999999999 0.5848484843749999 0.6599999999999999 0.5878787875 0.674 0.60606060625 0.6839999999999999 0.60606060625 0.688 0.603030303125 0.696 0.5909090906250001 0.7 0.578787878125 0.7 0.5545454546874999 0.692 0.5454545453125 0.6759999999999999 0.5454545453125 0.6559999999999999 0.5606060609375 0.654 0.5666666671875 0.6559999999999999 0.5696969703125 0.6559999999999999 0.578787878125 0.6599999999999999 0.5848484843749999
0 0.446 0.5696969703125 0.45 0.5666666671875 0.45199999999999996 0.5363636359374999 0.44400000000000006 0.5303030296875 0.44000000000000006 0.5333333328125 0.438 0.5575757578125 0.44000000000000006 0.5666666671875 0.442 0.5696969703125 0.446 0.5696969703125
3 0.998 0.874687878125 0.9765940000000001 0.8610454546874999 0.977576 0.914357575 0.998 0.9242757578124999 0.998 0.8846060609374999 0.998 0.874687878125
3 0.6373219999999999 0.844748484375 0.61333 0.841442425 0.615074 0.8731757578125 0.6264160000000001 0.8824333328125 0.6347039999999999 0.87516060625 0.6373219999999999 0.844748484375
3 0.128598 0.8264545453125001 0.127748 0.7968151515625 0.120804 0.79183939375 0.115846 0.8105606062499999 0.11556200000000001 0.8354727265624999 0.125482 0.8354727265624999 0.128598 0.8264545453125001
3 0.23254000000000002 0.8312909093749999 0.22092 0.8136787875 0.21156799999999998 0.828712121875 0.212702 0.8489030296875001 0.222338 0.8549151515625001 0.23254000000000002 0.8312909093749999
3 0.249546 0.88111818125 0.246994 0.8695181812499999 0.228572 0.86608181875 0.228856 0.899587878125 0.24387599999999998 0.9000181812499999 0.248128 0.8935727265625 0.249546 0.88111818125
3 0.340874 0.9619606062500001 0.348526 0.9349000000000001 0.356746 0.9241606062500001 0.329254 0.9056909093750001 0.32047 0.9370484843750001 0.311116 0.9572363640624999 0.32216999999999996 0.9696939390624999 0.340874 0.9619606062500001
3 0.40435999999999994 0.9395151515625001 0.398408 0.9197545453125 0.380128 0.9136848484375 0.38027 0.9459575750000001 0.38423799999999997 0.9597030296875 0.398408 0.960990909375 0.40435999999999994 0.9395151515625001
3 0.470608 0.75451818125 0.467206 0.7364787875000001 0.45671999999999996 0.73561818125 0.455302 0.7317545453125 0.45416999999999996 0.7575272734375 0.461254 0.76268181875 0.46947400000000006 0.761390909375 0.470608 0.75451818125
3 0.454028 0.7269151515625001 0.45544399999999996 0.7187545453124999 0.444958 0.7043454546875 0.44099000000000005 0.7217606062499999 0.43787200000000004 0.7342181812499999 0.445808 0.734648484375 0.454028 0.7269151515625001
3 0.498524 0.898930303125 0.47755000000000003 0.89113939375 0.47585 0.9423151515624999 0.490872 0.9405969703125001 0.496256 0.9289999999999999 0.498524 0.898930303125
3 0.5365 0.8735878781249999 0.532532 0.85168181875 0.527998 0.8375060609375 0.512694 0.8465272734375 0.515528 0.8735878781249999 0.522896 0.8886212125 0.531116 0.8890515156250001 0.5365 0.8735878781249999
3 0.55549 0.737087878125 0.55641 0.77611818125 0.567746 0.7666666671875 0.5694480000000001 0.73831818125 0.55549 0.737087878125
3 0.60119 0.7705333328124999 0.608842 0.761512121875 0.5952379999999999 0.744330303125 0.590986 0.7602242421875001 0.584184 0.764948484375 0.58872 0.7778363640625 0.60119 0.7705333328124999