0 0.7661596953124999 0.6433333328125 0.7414448671875 0.5433333328125001 0.709125475 0.5 0.6615969578125 0.5 0.6444866921875 0.5166666671875 0.6254752859375 0.5599999999999999 0.614068440625 0.65 0.6254752859375 0.6766666671875 0.718631178125 0.6766666671875 0.7661596953124999 0.6433333328125
0 0.8574144484374999 0.5233333328125 0.8650190109375 0.5233333328125 0.8726235734375001 0.5166666671875 0.9030418250000001 0.5 0.9125475281250001 0.4933333328125 0.916349809375 0.48666666718749996 0.9144486687500001 0.4733333328125 0.904942965625 0.4566666671875 0.9030418250000001 0.4566666671875 0.8954372625 0.44666666718750003 0.8802281375 0.44666666718750003 0.878326996875 0.45 0.8707224328125 0.45 0.8669201515625 0.4533333328125 0.8574144484374999 0.47000000000000003 0.8574144484374999 0.48333333281249996 0.8555133078124999 0.48666666718749996 0.8555133078124999 0.52 0.8574144484374999 0.5233333328125
0 0.69771863125 0.4233333328125 0.711026615625 0.45 0.7148288968750001 0.4533333328125 0.72053231875 0.4533333328125 0.7281368828125 0.44666666718750003 0.7281368828125 0.44333333281250004 0.7338403046875001 0.43333333281249997 0.7357414453125 0.4266666671875 0.7338403046875001 0.41 0.7281368828125 0.4 0.7281368828125 0.3966666671875 0.72053231875 0.3866666671875 0.72053231875 0.38333333281250004 0.707224334375 0.38333333281250004 0.70532319375 0.3866666671875 0.695817490625 0.3866666671875 0.69011406875 0.39 0.688212928125 0.3966666671875 0.688212928125 0.4166666671875 0.69011406875 0.42000000000000004 0.69771863125 0.4233333328125
0 0.6920152093749999 0.3966666671875 0.6939163500000001 0.3966666671875 0.695817490625 0.39 0.7015209125 0.39 0.703422053125 0.3866666671875 0.72053231875 0.3866666671875 0.72053231875 0.38 0.7167300375 0.3633333328125 0.711026615625 0.35 0.695817490625 0.35 0.6920152093749999 0.3533333328125 0.69011406875 0.36 0.69011406875 0.37 0.688212928125 0.37333333281250003 0.688212928125 0.39 0.6920152093749999 0.3966666671875
0 0.60076045625 0.4033333328125 0.6121673000000001 0.41333333281250006 0.6121673000000001 0.3933333328125 0.61596958125 0.39 0.6197718625 0.38 0.6197718625 0.3633333328125 0.6178707218749999 0.3566666671875 0.614068440625 0.3533333328125 0.60836501875 0.35 0.60076045625 0.35 0.5969581749999999 0.3466666671875 0.58555133125 0.3566666671875 0.58555133125 0.37666666718749997 0.5893536125 0.38 0.60076045625 0.4033333328125
0 0.5304182515625 0.35 0.5323193921875 0.3466666671875 0.5323193921875 0.3333333328125 0.5285171109375 0.32 0.520912546875 0.32 0.513307984375 0.3333333328125 0.513307984375 0.3433333328125 0.51901140625 0.35 0.5304182515625 0.35
0 0.541942965625 0.3434233328125 0.5397585546875 0.3192833328125 0.5292737640625 0.3189 0.5321121671875 0.33959 0.5338612171875 0.34457 0.541942965625 0.3434233328125
0 0.42300380156250006 0.3535066671875 0.42300380156250006 0.3385666671875 0.4131178703125 0.3308333328125 0.4068821296875 0.3401666671875 0.4070342203125 0.35617333281249997 0.4131178703125 0.36044 0.42300380156250006 0.3535066671875
0 0.45083650156250005 0.3380333328125 0.45038022812499995 0.32336333281249996 0.44794676874999995 0.3092266671875 0.438973384375 0.3114 0.433041825 0.3246966671875 0.43395437187499997 0.3353666671875 0.439125475 0.3385666671875 0.45083650156250005 0.3380333328125
0 0.46041825156250005 0.30616 0.45722433437500004 0.2914866671875 0.453041825 0.2890666671875 0.44718631249999996 0.29389 0.44794676874999995 0.30535999999999996 0.455703421875 0.3088266671875 0.46041825156250005 0.30616
1 0.404942965625 0.44000000000000006 0.404942965625 0.4266666671875 0.40684410625 0.4233333328125 0.40684410625 0.3633333328125 0.403041825 0.36 0.39923954375 0.3633333328125 0.39923954375 0.36666666718749996 0.3954372625 0.37333333281250003 0.393536121875 0.44000000000000006 0.3954372625 0.44333333281250004 0.40114068437499995 0.44333333281250004 0.404942965625 0.44000000000000006
1 0.45437262343749996 0.43333333281249997 0.45437262343749996 0.4233333328125 0.45627376406250003 0.42000000000000004 0.45627376406250003 0.3566666671875 0.45057034218750003 0.3466666671875 0.44866920156249995 0.3466666671875 0.4448669203125 0.36 0.4396577953125 0.38289 0.4353612171875 0.36 0.4315589359375 0.3533333328125 0.42775665468749996 0.3533333328125 0.423954371875 0.36 0.41825095 0.43 0.42205323124999994 0.43666666718749997 0.4524714828125 0.43666666718749997 0.45437262343749996 0.43333333281249997
1 0.467566540625 0.34442333281250004 0.46315589375000005 0.3236166671875 0.45676806093750005 0.32015 0.4566539921875 0.3204 0.4573764265625 0.35456 0.45859315624999997 0.3756333328125 0.47197718593750004 0.3710966671875 0.467566540625 0.34442333281250004
1 0.51140684375 0.47000000000000003 0.5228136875 0.47000000000000003 0.524714828125 0.4733333328125 0.5323193921875 0.47000000000000003 0.5342205328125 0.45999999999999996 0.5342205328125 0.44666666718750003 0.5361216734375 0.44333333281250004 0.5399239546875 0.37 0.5304182515625 0.37 0.5266159703125 0.38333333281250004 0.5262357421875 0.3947533328125 0.5181749046874999 0.41289 0.5152091249999999 0.39 0.5158935359375 0.38088 0.5149809890625 0.3691433328125 0.509505703125 0.37 0.5057034218750001 0.37 0.501901140625 0.38 0.5 0.45999999999999996 0.50380228125 0.46666666718750005 0.509505703125 0.46666666718750005 0.51140684375 0.47000000000000003
1 0.5500152093749999 0.49728000000000006 0.549412546875 0.56636 0.5847813687500001 0.58962 0.5986463875 0.5786933328125 0.6088460078125 0.5144 0.6198992390625 0.4587133328125 0.604625475 0.42488000000000004 0.584931559375 0.47104999999999997 0.5756882125 0.4069033328125 0.5596121671875001 0.41536333281250004 0.5666958171875 0.4377166671875 0.5725228140625 0.47472333281249995 0.5500152093749999 0.49728000000000006
4 0.6615969578125 0.3566666671875 0.6615969578125 0.37666666718749997 0.6634980984375 0.38333333281250004 0.6653992390625 0.38333333281250004 0.6692015203125 0.39 0.6730038015625001 0.3866666671875 0.680608365625 0.3866666671875 0.680608365625 0.38333333281250004 0.684410646875 0.37666666718749997 0.684410646875 0.36 0.6863117875 0.3566666671875 0.688212928125 0.3166666671875 0.680608365625 0.2833333328125 0.6749049421875 0.2833333328125 0.6711026609374999 0.29 0.6634980984375 0.32 0.6634980984375 0.33999999999999997 0.6615969578125 0.3433333328125 0.6634980984375 0.3466666671875 0.6615969578125 0.3566666671875
1 0.6832699625 0.3500333328125 0.6852471484375 0.3089533328125 0.6806844109375 0.30682 0.6768821296875001 0.31882333281249997 0.6726235734375 0.30473333281250004 0.66988593125 0.30522 0.6657794671875 0.34283 0.6832699625 0.3500333328125
1 0.5809790875 0.6154666671875 0.6132794671874999 0.6499233328125 0.627931559375 0.5553133328125 0.6728840296875 0.47939 0.6652262359375001 0.43442 0.65223954375 0.45115999999999995 0.6409182515625 0.49983000000000005 0.6362566546874999 0.5196866671875 0.600292775 0.5541433328125 0.5809790875 0.6154666671875
1 0.7623574140625 0.9233333328125 0.7604562734375 0.9566666671874999 0.7661596953124999 0.9966666671875 0.893536121875 0.9966666671875 0.8498098859375001 0.9 0.7585551328125 0.7266666671875 0.7357414453125 0.7233333328125 0.7148288968750001 0.7333333328125 0.6787072249999999 0.77 0.6730038015625001 0.7933333328125001 0.70532319375 0.7966666671875 0.7528517109374999 0.8699999999999999 0.7623574140625 0.9233333328125
1 0.8707224328125 0.6966666671875 0.878326996875 0.7366666671875 0.87642585625 0.76 0.8802281375 0.7833333328125 0.9030418250000001 0.7966666671875 0.9619771859374999 0.7966666671875 0.9676806078125001 0.78 0.9619771859374999 0.7366666671875 0.9619771859374999 0.6433333328125 0.9581749046875 0.6166666671875001 0.9448669203125 0.5766666671875 0.9315589359375 0.5533333328125 0.916349809375 0.55 0.9077946765625 0.5650000000000001 0.8840304187499999 0.5833333328125 0.8802281375 0.58 0.8726235734375001 0.5900000000000001 0.8574144484374999 0.6366666671875 0.8726235734375001 0.64 0.87642585625 0.6900000000000001 0.8707224328125 0.6966666671875
0 0.9205019015625 0.3257066671875 0.912041825 0.3307666671875 0.908963878125 0.34729333281249997 0.9301159703125 0.34459333281250004 0.9297319390625001 0.33414 0.9205019015625 0.3257066671875
0 0.7727376421875001 0.2964833328125 0.765285171875 0.3143566671875 0.7815589359375 0.3130233328125 0.7791254750000001 0.30582 0.7727376421875001 0.2964833328125
0 0.71923954375 0.3061533328125 0.7184790875 0.3173566671875 0.7289733843749999 0.31682333281249997 0.7254752859375 0.3034866671875 0.71923954375 0.3061533328125
0 0.6752851718749999 0.2832133328125 0.6728517109375 0.29495 0.6815209125 0.3002866671875 0.6825855515625 0.28614666718750004 0.6752851718749999 0.2832133328125
2 0.4640817484375 0.4389266671875 0.461171103125 0.43053666718750006 0.4551539921875 0.4328 0.4586482890625 0.45220000000000005 0.463306084375 0.4494766671875 0.4640817484375 0.4389266671875
2 0.4993555140625 0.4736433328125 0.502266159375 0.45594333281250005 0.4958612171875 0.45594333281250005 0.4927566546875 0.46207333281249996 0.49469771875 0.47194333281249995 0.4993555140625 0.4736433328125
2 0.5721806078125 0.4673033328125 0.5696577953124999 0.45369000000000004 0.563545628125 0.43734333281250004 0.5564619765625001 0.44824333281250006 0.5580133078125 0.4696866671875 0.564224334375 0.4788766671875 0.5721806078125 0.4673033328125
2 0.8112813687499999 0.6419900000000001 0.829526615625 0.6526566671875 0.8422984796874999 0.6339166671875 0.8298307984375001 0.61159 0.8100646390625 0.6067899999999999 0.8112813687499999 0.6419900000000001
2 0.7991178703124999 0.6585233328125 0.79546958125 0.6819866671875 0.8176672999999999 0.6915866671875001 0.8252699625 0.6755899999999999 0.82405323125 0.6729233328124999 0.813410646875 0.64839 0.7991178703124999 0.6585233328125
3 0.41288973437500004 0.4984966671875 0.40437262343749997 0.4944 0.40209125468750007 0.51717 0.4051330796875 0.5257033328125 0.40893536093750005 0.52357 0.41288973437500004 0.4984966671875
3 0.4337262359375 0.4942266671875 0.42673003749999994 0.49316000000000004 0.42551330781249996 0.52357 0.43311787031250004 0.5190366671875 0.4337262359375 0.5024966671875 0.4337262359375 0.4942266671875
3 0.4420912546875 0.5097 0.4353992390625 0.5073000000000001 0.43266159687499994 0.53184 0.43859315624999995 0.5411766671875 0.440874525 0.5305066671875001 0.4420912546875 0.5097
3 0.51011406875 0.5459766671875 0.50380228125 0.5510666671875 0.5003802281249999 0.57932 0.5082889734375 0.58092 0.512547528125 0.5707833328125 0.51011406875 0.5459766671875
3 0.5151330796875 0.57372 0.5178707218749999 0.5457099999999999 0.5137642578125 0.5459766671875 0.511026615625 0.5465099999999999 0.5099619765625001 0.5683833328125 0.5151330796875 0.57372
3 0.56721863125 0.7316233328124999 0.5651901140625 0.71651 0.5555589359375 0.7094 0.5499828890625 0.7316233328124999 0.5624030421875 0.75074 0.5689923953125 0.7427366671875 0.56721863125 0.7316233328124999
3 0.591041825 0.7231799999999999 0.583692015625 0.7129566671875 0.580714828125 0.71223 0.57507414375 0.72807 0.5771026609375001 0.7467366671875 0.5869866921875 0.7436266671875 0.591041825 0.7231799999999999
4 0.9030418250000001 0.44666666718750003 0.916349809375 0.47000000000000003 0.916349809375 0.4733333328125 0.9220532312499999 0.48 0.9258555140625001 0.4733333328125 0.9258555140625001 0.4066666671875 0.9277566546875 0.4033333328125 0.9277566546875 0.39 0.9296577953125 0.3866666671875 0.9277566546875 0.3566666671875 0.9315589359375 0.3466666671875 0.9315589359375 0.33999999999999997 0.9258555140625001 0.32999999999999996 0.920152090625 0.3266666671875 0.9125475281250001 0.32999999999999996 0.904942965625 0.35 0.9030418250000001 0.37 0.8973384031249999 0.38 0.893536121875 0.3933333328125 0.893536121875 0.4033333328125 0.89163498125 0.4066666671875 0.8973384031249999 0.44333333281250004 0.9030418250000001 0.44666666718750003
4 0.7623574140625 0.4533333328125 0.7718631171875 0.4533333328125 0.77946768125 0.4266666671875 0.7851711031249999 0.3933333328125 0.788973384375 0.39 0.788973384375 0.3566666671875 0.78707224375 0.3533333328125 0.7832699625 0.3066666671875 0.7756654000000001 0.2966666671875 0.7661596953124999 0.3 0.7528517109374999 0.35 0.7528517109374999 0.3633333328125 0.7471482890625001 0.39 0.7471482890625001 0.43333333281249997 0.7623574140625 0.4533333328125
4 0.72053231875 0.37666666718749997 0.7243345999999999 0.37333333281250003 0.7281368828125 0.3433333328125 0.7281368828125 0.30333333281249997 0.72053231875 0.3 0.7148288968750001 0.31 0.7148288968750001 0.35 0.718631178125 0.37333333281250003 0.72053231875 0.37666666718749997