0 0.702 0.2746666671875 0.6900000000000001 0.256 0.666 0.256 0.654 0.272 0.6519999999999999 0.2986666671875 0.6900000000000001 0.2853333328125 0.704 0.304 0.702 0.2746666671875
0 0.5660000000000001 0.2613333328125 0.54 0.25866666718750003 0.53 0.2693333328125 0.528 0.3066666671875 0.5780000000000001 0.312 0.576 0.27999999999999997 0.5660000000000001 0.2613333328125
0 0.5 0.2053333328125 0.476 0.2053333328125 0.46399999999999997 0.2266666671875 0.462 0.2506666671875 0.514 0.256 0.512 0.22400000000000003 0.5 0.2053333328125
0 0.446 0.25866666718750003 0.42800000000000005 0.256 0.41 0.2746666671875 0.40800000000000003 0.2986666671875 0.462 0.2986666671875 0.458 0.2693333328125 0.446 0.25866666718750003
0 0.29 0.288 0.274 0.2906666671875 0.26 0.312 0.258 0.3413333328125 0.314 0.3333333328125 0.306 0.304 0.29 0.288
3 0.778 0.9653333328124999 0.778 0.9466666671875 0.77 0.9386666671875 0.75 0.9413333328125001 0.756 0.9626666671875 0.768 0.9706666671875 0.778 0.9653333328124999
3 0.688 0.9333333328125001 0.6759999999999999 0.9413333328125001 0.674 0.9573333328125001 0.692 0.96 0.708 0.9386666671875 0.688 0.9333333328125001
3 0.55 0.9973333328124999 0.532 0.952 0.5 0.9653333328124999 0.5 0.9733333328124999 0.52 0.9973333328124999 0.55 0.9973333328124999
3 0.45 0.9573333328125001 0.446 0.9973333328124999 0.476 0.9973333328124999 0.47800000000000004 0.9573333328125001 0.45 0.9573333328125001
3 0.376 0.9733333328124999 0.33199999999999996 0.9706666671875 0.32999999999999996 0.9786666671875001 0.352 0.9973333328124999 0.386 0.9973333328124999 0.376 0.9733333328124999
3 0.282 0.9733333328124999 0.274 0.9973333328124999 0.306 0.9946666671875001 0.304 0.976 0.282 0.9733333328124999
3 0.398 0.8640000000000001 0.388 0.8800000000000001 0.388 0.9013333328125 0.41200000000000003 0.8933333328125 0.422 0.8720000000000001 0.398 0.8640000000000001
3 0.27599999999999997 0.8586666671875 0.248 0.8640000000000001 0.248 0.8880000000000001 0.268 0.8853333328125 0.27799999999999997 0.8720000000000001 0.27599999999999997 0.8586666671875