0 0.17439703125 0.6033333328125 0.17996289375000002 0.6033333328125 0.18181818125 0.6 0.18181818125 0.5933333328125 0.17810760625 0.5866666671874999 0.17254174375 0.5833333328125 0.16697588125 0.5833333328125 0.15955473125 0.5900000000000001 0.15769944375 0.5966666671875 0.15769944375 0.6133333328125 0.16141001875 0.6166666671875001 0.17439703125 0.6033333328125
0 0.2077922078125 0.63 0.2077922078125 0.6233333328125 0.20593692031250002 0.62 0.1985157703125 0.62 0.19666048281249998 0.6233333328125 0.1948051953125 0.63 0.19666048281249998 0.6366666671875 0.20037105781250003 0.6366666671875 0.2077922078125 0.63
0 0.23562152187500002 0.6266666671875 0.23747680937500001 0.6233333328125 0.24489795937499997 0.6233333328125 0.246753246875 0.62 0.246753246875 0.6066666671875 0.24489795937499997 0.6 0.23933209687499998 0.5966666671875 0.23191094687499997 0.6 0.2263450828125 0.61 0.2263450828125 0.6233333328125 0.2282003703125 0.6266666671875 0.23562152187500002 0.6266666671875
0 0.46753246718749997 0.6533333328125 0.47309832968750004 0.6466666671875 0.47495361718750007 0.64 0.47495361718750007 0.63 0.4693877546875 0.6166666671875001 0.46196660468750006 0.62 0.4582560296875 0.6266666671875 0.4582560296875 0.6466666671875 0.46196660468750006 0.6533333328125 0.46753246718749997 0.6533333328125
0 0.48778293125000005 0.60996 0.48270500937499994 0.6126666671875001 0.47983673437499996 0.6239600000000001 0.48120037031249996 0.6261866671874999 0.4907922078125 0.62382 0.48778293125000005 0.60996
0 0.580270871875 0.6244966671875 0.5729350656250001 0.6315633328125 0.5868534328125 0.6403833328124999 0.5853487937499999 0.6268633328125001 0.580270871875 0.6244966671875
0 0.6897328390624999 0.6207900000000001 0.680705009375 0.6157166671875001 0.675814471875 0.6197733328125 0.67318181875 0.6343099999999999 0.6716771796875001 0.6346466671875 0.6872875703125 0.64242 0.6897328390624999 0.6207900000000001
0 0.8107142859375 0.6515466671875 0.8090222640625001 0.63059 0.7996178109375001 0.62721 0.793788496875 0.6390399999999999 0.7943525046875 0.6403933328125 0.8035677187499999 0.64276 0.8107142859375 0.6515466671875
0 0.8393024125 0.6231533328125 0.8325324671875001 0.6140266671875 0.8267012984375001 0.6177466671875 0.8204953625 0.6312666671875 0.8270779218750001 0.6339699999999999 0.840055659375 0.6539133328125 0.8393024125 0.6231533328125
2 0.8099628937500001 0.7863800000000001 0.8180500921875 0.7677866671875 0.8156048234375 0.7552800000000001 0.810150278125 0.7536366671875 0.8060129874999999 0.7688033328125 0.7988664187500001 0.7772533328125 0.8018756953124999 0.7904333328125001 0.8099628937500001 0.7863800000000001
2 0.7655751390625001 0.6917333328125 0.764447125 0.7086366671875 0.7712189234375 0.7120166671875 0.778742115625 0.7153966671875 0.7830667906250001 0.6998466671875 0.7838200375000001 0.7001833328125 0.7738515765625 0.6910566671875 0.7655751390625001 0.6917333328125
2 0.78438404375 0.6596233328125 0.7789294984375 0.6707766671875001 0.78438404375 0.68227 0.7907792203125 0.6954533328125 0.80121706875 0.6881633328125 0.7981131718750001 0.6799033328124999 0.7951038968749999 0.6660433328125 0.78438404375 0.6596233328125
2 0.1828942484375 0.7553733328125001 0.1803710578125 0.7460366671875 0.17428571406249999 0.74017 0.167161409375 0.7290666671875 0.16137291250000002 0.7388366671875 0.16463821875 0.7545733328125 0.1735436 0.7617766671874999 0.1828942484375 0.7553733328125001
2 0.20497217031249998 0.7598366671875 0.2057142859375 0.7497 0.2082374765625 0.72756 0.1996289421875 0.7230233328125 0.196512059375 0.7387633328125001 0.1959183671875 0.7497 0.20497217031249998 0.7598366671875
2 0.2024118734375 0.6691499999999999 0.20359925781250002 0.67902 0.20894248593750003 0.6776866671875 0.20701298750000002 0.6664833328124999 0.2024118734375 0.6691499999999999
2 0.22003710625 0.6830666671875 0.21918367343749998 0.69396 0.2237847859375 0.6923566671875 0.2236363640625 0.6859566671875 0.22003710625 0.6830666671875
2 0.5948033390624999 0.7029633328125 0.5956975875 0.6879466671875 0.5907755109374999 0.6884833328125 0.588536178125 0.7013533328125 0.5915213359375 0.7051066671874999 0.5948033390624999 0.7029633328125
2 0.5631762515625 0.67025 0.5603413734375 0.67481 0.5630259734374999 0.68312 0.5654137296874999 0.6769533328125 0.5631762515625 0.67025
2 0.6572912796875 0.6798933328125 0.6529870125 0.6796266671875 0.656549165625 0.6932333328125 0.6684230062500001 0.6953666671875001 0.6691651203125 0.6790933328125 0.664415584375 0.6788266671875001 0.6599628937500001 0.6830966671875001 0.6572912796875 0.6798933328125
3 0.4768089046875 0.8366666671875 0.4768089046875 0.8300000000000001 0.47495361718750007 0.8266666671875 0.4693877546875 0.8233333328124999 0.46196660468750006 0.8233333328124999 0.4582560296875 0.8266666671875 0.4582560296875 0.8333333328125001 0.46011131718750004 0.8366666671875 0.4768089046875 0.8366666671875
3 0.5692764375 0.7721633328124999 0.5698701296875 0.7892366671875 0.57625231875 0.7839 0.5749165125 0.7724300000000001 0.5692764375 0.7721633328124999
3 0.5838218921875 0.7783 0.583525046875 0.7718966671875 0.57903525 0.7724 0.5786270874999999 0.7844333328124999 0.5856029687500001 0.7860366671875 0.5896103890625 0.7823 0.5838218921875 0.7783
3 0.68419295 0.8140433328125001 0.6843413734375 0.7943033328125 0.6773654921875 0.7924 0.6729128015625 0.8015066671875 0.6671243046875001 0.8033733328125001 0.6683116890624999 0.8137766671875 0.68419295 0.8140433328125001
3 0.8024860859375 0.8556466671875 0.8012987015625 0.84551 0.7952133578125 0.8401733328125 0.792838590625 0.8441766671875 0.7834879406249999 0.8489766671875 0.78423005625 0.8575133328125 0.8024860859375 0.8556466671875
3 0.8107977734375 0.86258 0.8091651203125 0.8481766671875001 0.8024118734375 0.8457333328125 0.8010018546875 0.8548433328125 0.7952133578125 0.8575133328125 0.7966975875 0.8671133328125 0.8107977734375 0.86258
3 0.79948051875 0.92638 0.823970315625 0.9245133328125 0.823970315625 0.90931 0.8134322812500001 0.9119766671875 0.808089053125 0.9023733328124999 0.8083859 0.9039733328124999 0.8000742109375001 0.91171 0.787161409375 0.9133100000000001 0.7876066796875001 0.9223800000000001 0.79948051875 0.92638