0 0.288 0.472 0.294 0.48266666718750006 0.302 0.472 0.32599999999999996 0.472 0.32999999999999996 0.47466666718750006 0.33799999999999997 0.4693333328125 0.33799999999999997 0.4613333328125 0.33199999999999996 0.4453333328125 0.324 0.4346666671875 0.32 0.43200000000000005 0.306 0.43200000000000005 0.298 0.4373333328125 0.288 0.44800000000000006 0.288 0.45866666718750004 0.288526 0.46275466718749997 0.288 0.46399999999999997 0.288 0.472
0 0.42800000000000005 0.44000000000000006 0.42800000000000005 0.42933333281249997 0.422 0.41333333281250006 0.414 0.40533333281250006 0.40199999999999997 0.40533333281250006 0.398 0.40800000000000003 0.39 0.4186666671875 0.386 0.4346666671875 0.39 0.44266666718750003 0.42458 0.44450399999999995 0.42800000000000005 0.44000000000000006
0 0.524 0.45866666718750004 0.526 0.45599999999999996 0.536 0.45599999999999996 0.538 0.4533333328125 0.538 0.44266666718750003 0.534 0.42933333281249997 0.52 0.4186666671875 0.508 0.4266666671875 0.502 0.44000000000000006 0.5 0.44800000000000006 0.5 0.45599999999999996 0.502 0.45866666718750004 0.524 0.45866666718750004
0 0.654 0.46666666718750005 0.662 0.4613333328125 0.6645380000000001 0.457304 0.662 0.44266666718750003 0.6599999999999999 0.4346666671875 0.6559999999999999 0.42933333281249997 0.648 0.42400000000000004 0.644 0.42400000000000004 0.634 0.42933333281249997 0.63 0.4346666671875 0.626 0.44800000000000006 0.626 0.45866666718750004 0.624 0.4613333328125 0.63 0.46666666718750005 0.654 0.46666666718750005
0 0.6980000000000001 0.45066666718750004 0.701344 0.45066666718750004 0.7107680000000001 0.45090399999999997 0.7107680000000001 0.44118399999999997 0.708 0.4266666671875 0.7 0.41600000000000004 0.696 0.41333333281250006 0.686 0.41600000000000004 0.678 0.4266666671875 0.6759999999999999 0.43200000000000005 0.6759999999999999 0.4453333328125 0.6799999999999999 0.45066666718750004 0.6980000000000001 0.45066666718750004
0 0.244 0.44800000000000006 0.252 0.44266666718750003 0.252 0.4373333328125 0.248 0.4266666671875 0.238 0.41333333281250006 0.22599999999999998 0.41333333281250006 0.21600000000000003 0.42400000000000004 0.21400000000000002 0.43200000000000005 0.21400000000000002 0.45066666718750004 0.21600000000000003 0.45599999999999996 0.244 0.44800000000000006
0 0.172378 0.4638933328125 0.20600000000000002 0.4613333328125 0.20800000000000002 0.45866666718750004 0.20800000000000002 0.45066666718750004 0.20400000000000001 0.44000000000000006 0.196 0.4266666671875 0.19 0.4266666671875 0.188 0.42400000000000004 0.182 0.42400000000000004 0.18 0.4266666671875 0.174 0.4266666671875 0.16999999999999998 0.42933333281249997 0.16599999999999998 0.4346666671875 0.162 0.4453333328125 0.16 0.4533333328125 0.16 0.46399999999999997 0.162 0.4693333328125 0.172378 0.4638933328125
3 0.282 0.8693333328125 0.286 0.8720000000000001 0.294 0.8693333328125 0.296 0.8640000000000001 0.296 0.8506666671875 0.298 0.8480000000000001 0.296 0.8453333328125 0.296 0.8346666671875 0.294 0.8320000000000001 0.284 0.8320000000000001 0.27999999999999997 0.8293333328125 0.27799999999999997 0.8346666671875 0.27799999999999997 0.8560000000000001 0.27999999999999997 0.8640000000000001 0.282 0.8693333328125
3 0.22200000000000003 0.8400000000000001 0.23399999999999999 0.8373333328125 0.242 0.8240000000000001 0.242 0.8053333328125 0.24 0.8 0.23199999999999998 0.808 0.22799999999999998 0.8053333328125 0.22400000000000003 0.8106666671875 0.22200000000000003 0.8186666671875 0.21800000000000003 0.8240000000000001 0.21800000000000003 0.8373333328125 0.22200000000000003 0.8400000000000001
3 0.16 0.8506666671875 0.16599999999999998 0.8560000000000001 0.176 0.8560000000000001 0.18 0.8480000000000001 0.18 0.8293333328125 0.176 0.8186666671875 0.174 0.8160000000000001 0.162 0.8160000000000001 0.16 0.8240000000000001 0.16 0.8373333328125 0.16021000000000002 0.8409546671875001 0.159968 0.8428826671874999 0.16 0.8506666671875
3 0.186 0.8773333328125 0.19 0.8880000000000001 0.202 0.8880000000000001 0.21000000000000002 0.8800000000000001 0.21200000000000002 0.8746666671875 0.21200000000000002 0.8640000000000001 0.20600000000000002 0.8560000000000001 0.20400000000000001 0.8453333328125 0.186 0.8533333328125 0.186 0.8613333328125 0.185528 0.8650613328125001 0.186 0.8666666671875 0.186 0.8773333328125
3 0.324 0.8960000000000001 0.33199999999999996 0.8960000000000001 0.33799999999999997 0.8906666671875 0.33599999999999997 0.8773333328125 0.33199999999999996 0.8746666671875 0.327552 0.8721333328125 0.32599999999999996 0.8586666671875 0.322 0.8613333328125 0.306 0.8613333328125 0.304 0.8640000000000001 0.304 0.8746666671875 0.32 0.8933333328125 0.324 0.8960000000000001
3 0.376 0.8453333328125 0.384 0.8453333328125 0.388 0.8426666671874999 0.392 0.8320000000000001 0.39 0.8160000000000001 0.386 0.8106666671875 0.374 0.8106666671875 0.372 0.8133333328125 0.372 0.8213333328125 0.37 0.8240000000000001 0.37 0.8400000000000001 0.376 0.8453333328125
3 0.41200000000000003 0.8266666671875 0.42800000000000005 0.8266666671875 0.43 0.8240000000000001 0.42800000000000005 0.8133333328125 0.422 0.808 0.419574 0.8050506671875001 0.416042 0.8013893328125 0.414 0.7973333328125001 0.41200000000000003 0.8 0.40599999999999997 0.8 0.398 0.8053333328125 0.396 0.8133333328125 0.4 0.8186666671875 0.406818 0.8210106671874999 0.41200000000000003 0.8266666671875
3 0.502 0.8244719999999999 0.506 0.8218053328125 0.514 0.8111386671874999 0.516 0.8058053328125 0.516 0.7978053328125 0.496 0.8004720000000001 0.492 0.8058053328125 0.49000000000000005 0.8111386671874999 0.49000000000000005 0.8218053328125 0.492 0.8244719999999999 0.502 0.8244719999999999
3 0.532 0.8133333328125 0.54 0.8160000000000001 0.5446259999999999 0.8162079999999999 0.546 0.8106666671875 0.5446259999999999 0.8024586671874999 0.542314 0.7984293328125001 0.54 0.7946666671875 0.536 0.792 0.524 0.7946666671875 0.52 0.7973333328125001 0.520088 0.8026960000000001 0.526844 0.8036453328125001 0.532 0.8133333328125
3 0.63 0.808 0.636822 0.7979546671875 0.638066 0.7894213328124999 0.634 0.792 0.626 0.792 0.624 0.7893333328125001 0.62 0.7893333328125001 0.618 0.792 0.616 0.7973333328125001 0.616 0.808 0.622 0.8106666671875 0.63 0.808
3 0.696 0.8320000000000001 0.704 0.8266666671875 0.708 0.8213333328125 0.708 0.8133333328125 0.706 0.8106666671875 0.6940000000000001 0.808 0.692 0.8053333328125 0.688 0.8053333328125 0.6799999999999999 0.8106666671875 0.6719999999999999 0.8106666671875 0.67 0.8133333328125 0.67 0.8293333328125 0.6719999999999999 0.8320000000000001 0.696 0.8320000000000001
3 0.706 0.792 0.708 0.7946666671875 0.712 0.792 0.712 0.7866666671875 0.704 0.776 0.692 0.776 0.6900000000000001 0.7786666671875 0.6940000000000001 0.7893333328125001 0.6980000000000001 0.792 0.706 0.792