0 0.742 0.1387900359375 0.72 0.1387900359375 0.7 0.17081850468749998 0.7 0.20996441250000003 0.764 0.19928825625 0.758 0.1565836296875 0.742 0.1387900359375
0 0.374 0.22775800781250002 0.376 0.19217081875 0.366 0.17081850468749998 0.348 0.1637010671875 0.33599999999999997 0.17793594375 0.33399999999999996 0.2241992875 0.34199999999999997 0.24199288281250003 0.356 0.24555160156250003 0.374 0.22775800781250002
0 0.284 0.277580071875 0.286 0.27402135156249996 0.286 0.24911032031250002 0.282 0.23131672656250002 0.274 0.2241992875 0.266 0.2241992875 0.258 0.23487544531250001 0.256 0.23487544531250001 0.254 0.24555160156250003 0.256 0.2526690390625 0.27999999999999997 0.277580071875 0.284 0.277580071875
0 0.23399999999999999 0.2633451953125 0.248 0.2633451953125 0.252 0.2597864765625 0.252 0.24911032031250002 0.248 0.24555160156250003 0.23399999999999999 0.24555160156250003 0.22999999999999998 0.24911032031250002 0.22999999999999998 0.2633451953125 0.23199999999999998 0.26690391406249997 0.23399999999999999 0.2633451953125
2 0.193894 0.38370106718749997 0.196928 0.395032028125 0.202694 0.37182918125 0.20148000000000002 0.36103914531250003 0.196626 0.3470071171875 0.188736 0.3615765125 0.189342 0.3621174375 0.191466 0.3702099640625 0.193894 0.38370106718749997
2 0.269406 0.4570925265625 0.27426 0.45763345156249996 0.276688 0.43982562343750004 0.277598 0.42309964375 0.273654 0.41068683281249996 0.264498 0.4169608546875 0.263944 0.425797153125 0.26455 0.4506192171875 0.269406 0.4570925265625
2 0.389158 0.3118256234375 0.38673 0.30966547968749997 0.38673 0.2956370109375 0.386426 0.2724341640625 0.38309000000000004 0.26164056874999997 0.372772 0.28430605 0.374896 0.29779359375 0.37611 0.31236298906250004 0.37125400000000003 0.32962989375 0.384606 0.343661921875 0.394316 0.3188398578125 0.39462 0.31236298906250004 0.389158 0.3118256234375
3 0.8119999999999999 0.9039145906250001 0.8160000000000001 0.7651245546875 0.808 0.7473309609375 0.77 0.7544483984375 0.774 0.8612099640625 0.74 0.886120996875 0.762 0.9110320281250001 0.8119999999999999 0.9039145906250001
3 0.834 0.8185053375000001 0.8220000000000001 0.8683274015625001 0.834 0.875444840625 0.8699999999999999 0.8540925265625001 0.8720000000000001 0.8291814953125 0.844 0.722419928125 0.828 0.686832740625 0.8160000000000001 0.686832740625 0.8039999999999999 0.715302490625 0.8160000000000001 0.7473309609375 0.818 0.78291815 0.834 0.8185053375000001
3 0.184 0.5693950171875 0.192 0.5765124562499999 0.196 0.5765124562499999 0.2 0.5729537359375 0.202 0.5587188609375 0.2 0.5587188609375 0.196 0.5444839859374999 0.188 0.48754448437500003 0.18 0.48754448437500003 0.178 0.49110320312500005 0.16999999999999998 0.49110320312500005 0.174 0.5266903921874999 0.184 0.5693950171875
3 0.20400000000000001 0.5587188609375 0.21200000000000002 0.5587188609375 0.21000000000000002 0.48754448437500003 0.20800000000000002 0.48398576562500006 0.192 0.48398576562500006 0.194 0.5338078296875 0.198 0.5516014234375 0.20400000000000001 0.5587188609375
3 0.22999999999999998 0.59074733125 0.23199999999999998 0.5943060499999999 0.248 0.5943060499999999 0.25 0.59074733125 0.256 0.59074733125 0.26 0.5871886125 0.258 0.5800711749999999 0.248 0.5765124562499999 0.242 0.5658362984374999 0.242 0.5587188609375 0.24 0.5551601421875 0.24 0.523131671875 0.236 0.5124555156249999 0.21600000000000003 0.5124555156249999 0.22000000000000003 0.58362989375 0.22400000000000003 0.59074733125 0.22999999999999998 0.59074733125
3 0.33399999999999996 0.6654804265625 0.33599999999999997 0.6690391453125 0.356 0.6690391453125 0.36 0.6619217078124999 0.364 0.6298932390624999 0.356 0.6227758 0.33399999999999996 0.6227758 0.33399999999999996 0.6370106765625 0.33199999999999996 0.6405693953125 0.33399999999999996 0.6476868328125 0.33399999999999996 0.6654804265625
4 0.708 0.45907473281250005 0.716 0.40925266875000005 0.732 0.40213523125000006 0.776 0.5124555156249999 0.754 0.6690391453125 0.756 0.7259786484374999 0.77 0.7651245546875 0.774 0.8647686828125 0.746 0.893238434375 0.768 0.907473309375 0.8039999999999999 0.9039145906250001 0.8720000000000001 0.8505338078125 0.8460000000000001 0.7295373671875 0.8240000000000001 0.686832740625 0.818 0.6512455515625 0.858 0.5373665484375 0.858 0.46619217031250004 0.8 0.277580071875 0.756 0.23487544531250001 0.762 0.18505338124999998 0.752 0.14946619218749999 0.726 0.1387900359375 0.704 0.1601423484375 0.6980000000000001 0.202846975 0.71 0.291814946875 0.702 0.32384341562499996 0.648 0.43060498281250004 0.602 0.494661921875 0.606 0.523131671875 0.666 0.46619217031250004 0.6839999999999999 0.48754448437500003 0.708 0.45907473281250005