0 0.3221476515625 0.6933333328125 0.344519015625 0.6933333328125 0.35570469843749997 0.6799999999999999 0.35570469843749997 0.6733333328125 0.351230425 0.6599999999999999 0.3400447421875 0.6366666671875 0.3333333328125 0.6333333328124999 0.3199105140625 0.6333333328124999 0.3131991046875 0.6366666671875 0.304250559375 0.6533333328125 0.3020134234375 0.6599999999999999 0.3020134234375 0.67 0.30648769531250003 0.6833333328125 0.3221476515625 0.6933333328125
0 0.14765100625 0.44333333281250004 0.1521252796875 0.45 0.170022371875 0.46333333281250005 0.1789709171875 0.45999999999999996 0.181208053125 0.4566666671875 0.17673378125 0.44333333281250004 0.17673378125 0.42000000000000004 0.16778523437499998 0.4033333328125 0.15883668906249998 0.3966666671875 0.143176734375 0.3966666671875 0.1342281875 0.4033333328125 0.1252796421875 0.4166666671875 0.12304250624999999 0.4233333328125 0.1252796421875 0.4233333328125 0.1319910515625 0.43333333281249997 0.14765100625 0.44333333281250004
0 0.1991051453125 0.46666666718750005 0.1991051453125 0.45999999999999996 0.19686800937499999 0.4566666671875 0.1923937359375 0.4533333328125 0.1856823265625 0.4566666671875 0.183445190625 0.46333333281250005 0.1856823265625 0.47000000000000003 0.19686800937499999 0.47000000000000003 0.1991051453125 0.46666666718750005
0 0.087248321875 0.46666666718750005 0.08948545937499999 0.46333333281250005 0.08948545937499999 0.4566666671875 0.0850111859375 0.45 0.073825503125 0.45 0.0693512296875 0.4566666671875 0.0693512296875 0.46333333281250005 0.073825503125 0.47000000000000003 0.087248321875 0.46666666718750005
2 0.41503803125000005 0.8971466671874999 0.41166666718749995 0.87523 0.4076800890625 0.8542266671875 0.3911208046875 0.8528566671875 0.39050782968750003 0.8702066671875001 0.387136465625 0.8957766671874999 0.4113601796875 0.8994300000000001 0.41503803125000005 0.8971466671874999
2 0.197331096875 0.8432666671875 0.19181208125 0.8629 0.21419686875 0.86975 0.22247427343749998 0.8674666671875 0.2301409390625 0.8487466671874999 0.231979865625 0.83094 0.21910290781250003 0.8218066671875001 0.20867561562499998 0.8300266671875001 0.197331096875 0.8432666671875
2 0.15947874687500002 0.7241333328125 0.161691275 0.7302533328124999 0.169597315625 0.7250733328125001 0.178134228125 0.7095366671875001 0.1784496640625 0.6963566671875 0.16738255 0.6940000000000001 0.16232438437500002 0.70436 0.1677002234375 0.70577 0.16738255 0.7161299999999999 0.15947874687500002 0.7241333328125
3 0.1319910515625 0.9733333328124999 0.140939596875 0.9733333328124999 0.14988814374999998 0.9666666671874999 0.15883668906249998 0.9666666671874999 0.1655480984375 0.9633333328125 0.17449664375 0.9566666671874999 0.17673378125 0.9533333328125 0.17673378125 0.9466666671875 0.1655480984375 0.9333333328125001 0.15883668906249998 0.9333333328125001 0.156599553125 0.9266666671875001 0.14765100625 0.9433333328125 0.14765100625 0.9466666671875 0.136465325 0.9566666671874999 0.1252796421875 0.9566666671874999 0.12304250624999999 0.9533333328125 0.1185682328125 0.9533333328125 0.114093959375 0.96 0.1118568234375 0.97 0.114093959375 0.9766666671875001 0.129753915625 0.9766666671875001 0.1319910515625 0.9733333328124999
3 0.06263982031250001 0.9733333328124999 0.06711409375 0.97 0.0782997765625 0.97 0.0805369125 0.9666666671874999 0.087248321875 0.9666666671874999 0.09619686875 0.96 0.1096196875 0.96 0.114093959375 0.9533333328125 0.114093959375 0.9433333328125 0.1051454140625 0.9366666671875 0.09843400468749999 0.9266666671875001 0.09395973125 0.93 0.09395973125 0.9366666671875 0.08948545937499999 0.9433333328125 0.0715883671875 0.9433333328125 0.0693512296875 0.9400000000000001 0.06263982031250001 0.9400000000000001 0.06263982031250001 0.9566666671874999 0.060402684375 0.96 0.060402684375 0.97 0.06263982031250001 0.9733333328124999
3 0.3288590609375 0.8733333328124999 0.331096196875 0.8633333328124999 0.3131991046875 0.8566666671875 0.30648769531250003 0.8666666671875 0.304250559375 0.8666666671875 0.3020134234375 0.8766666671875001 0.31767337812499996 0.8766666671875001 0.3199105140625 0.8733333328124999 0.3288590609375 0.8733333328124999
3 0.20805369062499998 0.6533333328125 0.20805369062499998 0.6466666671875 0.20357941875000002 0.64 0.20357941875000002 0.6366666671875 0.194630871875 0.6433333328125 0.194630871875 0.6466666671875 0.1991051453125 0.6533333328125 0.20805369062499998 0.6533333328125