4 0.08199999999999999 0.9199999999999999 0.078 0.9466666671875 0.096 0.9813333328124999 0.122 0.9813333328124999 0.128 0.9573333328125001 0.162 0.9359999999999999 0.188 0.9466666671875 0.20400000000000001 0.9733333328124999 0.21600000000000003 0.9653333328124999 0.22200000000000003 0.9226666671875 0.242 0.9013333328125 0.22200000000000003 0.8613333328125 0.256 0.8400000000000001 0.244 0.8133333328125 0.22999999999999998 0.808 0.198 0.76 0.2 0.72 0.22000000000000003 0.6853333328125 0.242 0.6773333328125 0.246 0.6266666671875 0.24 0.616 0.202 0.5973333328125 0.148 0.6026666671875 0.132 0.64 0.078 0.6826666671875 0.046 0.7546666671875 0.036 0.7946666671875 0.038 0.8400000000000001 0.05 0.8826666671875 0.08199999999999999 0.9199999999999999
0 0.23199999999999998 0.6799999999999999 0.238 0.632 0.22400000000000003 0.608 0.18 0.5973333328125 0.152 0.6 0.142 0.6106666671875 0.142 0.648 0.16 0.6746666671875 0.202 0.696 0.23199999999999998 0.6799999999999999
0 0.47800000000000004 0.24266666718750002 0.45 0.192 0.426 0.1893333328125 0.40599999999999997 0.2026666671875 0.40199999999999997 0.2533333328125 0.414 0.264 0.454 0.2613333328125 0.47800000000000004 0.24266666718750002
0 0.512 0.16799999999999998 0.524 0.1573333328125 0.522 0.1226666671875 0.514 0.11200000000000002 0.49800000000000005 0.10133333281250001 0.47000000000000003 0.11200000000000002 0.45599999999999996 0.1386666671875 0.46399999999999997 0.1546666671875 0.49000000000000005 0.16799999999999998 0.512 0.16799999999999998
0 0.6980000000000001 0.1626666671875 0.678 0.10933333281249999 0.634 0.11200000000000002 0.616 0.1306666671875 0.602 0.1813333328125 0.612 0.1893333328125 0.686 0.1786666671875 0.6980000000000001 0.1626666671875
0 0.27599999999999997 0.27999999999999997 0.27599999999999997 0.24 0.262 0.2133333328125 0.238 0.20800000000000002 0.21800000000000003 0.23199999999999998 0.21200000000000002 0.2693333328125 0.22599999999999998 0.288 0.266 0.2906666671875 0.27599999999999997 0.27999999999999997
3 0.6719999999999999 0.7653333328125 0.666 0.6533333328125 0.658 0.6506666671875 0.622 0.6533333328125 0.634 0.7653333328125 0.644 0.7813333328125001 0.6719999999999999 0.7653333328125
0 0.182 0.2613333328125 0.172 0.20800000000000002 0.156 0.1866666671875 0.132 0.1813333328125 0.11000000000000001 0.2053333328125 0.10800000000000001 0.24266666718750002 0.122 0.2666666671875 0.162 0.2746666671875 0.182 0.2613333328125
4 0.638 0.7306666671875 0.636 0.7733333328125 0.654 0.7786666671875 0.666 0.7653333328125 0.686 0.7733333328125 0.742 0.7653333328125 0.754 0.7413333328125 0.714 0.7226666671875 0.724 0.6719999999999999 0.736 0.6533333328125 0.74 0.5813333328125 0.716 0.472 0.6980000000000001 0.44266666718750003 0.704 0.3973333328125 0.6759999999999999 0.2506666671875 0.6839999999999999 0.24 0.686 0.192 0.6980000000000001 0.1626666671875 0.678 0.1146666671875 0.636 0.11200000000000002 0.618 0.128 0.602 0.184 0.62 0.1866666671875 0.63 0.2133333328125 0.626 0.2266666671875 0.592 0.256 0.584 0.27999999999999997 0.584 0.384 0.62 0.5546666671875 0.618 0.648 0.638 0.7306666671875
1 0.268 0.5786666671875 0.304 0.5706666671875 0.304 0.536 0.318 0.49866666718749997 0.294 0.36 0.252 0.3253333328125 0.20400000000000001 0.32 0.178 0.352 0.16999999999999998 0.376 0.16999999999999998 0.46399999999999997 0.188 0.4933333328125 0.196 0.568 0.268 0.5786666671875
4 0.42000000000000004 0.32799999999999996 0.4 0.31466666718749997 0.44400000000000006 0.41600000000000004 0.45599999999999996 0.7093333328125 0.44400000000000006 0.7306666671875 0.5 0.7333333328125 0.534 0.704 0.522 0.6266666671875 0.516 0.624 0.512 0.5653333328125 0.53 0.45866666718750004 0.516 0.3093333328125 0.496 0.25866666718750003 0.45 0.192 0.418 0.192 0.40199999999999997 0.2213333328125 0.404 0.248 0.44400000000000006 0.3066666671875 0.442 0.3173333328125 0.42000000000000004 0.32799999999999996
3 0.752 0.7413333328125 0.734 0.6933333328125 0.736 0.6559999999999999 0.688 0.6453333328124999 0.6799999999999999 0.6693333328125 0.6799999999999999 0.7653333328125 0.692 0.7733333328125 0.742 0.7653333328125 0.752 0.7413333328125
3 0.441364 0.7445653328125 0.463874 0.747424 0.513182 0.7224053328125 0.513718 0.6788026671875 0.5121100000000001 0.6244746671875 0.472986 0.6192133328125 0.476738 0.682376 0.46977 0.7045359999999999 0.442972 0.7195466671874999 0.441364 0.7445653328125
3 0.533012 0.7073946671875 0.5383720000000001 0.6973866671875 0.523902 0.6254666671875 0.5094299999999999 0.633768 0.513718 0.7073946671875 0.533012 0.7073946671875
3 0.389376 0.6673653328125 0.379728 0.6652213328125 0.369544 0.6430613328125 0.347034 0.641632 0.35293 0.6795173328125 0.35025 0.7123973328125001 0.40598999999999996 0.6873786671875 0.389376 0.6673653328125
3 0.7468619999999999 0.7116826671875 0.761332 0.72312 0.794562 0.698816 0.796706 0.6852346671875 0.774196 0.6716533328125001 0.77366 0.6309093328125 0.774196 0.583016 0.739358 0.583016 0.7398939999999999 0.6201866671875 0.747398 0.6730826671875 0.7468619999999999 0.7116826671875
3 0.476696 0.697776 0.48165199999999997 0.6865413328125001 0.475704 0.6660533328125 0.46678600000000003 0.6250773328125 0.426772 0.6187466671874999 0.430612 0.6568026671875 0.43556800000000007 0.6918293328125 0.463316 0.6990986671874999 0.476696 0.697776
2 0.261762 0.8231333328125 0.23549799999999999 0.8112373328125001 0.233022 0.8138826671875 0.226084 0.8423013328125 0.255816 0.8594826671875 0.265726 0.839656 0.261762 0.8231333328125
2 0.191396 0.9017813328125 0.18768 0.892112 0.16216 0.9315226671874999 0.20775000000000002 0.965888 0.222614 0.9328426671875001 0.191396 0.9017813328125