0 0.8911111109375 0 0.8644444437500001 0.02 0.8288888890624999 0.0733333328125 0.82 0.10333333281249998 0.8266666671875 0.1233333328125 0.82 0.13333333281249998 0.8133333328125 0.1633333328125 0.8288888890624999 0.18 0.8800000000000001 0.17333333281250002 0.92444444375 0.1833333328125 0.9400000000000001 0.17333333281250002 0.9733333328124999 0.13333333281249998 0.9800000000000001 0.11333333281249999 0.9800000000000001 0.0966666671875 0.9622222218750001 0.05 0.9466666671875 0.0166666671875 0.9311111109375 0 0.8911111109375 0
0 0.63555555625 0.2666666671875 0.637777778125 0.2666666671875 0.637777778125 0.2633333328125 0.682222221875 0.2633333328125 0.7066666671874999 0.24666666718750002 0.71555555625 0.2233333328125 0.70444444375 0.1833333328125 0.6933333328125 0.16 0.6799999999999999 0.1533333328125 0.6599999999999999 0.1533333328125 0.657777778125 0.16 0.6488888890625 0.16 0.6244444437500001 0.1933333328125 0.622222221875 0.2033333328125 0.6244444437500001 0.24666666718750002 0.6311111109375 0.2533333328125 0.63555555625 0.2666666671875
0 0.42444444375 0.2766666671875 0.42888888906249995 0.2633333328125 0.4511111109375 0.25 0.482222221875 0.24666666718750002 0.48444444375 0.25 0.49555555625 0.23333333281250002 0.49555555625 0.2233333328125 0.48444444375 0.1933333328125 0.46666666718750005 0.1666666671875 0.442222221875 0.1533333328125 0.42888888906249995 0.1566666671875 0.42000000000000004 0.1633333328125 0.4066666671875 0.1833333328125 0.397777778125 0.2066666671875 0.39555555625 0.2166666671875 0.397777778125 0.2633333328125 0.41111111093749997 0.2766666671875 0.42444444375 0.2766666671875
0 0.5111111109375 0.3066666671875 0.51555555625 0.30333333281249997 0.522222221875 0.30333333281249997 0.52444444375 0.3 0.5555555562500001 0.2966666671875 0.5555555562500001 0.29 0.54444444375 0.26 0.5377777781249999 0.25666666718750003 0.52444444375 0.25666666718750003 0.52 0.26 0.5066666671875 0.27999999999999997 0.5088888890625001 0.2833333328125 0.5088888890625001 0.30333333281249997 0.5111111109375 0.3066666671875
0 0.6066666671875 0.2666666671875 0.61555555625 0.2533333328125 0.617777778125 0.2533333328125 0.62 0.24333333281249997 0.62 0.21000000000000002 0.617777778125 0.2 0.59555555625 0.22999999999999998 0.5933333328125 0.24 0.5933333328125 0.26 0.59555555625 0.2633333328125 0.6066666671875 0.2666666671875
0 0.622222221875 0.1933333328125 0.6555555562500001 0.1566666671875 0.6599999999999999 0.1433333328125 0.6488888890625 0.13333333281249998 0.6288888890625 0.13333333281249998 0.622222221875 0.13999999999999999 0.622222221875 0.1433333328125 0.61555555625 0.1566666671875 0.6133333328125 0.1666666671875 0.617777778125 0.1933333328125 0.622222221875 0.1966666671875 0.622222221875 0.1933333328125
2 0.5866666671874999 0.6533333328125 0.6 0.6533333328125 0.6044444437500001 0.65 0.6133333328125 0.6366666671875 0.61555555625 0.63 0.62 0.61 0.62 0.5966666671875 0.6244444437500001 0.5866666671874999 0.6244444437500001 0.5766666671875 0.6133333328125 0.5766666671875 0.597777778125 0.5866666671874999 0.5822222218750001 0.6133333328125 0.58 0.6233333328125 0.58 0.6366666671875 0.58444444375 0.65 0.5866666671874999 0.6533333328125
2 0.777777778125 0.36666666718749996 0.78 0.36666666718749996 0.7866666671875 0.36 0.7888888890625 0.3533333328125 0.7888888890625 0.3433333328125 0.7911111109375 0.33999999999999997 0.79555555625 0.32 0.7866666671875 0.32 0.7755555562499999 0.3333333328125 0.7733333328125 0.3333333328125 0.7711111109375001 0.3366666671875 0.7711111109375001 0.3533333328125 0.7733333328125 0.36 0.777777778125 0.36666666718749996
2 0.5066666671875 0.4266666671875 0.5266666671875 0.4233333328125 0.5266666671875 0.41 0.5288888890625 0.4033333328125 0.522222221875 0.3933333328125 0.522222221875 0.39 0.5088888890625001 0.37666666718749997 0.5 0.37666666718749997 0.4933333328125 0.3866666671875 0.4911111109375 0.3933333328125 0.4911111109375 0.4066666671875 0.497777778125 0.42000000000000004 0.5066666671875 0.4266666671875
0 0.36666666718749996 0.37 0.3911111109375 0.3266666671875 0.3911111109375 0.3233333328125 0.38 0.3233333328125 0.377777778125 0.32 0.37333333281250003 0.32 0.36 0.32999999999999996 0.35555555625 0.3433333328125 0.35555555625 0.36666666718749996 0.357777778125 0.37 0.36666666718749996 0.37
3 0.2711111109375 0.6 0.28444444375 0.6066666671875 0.2888888890625 0.6133333328125 0.3133333328125 0.63 0.32 0.6333333328124999 0.3288888890625 0.63 0.3288888890625 0.6133333328125 0.3266666671875 0.6033333328125 0.297777778125 0.5599999999999999 0.2888888890625 0.5733333328125 0.2888888890625 0.5833333328125 0.2711111109375 0.5933333328125 0.2711111109375 0.6
3 0.33555555625 0.5599999999999999 0.33999999999999997 0.5566666671875 0.33999999999999997 0.5466666671875 0.3266666671875 0.5266666671875 0.32444444375 0.5166666671875 0.32 0.5133333328125 0.3111111109375 0.5466666671875 0.30444444375 0.55 0.317777778125 0.5599999999999999 0.33555555625 0.5599999999999999
0 0.7088888890625 0.8633333328124999 0.7088888890625 0.8833333328125 0.7111111109375 0.89 0.71555555625 0.8933333328125 0.7288888890624999 0.8933333328125 0.7311111109375 0.8866666671875001 0.742222221875 0.8699999999999999 0.74444444375 0.8633333328124999 0.74444444375 0.85 0.7466666671875 0.8466666671875 0.7466666671875 0.8133333328125 0.742222221875 0.7733333328125 0.7311111109375 0.7733333328125 0.7244444437500001 0.7833333328125 0.722222221875 0.7933333328125001 0.722222221875 0.8066666671875 0.72 0.8099999999999999 0.72 0.8166666671874999 0.7088888890625 0.8633333328124999
3 0.5187666671875 0.6795966671875 0.5338488890625 0.6761666671875 0.54527555625 0.6439433328125 0.55076 0.6048666671875 0.5333933328125 0.59184 0.5183088890625001 0.6158366671875 0.51054 0.6103500000000001 0.5032266671875 0.6316033328125 0.5187666671875 0.6795966671875
3 0.5557888890625 0.6693133328124999 0.5681288890625 0.6329766671875 0.5685866671875 0.5897833328125001 0.5589888890625 0.5788133328125 0.5457333328125 0.5945833328125001 0.5489333328125 0.63366 0.5466466671875 0.6556 0.5557888890625 0.6693133328124999