0 0.404 0.250990753125 0.404 0.24966974843749998 0.41200000000000003 0.2443857328125 0.437 0.2391017171875 0.45 0.2391017171875 0.458 0.236459709375 0.46399999999999997 0.236459709375 0.476 0.23249669687500002 0.47800000000000004 0.23117569375000002 0.47800000000000004 0.22721268125 0.47400000000000003 0.22324967031249998 0.454 0.21664465000000002 0.43600000000000005 0.21664465000000002 0.42000000000000004 0.221928665625 0.40800000000000003 0.23117569375000002 0.398 0.241743725 0.398 0.2483487453125 0.396 0.250990753125 0.4 0.25231175625 0.404 0.250990753125
0 0.19128 0.4282166453125 0.20128 0.43217965625000004 0.20328 0.43085865312499994 0.20328 0.41896961718750003 0.19728 0.41500660468749995 0.19728 0.4136856015625 0.19128 0.41104359375 0.18528 0.40972258906250003 0.17128000000000002 0.40972258906250003 0.16528 0.41104359375 0.15528 0.4176486125 0.15128 0.422932628125 0.15128 0.426895640625 0.15328 0.4282166453125 0.19128 0.4282166453125
0 0.5780000000000001 0.3130779390625 0.592 0.3130779390625 0.5940000000000001 0.31439894375 0.5980000000000001 0.31439894375 0.6 0.3130779390625 0.608 0.3130779390625 0.612 0.31439894375 0.62 0.3117569359375 0.634 0.3025099078125 0.634 0.2985468953125 0.63 0.2959048875 0.618 0.29194187656250004 0.612 0.29194187656250004 0.61 0.29062087187499996 0.606 0.29194187656250004 0.5980000000000001 0.29194187656250004 0.5900000000000001 0.294583884375 0.5820000000000001 0.2998679 0.5820000000000001 0.301188903125 0.576 0.305151915625 0.576 0.3117569359375 0.5780000000000001 0.3130779390625
0 0.798 0.23513870468750003 0.8 0.2430647296875 0.806 0.236459709375 0.8460000000000001 0.211360634375 0.869804 0.20489960312500002 0.8812580000000001 0.2032774109375 0.8880000000000001 0.207397621875 0.8859999999999999 0.196829590625 0.8640000000000001 0.1836195515625 0.8480000000000001 0.178335534375 0.8220000000000001 0.1796565390625 0.8019999999999999 0.186261559375 0.788 0.19815059375 0.786 0.20079260312499997 0.788 0.21928665781249998 0.794 0.23249669687500002 0.798 0.23513870468750003
2 0.8720000000000001 0.4068692203125 0.876 0.4055482171875 0.8800000000000001 0.40819022499999996 0.8939999999999999 0.40819022499999996 0.9039999999999999 0.40422721250000004 0.914 0.38837516562499996 0.916 0.3778071328125 0.9179999999999999 0.3764861296875 0.916 0.3725231171875 0.9039999999999999 0.36063408125 0.9 0.3579920734375 0.89 0.359313078125 0.876 0.3672391015625 0.874 0.3672391015625 0.8699999999999999 0.3725231171875 0.8640000000000001 0.3764861296875 0.8619999999999999 0.3764861296875 0.86 0.3791281375 0.86 0.4002642015625 0.868 0.4055482171875 0.8720000000000001 0.4068692203125
2 0.841496 0.41878203437500006 0.845496 0.4174610296875 0.853496 0.398966975 0.857496 0.39368295937500003 0.857496 0.3870779390625 0.859496 0.3857569359375 0.859496 0.38179392343749996 0.857496 0.38179392343749996 0.849496 0.3765099078125 0.849496 0.3738679 0.8474959999999999 0.3738679 0.8394959999999999 0.38047291875 0.837496 0.38443593125 0.833496 0.3870779390625 0.8314959999999999 0.3870779390625 0.8314959999999999 0.38839894375 0.827496 0.389719946875 0.821496 0.3950039625 0.819496 0.39764597031250004 0.821496 0.408214003125 0.833496 0.41878203437500006 0.841496 0.41878203437500006
2 0.764 0.45574636718750006 0.764 0.4597093796875 0.766 0.46367239062500004 0.776 0.4715984140625 0.776 0.4742404234375 0.782 0.478203434375 0.786 0.478203434375 0.798 0.4715984140625 0.8019999999999999 0.4649933953125 0.8019999999999999 0.457067371875 0.798 0.449141346875 0.792 0.44649933906249994 0.786 0.43461030312500004 0.78 0.4306472921875 0.77 0.4306472921875 0.764 0.43328930000000004 0.764 0.442536328125 0.762 0.44385733125 0.762 0.4544253625 0.764 0.45574636718750006
2 0.626 0.5125495375 0.632 0.517833553125 0.642 0.517833553125 0.65 0.5138705421875 0.6548619999999999 0.512873184375 0.64901 0.5070726546875 0.650474 0.494745046875 0.64645 0.4872523125 0.648 0.47688243124999996 0.632 0.4742404234375 0.63 0.4755614265625 0.63 0.4808454421875 0.626 0.48612945781250005 0.626 0.491413475 0.624 0.49273447812500004 0.624 0.508586525 0.626 0.5125495375
3 0.642 0.655217965625 0.646 0.6538969609375 0.6639999999999999 0.6538969609375 0.666 0.6525759578125 0.6759999999999999 0.6525759578125 0.686 0.64993395 0.6900000000000001 0.6459709375 0.678 0.6446499343750001 0.6759999999999999 0.640686921875 0.6719999999999999 0.63936591875 0.6559999999999999 0.63936591875 0.654 0.640686921875 0.644 0.640686921875 0.628 0.6459709375 0.63 0.64993395 0.636 0.6538969609375 0.642 0.655217965625
3 0.8 0.6446499343750001 0.8039999999999999 0.6459709375 0.808 0.6446499343750001 0.8140000000000001 0.6446499343750001 0.8160000000000001 0.6433289296875 0.826 0.6433289296875 0.828 0.6446499343750001 0.836 0.6433289296875 0.8372439999999999 0.6417239109375 0.83761 0.6395416109375 0.834676 0.6351783359375001 0.8339420000000001 0.6317846765625 0.826606 0.62911756875 0.8240000000000001 0.626155878125 0.8220000000000001 0.624834875 0.8140000000000001 0.624834875 0.798 0.630118890625 0.794 0.6327608984374999 0.792 0.6327608984374999 0.792 0.6354029062500001 0.8 0.6446499343750001
3 0.877398 0.6367239109375 0.8793979999999999 0.6380449140625 0.901398 0.63936591875 0.9213979999999999 0.63936591875 0.923398 0.6380449140625 0.929398 0.6380449140625 0.9313980000000001 0.63936591875 0.947398 0.63936591875 0.9493980000000001 0.6380449140625 0.959398 0.6380449140625 0.961398 0.6354029062500001 0.961398 0.6327608984374999 0.9573980000000001 0.63143989375 0.9493980000000001 0.63143989375 0.9193979999999999 0.624834875 0.907398 0.624834875 0.8973979999999999 0.6208718625 0.8813980000000001 0.6208718625 0.859398 0.6274768828124999 0.8573980000000001 0.630118890625 0.8633979999999999 0.6340819015625 0.869398 0.6367239109375 0.877398 0.6367239109375
3 0.466 0.6816380453125 0.484 0.690885071875 0.488 0.68956406875 0.5 0.6922060765625 0.506 0.690885071875 0.514 0.6922060765625 0.516 0.7014531046875 0.524 0.7067371203125 0.532 0.7040951125 0.53 0.7027741078124999 0.528 0.68956406875 0.524 0.6882430640625 0.51 0.6710700125 0.458 0.6684280046875 0.44400000000000006 0.6657859968750001 0.434 0.659180978125 0.42800000000000005 0.6618229859375 0.426 0.6684280046875 0.43600000000000005 0.6776750328125 0.45199999999999996 0.6829590484375 0.466 0.6816380453125
0 0.32536 0.6048084546875 0.32536 0.602166446875 0.33076 0.5981202109375 0.33908 0.5964280046875 0.34736 0.59688243125 0.34936 0.598203434375 0.35336 0.598203434375 0.35336 0.5955614265625 0.34536 0.58895640625 0.33936 0.587635403125 0.33136 0.587635403125 0.32336 0.5915984140625 0.31936 0.59688243125 0.31936 0.6008454421875 0.32336 0.6048084546875 0.32536 0.6048084546875
2 0.654 0.3289299875 0.6559999999999999 0.3276089828125 0.662 0.3276089828125 0.6719999999999999 0.324966975 0.674 0.3117569359375 0.6759999999999999 0.30911492812499997 0.6719999999999999 0.3025099078125 0.666 0.2985468953125 0.662 0.2972258921875 0.65 0.2972258921875 0.64 0.2998679 0.63 0.30647291875 0.628 0.30647291875 0.622 0.3130779390625 0.622 0.3183619546875 0.62 0.319682959375 0.622 0.326287978125 0.654 0.3289299875
2 0.5660000000000001 0.3117569359375 0.5660000000000001 0.31043593125 0.572 0.3077939234375 0.572 0.30383091093750003 0.5740000000000001 0.3025099078125 0.5740000000000001 0.2959048875 0.572 0.294583884375 0.572 0.29062087187499996 0.568 0.2879788640625 0.5519999999999999 0.28401585156250003 0.548 0.28137384375 0.544 0.28137384375 0.544 0.2826948484375 0.54 0.28533685625 0.532 0.28533685625 0.528 0.29062087187499996 0.53 0.294583884375 0.5519999999999999 0.31439894375 0.5660000000000001 0.3117569359375
2 0.32599999999999996 0.6618229859375 0.32999999999999996 0.66050198125 0.33199999999999996 0.6578599734374999 0.33199999999999996 0.6525759578125 0.32999999999999996 0.651254953125 0.322 0.651254953125 0.318 0.6538969609375 0.316 0.6538969609375 0.316 0.655217965625 0.312 0.6578599734374999 0.312 0.6618229859375 0.32599999999999996 0.6618229859375
2 0.362 0.66050198125 0.37 0.66050198125 0.374 0.6578599734374999 0.374 0.6538969609375 0.372 0.6538969609375 0.368 0.651254953125 0.362 0.651254953125 0.358 0.6538969609375 0.36 0.655217965625 0.36 0.659180978125 0.362 0.66050198125