2 0.76 0.73308270625 0.7424999999999999 0.6917293234375 0.7150000000000001 0.7180451125 0.7125 0.7481203 0.72 0.7556390984375 0.745 0.7556390984375 0.76 0.73308270625
2 0.5825 0.6654135343750001 0.5825 0.7368421046875 0.615 0.7481203 0.6174999999999999 0.6616541359375 0.5825 0.6654135343750001
2 0.325 0.187969925 0.31 0.23308270625 0.34500000000000003 0.289473684375 0.3725 0.23308270625 0.325 0.187969925
0 0.61 0.29699248125 0.605 0.2481203 0.575 0.22180451093750003 0.545 0.24436090156249998 0.5349999999999999 0.27443609062499996 0.5825 0.3383458640625 0.6 0.3383458640625 0.61 0.29699248125
0 0.8724999999999999 0.3233082703125 0.8574999999999999 0.3007518796875 0.8125 0.3007518796875 0.79 0.349624059375 0.78 0.398496240625 0.7875 0.40977443593749996 0.8800000000000001 0.383458646875 0.8724999999999999 0.3233082703125
3 0.62 0.9511278203125 0.5825 0.913533834375 0.5599999999999999 0.9248120296875 0.5575 0.9511278203125 0.5700000000000001 0.9586466171874999 0.6025 0.9661654140625 0.62 0.9511278203125
3 0.4 0.9473684203125 0.385 0.936090225 0.36 0.9736842109375001 0.365 0.9962406015624999 0.395 0.9962406015624999 0.4 0.9473684203125
0 0.0075 0.398496240625 0.01 0.40225563906249995 0.017499999999999998 0.40225563906249995 0.03 0.3872180453125 0.0475 0.3872180453125 0.045 0.3721804515625 0.034999999999999996 0.3571428578125 0.027500000000000004 0.353383459375 0.0125 0.3571428578125 0.0075 0.368421053125 0.0075 0.3796992484375 0.005 0.383458646875 0.0075 0.3872180453125 0.0075 0.398496240625
0 0.26749999999999996 0.36090225625 0.27749999999999997 0.368421053125 0.28500000000000003 0.368421053125 0.29 0.3646616546875 0.29 0.349624059375 0.27999999999999997 0.334586465625 0.2575 0.334586465625 0.255 0.3421052625 0.24500000000000002 0.353383459375 0.25 0.36090225625 0.26749999999999996 0.36090225625
3 0.034999999999999996 0.9172932328125001 0.065 0.9172932328125001 0.0675 0.913533834375 0.0675 0.9097744359375 0.0625 0.9022556390625001 0.05 0.8947368421874999 0.0375 0.8796992484375 0.0325 0.8796992484375 0.0225 0.8872180453125 0.01 0.8872180453125 0.005 0.8834586468750001 0.0025 0.8947368421874999 0.0075 0.9097744359375 0.027500000000000004 0.9097744359375 0.034999999999999996 0.9172932328125001
3 0.0775 0.7368421046875 0.08499999999999999 0.73308270625 0.095 0.7180451125 0.09 0.710526315625 0.08249999999999999 0.710526315625 0.08 0.7067669171875 0.075 0.710526315625 0.075 0.7142857140625 0.0625 0.73308270625 0.0625 0.7368421046875 0.0775 0.7368421046875
3 0.270175 0.65193985 0.26661 0.6416729328125 0.24998499999999998 0.642451128125 0.24553250000000001 0.6742631578125 0.263345 0.6715827062499999 0.2832375 0.6626541359375 0.270175 0.65193985