2 0.555338 0.519313253125 0.5519305515624999 0.5093610359375 0.5460320000000001 0.514355421875 0.538278 0.520189759375 0.536532 0.5295271078125 0.5440940000000001 0.5350692765625 0.550298 0.526316265625 0.555338 0.519313253125
3 0.5630919999999999 0.6611174703125 0.563674 0.6456536140625 0.5518620000000001 0.6470993968750001 0.551848 0.6675361453125 0.5570820000000001 0.67628915625 0.562898 0.6768734937499999 0.5630919999999999 0.6611174703125
2 0.300718 0.546641565625 0.30033 0.556271084375 0.30847199999999997 0.553936746875 0.30789 0.546349396875 0.300718 0.546641565625
2 0.2602 0.548391565625 0.260006 0.5516024093749999 0.26233399999999996 0.556560240625 0.266986 0.555102409375 0.26466 0.547225903125 0.2602 0.548391565625
2 0.12057599999999999 0.505978915625 0.11542 0.5102590359375 0.114708 0.518021084375 0.1156 0.52608735 0.12377800000000001 0.5276566265625 0.12413400000000001 0.5206987953125 0.124488 0.511331325 0.12057599999999999 0.505978915625
2 0.13924799999999998 0.559774096875 0.131602 0.5605753015625 0.1258 0.5625331328125001 0.12662199999999998 0.5779728921875 0.134092 0.57770481875 0.14156 0.5734216875 0.13924799999999998 0.559774096875
3 0.299366 0.641894578125 0.295276 0.6376144578125 0.286 0.6435572296875 0.29776400000000003 0.654475903125 0.306478 0.6531355421875 0.30718999999999996 0.6464457828125 0.299366 0.641894578125
3 0.266824 0.6448403609375 0.2672 0.64687048125 0.272336 0.6563493968749999 0.28105 0.6534036140625 0.278382 0.6426987953125 0.266824 0.6448403609375
4 0.09 0.6475903609375 0.092 0.650602409375 0.124 0.6475903609375 0.126 0.6415662656250001 0.12 0.63554216875 0.11200000000000002 0.61445783125 0.11200000000000002 0.5933734937499999 0.11599999999999999 0.58433735 0.118 0.5481927703125 0.122 0.5391566265625001 0.122 0.5210843374999999 0.11000000000000001 0.5030120484375 0.11599999999999999 0.47891566250000006 0.11399999999999999 0.4608433734375 0.10600000000000001 0.4548192765625 0.096 0.457831325 0.094 0.47891566250000006 0.08199999999999999 0.515060240625 0.08 0.542168675 0.086 0.6084337343749999 0.09 0.620481928125 0.09 0.6475903609375
4 0.15 0.5903614453125 0.154 0.5933734937499999 0.158 0.5903614453125 0.172 0.6234939765624999 0.172 0.6385542171874999 0.176 0.6445783125 0.186 0.6445783125 0.19 0.620481928125 0.19 0.49397590312500006 0.176 0.46686747031250003 0.178 0.4367469875 0.172 0.42771084375 0.16 0.4307228921875 0.158 0.44879518125000006 0.13799999999999998 0.484939759375 0.144 0.57228915625 0.15 0.5903614453125
4 0.262 0.58433735 0.264 0.6445783125 0.27 0.650602409375 0.294 0.6445783125 0.298 0.6114457828125001 0.296 0.5692771078125001 0.306 0.542168675 0.306 0.5060240968749999 0.302 0.4759036140625 0.288 0.44879518125000006 0.286 0.41867469843749994 0.27599999999999997 0.41566264999999997 0.27 0.4246987953125 0.27 0.45180722968750003 0.258 0.46385542187500006 0.252 0.47891566250000006 0.25 0.5210843374999999 0.254 0.5481927703125 0.258 0.5512048187499999 0.262 0.58433735
4 0.33199999999999996 0.63554216875 0.33799999999999997 0.6234939765624999 0.344 0.620481928125 0.364 0.6234939765624999 0.37 0.5632530124999999 0.368 0.5512048187499999 0.372 0.49698795156250003 0.366 0.4759036140625 0.352 0.46385542187500006 0.352 0.43373493906249994 0.346 0.4246987953125 0.33599999999999997 0.42771084375 0.33399999999999996 0.46385542187500006 0.32 0.48795180781249997 0.318 0.5090361453125001 0.32799999999999996 0.558231928125 0.32999999999999996 0.6325301203125 0.33199999999999996 0.63554216875
4 0.5519999999999999 0.66566265 0.5559999999999999 0.6837349390624999 0.5599999999999999 0.6837349390624999 0.564 0.662650603125 0.564 0.6415662656250001 0.5700000000000001 0.61445783125 0.572 0.53012048125 0.568 0.5060240968749999 0.5700000000000001 0.4909638546875 0.5660000000000001 0.4759036140625 0.5559999999999999 0.457831325 0.55 0.4608433734375 0.534 0.5632530124999999 0.53 0.662650603125 0.536 0.66566265 0.542 0.6596385546875 0.5519999999999999 0.66566265
0 0.348 0.4457831328125 0.352 0.4457831328125 0.352 0.43373493906249994 0.348 0.4246987953125 0.33999999999999997 0.421686746875 0.33599999999999997 0.4246987953125 0.33399999999999996 0.4307228921875 0.33199999999999996 0.4397590359375 0.33399999999999996 0.442771084375 0.346 0.442771084375 0.348 0.4457831328125
0 0.288 0.4397590359375 0.288 0.4246987953125 0.286 0.41867469843749994 0.282 0.41566264999999997 0.274 0.41566264999999997 0.27 0.421686746875 0.27 0.4367469875 0.272 0.4397590359375 0.288 0.4397590359375
0 0.178 0.44879518125000006 0.178 0.4367469875 0.174 0.42771084375 0.162 0.42771084375 0.158 0.4367469875 0.156 0.4457831328125 0.158 0.45180722968750003 0.176 0.45180722968750003 0.178 0.44879518125000006
0 0.11599999999999999 0.46385542187500006 0.10800000000000001 0.4548192765625 0.098 0.4548192765625 0.094 0.4608433734375 0.092 0.47891566250000006 0.11399999999999999 0.47891566250000006 0.11599999999999999 0.4759036140625 0.11599999999999999 0.46385542187500006