0 0.186 0.22754491093749998 0.178 0.1856287421875 0.158 0.1556886234375 0.128 0.1526946109375 0.10800000000000001 0.1856287421875 0.10600000000000001 0.23053892187499997 0.11200000000000002 0.23652694687500003 0.18 0.23652694687500003 0.186 0.22754491093749998
0 0.296 0.128742515625 0.272 0.13173652656249998 0.246 0.164670659375 0.244 0.218562875 0.33399999999999996 0.2065868265625 0.318 0.143712575 0.296 0.128742515625
4 0.068 0.781437125 0.062 0.9071856281249999 0.068 0.9970059875 0.11599999999999999 0.9970059875 0.11599999999999999 0.9630748499999999 0.15 0.96706586875 0.154 0.9970059875 0.172 0.9970059875 0.186 0.871257484375 0.186 0.7275449109375 0.16999999999999998 0.67664670625 0.16599999999999998 0.5958083828125 0.146 0.5419161671875 0.156 0.39221556875 0.194 0.32035928125 0.178 0.30239520937500003 0.172 0.2784431140625 0.184 0.22754491093749998 0.172 0.1736526953125 0.15 0.1526946109375 0.118 0.164670659375 0.10600000000000001 0.2035928140625 0.11399999999999999 0.2544910171875 0.10600000000000001 0.28443113750000004 0.048 0.338323353125 0.044 0.45508982031249995 0.057999999999999996 0.5299401203125 0.052000000000000005 0.5988023953125 0.068 0.781437125
0 0.8699999999999999 0.22155688593749998 0.8539999999999999 0.22155688593749998 0.836 0.24251497031249997 0.834 0.266467065625 0.884 0.26946107812500003 0.882 0.2395209578125 0.8699999999999999 0.22155688593749998
0 0.744 0.164670659375 0.724 0.1407185625 0.6900000000000001 0.143712575 0.67 0.1736526953125 0.6639999999999999 0.22155688593749998 0.674 0.2395209578125 0.756 0.218562875 0.744 0.164670659375
4 0.726 0.9970059875 0.728 0.9880239515625 0.82 0.9970059875 0.818 0.7215568859375 0.834 0.67964071875 0.842 0.5269461078125001 0.8320000000000001 0.4161676640625 0.8119999999999999 0.3473053890625 0.752 0.299401196875 0.754 0.21257484999999998 0.744 0.1676646703125 0.726 0.143712575 0.6980000000000001 0.1407185625 0.6719999999999999 0.1676646703125 0.6639999999999999 0.21556886249999999 0.688 0.32335329375 0.65 0.371257484375 0.64 0.47305389218749994 0.636 0.628742515625 0.666 0.9011976046875001 0.6599999999999999 0.9970059875 0.726 0.9970059875
4 0.43 0.3652694609375 0.394 0.44910179687499996 0.4 0.49700598749999997 0.414 0.49700598749999997 0.43200000000000005 0.5239520953125 0.41 0.643712575 0.40800000000000003 0.7065868265625 0.43200000000000005 0.7485029937500001 0.43600000000000005 0.9491017968750001 0.45 0.9970059875 0.568 0.9970059875 0.5860000000000001 0.7215568859375 0.564 0.5299401203125 0.5700000000000001 0.5089820359375 0.5860000000000001 0.5029940125000001 0.592 0.4880239515625 0.5900000000000001 0.3802395203125 0.58 0.36227544843750004 0.54 0.335329340625 0.528 0.30239520937500003 0.544 0.23652694687500003 0.532 0.17664670625 0.514 0.161676646875 0.49400000000000005 0.161676646875 0.472 0.18263473125000002 0.46399999999999997 0.22455089843749998 0.466 0.31736526875000004 0.45199999999999996 0.3532934125 0.43 0.3652694609375
4 0.572 0.5239520953125 0.5900000000000001 0.697604790625 0.5940000000000001 0.7065868265625 0.606 0.6916167671875 0.63 0.7035928140625 0.638 0.700598803125 0.634 0.53293413125 0.646 0.3682634734375 0.618 0.32035928125 0.626 0.27245508906250004 0.616 0.2544910171875 0.606 0.24850299374999998 0.5900000000000001 0.26347305312499997 0.5900000000000001 0.3263473046875 0.576 0.3443113765625 0.5940000000000001 0.3982035921875 0.596 0.43712574843749996 0.596 0.4880239515625 0.572 0.5239520953125
4 0.19 0.7215568859375 0.192 0.764670659375 0.178 0.9970059875 0.32999999999999996 0.9970059875 0.344 0.943113771875 0.352 0.356287425 0.316 0.3143712578125 0.33199999999999996 0.21257484999999998 0.32999999999999996 0.17664670625 0.316 0.143712575 0.284 0.128742515625 0.248 0.15868263437500002 0.244 0.218562875 0.254 0.25748502968750003 0.23199999999999998 0.305389221875 0.174 0.356287425 0.16399999999999998 0.410179640625 0.162 0.5658682640625 0.176 0.6197604796875 0.174 0.6676646703125 0.19 0.7215568859375
0 0.96 0.26946107812500003 0.95 0.218562875 0.9380000000000001 0.2065868265625 0.9179999999999999 0.2035928140625 0.8960000000000001 0.22754491093749998 0.8880000000000001 0.26347305312499997 0.916 0.24850299374999998 0.954 0.2754491015625 0.96 0.26946107812500003
0 0.43 0.28443113750000004 0.404 0.281437125 0.396 0.29640718593750004 0.4 0.3323353296875 0.42400000000000004 0.338323353125 0.43200000000000005 0.32934131718750004 0.43 0.28443113750000004
0 0.52 0.161676646875 0.492 0.161676646875 0.46799999999999997 0.1916167671875 0.466 0.2395209578125 0.548 0.2395209578125 0.538 0.1856287421875 0.52 0.161676646875
0 0.606 0.24251497031249997 0.588 0.26347305312499997 0.5900000000000001 0.29640718593750004 0.63 0.281437125 0.628 0.266467065625 0.606 0.24251497031249997
4 0.892 0.9760479046875 0.906 0.9520958078125 0.908 0.927598803125 0.9359999999999999 0.943113771875 0.9380000000000001 0.9970059875 0.97 0.9970059875 0.978 0.9700598796875 0.9800000000000001 0.871257484375 0.97 0.700598803125 0.982 0.628742515625 0.998 0.6017964078125 0.998 0.3652694609375 0.9720000000000001 0.3473053890625 0.952 0.299401196875 0.958 0.24550898281250003 0.9400000000000001 0.21257484999999998 0.9179999999999999 0.2065868265625 0.9019999999999999 0.218562875 0.8880000000000001 0.25748502968750003 0.898 0.34131736562500004 0.8640000000000001 0.3832335328125 0.85 0.4940119765625 0.868 0.8832335328124999 0.8480000000000001 0.985029940625 0.8720000000000001 0.9910179640625 0.892 0.9760479046875
0 0.782 0.299401196875 0.78 0.2544910171875 0.762 0.23652694687500003 0.748 0.24251497031249997 0.744 0.2784431140625 0.758 0.28443113750000004 0.76 0.29640718593750004 0.782 0.299401196875
0 0.33199999999999996 0.1886227546875 0.32999999999999996 0.25149700625000004 0.38 0.2395209578125 0.36 0.1886227546875 0.33199999999999996 0.1886227546875
3 0.894992 0.97892515 0.906966 0.9636526953125 0.9051920000000001 0.9443952093749999 0.869716 0.9244760484375 0.854196 0.9570119765625 0.8484299999999999 0.988886228125 0.859516 0.9942005984375 0.894992 0.97892515
3 0.866168 0.8006616765624999 0.8581860000000001 0.7880449109375001 0.84444 0.7827335328125 0.841446 0.778526946875 0.8275880000000001 0.7880449109375001 0.823154 0.7953503000000001 0.8222659999999999 0.8086317359375 0.866168 0.8006616765624999
3 0.648546 0.8989401203125 0.667614 0.892964071875 0.6507620000000001 0.8656556890625 0.637016 0.8743712578125 0.623268 0.8810119765625 0.621494 0.8976137718749999 0.648546 0.8989401203125