0 0.778342 0.1254204203125 0.7636999999999999 0.13713813749999998 0.754428 0.1532522515625 0.748084 0.182546546875 0.805672 0.1788828828125 0.8086019999999999 0.155447446875 0.7959120000000001 0.13421021093750002 0.778342 0.1254204203125
0 0.68903 0.1862072078125 0.683662 0.18986786718749998 0.675364 0.1986576578125 0.680658 0.22880780781249999 0.710992 0.1942612609375 0.70172 0.1847417421875 0.68903 0.1862072078125
0 0.6617 0.21769669687499998 0.649498 0.2198948953125 0.634368 0.2323453453125 0.634368 0.2601741734375 0.649918 0.3013363359375 0.677804 0.233078078125 0.674876 0.2250210203125 0.6617 0.21769669687499998
0 0.478278 0.2823333328125 0.482672 0.270615615625 0.479744 0.25157357343750003 0.47437399999999996 0.2281381375 0.458758 0.1951831828125 0.441188 0.201774775 0.423618 0.22081681718750001 0.42215400000000003 0.25669970000000003 0.449484 0.2940510515625 0.46705399999999997 0.29331831875000003 0.478278 0.2823333328125
0 0.163978 0.11975074999999999 0.144946 0.1358618625 0.13225599999999998 0.152708709375 0.133232 0.1768738734375 0.14104 0.18493093124999999 0.16153800000000001 0.174678678125 0.1713 0.17394594531250002 0.191798 0.18493093124999999 0.20255 0.20572972968749997 0.20302199999999998 0.16149549531250001 0.193262 0.13220120156249998 0.182524 0.12048348281250001 0.163978 0.11975074999999999
0 0.241578 0.1768738734375 0.25768399999999997 0.16662162187500001 0.26646800000000004 0.14977777812499998 0.267932 0.1343994 0.25329199999999996 0.10657057031249999 0.24401799999999998 0.099246246875 0.22205599999999998 0.1014414421875 0.21229599999999998 0.11315915937500001 0.213272 0.1629609609375 0.212784 0.16735435468749998 0.22059199999999998 0.174678678125 0.241578 0.1768738734375
2 0.25798 0.4136396390625 0.23869400000000002 0.40751951875000003 0.23127599999999998 0.42755255312499996 0.252786 0.4303363359375 0.26910599999999996 0.426996996875 0.25798 0.4136396390625
2 0.349292 0.444597596875 0.345214 0.42567567500000003 0.327866 0.414384384375 0.313688 0.43791891875 0.324816 0.44738138125000004 0.34409999999999996 0.4468258265625 0.349292 0.444597596875
2 0.537002 0.4562852859375 0.529584 0.444597596875 0.516974 0.44348648593749995 0.50659 0.454615615625 0.51549 0.4679729734375 0.5355179999999999 0.46964264218749996 0.537002 0.4562852859375
2 0.6895279999999999 0.41836936874999997 0.6657919999999999 0.41169069062499997 0.667646 0.4166997 0.668388 0.41503002968749997 0.671354 0.4411861859375 0.680256 0.43951951874999995 0.6861900000000001 0.433396396875 0.6895279999999999 0.41836936874999997
2 0.763246 0.319864865625 0.74804 0.3204204203125 0.746926 0.347135134375 0.7558279999999999 0.3510300296875 0.766212 0.347135134375 0.763246 0.319864865625
2 0.826928 0.44883483437500005 0.80282 0.44493994062500003 0.8039339999999999 0.482225225 0.81098 0.4972522515625 0.83212 0.4816696703125 0.826928 0.44883483437500005
2 0.328544 0.4110570578125 0.336572 0.3906726734375 0.322368 0.39021021093749997 0.32453 0.3883543546875 0.32175 0.3883543546875 0.321922 0.3898258265625 0.310636 0.40503603593750004 0.312488 0.43190690624999994 0.321134 0.42727327343750005 0.328544 0.4110570578125
3 0.16588799999999998 0.7749549546875001 0.182114 0.751159159375 0.16625600000000001 0.7273633640625 0.145604 0.626084084375 0.109092 0.6388138140625 0.13822600000000002 0.7406426421875001 0.141916 0.7760630625 0.15961799999999998 0.7804894890625 0.16588799999999998 0.7749549546875001
3 0.218444 0.757522521875 0.24182800000000002 0.7538018015625 0.26592 0.7426366359375 0.274778 0.7293453453125001 0.274778 0.7128648656250001 0.24572600000000003 0.696915915625 0.225176 0.6065345343749999 0.18443199999999998 0.6347117109375 0.200022 0.6873453453125 0.21313 0.7245615609375 0.218444 0.757522521875
3 0.26266 0.6846876875000001 0.27328800000000003 0.7022312312500001 0.27718600000000004 0.7001051046875 0.293482 0.6820300296874999 0.297026 0.665015015625 0.28994 0.6012192187500001 0.266982 0.608858859375 0.274706 0.6618258265625 0.27435200000000004 0.6692702703125 0.26266 0.6846876875000001
3 0.365314 0.6916006 0.361062 0.678309309375 0.34972400000000003 0.661297296875 0.345474 0.6049429421875 0.318902 0.6150450453125 0.32456999999999997 0.661828828125 0.349016 0.7001081078125 0.36496 0.6985135140625001 0.365314 0.6916006
3 0.424742 0.7362612609375 0.435372 0.7229699703125 0.44245799999999996 0.7059549546875 0.43856 0.6028168171875 0.40446 0.603474475 0.419428 0.689474475 0.401004 0.7176516515625 0.40560999999999997 0.7288168171875 0.424742 0.7362612609375
3 0.5283680000000001 0.71660660625 0.535454 0.7059729734375 0.529786 0.672477478125 0.5095919999999999 0.571465465625 0.48231 0.58954354375 0.509236 0.6831111109375 0.5078199999999999 0.71075675625 0.514552 0.7171381375 0.5283680000000001 0.71660660625
3 0.852356 0.68470570625 0.8456239999999999 0.6634414421875 0.8165720000000001 0.6634414421875 0.796024 0.6863003 0.8126760000000001 0.6937447453125001 0.843854 0.6958708703125 0.852356 0.68470570625
3 0.784332 0.6634414421875 0.818698 0.6730090093750001 0.82047 0.632075075 0.7933779999999999 0.6292012015624999 0.774766 0.6432372375 0.7627200000000001 0.6474924921875 0.764492 0.654402403125 0.784332 0.6634414421875
3 0.709576 0.6395165171875 0.732252 0.638453453125 0.7343759999999999 0.631540540625 0.725874 0.529465465625 0.700134 0.5406486484374999 0.70568 0.6060240234375 0.684422 0.6251621625 0.69257 0.6395165171875 0.709576 0.6395165171875
3 0.69753 0.6092132125 0.703908 0.6012372375 0.701782 0.5395675671875 0.685788 0.531675675 0.679108 0.58369369375 0.679108 0.6054924921875 0.689736 0.6097447453125 0.69753 0.6092132125