0 0.46458333281249997 0.2339901484375 0.45208333281249996 0.20443349687499998 0.4375 0.19458128125000002 0.4145833328125 0.19458128125000002 0.38333333281250004 0.2192118234375 0.38125 0.24630541875 0.40833333281249995 0.21674876875 0.45416666718750004 0.24384236406249998 0.46458333281249997 0.2339901484375
0 0.5666666671875 0.24384236406249998 0.5333333328125 0.21674876875 0.48125 0.23152709374999997 0.525 0.347290640625 0.5458333328125 0.339901478125 0.5770833328125 0.29064039375 0.5666666671875 0.24384236406249998
0 0.76875 0.26847290625000003 0.775 0.2586206890625 0.75 0.23152709374999997 0.7333333328125 0.2339901484375 0.7208333328125 0.2512315265625 0.71875 0.2709359609375 0.7270833328124999 0.27832512343750004 0.7458333328125 0.2635467984375 0.76875 0.26847290625000003
0 0.7208333328125 0.29064039375 0.7083333328125 0.2807881765625 0.69375 0.2807881765625 0.6770833328125 0.29802955625 0.675 0.32019704375 0.6875 0.339901478125 0.7229166671875 0.30541871875000004 0.7208333328125 0.29064039375
0 0.8708333328125001 0.406403940625 0.875 0.3596059109375 0.85625 0.34482758593749996 0.8333333328125001 0.3571428578125 0.8291666671875 0.3743842359375 0.8395833328125001 0.40394088593750005 0.8541666671874999 0.413793103125 0.8708333328125001 0.406403940625
0 0.9833333328125 0.27832512343750004 0.9604166671875 0.24630541875 0.9458333328125 0.24876847343750003 0.93125 0.2709359609375 0.93125 0.29064039375 0.9666666671874999 0.27832512343750004 0.9791666671874999 0.29064039375 0.9833333328125 0.27832512343750004
0 0.46458333281249997 0.18719211875 0.45416666718750004 0.1995073890625 0.46875 0.23891625625000001 0.5020833328125 0.2192118234375 0.4875 0.189655171875 0.46458333281249997 0.18719211875
3 0.9729166671874999 0.586206896875 0.9729166671874999 0.652709359375 0.99375 0.6625615765624999 0.9979166671874999 0.58866995 0.9729166671874999 0.586206896875
3 0.9520833328125 0.6625615765624999 0.9520833328125 0.5837438421875001 0.925 0.5837438421875001 0.9270833328125001 0.6321847296875001 0.9104166671874999 0.66502463125 0.94375 0.6699507390624999 0.9520833328125 0.6625615765624999
3 0.7083333328125 0.67241379375 0.7333333328125 0.67241379375 0.7375 0.667487684375 0.7354166671875 0.652709359375 0.73125 0.652709359375 0.7291666671875 0.6551724140624999 0.71875 0.6551724140624999 0.7145833328125 0.6502463046875 0.7083333328125 0.6502463046875 0.7 0.65763546875 0.6875 0.65763546875 0.6833333328125 0.660098521875 0.6854166671875 0.66502463125 0.6958333328124999 0.66502463125 0.7083333328125 0.67241379375
3 0.7875 0.6748768468749999 0.79375 0.6748768468749999 0.8 0.6625615765624999 0.8 0.652709359375 0.79375 0.6477832515624999 0.78125 0.6477832515624999 0.7770833328125 0.652709359375 0.7770833328125 0.6625615765624999 0.7791666671875 0.667487684375 0.7875 0.6748768468749999
2 0.6925708328125 0.41242857187500004 0.68958125 0.40536453124999994 0.6682291671875 0.403849753125 0.6685958328125 0.40409359531250005 0.6631041671875 0.4255467984375 0.67378125 0.42352955625 0.6900083328125 0.42605172343750003 0.6925708328125 0.41242857187500004
2 0.8791916671875001 0.489123153125 0.8826083328125 0.4810492609375 0.8847437499999999 0.46944581249999995 0.8723583328125001 0.46591379374999997 0.86424375 0.46994827656249993 0.8544229171875 0.46641625624999994 0.8505791671875 0.489628078125 0.8633895828125 0.4881133 0.8744937500000001 0.495177340625 0.8791916671875001 0.489123153125
3 0.8639229171875 0.49191379375000005 0.8541020828124999 0.49494088593749996 0.8519666671874999 0.493428571875 0.8519666671874999 0.5171428578125 0.8694750000000001 0.51663793125 0.8664854171874999 0.50402463125 0.8639229171875 0.49191379375000005
3 0.8869833328125001 0.50402463125 0.88143125 0.493933496875 0.86819375 0.4914088671875 0.8669125 0.5115935953124999 0.87588125 0.5146206890625 0.8869833328125001 0.50402463125