0 0.89 0.1861861859375 0.8640000000000001 0.2102102109375 0.866 0.2522522515625 0.914 0.22522522500000003 0.914 0.2132132125 0.89 0.1861861859375
0 0.352 0.2702702703125 0.35 0.3003003 0.38 0.3003003 0.37 0.26426426406250003 0.352 0.2702702703125
0 0.27799999999999997 0.2132132125 0.262 0.20720720781250002 0.244 0.22822822812500002 0.244 0.2552552546875 0.29 0.2702702703125 0.286 0.22522522500000003 0.27799999999999997 0.2132132125
0 0.476 0.2582582578125 0.47400000000000003 0.2852852859375 0.508 0.2822822828125 0.496 0.24924925 0.476 0.2582582578125
0 0.586222 0.2964084078125 0.572 0.2702702703125 0.554 0.27327327343749996 0.5435559999999999 0.28839639687499996 0.5519999999999999 0.309309309375 0.58 0.309309309375 0.586222 0.2964084078125
0 0.21000000000000002 0.30630630625 0.21200000000000002 0.303303303125 0.20400000000000001 0.2762762765625 0.196 0.27327327343749996 0.194 0.2762762765625 0.188 0.2762762765625 0.186 0.2792792796875 0.182 0.291291290625 0.184 0.303303303125 0.186 0.30630630625 0.21000000000000002 0.30630630625
0 0 0.3393393390625 0.002 0.3423423421875 0.01 0.3423423421875 0.012 0.3393393390625 0.028000000000000004 0.3393393390625 0.028000000000000004 0.3303303296875 0.02 0.31531531562500004 0.016 0.3123123125 0.004 0.31531531562500004 0 0.31831831875 0 0.3393393390625
3 0.27999999999999997 0.7867867875 0.286 0.78078078125 0.286 0.76876876875 0.27999999999999997 0.753753753125 0.266 0.753753753125 0.26 0.7627627625 0.258 0.771771771875 0.262 0.783783784375 0.268 0.7897897890625 0.27999999999999997 0.7867867875
3 0.296 0.765765765625 0.298 0.7627627625 0.304 0.7627627625 0.306 0.759759759375 0.306 0.75075075 0.302 0.7447447453125 0.302 0.7417417421875 0.296 0.7387387390625 0.284 0.7387387390625 0.282 0.7417417421875 0.282 0.753753753125 0.288 0.765765765625 0.296 0.765765765625
3 0.6 0.5885885890625 0.6 0.6006006 0.604 0.6126126125 0.604 0.624624625 0.606 0.633633634375 0.616 0.6396396390625 0.626 0.6396396390625 0.618 0.615615615625 0.618 0.5885885890625 0.616 0.5855855859375 0.616 0.5705705703125 0.614 0.5705705703125 0.612 0.5645645640625 0.608 0.5615615609375 0.5980000000000001 0.5585585578125001 0.596 0.5645645640625 0.5980000000000001 0.5675675671875 0.5980000000000001 0.5855855859375 0.6 0.5885885890625
3 0.562 0.624624625 0.5660000000000001 0.6306306312500001 0.5660000000000001 0.633633634375 0.572 0.6366366359375 0.576 0.6306306312500001 0.5740000000000001 0.5885885890625 0.572 0.5855855859375 0.572 0.5675675671875 0.5700000000000001 0.5645645640625 0.562 0.5645645640625 0.5599999999999999 0.5675675671875 0.5599999999999999 0.60660660625 0.562 0.609609609375 0.562 0.624624625
3 0.5 0.6696696703125 0.502 0.6726726734375 0.512 0.6726726734375 0.516 0.6696696703125 0.516 0.6636636640625 0.514 0.6576576578125 0.512 0.6576576578125 0.508 0.6516516515624999 0.504 0.6396396390625 0.504 0.6306306312500001 0.508 0.6216216218749999 0.508 0.609609609375 0.51 0.60660660625 0.51 0.5855855859375 0.504 0.5825825828125 0.504 0.5795795796875 0.49000000000000005 0.5795795796875 0.49064800000000003 0.66491891875 0.49400000000000005 0.6696696703125 0.5 0.6696696703125
3 0.49169 0.655528528125 0.47988 0.5960540546875001 0.464944 0.6043993999999999 0.47400000000000003 0.6576576578125 0.45834400000000003 0.6638738734375 0.457648 0.6753513515625 0.46751013124999996 0.6735106703125 0.47800000000000004 0.6696696703125 0.48647999999999997 0.672222221875 0.49169 0.655528528125
3 0.8640000000000001 0.7177177171875 0.852 0.696696696875 0.8320000000000001 0.7057057062500001 0.836 0.7267267265624999 0.8800000000000001 0.7207207203125 0.876 0.708708709375 0.8640000000000001 0.7177177171875
3 0.994 0.7147147140625 0.9720000000000001 0.7117117109375 0.952 0.7237237234375 0.95 0.7387387390625 0.96 0.7447447453125 0.998 0.7387387390625 0.994 0.7147147140625
3 0.02 0.5945945953125 0.022 0.5915915921875 0.022 0.5825825828125 0.02 0.5795795796875 0.01 0.5795795796875 0.008 0.5825825828125 0.008 0.5915915921875 0.012 0.5945945953125 0.02 0.5945945953125
3 0.074 0.5795795796875 0.06999999999999999 0.5735735734375 0.064 0.5735735734375 0.06 0.5765765765624999 0.057999999999999996 0.5825825828125 0.062 0.5885885890625 0.074 0.5885885890625 0.074 0.5795795796875
3 0.11200000000000002 0.48048048125 0.10800000000000001 0.47747747812499997 0.1 0.47747747812499997 0.10200000000000001 0.48648648593750005 0.11000000000000001 0.48648648593750005 0.11200000000000002 0.48048048125
3 0.387174 0.606609609375 0.375702 0.60675675625 0.373294 0.6278828828125 0.380092 0.6321381374999999 0.39878800000000003 0.622777778125 0.387174 0.606609609375
3 0.349782 0.6146936937499999 0.340292 0.6078198203125 0.337316 0.6295855859375 0.335618 0.6432012015625 0.349214 0.634690690625 0.349782 0.6146936937499999
2 0.998 0.29610810781249997 0.998 0.2846576578125 0.9951040000000001 0.2783603609375 0.9825240000000001 0.28523123125 0.9886240000000001 0.2989729734375 0.998 0.29610810781249997
2 0.84256 0.27984985 0.837982 0.2932612609375 0.854008 0.2984174171875 0.85355 0.2853513515625 0.84256 0.27984985