0 0.16999999999999998 0.4294294296875 0.174 0.4294294296875 0.176 0.41741741718750003 0.18 0.4144144140625 0.21000000000000002 0.40540540468749997 0.21200000000000002 0.4084084078125 0.21600000000000003 0.4084084078125 0.21000000000000002 0.390390390625 0.202 0.384384384375 0.188 0.384384384375 0.178 0.390390390625 0.16999999999999998 0.402402403125 0.172 0.4084084078125 0.172 0.4234234234375 0.16999999999999998 0.4294294296875
0 0.396 0.1801801796875 0.4 0.18318318281249998 0.404 0.1801801796875 0.40599999999999997 0.171171171875 0.40599999999999997 0.153153153125 0.396 0.135135134375 0.39 0.135135134375 0.388 0.1321321328125 0.378 0.1321321328125 0.376 0.135135134375 0.37 0.135135134375 0.368 0.13813813749999998 0.368 0.153153153125 0.394 0.171171171875 0.396 0.1801801796875
0 0.562 0.2582582578125 0.5740000000000001 0.2582582578125 0.5740000000000001 0.24924925 0.5700000000000001 0.23123123125 0.562 0.2132132125 0.5559999999999999 0.2102102109375 0.544 0.2102102109375 0.532 0.21921921875 0.528 0.22522522500000003 0.524 0.23723723749999998 0.524 0.24924925 0.554 0.2522522515625 0.562 0.2582582578125
0 0.72 0.22822822812500002 0.73 0.234234234375 0.742 0.234234234375 0.754 0.22522522500000003 0.754 0.2102102109375 0.752 0.2012012015625 0.744 0.18318318281249998 0.738 0.1801801796875 0.728 0.1801801796875 0.724 0.18318318281249998 0.716 0.1981981984375 0.714 0.20720720781250002 0.714 0.21921921875 0.716 0.22522522500000003 0.72 0.22822822812500002
0 0.8 0.2762762765625 0.8019999999999999 0.2792792796875 0.8140000000000001 0.2792792796875 0.8140000000000001 0.2522522515625 0.806 0.23723723749999998 0.8019999999999999 0.234234234375 0.784 0.234234234375 0.774 0.24624624687500002 0.77 0.2582582578125 0.77 0.2702702703125 0.772 0.27327327343749996 0.8 0.2762762765625
0 0.8140000000000001 0.4084084078125 0.82 0.39939939999999996 0.82 0.37837837812499997 0.818 0.372372371875 0.8140000000000001 0.36636636562499997 0.8140000000000001 0.36336336406249997 0.8119999999999999 0.36336336406249997 0.8039999999999999 0.3513513515625 0.8 0.3483483484375 0.788 0.3483483484375 0.784 0.3513513515625 0.774 0.36636636562499997 0.77 0.37837837812499997 0.77 0.39939939999999996 0.79 0.4084084078125 0.8140000000000001 0.4084084078125
2 0.9360860000000001 0.4887267265625 0.916226 0.48284684687499996 0.909734 0.5024894890625 0.9253920000000001 0.5139579578125 0.93876 0.5099429421874999 0.9360860000000001 0.4887267265625
2 0.6695059999999999 0.536321321875 0.679818 0.530015015625 0.683254 0.5053573578125 0.669888 0.4885825828125 0.6683600000000001 0.49102102031249995 0.65461 0.515678678125 0.6695059999999999 0.536321321875
2 0.74997 0.39382882812500003 0.742776 0.390477478125 0.734588 0.4068678671875 0.7464959999999999 0.412084084375 0.753692 0.41469069062499997 0.74997 0.39382882812500003
2 0.643292 0.38563663593749997 0.632872 0.3706426421875 0.620716 0.383771771875 0.6219560000000001 0.40575075 0.635354 0.41580780781250004 0.643292 0.38563663593749997
2 0.554972 0.5420870875 0.55522 0.530540540625 0.5512520000000001 0.511540540625 0.55274 0.502135134375 0.539096 0.5104234234375 0.540336 0.5391081078125 0.550756 0.5391081078125 0.554972 0.5420870875
2 0.268816 0.6472642640624999 0.272018 0.6331801796875001 0.272018 0.612225225 0.255776 0.6156606609375 0.252116 0.6314624625 0.250284 0.6452042046875001 0.268816 0.6472642640624999
2 0.442002 0.363522521875 0.444748 0.3405075078125 0.439944 0.329171171875 0.43033400000000005 0.3374144140625 0.42759 0.34428528593749996 0.43125 0.3514984984375 0.442002 0.363522521875
3 0.644 0.828828828125 0.65 0.828828828125 0.6519999999999999 0.83183183125 0.6599999999999999 0.828828828125 0.666 0.8168168171874999 0.666 0.7987987984375 0.6639999999999999 0.7927927921875 0.658 0.783783784375 0.646 0.7927927921875 0.644 0.7987987984375 0.64 0.8018018015624999 0.64 0.8168168171874999 0.644 0.828828828125
3 0.572 0.7207207203125 0.584 0.7207207203125 0.5860000000000001 0.7177177171875 0.584 0.7117117109375 0.5780000000000001 0.702702703125 0.572 0.6996997 0.5519999999999999 0.6996997 0.5519999999999999 0.7117117109375 0.554 0.7147147140625 0.572 0.7207207203125
3 0.21600000000000003 0.846846846875 0.23399999999999999 0.8408408406250001 0.238 0.8348348343750001 0.238 0.828828828125 0.22999999999999998 0.8198198203124999 0.22400000000000003 0.8198198203124999 0.2 0.828828828125 0.202 0.8408408406250001 0.20600000000000002 0.846846846875 0.21600000000000003 0.846846846875
3 0.10400000000000001 0.84384384375 0.10800000000000001 0.8378378375000001 0.11000000000000001 0.8378378375000001 0.11200000000000002 0.83183183125 0.11200000000000002 0.8258258265625 0.11000000000000001 0.8228228234375001 0.092 0.8138138140625 0.08399999999999999 0.8168168171874999 0.08199999999999999 0.8198198203124999 0.08199999999999999 0.8348348343750001 0.086 0.8408408406250001 0.10400000000000001 0.84384384375
3 0.39 0.5135135140625 0.40199999999999997 0.5135135140625 0.404 0.5105105109375 0.434 0.5045045046875 0.434 0.4984984984375 0.418 0.4894894890625 0.41 0.4894894890625 0.396 0.5015015015625 0.384 0.5045045046875 0.384 0.5105105109375 0.39 0.5135135140625