0 0.198 0.51951951875 0.198 0.453453453125 0.176 0.4084084078125 0.13999999999999999 0.4084084078125 0.11399999999999999 0.44744744687500004 0.10800000000000001 0.48648648593750005 0.13 0.5135135140625 0.172 0.534534534375 0.198 0.51951951875
0 0.40599999999999997 0.3123123125 0.392 0.2882882890625 0.366 0.2852852859375 0.352 0.30630630625 0.35 0.3423423421875 0.398 0.36336336406249997 0.41200000000000003 0.3543543546875 0.40599999999999997 0.3123123125
0 0.43200000000000005 0.24624624687500002 0.44000000000000006 0.24624624687500002 0.442 0.24924925 0.44400000000000006 0.24624624687500002 0.45599999999999996 0.24624624687500002 0.458 0.24924925 0.462 0.24624624687500002 0.46399999999999997 0.240240240625 0.46399999999999997 0.22822822812500002 0.462 0.22522522500000003 0.462 0.21621621562499999 0.458 0.20720720781250002 0.45 0.2012012015625 0.442 0.2012012015625 0.434 0.20720720781250002 0.434 0.2102102109375 0.43 0.21621621562499999 0.43 0.24324324375 0.43200000000000005 0.24624624687500002
0 0.568 0.32432432499999997 0.572 0.3303303296875 0.5780000000000001 0.3333333328125 0.5900000000000001 0.3333333328125 0.602 0.32432432499999997 0.612 0.309309309375 0.614 0.309309309375 0.616 0.3003003 0.616 0.29429429375 0.614 0.291291290625 0.614 0.2792792796875 0.608 0.2612612609375 0.5980000000000001 0.24624624687500002 0.58 0.24624624687500002 0.5740000000000001 0.24924925 0.5660000000000001 0.26426426406250003 0.564 0.2702702703125 0.564 0.303303303125 0.5660000000000001 0.30630630625 0.568 0.32432432499999997
0 0.548 0.6126126125 0.55 0.609609609375 0.5599999999999999 0.609609609375 0.562 0.60660660625 0.5740000000000001 0.60660660625 0.5780000000000001 0.6126126125 0.58 0.6126126125 0.5860000000000001 0.603603603125 0.584 0.597597596875 0.584 0.5795795796875 0.5820000000000001 0.5705705703125 0.5780000000000001 0.5585585578125001 0.568 0.5465465468749999 0.562 0.5465465468749999 0.5599999999999999 0.54354354375 0.546 0.54354354375 0.536 0.5495495499999999 0.528 0.5615615609375 0.526 0.5675675671875 0.524 0.5765765765624999 0.524 0.609609609375 0.528 0.6126126125 0.548 0.6126126125
3 0.156 0.84384384375 0.156 0.996996996875 0.19 0.996996996875 0.188 0.83183183125 0.156 0.84384384375
3 0.06999999999999999 0.9579579578124999 0.06999999999999999 0.9789789796875 0.08 0.9879879875 0.08199999999999999 0.984984984375 0.092 0.984984984375 0.10200000000000001 0.9669669671875001 0.10800000000000001 0.9429429421875 0.10800000000000001 0.9159159156250001 0.10400000000000001 0.9129129125000001 0.098 0.8828828828124999 0.098 0.8678678671875 0.092 0.858858859375 0.076 0.858858859375 0.074 0.8618618625 0.078 0.8948948953125001 0.08199999999999999 0.90690690625 0.08199999999999999 0.91891891875 0.06999999999999999 0.9579579578124999
3 0.260688 0.76746846875 0.29220799999999997 0.76468168125 0.310008 0.7518738734375 0.304074 0.7268108109375 0.287758 0.735165165625 0.307412 0.672228228125 0.281362 0.6648078078124999 0.264026 0.7084294296875 0.260688 0.741846846875 0.260688 0.76746846875
3 0.33374000000000004 0.8448858859374999 0.36637200000000003 0.8443273265625001 0.388994 0.8220480484375001 0.390848 0.7980990984375 0.376384 0.7925315312500001 0.359328 0.7891891890625 0.355618 0.7630120125000001 0.356732 0.7089879875 0.330774 0.7123273265625001 0.325212 0.769696696875 0.32484 0.815366365625 0.33374000000000004 0.8448858859374999
3 0.522 0.9579579578124999 0.524 0.9609609609374999 0.564 0.9609609609374999 0.568 0.9579579578124999 0.568 0.9549549546874999 0.536 0.93093093125 0.536 0.927927928125 0.528 0.91891891875 0.522 0.9159159156250001 0.506 0.9159159156250001 0.502 0.91891891875 0.5 0.921921921875 0.5 0.9429429421875 0.514 0.9579579578124999 0.522 0.9579579578124999
3 0.42800000000000005 0.6396396390625 0.442136 0.6441771765625 0.4408 0.626525525 0.431452 0.617297296875 0.43200000000000005 0.597597596875 0.43 0.5795795796875 0.42000000000000004 0.5735735734375 0.414 0.5735735734375 0.41600000000000004 0.6276276281250001 0.422 0.6366366359375 0.42800000000000005 0.6396396390625
2 0.44400000000000006 0.534534534375 0.44000000000000006 0.51951951875 0.43600000000000005 0.5165165171874999 0.426 0.5165165171874999 0.42000000000000004 0.540540540625 0.438 0.5555555562500001 0.44400000000000006 0.5555555562500001 0.44400000000000006 0.534534534375
3 0.44400000000000006 0.5855855859375 0.44800000000000006 0.6006006 0.45 0.603603603125 0.466 0.603603603125 0.47000000000000003 0.6006006 0.47400000000000003 0.5945945953125 0.47400000000000003 0.5915915921875 0.472 0.5885885890625 0.466 0.5885885890625 0.454 0.5795795796875 0.454 0.5555555562500001 0.44800000000000006 0.5555555562500001 0.442 0.5585585578125001 0.442 0.5735735734375 0.44400000000000006 0.5765765765624999 0.44400000000000006 0.5855855859375