0 0.818 0.33422459843749996 0.798 0.3235294125 0.778 0.3288770046875 0.762 0.34759358281249997 0.764 0.387700534375 0.782 0.40641711249999996 0.828 0.3556149734375 0.818 0.33422459843749996
0 0.724 0.3743315515625 0.704 0.382352940625 0.704 0.409090909375 0.714 0.41978609687499996 0.732 0.387700534375 0.724 0.3743315515625
0 0.614 0.3395721921875 0.602 0.3529411765625 0.606 0.3850267375 0.64 0.3716577546875 0.63 0.3422459890625 0.614 0.3395721921875
0 0.562 0.3288770046875 0.548 0.31550802187500004 0.532 0.31550802187500004 0.518 0.3315508015625 0.516 0.3663101609375 0.522 0.3689839578125 0.568 0.3529411765625 0.562 0.3288770046875
0 0.40800000000000003 0.312834225 0.386 0.31550802187500004 0.368 0.3422459890625 0.37 0.3689839578125 0.434 0.37967914375 0.42800000000000005 0.33422459843749996 0.40800000000000003 0.312834225
0 0.27599999999999997 0.31818181874999996 0.256 0.312834225 0.236 0.33422459843749996 0.238 0.3743315515625 0.298 0.3743315515625 0.286 0.3262032078125 0.27599999999999997 0.31818181874999996
0 0.13 0.2379679140625 0.10600000000000001 0.21390374374999999 0.068 0.21657754062499998 0.05 0.2459893046875 0.044 0.283422459375 0.052000000000000005 0.294117646875 0.146 0.294117646875 0.13 0.2379679140625
3 0.18 0.9545454546875 0.16 0.9491978609375 0.144 0.9304812828125 0.134 0.9358288765625 0.10800000000000001 0.981283421875 0.16799999999999998 0.981283421875 0.184 0.9679144390625 0.18 0.9545454546875
3 0.13799999999999998 0.7807486625 0.13799999999999998 0.799465240625 0.18 0.794117646875 0.16799999999999998 0.7807486625 0.13799999999999998 0.7807486625
3 0.188 0.70320855625 0.16999999999999998 0.71390374375 0.16799999999999998 0.7299465234375 0.176 0.7406417109375 0.196 0.7433155078125 0.188 0.70320855625
3 0.27999999999999997 0.8663101609374999 0.258 0.8395721921874999 0.23199999999999998 0.8449197859375 0.23199999999999998 0.8716577546875 0.26 0.887700534375 0.27799999999999997 0.8823529406249999 0.27999999999999997 0.8663101609374999
3 0.318 0.8315508015624999 0.316 0.820855615625 0.284 0.8128342249999999 0.266 0.8288770046874999 0.266 0.8395721921874999 0.312 0.8395721921874999 0.318 0.8315508015624999
3 0.352 0.9331550796875 0.356 0.9625668453125 0.382 0.9598930484375 0.38 0.9304812828125 0.352 0.9331550796875
3 0.45 0.9304812828125 0.44800000000000006 0.9090909093749999 0.422 0.8983957218749999 0.39 0.9064171125 0.39 0.914438503125 0.42800000000000005 0.9331550796875 0.45 0.9304812828125
3 0.536 0.79679144375 0.54 0.7540106953125 0.508 0.7459893046875 0.508 0.8235294124999999 0.534 0.8395721921874999 0.554 0.8368983953125 0.536 0.79679144375
3 0.54 0.77540106875 0.536 0.7914438500000001 0.5559999999999999 0.799465240625 0.5599999999999999 0.78609625625 0.54 0.77540106875
3 0.442 0.6818181812499999 0.44400000000000006 0.684491978125 0.46399999999999997 0.684491978125 0.46799999999999997 0.6818181812499999 0.46799999999999997 0.6737967921875 0.466 0.6711229953125 0.45999999999999996 0.6711229953125 0.454 0.6657754015624999 0.44800000000000006 0.6657754015624999 0.446 0.6684491984375 0.43600000000000005 0.6684491984375 0.43200000000000005 0.6711229953125 0.43200000000000005 0.6764705875 0.43600000000000005 0.6818181812499999 0.442 0.6818181812499999
3 0.618 0.7593582890625 0.636 0.7647058828125 0.646 0.7647058828125 0.648 0.7566844921875 0.644 0.7513368984375 0.622 0.7352941171875 0.618 0.7352941171875 0.6 0.7406417109375 0.6 0.7486631015625 0.606 0.7540106953125 0.618 0.7593582890625
3 0.64 0.7406417109375 0.642 0.7379679140625 0.642 0.7272727265625 0.64 0.7272727265625 0.636 0.7219251343749999 0.636 0.7192513375 0.628 0.7085561499999999 0.628 0.705882353125 0.622 0.705882353125 0.622 0.7326203203125 0.63 0.7406417109375 0.64 0.7406417109375
3 0.72 0.684491978125 0.726 0.69251336875 0.734 0.6978609625 0.742 0.6978609625 0.744 0.700534759375 0.75 0.6978609625 0.75 0.69251336875 0.744 0.6711229953125 0.738 0.6711229953125 0.736 0.6684491984375 0.716 0.6737967921875 0.712 0.6764705875 0.714 0.6818181812499999 0.716 0.684491978125 0.72 0.684491978125
3 0.8400000000000001 0.981283421875 0.85 0.981283421875 0.8560000000000001 0.9732620328125 0.8560000000000001 0.9652406421874999 0.836 0.9358288765625 0.8300000000000001 0.9358288765625 0.828 0.9385026734374999 0.8099999999999999 0.9385026734374999 0.8019999999999999 0.9331550796875 0.8019999999999999 0.9304812828125 0.794 0.9278074859375 0.792 0.9411764703125 0.8039999999999999 0.9572192515625 0.8240000000000001 0.9732620328125 0.8400000000000001 0.981283421875
2 0.124 0.679144384375 0.08199999999999999 0.684491978125 0.078 0.700534759375 0.11000000000000001 0.7540106953125 0.132 0.7219251343749999 0.124 0.679144384375
2 0.378 0.6951871656249999 0.366 0.6604278078125 0.33399999999999996 0.6684491984375 0.33999999999999997 0.71390374375 0.358 0.72459893125 0.376 0.716577540625 0.378 0.6951871656249999
2 0.632 0.585561496875 0.638 0.585561496875 0.638 0.5668449203125 0.626 0.5668449203125 0.62 0.5695187171875 0.618 0.5748663109375001 0.624 0.585561496875 0.63 0.58823529375 0.632 0.585561496875
1 0.7 0.5 0.702 0.508021390625 0.706 0.513368984375 0.712 0.51604278125 0.718 0.513368984375 0.722 0.5106951875 0.726 0.50534759375 0.726 0.502673796875 0.748 0.491978609375 0.75 0.4893048125 0.75 0.478609625 0.748 0.4705882359375 0.746 0.475935828125 0.742 0.478609625 0.736 0.478609625 0.734 0.481283421875 0.718 0.4705882359375 0.72 0.4652406421875 0.718 0.4625668453125 0.718 0.4251336890625 0.72 0.42245989375 0.712 0.42245989375 0.708 0.42780748593749995 0.708 0.4465240640625 0.704 0.4572192515625 0.704 0.481283421875 0.702 0.48395721875 0.702 0.497326203125 0.7 0.5