2 0.78 0.5585585578125001 0.78 0.5675675671875 0.8039999999999999 0.5735735734375 0.8019999999999999 0.5555555562500001 0.78 0.5585585578125001
2 0.808 0.5855855859375 0.778 0.5885885890625 0.778 0.624624625 0.794 0.6276276281250001 0.808 0.615615615625 0.808 0.5855855859375
0 0.31120000000000003 0.3385855859375 0.30033 0.33341141093750004 0.29 0.3393393390625 0.291582 0.3481381375 0.308548 0.351321321875 0.312 0.3573573578125 0.31120000000000003 0.3385855859375
2 0.642 0.54354354375 0.624 0.5375375375 0.616 0.5645645640625 0.612 0.5885885890625 0.626 0.5945945953125 0.646 0.5555555562500001 0.642 0.54354354375
0 0.9 0.5855855859375 0.876 0.5615615609375 0.836 0.5705705703125 0.8460000000000001 0.5945945953125 0.874 0.609609609375 0.8939999999999999 0.6006006 0.9 0.5855855859375
0 0.508922 0.355447446875 0.50118 0.369009009375 0.5234340000000001 0.3743363359375 0.522 0.3573573578125 0.508922 0.355447446875
0 0.21400000000000002 0.615615615625 0.19 0.615615615625 0.16999999999999998 0.633633634375 0.16799999999999998 0.678678678125 0.174 0.6876876875 0.236 0.6546546546875 0.21400000000000002 0.615615615625
0 0.562 0.6516516515624999 0.568 0.6426426421875 0.5599999999999999 0.6126126125 0.544 0.5945945953125 0.532 0.5915915921875 0.516 0.609609609375 0.512 0.633633634375 0.53 0.6456456453125 0.54 0.6366366359375 0.562 0.6516516515624999
2 0.944 0.633633634375 0.914 0.5795795796875 0.8699999999999999 0.624624625 0.866 0.6396396390625 0.8880000000000001 0.6576576578125 0.93 0.6486486484375 0.944 0.633633634375
0 0.43200000000000005 0.2702702703125 0.426032 0.2644054046875 0.41200000000000003 0.2612612609375 0.41281 0.274090090625 0.42800000000000005 0.297297296875 0.43119199999999996 0.2857147140625 0.43200000000000005 0.2702702703125
3 0.376448 0.46036336406249995 0.368386 0.44099399375 0.366774 0.43663363437499997 0.35677400000000004 0.44099399375 0.355484 0.45358258281249997 0.37290199999999996 0.47973573593749996 0.376448 0.46036336406249995
0 0.248638 0.302759759375 0.238564 0.3043543546875 0.23193800000000003 0.3158978984375 0.24651800000000001 0.3182852859375 0.258182 0.3222642640625 0.258712 0.31112012031249997 0.248638 0.302759759375
2 0.423918 0.34975975937500003 0.421696 0.33975675625 0.41554599999999997 0.34180780781250003 0.41469199999999995 0.34796396406249996 0.41947599999999996 0.356684684375 0.423918 0.34975975937500003
2 0.546 0.5495495499999999 0.546 0.534534534375 0.544 0.5285285281250001 0.542 0.525525525 0.536 0.525525525 0.534 0.5285285281250001 0.532 0.54354354375 0.536 0.5495495499999999 0.536 0.5555555562500001 0.546 0.5495495499999999