0 0.534 0.7451274359375 0.54 0.7451274359375 0.546 0.7481259375 0.55 0.7466266859374999 0.55 0.7331334328125 0.548 0.7301349328125 0.54 0.72713643125 0.536 0.72713643125 0.534 0.7286356828125 0.528 0.7286356828125 0.522 0.7331334328125 0.52 0.736131934375 0.52 0.7436281859375 0.532 0.7436281859375 0.534 0.7451274359375
0 0.5 0.739130434375 0.512 0.739130434375 0.516 0.7406296859375 0.52 0.7316341828125 0.516 0.72413793125 0.508 0.7211394296875 0.5 0.7211394296875 0.492 0.72413793125 0.48600000000000004 0.7286356828125 0.484 0.736131934375 0.488 0.7406296859375 0.49800000000000005 0.7406296859375 0.5 0.739130434375
0 0.41600000000000004 0.734632684375 0.418 0.736131934375 0.42000000000000004 0.734632684375 0.43600000000000005 0.7331334328125 0.44000000000000006 0.7301349328125 0.438 0.7211394296875 0.43 0.7166416796874999 0.422 0.7166416796874999 0.41600000000000004 0.7211394296875 0.414 0.72413793125 0.414 0.7286356828125 0.41600000000000004 0.7301349328125 0.41600000000000004 0.734632684375
0 0.344 0.739130434375 0.352 0.739130434375 0.36 0.734632684375 0.36 0.72413793125 0.358 0.7226386812500001 0.358 0.7181409296875 0.354 0.713643178125 0.35 0.7121439281249999 0.33999999999999997 0.7121439281249999 0.33199999999999996 0.715142428125 0.33199999999999996 0.7166416796874999 0.32599999999999996 0.7196401796874999 0.324 0.72413793125 0.324 0.7316341828125 0.32599999999999996 0.7331334328125 0.344 0.739130434375
0 0.252 0.737631184375 0.27 0.737631184375 0.272 0.736131934375 0.274 0.7316341828125 0.272 0.7301349328125 0.272 0.7226386812500001 0.266 0.7166416796874999 0.252 0.7166416796874999 0.244 0.72413793125 0.242 0.7286356828125 0.242 0.736131934375 0.246 0.7406296859375 0.252 0.737631184375
3 0.242 0.9220389812500001 0.252 0.9220389812500001 0.254 0.92353823125 0.264 0.92353823125 0.27 0.9205397296875001 0.268 0.9160419796875001 0.264 0.9160419796875001 0.254 0.910044978125 0.252 0.9115442281249999 0.236 0.9115442281249999 0.23399999999999999 0.914542728125 0.23399999999999999 0.9205397296875001 0.24 0.9205397296875001 0.242 0.9220389812500001
3 0.282 0.8935532234375 0.29 0.8935532234375 0.296 0.890554721875 0.296 0.8830584703125 0.294 0.8830584703125 0.286 0.8785607203125 0.282 0.8800599703125 0.274 0.8875562218749999 0.27 0.8875562218749999 0.268 0.889055471875 0.266 0.8920539734374999 0.268 0.8950524734374999 0.27999999999999997 0.8950524734374999 0.282 0.8935532234375
3 0.548 0.9310344828125 0.5559999999999999 0.9310344828125 0.562 0.9295352328125001 0.5660000000000001 0.92653673125 0.5660000000000001 0.9220389812500001 0.564 0.9190404796875 0.54 0.9190404796875 0.532 0.92653673125 0.53 0.9310344828125 0.536 0.9325337328125001 0.546 0.9325337328125001 0.548 0.9310344828125
3 0.544 0.9190404796875 0.54 0.9130434781250001 0.53 0.9130434781250001 0.52 0.9160419796875001 0.516 0.9190404796875 0.52 0.92353823125 0.532 0.92353823125 0.544 0.9190404796875
3 0.49000000000000005 0.9055472265625 0.502 0.9040479765624999 0.506 0.901049475 0.506 0.8995502249999999 0.502 0.8965517234375 0.49400000000000005 0.898050975 0.488 0.8950524734374999 0.48200000000000004 0.8950524734374999 0.47000000000000003 0.9040479765624999 0.47000000000000003 0.9070464765624999 0.488 0.9070464765624999 0.49000000000000005 0.9055472265625
3 0.43 0.898050975 0.43600000000000005 0.8965517234375 0.43600000000000005 0.8920539734374999 0.43 0.8875562218749999 0.42400000000000004 0.886056971875 0.418 0.889055471875 0.41600000000000004 0.8935532234375 0.41200000000000003 0.8950524734374999 0.41600000000000004 0.898050975 0.43 0.898050975
3 0.45999999999999996 0.9025487249999999 0.466 0.8950524734374999 0.466 0.889055471875 0.462 0.886056971875 0.45599999999999996 0.884557721875 0.44000000000000006 0.8950524734374999 0.442 0.901049475 0.446 0.9040479765624999 0.45999999999999996 0.9025487249999999