0 0.615864515625 0.2252688671875 0.6161290328125 0.1933962265625 0.6064516125 0.150943396875 0.5912838703125 0.13140094375 0.5612903218749999 0.132075471875 0.551612903125 0.150943396875 0.5791999999999999 0.1957877359375 0.5810322578125 0.238674528125 0.615864515625 0.2252688671875
2 0.607 0.588957546875 0.5870967734375 0.5424528296875 0.554838709375 0.5471698109375 0.5322580640625 0.5754716984375 0.5290322578125 0.608490565625 0.551612903125 0.650943396875 0.5627838703125 0.6573773578125001 0.607 0.588957546875
0 0.80967741875 0.132075471875 0.7935483875 0.10377358437499999 0.7645161296875 0.094339621875 0.7354838703125 0.122641509375 0.7354838703125 0.17924528281250002 0.79032258125 0.1933962265625 0.80967741875 0.17924528281250002 0.80967741875 0.132075471875
0 0.5141677421875 0.239641509375 0.5819096781249999 0.2773773578125 0.5851354843750001 0.1971886796875 0.5625548390625 0.1688867921875 0.5262193546875 0.1471037734375 0.48513548437500004 0.15945282968750002 0.44642580625 0.220773584375 0.4173935484375 0.220773584375 0.44320000000000004 0.239641509375 0.5141677421875 0.239641509375
0 0.7290322578125 0.127358490625 0.7 0.11792452812500001 0.6806451609375 0.14150943437500002 0.6741935484375 0.17924528281250002 0.6838709671875 0.1981132078125 0.732790321875 0.191443396875 0.7290322578125 0.127358490625
2 0 0.99528301875 0.1258064515625 0.99528301875 0.148387096875 0.8679245281249999 0.09032258125 0.8207547171874999 0.0161290328125 0.8301886796875 0 0.8443396218749999 0 0.99528301875
0 0.845561290625 0.1480141515625 0.833512903125 0.157089621875 0.83022580625 0.1788443390625 0.8481161296874999 0.1896556609375 0.8532290328125001 0.175240565625 0.8557838703125 0.156023584375 0.845561290625 0.1480141515625
0 0.395764515625 0.1542877359375 0.4173032265625 0.15175 0.40963870937499997 0.13253301875 0.3979548390625 0.142141509375 0.395764515625 0.1542877359375
3 0.3964516125 0.30672169843749997 0.3922580640625 0.29540094375 0.3922580640625 0.2666273578125 0.38387096718749997 0.2660377359375 0.3809677421875 0.2982311328125 0.3841935484375 0.3057783015625 0.3964516125 0.30672169843749997
2 0.6838709671875 0.41037735781249995 0.7 0.41981132031249996 0.7064516125 0.41981132031249996 0.7193548390625 0.40094339687499997 0.7258064515625 0.382075471875 0.7225806453125 0.367924528125 0.7032258062500001 0.367924528125 0.7032258062500001 0.372641509375 0.6967741937499999 0.377358490625 0.6838709671875 0.396226415625 0.6838709671875 0.41037735781249995
2 0.6677419359375001 0.50471698125 0.6806451609375 0.48584905625 0.6806451609375 0.45754717031250003 0.6645161296875 0.4386792453125 0.645161290625 0.4386792453125 0.6354838703125 0.45283018906250005 0.6322580640625 0.481132075 0.641935484375 0.49528301875 0.6612903218749999 0.5094339625 0.6677419359375001 0.50471698125
2 0.6247677421875 0.5233867921875001 0.637461290625 0.5489716984374999 0.6498129031250001 0.5424481125 0.6419193546875 0.5208773578125 0.6240806453125 0.4887688671875 0.6010935484375 0.488641509375 0.5932032265625 0.5033160375 0.6010935484375 0.5379339625 0.6113870968749999 0.5514811328125 0.6247677421875 0.5233867921875001
2 0.645009678125 0.49428773593750003 0.6371161296875 0.4551556609375 0.6209935484375 0.443617925 0.5973193546875 0.4842547171875 0.6203064515625 0.4877641515625 0.637461290625 0.50783490625 0.645009678125 0.49428773593750003
2 0.622364515625 0.5785707546875 0.6398612906250001 0.5876037734375 0.657361290625 0.5775660375 0.66662258125 0.5590047171875 0.6676516125 0.5369292453125001 0.645009678125 0.534424528125 0.6302548390625 0.5524858484374999 0.6192774187500001 0.5600094343750001 0.622364515625 0.5785707546875
2 0.6861483875000001 0.46866037812499994 0.7026709671875 0.46304245312500003 0.696138709375 0.4325660375 0.6654032265625001 0.434391509375 0.679235484375 0.4636037734375 0.6823064515625 0.48944811250000003 0.6861483875000001 0.46866037812499994
2 0.7407032265625 0.319792453125 0.7395516125 0.3237216984375 0.721109678125 0.3355188671875 0.7214935484375 0.363608490625 0.7330193546875 0.3551839625 0.7407032265625 0.319792453125