0 0.716 0.23931623906250002 0.708 0.153846153125 0.692 0.12535612499999998 0.65 0.11396011406249999 0.632 0.12250712187499999 0.61 0.153846153125 0.6 0.1823361828125 0.608 0.2136752140625 0.692 0.2450142453125 0.716 0.23931623906250002
0 0.5980000000000001 0.190883190625 0.602 0.16809116875000002 0.5860000000000001 0.128205128125 0.5599999999999999 0.1196581203125 0.544 0.133903134375 0.538 0.1709401703125 0.548 0.2079772078125 0.5780000000000001 0.2079772078125 0.5980000000000001 0.190883190625
0 0.38 0.296296296875 0.388 0.23931623906250002 0.368 0.19373219375 0.33599999999999997 0.190883190625 0.31 0.22792022812499999 0.308 0.24216524218750002 0.318 0.25641025625 0.368 0.3019943015625 0.38 0.296296296875
0 0.13799999999999998 0.23076923124999998 0.122 0.23076923124999998 0.11200000000000002 0.2450142453125 0.11200000000000002 0.2678062671875 0.146 0.2820512828125 0.148 0.25071224999999997 0.13799999999999998 0.23076923124999998
2 0.8320000000000001 0.4928774921875 0.8099999999999999 0.48433048437500004 0.796 0.5356125359374999 0.8119999999999999 0.5527065531249999 0.844 0.5384615390625 0.8320000000000001 0.4928774921875
2 0.726 0.5128205125 0.692 0.4928774921875 0.6839999999999999 0.49857549843750004 0.682 0.51851851875 0.692 0.5270655265624999 0.716 0.5299145296875001 0.726 0.5128205125
2 0.476 0.4672364671875 0.484 0.45584045624999997 0.48200000000000004 0.44444444375 0.476 0.4415954421875 0.466 0.43019942968749997 0.458 0.4415954421875 0.454 0.4615384609375 0.454 0.4729344734375 0.462 0.4729344734375 0.476 0.4672364671875
2 0.356 0.4615384609375 0.368 0.4615384609375 0.37 0.46438746406250003 0.382 0.46438746406250003 0.382 0.45014244999999997 0.378 0.43874643906250005 0.372 0.43019942968749997 0.368 0.427350428125 0.354 0.43589743593749997 0.35 0.43874643906250005 0.35 0.45584045624999997 0.352 0.45868945937500005 0.356 0.4615384609375
2 0.322 0.4928774921875 0.324 0.4928774921875 0.32999999999999996 0.48148148125 0.33999999999999997 0.48148148125 0.344 0.4757834765625 0.346 0.46438746406250003 0.344 0.4615384609375 0.314 0.46438746406250003 0.308 0.48433048437500004 0.306 0.4928774921875 0.308 0.5014245015625 0.318 0.49857549843750004 0.322 0.4928774921875
2 0.046 0.4757834765625 0.052000000000000005 0.4757834765625 0.062 0.46438746406250003 0.062 0.45014244999999997 0.06 0.447293446875 0.05600000000000001 0.45014244999999997 0.05 0.45014244999999997 0.048 0.447293446875 0.04 0.452991453125 0.04 0.45868945937500005 0.044 0.4729344734375 0.046 0.4757834765625
2 0.136 0.45868945937500005 0.142 0.452991453125 0.142 0.45014244999999997 0.13 0.44444444375 0.128 0.44444444375 0.128 0.45584045624999997 0.13 0.45868945937500005 0.136 0.45868945937500005
3 0.752 0.9230769234375 0.752 0.9259259265625 0.766 0.9287749281250001 0.782 0.940170940625 0.79 0.9430199437500001 0.794 0.9373219374999999 0.796 0.8945868953125 0.798 0.8774928781250001 0.8019999999999999 0.86894586875 0.8 0.86894586875 0.796 0.8603988609375 0.788 0.8603988609375 0.782 0.8575498578125 0.782 0.8547008546875 0.778 0.8518518515625001 0.77 0.8603988609375 0.77 0.86894586875 0.768 0.8717948718749999 0.756 0.9173789171875001 0.752 0.9230769234375
3 0.254868 0.838133903125 0.273676 0.8224273500000001 0.26978399999999997 0.7494472937500001 0.29313 0.716188034375 0.278216 0.69771225 0.248384 0.6847806265624999 0.2406 0.730971509375 0.236062 0.7540655265625 0.237358 0.7919430203125 0.254868 0.838133903125