0 0.562 0.5093333328125 0.544 0.5173333328124999 0.544 0.5519999999999999 0.572 0.5466666671875 0.572 0.5226666671875 0.562 0.5093333328125
4 0.538 0.8640000000000001 0.5860000000000001 0.8773333328125 0.58 0.756 0.6 0.6933333328125 0.5900000000000001 0.6026666671875 0.568 0.5706666671875 0.572 0.528 0.564 0.512 0.544 0.5173333328124999 0.534 0.5706666671875 0.518 0.584 0.512 0.6053333328125 0.51 0.6986666671874999 0.524 0.7413333328125 0.516 0.8800000000000001 0.538 0.8640000000000001
4 0.67 0.8746666671875 0.702 0.8720000000000001 0.728 0.8880000000000001 0.736 0.7466666671875 0.756 0.7093333328125 0.756 0.6293333328124999 0.75 0.5973333328125 0.73 0.584 0.726 0.536 0.716 0.52 0.6980000000000001 0.528 0.696 0.5786666671875 0.6759999999999999 0.5973333328125 0.67 0.6373333328124999 0.666 0.7093333328125 0.682 0.7466666671875 0.686 0.8373333328125 0.67 0.8746666671875
0 0.31 0.5093333328125 0.296 0.5226666671875 0.298 0.5546666671875 0.34199999999999997 0.5466666671875 0.32799999999999996 0.512 0.31 0.5093333328125
0 0.47400000000000003 0.5173333328124999 0.446 0.512 0.434 0.5253333328124999 0.43200000000000005 0.5466666671875 0.44400000000000006 0.5626666671875 0.47400000000000003 0.5573333328125 0.47400000000000003 0.5173333328124999
0 0.726 0.5306666671875 0.714 0.5173333328124999 0.6980000000000001 0.5253333328124999 0.696 0.5546666671875 0.702 0.5626666671875 0.724 0.5599999999999999 0.726 0.5306666671875
4 0.43200000000000005 0.7786666671875 0.43200000000000005 0.8933333328125 0.44000000000000006 0.9066666671875 0.472 0.8880000000000001 0.51 0.8986666671875 0.49000000000000005 0.8400000000000001 0.48600000000000004 0.7693333328125 0.5 0.7066666671874999 0.47000000000000003 0.5671120000000001 0.47000000000000003 0.5333333328125 0.45599999999999996 0.5146666671875 0.434 0.5253333328124999 0.43600000000000005 0.5653333328125 0.414 0.6106666671875 0.418 0.7253333328125 0.43200000000000005 0.7786666671875
4 0.282 0.9173333328125001 0.31 0.9333333328125001 0.308 0.9066666671875 0.32999999999999996 0.8986666671875 0.346 0.9146666671875 0.38 0.9119999999999999 0.364 0.8986666671875 0.35 0.8506666671875 0.348 0.6799999999999999 0.33199999999999996 0.5866666671874999 0.33999999999999997 0.5386666671875 0.32599999999999996 0.512 0.298 0.52 0.298 0.5653333328125 0.27 0.6106666671875 0.266 0.6373333328124999 0.264 0.696 0.288 0.7866666671875 0.27999999999999997 0.8480000000000001 0.282 0.9173333328125001
3 0.73 0.8880000000000001 0.732 0.8853333328125 0.732 0.8746666671875 0.73 0.8720000000000001 0.714 0.8640000000000001 0.712 0.8640000000000001 0.712 0.8800000000000001 0.718 0.8880000000000001 0.73 0.8880000000000001
3 0.6839999999999999 0.8800000000000001 0.6900000000000001 0.8746666671875 0.7 0.8746666671875 0.704 0.8720000000000001 0.704 0.8640000000000001 0.696 0.8640000000000001 0.6900000000000001 0.8560000000000001 0.682 0.8560000000000001 0.6759999999999999 0.8640000000000001 0.67 0.8666666671875 0.6679999999999999 0.8693333328125 0.6679999999999999 0.8773333328125 0.674 0.8800000000000001 0.6839999999999999 0.8800000000000001
3 0.5900000000000001 0.8773333328125 0.5900000000000001 0.8693333328125 0.5820000000000001 0.8560000000000001 0.562 0.8560000000000001 0.562 0.8666666671875 0.576 0.8773333328125 0.5900000000000001 0.8773333328125
3 0.514 0.8826666671875 0.526 0.8826666671875 0.538 0.8693333328125 0.538 0.8613333328125 0.532 0.8560000000000001 0.526 0.8560000000000001 0.524 0.8533333328125 0.518 0.8533333328125 0.516 0.8560000000000001 0.516 0.8613333328125 0.512 0.8720000000000001 0.512 0.8800000000000001 0.514 0.8826666671875
3 0.512 0.8986666671875 0.512 0.8906666671875 0.51 0.8880000000000001 0.504 0.8880000000000001 0.502 0.8853333328125 0.47400000000000003 0.8853333328125 0.472 0.8906666671875 0.476 0.8933333328125 0.492 0.8986666671875 0.512 0.8986666671875
3 0.45 0.9066666671875 0.45199999999999996 0.9039999999999999 0.45199999999999996 0.8880000000000001 0.438 0.8880000000000001 0.434 0.8826666671875 0.43200000000000005 0.8880000000000001 0.43200000000000005 0.8986666671875 0.438 0.9066666671875 0.45 0.9066666671875
3 0.33199999999999996 0.9093333328125001 0.33999999999999997 0.9146666671875 0.38 0.9146666671875 0.382 0.9119999999999999 0.382 0.9066666671875 0.38 0.9039999999999999 0.356 0.8906666671875 0.344 0.8933333328125 0.33999999999999997 0.8906666671875 0.33199999999999996 0.8906666671875 0.33199999999999996 0.9093333328125001
3 0.284 0.9226666671875 0.294 0.9333333328125001 0.3 0.9359999999999999 0.31 0.9359999999999999 0.314 0.9306666671875 0.314 0.9253333328125001 0.31 0.9199999999999999 0.306 0.9093333328125001 0.306 0.9013333328125 0.302 0.9013333328125 0.3 0.9039999999999999 0.29 0.9039999999999999 0.288 0.9066666671875 0.282 0.9066666671875 0.282 0.9173333328125001 0.284 0.9226666671875