0 0.306 0.28915662656249996 0.312 0.2981927703125 0.312 0.30421686718749996 0.316 0.3102409640625 0.32599999999999996 0.34939759062500003 0.33399999999999996 0.34939759062500003 0.364 0.3162650609375 0.366 0.3102409640625 0.364 0.26807228906249997 0.356 0.24698795156250003 0.348 0.234939759375 0.33799999999999997 0.2259036140625 0.32 0.2259036140625 0.296 0.23795180781249997 0.296 0.26204819218750003 0.294 0.26807228906249997 0.304 0.28012048125 0.306 0.28915662656249996
0 0.304 0.1536144578125 0.31 0.1536144578125 0.312 0.150602409375 0.32 0.150602409375 0.32599999999999996 0.15662650625000002 0.33399999999999996 0.15662650625000002 0.33999999999999997 0.1536144578125 0.33999999999999997 0.1445783125 0.33799999999999997 0.14156626562500002 0.33799999999999997 0.1265060234375 0.33399999999999996 0.120481928125 0.33399999999999996 0.1174698796875 0.318 0.1054216875 0.312 0.1054216875 0.302 0.11144578281249999 0.294 0.1325301203125 0.288 0.1536144578125 0.29 0.15662650625000002 0.302 0.15662650625000002 0.304 0.1536144578125
0 0.48600000000000004 0.1596385546875 0.49000000000000005 0.15662650625000002 0.49000000000000005 0.1385542171875 0.488 0.129518071875 0.48 0.1174698796875 0.47400000000000003 0.11445783125 0.46799999999999997 0.1174698796875 0.458 0.1325301203125 0.458 0.15662650625000002 0.462 0.1596385546875 0.48600000000000004 0.1596385546875
0 0.538 0.129518071875 0.55 0.129518071875 0.55 0.11445783125 0.542 0.099397590625 0.538 0.09638554218749999 0.528 0.09638554218749999 0.522 0.108433734375 0.52 0.11445783125 0.52 0.1325301203125 0.536 0.1325301203125 0.538 0.129518071875
0 0.536 0.30120481875 0.554 0.35843373437500003 0.558 0.36445783125000003 0.5660000000000001 0.36445783125000003 0.583 0.3268072296875 0.592 0.31325301250000004 0.592 0.277108434375 0.588 0.25903614531249997 0.5820000000000001 0.243975903125 0.5700000000000001 0.234939759375 0.554 0.234939759375 0.53 0.24698795156250003 0.528 0.25301204843749997 0.528 0.28012048125 0.534 0.28915662656249996 0.536 0.30120481875
0 0.718 0.1837349390625 0.714 0.1686746984375 0.714 0.1596385546875 0.716 0.15662650625000002 0.714 0.1536144578125 0.73 0.1325301203125 0.746 0.12349397656250001 0.75 0.1174698796875 0.77 0.1265060234375 0.772 0.1174698796875 0.766 0.099397590625 0.764 0.099397590625 0.752 0.07831325312500001 0.746 0.0753012046875 0.73 0.0753012046875 0.71 0.099397590625 0.706 0.11445783125 0.704 0.17771084374999999 0.71 0.18674698750000002 0.716 0.18674698750000002 0.718 0.1837349390625
0 0.818 0.1445783125 0.8220000000000001 0.1475903609375 0.8240000000000001 0.1445783125 0.8320000000000001 0.1445783125 0.8480000000000001 0.1385542171875 0.85 0.13554216875 0.85 0.12349397656250001 0.844 0.1024096390625 0.834 0.09638554218749999 0.826 0.09638554218749999 0.8160000000000001 0.108433734375 0.8160000000000001 0.1174698796875 0.8140000000000001 0.120481928125 0.8140000000000001 0.13554216875 0.818 0.1445783125
0 0.8480000000000001 0.2710843375 0.852 0.286144578125 0.86 0.292168675 0.8720000000000001 0.292168675 0.8859999999999999 0.286144578125 0.8960000000000001 0.23795180781249997 0.8960000000000001 0.2108433734375 0.892 0.19879518125 0.8779999999999999 0.18975903593750001 0.874 0.1837349390625 0.86 0.1837349390625 0.8480000000000001 0.19879518125 0.842 0.213855421875 0.842 0.2259036140625 0.8400000000000001 0.2289156625 0.842 0.26204819218750003 0.8480000000000001 0.2710843375
1 0.8699999999999999 0.3253012046875 0.8779999999999999 0.35542168749999997 0.8800000000000001 0.40060240937499997 0.884 0.40662650625 0.9019999999999999 0.40361445781249994 0.922 0.421686746875 0.9279999999999999 0.41867469843749994 0.9359999999999999 0.40662650625 0.942 0.38554216874999997 0.9460000000000001 0.3253012046875 0.9400000000000001 0.30421686718749996 0.9480000000000001 0.277108434375 0.95 0.21686747031250003 0.9 0.21686747031250003 0.9119999999999999 0.243975903125 0.9119999999999999 0.27409638593749996 0.919858 0.33265963906249996 0.9127000000000001 0.3417198796875 0.9032500000000001 0.3343855421875 0.8939999999999999 0.2981927703125 0.8859999999999999 0.292168675 0.874 0.292168675 0.8720000000000001 0.2981927703125 0.8539999999999999 0.28915662656249996 0.842 0.26204819218750003 0.836 0.2710843375 0.836 0.28012048125 0.8460000000000001 0.30120481875 0.8699999999999999 0.3253012046875
1 0.8220000000000001 0.25 0.786 0.17469879531250002 0.778 0.17168674687500002 0.726 0.2048192765625 0.726 0.21686747031250003 0.742 0.2259036140625 0.746 0.2409638546875 0.744 0.2951807234375 0.724 0.33433735000000003 0.7 0.35843373437500003 0.6980000000000001 0.40662650625 0.704 0.48795180781249997 0.8160000000000001 0.4759036140625 0.8220000000000001 0.25
1 0.8119999999999999 0.2259036140625 0.8220000000000001 0.24698795156250003 0.8240000000000001 0.28313252968749997 0.82 0.2951807234375 0.818 0.35843373437500003 0.8220000000000001 0.36445783125000003 0.8300000000000001 0.36445783125000003 0.842 0.35843373437500003 0.8380000000000001 0.28915662656249996 0.834 0.28012048125 0.8400000000000001 0.25903614531249997 0.8400000000000001 0.243975903125 0.826 0.18072289218749998 0.8220000000000001 0.17168674687500002 0.818 0.17168674687500002 0.798 0.18674698750000002 0.798 0.19277108437499998 0.8099999999999999 0.213855421875 0.8119999999999999 0.2259036140625
1 0.6940000000000001 0.234939759375 0.696 0.23795180781249997 0.696 0.26204819218750003 0.7 0.265060240625 0.702 0.256024096875 0.706 0.25 0.71 0.2289156625 0.72 0.213855421875 0.724 0.19879518125 0.72 0.19277108437499998 0.718 0.19277108437499998 0.696 0.20783132499999998 0.6940000000000001 0.21686747031250003 0.6940000000000001 0.22289156562499998 0.696 0.2259036140625 0.6940000000000001 0.234939759375
1 0.41200000000000003 0.5451807234375 0.45 0.557228915625 0.454 0.5361445781249999 0.45199999999999996 0.4457831328125 0.45999999999999996 0.412650603125 0.47800000000000004 0.3765060234375 0.502 0.38554216874999997 0.516 0.3825301203125 0.512 0.28313252968749997 0.496 0.2710843375 0.472 0.2710843375 0.45599999999999996 0.28012048125 0.40599999999999997 0.34337349375000004 0.36 0.421686746875 0.352 0.4457831328125 0.352 0.484939759375 0.36 0.5060240968749999 0.4 0.53012048125 0.41200000000000003 0.5451807234375
1 0.126 0.5512048187499999 0.178 0.5783132531249999 0.184 0.5753012046875 0.18 0.542168675 0.21200000000000002 0.5120481921875 0.22599999999999998 0.4759036140625 0.22799999999999998 0.457831325 0.21600000000000003 0.43373493906249994 0.21600000000000003 0.412650603125 0.246 0.3734939765625 0.27999999999999997 0.39457831250000003 0.27599999999999997 0.34337349375000004 0.26 0.28313252968749997 0.252 0.2710843375 0.20800000000000002 0.25301204843749997 0.16 0.2951807234375 0.11000000000000001 0.35542168749999997 0.05600000000000001 0.4397590359375 0.05600000000000001 0.44879518125000006 0.094 0.5210843374999999 0.126 0.5512048187499999
1 0.048 0.37951807187500003 0.05 0.3825301203125 0.092 0.37951807187500003 0.10400000000000001 0.35843373437500003 0.11200000000000002 0.3313253015625 0.11399999999999999 0.277108434375 0.12 0.265060240625 0.12 0.25 0.124 0.24698795156250003 0.124 0.21987951875 0.10800000000000001 0.2108433734375 0.098 0.2108433734375 0.09 0.2259036140625 0.07803 0.2560090359375 0.06999999999999999 0.2289156625 0.057999999999999996 0.20783132499999998 0.036 0.213855421875 0.034 0.265060240625 0.038 0.2710843375 0.044 0.307228915625 0.048 0.37951807187500003
1 0.5 0.213855421875 0.504 0.21686747031250003 0.508 0.26204819218750003 0.516 0.2710843375 0.524 0.26807228906249997 0.524 0.265060240625 0.54 0.2409638546875 0.546 0.23795180781249997 0.55 0.23192771093750003 0.572 0.23192771093750003 0.5660000000000001 0.21686747031250003 0.5599999999999999 0.213855421875 0.546 0.213855421875 0.536986 0.2384277109375 0.53152 0.220313253125 0.524688 0.20096385468750003 0.515398 0.175852409375 0.514 0.17168674687500002 0.49400000000000005 0.18072289218749998 0.492 0.1837349390625 0.492 0.19578313281249998 0.496 0.19879518125 0.5 0.213855421875
1 0.48007600000000006 0.268891565625 0.5030319999999999 0.26971385468750003 0.503306 0.24130722968749999 0.502758 0.21660843437500002 0.492648 0.192728915625 0.488822 0.1939638546875 0.486636 0.26230421718749997 0.48526800000000003 0.2672439765625 0.478438 0.25695180781250004 0.46969200000000005 0.22813554218749998 0.462314 0.189024096875 0.439358 0.20137650625 0.450562 0.25448192812500003 0.45220200000000005 0.2870060234375 0.48007600000000006 0.268891565625
1 0.32999999999999996 0.40662650625 0.352 0.40662650625 0.356 0.40361445781249994 0.358 0.3975903609375 0.358 0.35843373437500003 0.354 0.34337349375000004 0.352 0.34337349375000004 0.35 0.337349396875 0.344 0.337349396875 0.33999999999999997 0.34337349375000004 0.33199999999999996 0.34939759062500003 0.32999999999999996 0.35542168749999997 0.312 0.36445783125000003 0.31 0.3674698796875 0.302 0.3674698796875 0.3 0.37048192812499997 0.298 0.3765060234375 0.3 0.3885542171875 0.31 0.40060240937499997 0.32999999999999996 0.40662650625
1 0.286 0.26204819218750003 0.298 0.2710843375 0.296 0.265060240625 0.296 0.256024096875 0.294 0.25301204843749997 0.294 0.2409638546875 0.3 0.234939759375 0.312 0.2289156625 0.316 0.22289156562499998 0.316 0.213855421875 0.31 0.20180722968749998 0.308 0.20180722968749998 0.298 0.18975903593750001 0.29 0.18975903593750001 0.286 0.19578313281249998 0.282 0.20783132499999998 0.282 0.21686747031250003 0.27999999999999997 0.21987951875 0.27599999999999997 0.24698795156250003 0.286 0.26204819218750003
1 0.364 0.265060240625 0.368 0.265060240625 0.372 0.25301204843749997 0.372 0.23192771093750003 0.37 0.22289156562499998 0.352 0.20783132499999998 0.346 0.20783132499999998 0.346 0.2108433734375 0.33999999999999997 0.21686747031250003 0.33799999999999997 0.22289156562499998 0.358 0.25 0.36 0.25903614531249997 0.364 0.265060240625
2 0.23199999999999998 0.6897590359375 0.23199999999999998 0.7108433734374999 0.236 0.722891565625 0.246 0.722891565625 0.25 0.7108433734374999 0.256 0.7108433734374999 0.258 0.707831325 0.262 0.6897590359375 0.262 0.6807228921874999 0.266 0.6686746984374999 0.274 0.6536144578124999 0.274 0.6415662656250001 0.266 0.6325301203125 0.26 0.629518071875 0.252 0.629518071875 0.25 0.6265060234375001 0.238 0.6265060234375001 0.23399999999999999 0.6385542171874999 0.23399999999999999 0.662650603125 0.22999999999999998 0.6716867468750001 0.22999999999999998 0.6867469875000001 0.23199999999999998 0.6897590359375
2 0.48600000000000004 0.6174698796875 0.48600000000000004 0.620481928125 0.496 0.63554216875 0.502 0.63554216875 0.504 0.6325301203125 0.51 0.6084337343749999 0.51 0.5933734937499999 0.502 0.5813253015625001 0.502 0.5783132531249999 0.492 0.5662650609375001 0.492 0.5632530124999999 0.488 0.5662650609375001 0.47800000000000004 0.5662650609375001 0.47400000000000003 0.5692771078125001 0.472 0.57228915625 0.472 0.587349396875 0.476 0.599397590625 0.48600000000000004 0.6174698796875
2 0.612 0.3674698796875 0.624 0.3674698796875 0.626 0.37048192812499997 0.632 0.3674698796875 0.63 0.33433735000000003 0.634 0.3253012046875 0.63 0.3253012046875 0.622 0.31325301250000004 0.612 0.31325301250000004 0.608 0.3162650609375 0.608 0.31927710781249996 0.604 0.3253012046875 0.604 0.35542168749999997 0.612 0.3674698796875
2 0.9259999999999999 0.45180722968750003 0.9279999999999999 0.457831325 0.9339999999999999 0.4608433734375 0.942 0.4608433734375 0.9480000000000001 0.457831325 0.952 0.4548192765625 0.9560000000000001 0.4457831328125 0.958 0.39156626562499997 0.954 0.3885542171875 0.9480000000000001 0.3885542171875 0.9460000000000001 0.38554216874999997 0.942 0.3885542171875 0.9380000000000001 0.40361445781249994 0.9380000000000001 0.4096385546875 0.9259999999999999 0.42771084375 0.9259999999999999 0.45180722968750003
2 0.8699999999999999 0.5240963859375001 0.884 0.527108434375 0.884 0.515060240625 0.8779999999999999 0.4608433734375 0.876 0.4548192765625 0.874 0.457831325 0.8619999999999999 0.457831325 0.86 0.4608433734375 0.86 0.47891566250000006 0.8640000000000001 0.5090361453125001 0.8699999999999999 0.5240963859375001
3 0.13999999999999999 0.91566265 0.13999999999999999 0.9277108437500001 0.142 0.9337349390625 0.15 0.9337349390625 0.154 0.9307228921874999 0.154 0.9096385546875 0.156 0.90662650625 0.154 0.8734939765625 0.154 0.7590361453125001 0.152 0.7560240968749999 0.122 0.7560240968749999 0.12 0.7620481921875 0.122 0.765060240625 0.128 0.86445783125 0.13999999999999999 0.91566265
3 0.158 0.9397590359375 0.16399999999999998 0.9487951812500001 0.194 0.9487951812500001 0.196 0.9457831328124999 0.20600000000000002 0.9487951812500001 0.22400000000000003 0.9367469875 0.238 0.921686746875 0.24 0.9096385546875 0.22799999999999998 0.8945783125 0.21800000000000003 0.8945783125 0.2 0.870481928125 0.2 0.78012048125 0.182 0.777108434375 0.16399999999999998 0.765060240625 0.158 0.7680722890625 0.156 0.777108434375 0.158 0.7831325296875 0.156 0.8162650609375 0.158 0.9397590359375
3 0.32599999999999996 0.6084337343749999 0.32999999999999996 0.6114457828125001 0.33399999999999996 0.6084337343749999 0.344 0.6084337343749999 0.348 0.6024096390625 0.344 0.5903614453125 0.346 0.527108434375 0.344 0.5240963859375001 0.32799999999999996 0.5240963859375001 0.324 0.527108434375 0.324 0.5451807234375 0.322 0.5481927703125 0.324 0.5512048187499999 0.32599999999999996 0.6084337343749999
3 0.398 0.8102409640625 0.404 0.7981927703125 0.40599999999999997 0.7108433734374999 0.40800000000000003 0.707831325 0.40800000000000003 0.6897590359375 0.41 0.6867469875000001 0.41 0.662650603125 0.39 0.6596385546875 0.388 0.6566265062500001 0.38 0.6566265062500001 0.378 0.6596385546875 0.376 0.66566265 0.376 0.692771084375 0.374 0.6957831328124999 0.372 0.7289156625000001 0.37 0.7981927703125 0.368 0.8042168671875001 0.374 0.8162650609375 0.398 0.8102409640625
3 0.40800000000000003 0.8463855421875 0.426 0.8463855421875 0.434 0.8524096390624999 0.446 0.849397590625 0.45999999999999996 0.8313253015625 0.44800000000000006 0.8132530125 0.44400000000000006 0.8012048187499999 0.44400000000000006 0.7590361453125001 0.44800000000000006 0.7469879515625 0.44800000000000006 0.7319277109375 0.45199999999999996 0.7108433734374999 0.45 0.6957831328124999 0.41200000000000003 0.6837349390624999 0.40800000000000003 0.7289156625000001 0.40599999999999997 0.7319277109375 0.404 0.8072289156249999 0.4 0.8192771078125001 0.4 0.8403614453125 0.40800000000000003 0.8463855421875
3 0.71 0.86445783125 0.722 0.870481928125 0.738 0.870481928125 0.748 0.8614457828125 0.748 0.84337349375 0.758 0.7740963859375001 0.764 0.7560240968749999 0.766 0.6987951812500001 0.726 0.6897590359375 0.72 0.692771084375 0.718 0.765060240625 0.708 0.83433735 0.702 0.849397590625 0.71 0.86445783125
3 0.766 0.8253012046875 0.776 0.8253012046875 0.778 0.828313253125 0.78 0.8253012046875 0.792 0.8253012046875 0.796 0.75 0.796 0.6746987953125 0.794 0.662650603125 0.79 0.6596385546875 0.774 0.66566265 0.768 0.67771084375 0.766 0.734939759375 0.752 0.8042168671875001 0.752 0.8162650609375 0.766 0.8253012046875
3 0.9279999999999999 0.5903614453125 0.9279999999999999 0.6024096390625 0.932 0.6174698796875 0.932 0.63554216875 0.9339999999999999 0.6385542171874999 0.9339999999999999 0.66566265 0.932 0.6686746984374999 0.952 0.6897590359375 0.974 0.6897590359375 0.978 0.6867469875000001 0.978 0.6807228921874999 0.97 0.6686746984374999 0.96 0.625 0.954 0.542168675 0.9259999999999999 0.5632530124999999 0.924 0.5662650609375001 0.9259999999999999 0.5692771078125001 0.9259999999999999 0.587349396875 0.9279999999999999 0.5903614453125
3 0.861336 0.58579518125 0.861336 0.614831325 0.8661540000000001 0.6430090359375 0.8636039999999999 0.6647861453125 0.8658720000000001 0.6852801203125 0.8862780000000001 0.703641565625 0.9013 0.6946746984375001 0.898466 0.67546084375 0.8891120000000001 0.65966265 0.8885460000000001 0.6421566265624999 0.8891120000000001 0.59262650625 0.8913800000000001 0.552063253125 0.8587859999999999 0.5550542171874999 0.859352 0.5563343374999999 0.8573679999999999 0.5559066265625 0.861336 0.58579518125
3 0.675014 0.5562560234375 0.703704 0.558147590625 0.7115940000000001 0.55220481875 0.708546 0.527891565625 0.6923619999999999 0.5134909640624999 0.689 0.52816265 0.6730419999999999 0.5303222890625 0.666408 0.541939759375 0.675014 0.5562560234375
3 0.51535 0.53587048125 0.511712 0.5087740968750001 0.495644 0.5057018078125 0.492916 0.5367861453125 0.503022 0.5529216875 0.5141359999999999 0.5465271078125 0.51535 0.53587048125
3 0.5521320000000001 0.51121084375 0.530506 0.5087439765624999 0.530506 0.5398283125 0.554152 0.5380030125 0.560214 0.528563253125 0.5521320000000001 0.51121084375