0 0.366 0.534534534375 0.346 0.5495495499999999 0.348 0.5735735734375 0.374 0.5675675671875 0.374 0.54354354375 0.366 0.534534534375
0 0.086 0.5465465468749999 0.08399999999999999 0.5615615609375 0.11000000000000001 0.5585585578125001 0.1 0.540540540625 0.086 0.5465465468749999
1 0.094 0.5765765765624999 0.06999999999999999 0.6006006 0.072 0.702702703125 0.122 0.6996997 0.12 0.5885885890625 0.094 0.5765765765624999
1 0.38 0.6486486484375 0.384 0.597597596875 0.372 0.5855855859375 0.346 0.60660660625 0.354 0.7117117109375 0.39 0.696696696875 0.394 0.6876876875 0.38 0.6486486484375
4 0.67 0.7267267265624999 0.686 0.7207207203125 0.6940000000000001 0.6876876875 0.722 0.690690690625 0.728 0.7207207203125 0.74 0.7327327328125001 0.734 0.525525525 0.742 0.471471471875 0.752 0.45645645625000003 0.716 0.3363363359375 0.692 0.3393393390625 0.692 0.375375375 0.6839999999999999 0.402402403125 0.666 0.41741741718750003 0.658 0.471471471875 0.6559999999999999 0.54354354375 0.666 0.5495495499999999 0.6759999999999999 0.5804384390624999 0.67 0.7267267265624999
4 0.5660000000000001 0.759759759375 0.602 0.7627627625 0.5820000000000001 0.69369369375 0.596 0.6426426421875 0.61 0.5045045046875 0.584 0.44444444375 0.5992740000000001 0.38532432499999997 0.587504 0.3449579578125 0.576576 0.34369669687500004 0.5564 0.350003003125 0.554 0.45645645625000003 0.5519999999999999 0.5165165171874999 0.562 0.615615615625 0.5559999999999999 0.7417417421875 0.5660000000000001 0.759759759375
4 0.67 0.7267267265624999 0.6839999999999999 0.7267267265624999 0.6940000000000001 0.690690690625 0.722 0.69369369375 0.736 0.7387387390625 0.744 0.7147147140625 0.734 0.47747747812499997 0.75 0.465465465625 0.75 0.45045045000000006 0.74 0.41141141093750005 0.724 0.396396396875 0.716 0.3363363359375 0.6900000000000001 0.3423423421875 0.692 0.37837837812499997 0.6839999999999999 0.402402403125 0.6679999999999999 0.41141141093750005 0.6599999999999999 0.44744744687500004 0.6559999999999999 0.54354354375 0.666 0.5495495499999999 0.6759999999999999 0.5958828828125 0.67 0.7267267265624999
4 0.142 0.6366366359375 0.1 0.540540540625 0.086 0.5465465468749999 0.08 0.5915915921875 0.068 0.60660660625 0.066 0.7297297296874999 0.074 0.7477477484375 0.126 0.7147147140625 0.142 0.6366366359375
4 0.36 0.846846846875 0.396 0.7057057062500001 0.40199999999999997 0.6486486484375 0.374 0.5795795796875 0.372 0.540540540625 0.358 0.534534534375 0.346 0.552552553125 0.344 0.690690690625 0.36 0.7567567562499999 0.352 0.8228228234375001 0.36 0.846846846875
2 0.604 0.48048048125 0.606 0.47747747812499997 0.606 0.4624624625 0.5980000000000001 0.453453453125 0.592 0.453453453125 0.592 0.471471471875 0.596 0.47747747812499997 0.604 0.48048048125
3 0.5599999999999999 0.753753753125 0.5599999999999999 0.759759759375 0.564 0.765765765625 0.606 0.765765765625 0.606 0.753753753125 0.596 0.7477477484375 0.584 0.7477477484375 0.576 0.7567567562499999 0.5660000000000001 0.7567567562499999 0.564 0.753753753125 0.5599999999999999 0.753753753125