0 0.982 0.29041916093750003 0.962 0.29640718593750004 0.952 0.3143712578125 0.95 0.34131736562500004 0.998 0.3443113765625 0.998 0.31736526875000004 0.982 0.29041916093750003
1 0.834 0.3682634734375 0.8140000000000001 0.3652694609375 0.786 0.38622754531250003 0.776 0.3682634734375 0.752 0.413173653125 0.748 0.43712574843749996 0.758 0.5089820359375 0.8300000000000001 0.5059880234375 0.834 0.3682634734375
4 0.134 0.697604790625 0.15 0.6886227546875 0.19 0.7215568859375 0.19 0.6167664671875001 0.2 0.5808383234375001 0.20600000000000002 0.4760479046875 0.202 0.4281437125 0.186 0.38622754531250003 0.196 0.3083832328125 0.184 0.2754491015625 0.158 0.266467065625 0.144 0.281437125 0.13 0.3592814375 0.10600000000000001 0.37425149687500003 0.098 0.4191616765625 0.098 0.5479041921875 0.11399999999999999 0.7275449109375 0.12 0.730538921875 0.134 0.697604790625
0 0.734 0.3083832328125 0.724 0.32035928125 0.724 0.36227544843750004 0.76 0.3592814375 0.756 0.3113772453125 0.734 0.3083832328125
0 0.48600000000000004 0.3113772453125 0.472 0.32934131718750004 0.476 0.377245509375 0.52 0.356287425 0.508 0.3143712578125 0.48600000000000004 0.3113772453125
0 0.40800000000000003 0.2754491015625 0.39 0.2754491015625 0.376 0.29640718593750004 0.38 0.34131736562500004 0.43 0.32335329375 0.42000000000000004 0.28742515 0.40800000000000003 0.2754491015625
1 0.146 0.5628742515625 0.192 0.5628742515625 0.20400000000000001 0.5269461078125001 0.202 0.4281437125 0.174 0.37425149687500003 0.124 0.37425149687500003 0.122 0.39520958125 0.148 0.48502994062499993 0.142 0.553892215625 0.146 0.5628742515625
4 0.756 0.6556886234375 0.758 0.8083832328125 0.75 0.841317365625 0.772 0.841317365625 0.8119999999999999 0.8143712578125 0.8140000000000001 0.841317365625 0.828 0.856287425 0.8400000000000001 0.841317365625 0.842 0.81736526875 0.836 0.6047904187500001 0.8560000000000001 0.5688622750000001 0.86 0.479041915625 0.8480000000000001 0.39221556875 0.834 0.3652694609375 0.8119999999999999 0.356287425 0.8140000000000001 0.31736526875000004 0.806 0.28443113750000004 0.786 0.281437125 0.77 0.299401196875 0.774 0.3652694609375 0.75 0.4191616765625 0.746 0.4700598796875 0.742 0.589820359375 0.754 0.5958083828125 0.762 0.625748503125 0.756 0.6556886234375
0 0.178 0.7035928140625 0.162 0.6916167671875 0.134 0.700598803125 0.122 0.733532934375 0.12 0.7485029937500001 0.15 0.7275449109375 0.19 0.7425149703125 0.178 0.7035928140625
0 0.364 0.3323353296875 0.358 0.299401196875 0.346 0.28742515 0.32599999999999996 0.29041916093750003 0.316 0.3113772453125 0.312 0.335329340625 0.318 0.3443113765625 0.36 0.34131736562500004 0.364 0.3323353296875
1 0.16599999999999998 0.9071856281249999 0.18 0.9011976046875001 0.16999999999999998 0.8502994015625 0.196 0.7544910171875 0.172 0.730538921875 0.134 0.733532934375 0.096 0.78742515 0.072 0.8473053890625 0.05 0.9131736531250001 0.054000000000000006 0.9311377249999999 0.16399999999999998 0.9221556890624999 0.16599999999999998 0.9071856281249999
1 0.998 0.3832335328125 0.976 0.407185628125 0.966 0.4041916171875 0.958 0.3832335328125 0.9380000000000001 0.38622754531250003 0.9259999999999999 0.4341317359375 0.9339999999999999 0.5149700593750001 0.998 0.5239520953125 0.998 0.3832335328125
4 0.952 0.8293413171875 0.966 0.8473053890625 0.998 0.8323353296875 0.978 0.7395209578124999 0.984 0.664670659375 0.998 0.6497005984374999 0.998 0.31736526875000004 0.986 0.29640718593750004 0.9640000000000001 0.29640718593750004 0.954 0.3113772453125 0.9460000000000001 0.377245509375 0.9199999999999999 0.42514969999999996 0.906 0.5269461078125001 0.9099999999999999 0.61077844375 0.9400000000000001 0.6317365265625 0.942 0.7604790421875001 0.952 0.8293413171875
4 0.458 0.8802395203125 0.47400000000000003 0.841317365625 0.49800000000000005 0.8742514968749999 0.532 0.8802395203125 0.52 0.841317365625 0.526 0.7155688625 0.52 0.6167664671875001 0.536 0.5658682640625 0.536 0.48502994062499993 0.518 0.3443113765625 0.508 0.31736526875000004 0.476 0.32035928125 0.47000000000000003 0.3473053890625 0.47400000000000003 0.3802395203125 0.45999999999999996 0.39520958125 0.44400000000000006 0.48502994062499993 0.44400000000000006 0.6197604796875 0.45199999999999996 0.6616766468749999 0.442 0.8742514968749999 0.458 0.8802395203125
0 0.788 0.2784431140625 0.77 0.299401196875 0.772 0.338323353125 0.8119999999999999 0.335329340625 0.808 0.28443113750000004 0.788 0.2784431140625
4 0.33799999999999997 0.8892215562500001 0.34199999999999997 0.9131736531250001 0.356 0.9311377249999999 0.378 0.9341317359374999 0.386 0.9101796406249999 0.422 0.9071856281249999 0.404 0.8622754484374999 0.42800000000000005 0.5658682640625 0.41 0.4041916171875 0.42800000000000005 0.31736526875000004 0.41200000000000003 0.281437125 0.392 0.2784431140625 0.376 0.2934131734375 0.376 0.3592814375 0.33599999999999997 0.3982035921875 0.322 0.44311377187499995 0.314 0.479041915625 0.316 0.5239520953125 0.33999999999999997 0.6167664671875001 0.33799999999999997 0.8892215562500001
4 0.282 0.9970059875 0.288 0.9760479046875 0.286 0.9311377249999999 0.258 0.9161676640625 0.22000000000000003 0.7934131734375 0.178 0.7065868265625 0.16 0.6916167671875 0.132 0.7035928140625 0.05 0.9071856281249999 0.048 0.9281437125 0.066 0.96407185625 0.068 0.9970059875 0.282 0.9970059875
1 0.524 0.410179640625 0.46399999999999997 0.3982035921875 0.458 0.413173653125 0.454 0.5658682640625 0.532 0.5688622750000001 0.534 0.4760479046875 0.524 0.410179640625
1 0.592 0.520958084375 0.618 0.5239520953125 0.626 0.4161676640625 0.602 0.3832335328125 0.5820000000000001 0.39520958125 0.588 0.4281437125 0.58 0.45209580781250003 0.588 0.46107784374999994 0.592 0.520958084375
4 0.628 0.8862275453124999 0.642 0.8952095812499999 0.692 0.8473053890625 0.704 0.9011976046875001 0.716 0.9101796406249999 0.73 0.89221556875 0.734 0.8652694609375 0.724 0.766467065625 0.724 0.5688622750000001 0.716 0.48577844375 0.724 0.45209580781250003 0.742 0.4341317359375 0.696 0.3832335328125 0.6759999999999999 0.3113772453125 0.6519999999999999 0.305389221875 0.638 0.32035928125 0.648 0.371257484375 0.626 0.43712574843749996 0.622 0.5 0.638 0.5658682640625 0.638 0.81736526875 0.628 0.8862275453124999
0 0.626 0.30239520937500003 0.608 0.30239520937500003 0.596 0.32335329375 0.5980000000000001 0.356287425 0.634 0.356287425 0.636 0.31736526875000004 0.626 0.30239520937500003
1 0.5599999999999999 0.38622754531250003 0.544 0.39221556875 0.542 0.42514969999999996 0.542 0.5269461078125001 0.5700000000000001 0.5299401203125 0.5660000000000001 0.39520958125 0.5599999999999999 0.38622754531250003
1 0.43413399999999996 0.48673053906249997 0.445264 0.4395149703125 0.44081200000000004 0.38285928125 0.44340999999999997 0.366748503125 0.42263 0.3795239515625 0.40593399999999996 0.3945239515625 0.384784 0.375637725 0.375506 0.35564071875000003 0.36585999999999996 0.3599461078125 0.363634 0.526170659375 0.40556200000000003 0.5250568859375 0.44303800000000004 0.5395 0.43413399999999996 0.48673053906249997
1 0.296102 0.4978413171875 0.310202 0.487287425 0.332464 0.4022994015625 0.32467199999999996 0.38674550937499996 0.301296 0.3661946109375 0.286454 0.3711916171875 0.28868 0.39341317343750004 0.297586 0.40007784375 0.296102 0.4978413171875
3 0.314 0.841317365625 0.316 0.838323353125 0.316 0.8323353296875 0.312 0.81736526875 0.304 0.81736526875 0.302 0.82035928125 0.29 0.82035928125 0.288 0.8323353296875 0.298 0.838323353125 0.302 0.8443113765625 0.314 0.841317365625
3 0.364 0.9341317359374999 0.366 0.9371257484375001 0.378 0.9371257484375001 0.38 0.9341317359374999 0.378 0.9161676640625 0.372 0.9011976046875001 0.368 0.8982035921874999 0.366 0.9011976046875001 0.36 0.9011976046875001 0.358 0.9041916171875 0.344 0.9041916171875 0.34199999999999997 0.9131736531250001 0.354 0.9311377249999999 0.358 0.9341317359374999 0.364 0.9341317359374999
3 0.388 0.9041916171875 0.39 0.9071856281249999 0.404 0.9071856281249999 0.41 0.9131736531250001 0.422 0.9131736531250001 0.42800000000000005 0.9071856281249999 0.42800000000000005 0.8952095812499999 0.42000000000000004 0.8892215562500001 0.41600000000000004 0.8892215562500001 0.40599999999999997 0.8742514968749999 0.40199999999999997 0.8742514968749999 0.378 0.8892215562500001 0.376 0.89221556875 0.376 0.8982035921874999 0.382 0.9041916171875 0.388 0.9041916171875
3 0.446 0.8832335328124999 0.458 0.8832335328124999 0.46799999999999997 0.871257484375 0.46799999999999997 0.856287425 0.462 0.856287425 0.446 0.8443113765625 0.446 0.8473053890625 0.442 0.8502994015625 0.442 0.8682634734375 0.44000000000000006 0.871257484375 0.44000000000000006 0.8802395203125 0.446 0.8832335328124999
3 0.492 0.8652694609375 0.492 0.871257484375 0.49800000000000005 0.877245509375 0.514 0.877245509375 0.516 0.8802395203125 0.524 0.8802395203125 0.526 0.8832335328124999 0.538 0.8832335328124999 0.542 0.8802395203125 0.542 0.8742514968749999 0.538 0.8682634734375 0.528 0.8622754484374999 0.524 0.856287425 0.52 0.856287425 0.51 0.871257484375 0.506 0.8742514968749999 0.5 0.8652694609375 0.492 0.8652694609375
3 0.544 0.8113772453125 0.554 0.8113772453125 0.558 0.8083832328125 0.558 0.7934131734375 0.5559999999999999 0.7844311375 0.5519999999999999 0.781437125 0.546 0.781437125 0.542 0.7844311375 0.534 0.7964071859375 0.534 0.802395209375 0.538 0.8083832328125 0.544 0.8113772453125
3 0.5980000000000001 0.8083832328125 0.604 0.81736526875 0.618 0.81736526875 0.62 0.8113772453125 0.62 0.78742515 0.622 0.7844311375 0.62 0.7784431140625 0.62 0.769461078125 0.616 0.769461078125 0.596 0.78742515 0.5940000000000001 0.7934131734375 0.5940000000000001 0.802395209375 0.596 0.8083832328125 0.5980000000000001 0.8083832328125
3 0.658 0.8862275453124999 0.6639999999999999 0.877245509375 0.666 0.871257484375 0.666 0.8622754484374999 0.654 0.8532934125 0.6519999999999999 0.8473053890625 0.646 0.8473053890625 0.644 0.8443113765625 0.638 0.8443113765625 0.636 0.8473053890625 0.626 0.8892215562500001 0.634 0.8982035921874999 0.642 0.8982035921874999 0.658 0.8862275453124999
3 0.708 0.9101796406249999 0.716 0.9131736531250001 0.724 0.9071856281249999 0.732 0.8952095812499999 0.734 0.8862275453124999 0.734 0.871257484375 0.732 0.8682634734375 0.732 0.8592814375 0.702 0.8652694609375 0.7 0.8682634734375 0.6980000000000001 0.877245509375 0.704 0.8952095812499999 0.704 0.9041916171875 0.708 0.9101796406249999
3 0.75 0.8443113765625 0.764 0.8443113765625 0.766 0.841317365625 0.776 0.841317365625 0.784 0.8323353296875 0.782 0.8263473046875 0.782 0.8143712578125 0.768 0.8143712578125 0.766 0.8113772453125 0.758 0.8113772453125 0.754 0.8143712578125 0.754 0.82035928125 0.748 0.8293413171875 0.748 0.841317365625 0.75 0.8443113765625
3 0.806 0.8502994015625 0.808 0.8532934125 0.818 0.8592814375 0.828 0.8592814375 0.834 0.856287425 0.8380000000000001 0.8502994015625 0.8400000000000001 0.8443113765625 0.8400000000000001 0.8323353296875 0.8380000000000001 0.8293413171875 0.8240000000000001 0.82335329375 0.818 0.82335329375 0.8160000000000001 0.8263473046875 0.8160000000000001 0.8323353296875 0.808 0.8443113765625 0.806 0.8443113765625 0.806 0.8502994015625
3 0.958 0.8443113765625 0.962 0.8473053890625 0.976 0.8473053890625 0.986 0.841317365625 0.99 0.835329340625 0.984 0.81736526875 0.958 0.81736526875 0.9560000000000001 0.82035928125 0.954 0.8263473046875 0.954 0.835329340625 0.958 0.841317365625 0.958 0.8443113765625