0 0.544 0.683848796875 0.542 0.661512028125 0.526 0.644329896875 0.508 0.6408934703125 0.488 0.6563573890625001 0.48600000000000004 0.6804123718749999 0.502 0.6958762890625 0.524 0.6993127140625 0.544 0.683848796875
0 0.274 0.6082474234374999 0.27999999999999997 0.6134020625 0.286 0.615120275 0.29 0.6185567015625 0.302 0.6185567015625 0.302 0.6168384875 0.306 0.6134020625 0.306 0.6048109968750001 0.308 0.6030927828125 0.308 0.5893470796875 0.312 0.5824742265625 0.312 0.5704467359375001 0.31 0.568728521875 0.306 0.568728521875 0.298 0.5721649484375 0.29 0.5721649484375 0.27599999999999997 0.5773195875 0.272 0.5824742265625 0.272 0.5876288656249999 0.27 0.5893470796875 0.27 0.6013745703125 0.274 0.6082474234374999
0 0.396 0.7285223375000001 0.40599999999999997 0.7285223375000001 0.41200000000000003 0.7268041234375 0.418 0.721649484375 0.426 0.719931271875 0.43200000000000005 0.7079037796875001 0.438 0.701030928125 0.438 0.6924398625 0.434 0.6855670109374999 0.42400000000000004 0.6769759453125 0.414 0.67353951875 0.398 0.6769759453125 0.392 0.6821305843750001 0.39 0.6821305843750001 0.39 0.683848796875 0.382 0.6924398625 0.378 0.7044673546875 0.378 0.71305841875 0.384 0.723367696875 0.396 0.7285223375000001
2 0.46799999999999997 0.6477663234375 0.47400000000000003 0.6477663234375 0.492 0.6305841921875001 0.49000000000000005 0.6288659796875 0.492 0.6185567015625 0.48200000000000004 0.6116838484375 0.45999999999999996 0.6185567015625 0.458 0.6202749140625 0.458 0.6305841921875001 0.462 0.6408934703125 0.46799999999999997 0.6477663234375
2 0.442 0.5927835046875 0.44000000000000006 0.59450171875 0.44000000000000006 0.6048109968750001 0.44400000000000006 0.6082474234374999 0.44800000000000006 0.6082474234374999 0.44800000000000006 0.606529209375 0.45199999999999996 0.6030927828125 0.454 0.6030927828125 0.458 0.59450171875 0.462 0.5910652921875 0.466 0.5824742265625 0.466 0.5790377999999999 0.462 0.5790377999999999 0.454 0.5824742265625 0.45 0.5790377999999999 0.44800000000000006 0.5738831609374999 0.442 0.567010309375 0.44000000000000006 0.5721649484375 0.44000000000000006 0.5773195875 0.442 0.5790377999999999 0.442 0.5927835046875
2 0.368 0.5635738828125 0.378 0.5515463921875 0.384 0.5395189 0.384 0.536082475 0.38 0.5326460484375 0.374 0.5343642609375 0.37 0.5326460484375 0.364 0.536082475 0.352 0.5481099656249999 0.352 0.5532646046874999 0.364 0.5635738828125 0.368 0.5635738828125
2 0.434 0.565292096875 0.44000000000000006 0.565292096875 0.44400000000000006 0.5635738828125 0.462 0.5481099656249999 0.462 0.536082475 0.45599999999999996 0.529209621875 0.434 0.536082475 0.42400000000000004 0.5515463921875 0.422 0.5618556703124999 0.42400000000000004 0.5618556703124999 0.43 0.567010309375 0.434 0.565292096875
2 0.48600000000000004 0.6563573890625001 0.488 0.6563573890625001 0.506 0.6408934703125 0.504 0.6374570453125 0.49400000000000005 0.6305841921875001 0.488 0.6305841921875001 0.48200000000000004 0.6357388312500001 0.47800000000000004 0.642611684375 0.47800000000000004 0.6512027484375 0.484 0.6597938140624999 0.48600000000000004 0.6563573890625001
3 0.45 0.8625429546875001 0.458 0.86426116875 0.46399999999999997 0.8608247421874999 0.466 0.857388315625 0.466 0.8522336765625 0.46399999999999997 0.8522336765625 0.454 0.8419243984375001 0.45199999999999996 0.838487971875 0.45199999999999996 0.8333333328125001 0.44800000000000006 0.82817869375 0.44000000000000006 0.82817869375 0.44000000000000006 0.8470790375 0.446 0.8591065296875 0.45 0.8625429546875001
3 0.352 0.8797250859375 0.36 0.8797250859375 0.368 0.876288659375 0.368 0.86426116875 0.366 0.8625429546875001 0.358 0.8608247421874999 0.348 0.8659793812500001 0.34199999999999997 0.8659793812500001 0.33999999999999997 0.86426116875 0.33599999999999997 0.86426116875 0.32799999999999996 0.857388315625 0.32599999999999996 0.8591065296875 0.32599999999999996 0.86426116875 0.33999999999999997 0.8745704468750001 0.352 0.8797250859375
3 0.40199999999999997 0.836769759375 0.4 0.8333333328125001 0.394 0.8333333328125001 0.38 0.8436426109375 0.374 0.8487972515625 0.394 0.8487972515625 0.40199999999999997 0.8436426109375 0.40199999999999997 0.836769759375
3 0.34199999999999997 0.8213058421874999 0.348 0.8213058421874999 0.354 0.8092783499999999 0.354 0.8006872859374999 0.352 0.798969071875 0.34199999999999997 0.798969071875 0.33999999999999997 0.8024054984375001 0.32999999999999996 0.8092783499999999 0.33199999999999996 0.8127147765625 0.34199999999999997 0.8213058421874999