4 0.876 0.6533333328125 0.8720000000000001 0.6933333328125 0.8859999999999999 0.7706666671875 0.884 0.8186666671875 0.8960000000000001 0.8240000000000001 0.924 0.8106666671875 0.95 0.8213333328125 0.958 0.7813333328125001 0.9640000000000001 0.4933333328125 0.982 0.44800000000000006 0.978 0.384 0.968 0.36266666718749996 0.9400000000000001 0.344 0.9400000000000001 0.2906666671875 0.9199999999999999 0.25866666718750003 0.906 0.25866666718750003 0.89 0.2746666671875 0.882 0.352 0.8619999999999999 0.376 0.8560000000000001 0.4346666671875 0.868 0.48 0.8640000000000001 0.5973333328125 0.876 0.6533333328125
0 0.438 0.25866666718750003 0.42400000000000004 0.248 0.404 0.264 0.40199999999999997 0.2826666671875 0.41200000000000003 0.296 0.44000000000000006 0.272 0.438 0.25866666718750003
0 0.21600000000000003 0.2826666671875 0.21600000000000003 0.32 0.25 0.2986666671875 0.23399999999999999 0.2773333328125 0.21600000000000003 0.2826666671875
0 0.646 0.3253333328125 0.636 0.2986666671875 0.616 0.2986666671875 0.61 0.3066666671875 0.616 0.3386666671875 0.632 0.3386666671875 0.646 0.3253333328125
0 0.3 0.2666666671875 0.298 0.2986666671875 0.33799999999999997 0.2853333328125 0.324 0.25866666718750003 0.3 0.2666666671875
0 0.288 0.29333333281249996 0.274 0.29333333281249996 0.264 0.3066666671875 0.266 0.33599999999999997 0.296 0.32799999999999996 0.298 0.3093333328125 0.288 0.29333333281249996
0 0.61 0.30133333281249997 0.5900000000000001 0.2986666671875 0.58 0.312 0.5780000000000001 0.33599999999999997 0.584 0.3413333328125 0.616 0.3306666671875 0.61 0.30133333281249997
0 0.942 0.304 0.9380000000000001 0.27999999999999997 0.922 0.25866666718750003 0.8960000000000001 0.264 0.8859999999999999 0.29333333281249996 0.884 0.31466666718749997 0.8939999999999999 0.3306666671875 0.93 0.32799999999999996 0.942 0.304
3 0.9359999999999999 0.8240000000000001 0.952 0.8240000000000001 0.954 0.8213333328125 0.954 0.8133333328125 0.95 0.8 0.944 0.7973333328125001 0.9359999999999999 0.7973333328125001 0.9259999999999999 0.8026666671875 0.924 0.8053333328125 0.924 0.8106666671875 0.93 0.8213333328125 0.9359999999999999 0.8240000000000001
3 0.8880000000000001 0.8240000000000001 0.9 0.8213333328125 0.906 0.8133333328125 0.908 0.808 0.906 0.7946666671875 0.9039999999999999 0.792 0.9 0.792 0.898 0.7946666671875 0.884 0.7946666671875 0.884 0.8186666671875 0.8880000000000001 0.8240000000000001
3 0.794 0.9093333328125001 0.806 0.9093333328125001 0.8140000000000001 0.8986666671875 0.8160000000000001 0.8986666671875 0.82 0.8906666671875 0.8140000000000001 0.8693333328125 0.8119999999999999 0.8720000000000001 0.806 0.8720000000000001 0.792 0.8826666671875 0.788 0.8880000000000001 0.788 0.8986666671875 0.79 0.9066666671875 0.794 0.9093333328125001
3 0.606 0.7946666671875 0.608 0.7973333328125001 0.624 0.7973333328125001 0.626 0.8 0.6559999999999999 0.8 0.6559999999999999 0.792 0.6519999999999999 0.7866666671875 0.638 0.7786666671875 0.634 0.768 0.628 0.7786666671875 0.61 0.792 0.606 0.7893333328125001 0.606 0.7946666671875
3 0.5519999999999999 0.7946666671875 0.554 0.792 0.554 0.784 0.546 0.7733333328125 0.546 0.7653333328125 0.528 0.7573333328125 0.526 0.7626666671875 0.532 0.784 0.542 0.7946666671875 0.5519999999999999 0.7946666671875
3 0.454 0.8773333328125 0.45999999999999996 0.8800000000000001 0.47800000000000004 0.8960000000000001 0.48200000000000004 0.8986666671875 0.488 0.8986666671875 0.49000000000000005 0.9013333328125 0.5 0.9013333328125 0.5 0.8986666671875 0.504 0.8960000000000001 0.504 0.8880000000000001 0.502 0.8880000000000001 0.492 0.8746666671875 0.458 0.8746666671875 0.454 0.8720000000000001 0.454 0.8613333328125 0.45 0.8613333328125 0.45199999999999996 0.8666666671875 0.45 0.8720000000000001 0.454 0.8773333328125
3 0.42800000000000005 0.9066666671875 0.44400000000000006 0.9066666671875 0.446 0.9039999999999999 0.446 0.8960000000000001 0.438 0.8746666671875 0.43 0.8746666671875 0.42400000000000004 0.8800000000000001 0.41600000000000004 0.8800000000000001 0.41 0.8826666671875 0.40800000000000003 0.8853333328125 0.41 0.8960000000000001 0.41600000000000004 0.9013333328125 0.42800000000000005 0.9066666671875
3 0.384 0.8240000000000001 0.386 0.8213333328125 0.388 0.8133333328125 0.386 0.8106666671875 0.386 0.8026666671875 0.384 0.8 0.368 0.792 0.366 0.7946666671875 0.354 0.7973333328125001 0.352 0.8 0.352 0.8133333328125 0.372 0.8240000000000001 0.384 0.8240000000000001
3 0.33599999999999997 0.8320000000000001 0.34199999999999997 0.8186666671875 0.34199999999999997 0.8160000000000001 0.33599999999999997 0.808 0.322 0.808 0.314 0.8133333328125 0.312 0.8213333328125 0.314 0.8240000000000001 0.314 0.8320000000000001 0.33599999999999997 0.8320000000000001
3 0.10400000000000001 0.8320000000000001 0.11000000000000001 0.8320000000000001 0.11200000000000002 0.8346666671875 0.13 0.8346666671875 0.13 0.8266666671875 0.126 0.8213333328125 0.122 0.8106666671875 0.122 0.8026666671875 0.10600000000000001 0.808 0.10600000000000001 0.8133333328125 0.1 0.8213333328125 0.1 0.8293333328125 0.10400000000000001 0.8320000000000001
3 0.072 0.8480000000000001 0.076 0.8453333328125 0.08 0.8240000000000001 0.074 0.8160000000000001 0.064 0.8160000000000001 0.05600000000000001 0.8213333328125 0.054000000000000006 0.8266666671875 0.054000000000000006 0.8453333328125 0.05600000000000001 0.8480000000000001 0.072 0.8480000000000001
3 0.264 0.6506666671875 0.27599999999999997 0.6373333328124999 0.274 0.6346666671875 0.274 0.6266666671875 0.26 0.6266666671875 0.256 0.6293333328124999 0.25 0.6373333328124999 0.25 0.648 0.252 0.6506666671875 0.264 0.6506666671875