0 0.088 0.304 0.092 0.312 0.1 0.31466666718749997 0.10200000000000001 0.312 0.11399999999999999 0.312 0.118 0.3093333328125 0.126 0.29333333281249996 0.126 0.2613333328125 0.11399999999999999 0.24533333281249997 0.10400000000000001 0.24266666718750002 0.096 0.248 0.096 0.2506666671875 0.09 0.25866666718750003 0.086 0.2693333328125 0.086 0.27999999999999997 0.08399999999999999 0.2853333328125 0.086 0.288 0.088 0.304
0 0.306 0.2853333328125 0.314 0.2853333328125 0.318 0.27999999999999997 0.318 0.272 0.314 0.256 0.306 0.24533333281249997 0.296 0.24533333281249997 0.29 0.256 0.288 0.2613333328125 0.288 0.2773333328125 0.29 0.27999999999999997 0.306 0.2853333328125
0 0.41031399999999996 0.2611146671875 0.41600000000000004 0.2613333328125 0.426 0.264 0.42800000000000005 0.256 0.42549400000000004 0.247616 0.42400000000000004 0.23733333281250002 0.422 0.23199999999999998 0.418 0.2293333328125 0.41 0.2293333328125 0.40599999999999997 0.2346666671875 0.404 0.24266666718750002 0.404 0.256 0.40599999999999997 0.25866666718750003 0.41031399999999996 0.2611146671875
0 0.49800000000000005 0.2853333328125 0.5 0.2773333328125 0.5 0.25866666718750003 0.49400000000000005 0.2506666671875 0.48600000000000004 0.2506666671875 0.48200000000000004 0.2533333328125 0.476 0.264 0.47400000000000003 0.2693333328125 0.47400000000000003 0.2746666671875 0.476 0.2773333328125 0.49800000000000005 0.2853333328125
0 0.55 0.2906666671875 0.562 0.2853333328125 0.5700000000000001 0.272 0.5780000000000001 0.272 0.5780000000000001 0.25866666718750003 0.572 0.24266666718750002 0.5660000000000001 0.2346666671875 0.5559999999999999 0.2346666671875 0.546 0.24533333281249997 0.546 0.2533333328125 0.544 0.256 0.544 0.2826666671875 0.55 0.2906666671875
2 0.476 0.4 0.488 0.4 0.49000000000000005 0.3973333328125 0.496 0.3973333328125 0.504 0.3866666671875 0.502 0.3786666671875 0.49800000000000005 0.376 0.488 0.376 0.48600000000000004 0.37333333281250003 0.47800000000000004 0.37333333281250003 0.47400000000000003 0.376 0.46799999999999997 0.384 0.46799999999999997 0.38933333281250004 0.47000000000000003 0.3946666671875 0.476 0.4
2 0.514 0.3786666671875 0.518 0.37066666718749997 0.518 0.3546666671875 0.514 0.3493333328125 0.508 0.3493333328125 0.502 0.3573333328125 0.502 0.368 0.5 0.37333333281250003 0.506 0.38133333281250004 0.514 0.3786666671875
3 0 0.728 0.014000000000000002 0.728 0.018 0.7253333328125 0.018 0.7146666671874999 0.016 0.7066666671874999 0.012 0.7013333328125 0.012 0.6986666671874999 0.008 0.696 0.006 0.6906666671874999 0.004 0.6906666671874999 0 0.6853333328125 0 0.728
3 0.016 0.712 0.02 0.7173333328125 0.036 0.7093333328125 0.041999999999999996 0.704 0.028000000000000004 0.688 0.02 0.688 0.016 0.6906666671874999 0.014000000000000002 0.6933333328125 0.014000000000000002 0.7013333328125 0.016 0.704 0.016 0.712
3 0.094 0.7786666671875 0.10600000000000001 0.7786666671875 0.128 0.7653333328125 0.126 0.7546666671875 0.124 0.7546666671875 0.118 0.744 0.118 0.6933333328125 0.12 0.6906666671874999 0.12 0.6719999999999999 0.118 0.6666666671875 0.10600000000000001 0.6666666671875 0.10400000000000001 0.6693333328125 0.094 0.6693333328125 0.092 0.6719999999999999 0.091926 0.7351706671875 0.092 0.7653333328125 0.09 0.768 0.094 0.7786666671875
3 0.07563 0.6874186671875 0.07763 0.7620853328125 0.07963 0.7620853328125 0.08563 0.7594186671875 0.08963 0.7540853328125 0.08763 0.6554186671875 0.07963 0.6554186671875 0.07563 0.6580853328125 0.07563 0.6660853328125 0.07363 0.668752 0.07363 0.684752 0.07563 0.6874186671875
3 0.538 0.696 0.542 0.6906666671874999 0.542 0.6799999999999999 0.546 0.6719999999999999 0.548 0.6053333328125 0.538 0.6053333328125 0.536 0.6026666671875 0.53 0.6026666671875 0.528 0.6106666671875 0.527872 0.6526693328125 0.526 0.6853333328125 0.532 0.696 0.538 0.696
3 0.562 0.6933333328125 0.564 0.6586666671875 0.5660000000000001 0.6533333328125 0.5660000000000001 0.6266666671875 0.564 0.624 0.564 0.6053333328125 0.5599999999999999 0.608 0.554 0.608 0.5519999999999999 0.6053333328125 0.55 0.608 0.55 0.624 0.548 0.6266666671875 0.548 0.648 0.546 0.6506666671875 0.544 0.696 0.548 0.7013333328125 0.5519999999999999 0.7013333328125 0.562 0.6933333328125