2 0.826 0.39339339375 0.8099999999999999 0.375375375 0.796 0.375375375 0.786 0.390390390625 0.792 0.4264264265625 0.82 0.4414414421875 0.826 0.39339339375
0 0.8779999999999999 0.2552552546875 0.8539999999999999 0.22822822812500002 0.8160000000000001 0.23723723749999998 0.786 0.2882882890625 0.786 0.3363363359375 0.818 0.31531531562500004 0.898 0.30630630625 0.8779999999999999 0.2552552546875
2 0.85 0.42042042031250004 0.8300000000000001 0.4324324328125 0.8320000000000001 0.47747747812499997 0.876 0.48348348281250003 0.868 0.4354354359375 0.85 0.42042042031250004
0 0.562 0.36336336406249997 0.546 0.3543543546875 0.528 0.3603603609375 0.52 0.384384384375 0.546 0.4084084078125 0.5660000000000001 0.402402403125 0.562 0.36336336406249997
0 0.35 0.39339339375 0.33199999999999996 0.40540540468749997 0.32999999999999996 0.4264264265625 0.354 0.4324324328125 0.358 0.4084084078125 0.35 0.39339339375
0 0.156 0.41141141093750005 0.136 0.41141141093750005 0.134 0.4324324328125 0.152 0.43843843906249996 0.16 0.4294294296875 0.156 0.41141141093750005
4 0.13999999999999999 0.5555555562500001 0.142 0.5135135140625 0.16 0.48048048125 0.176 0.47747747812499997 0.178 0.43843843906249996 0.154 0.41141141093750005 0.13799999999999998 0.4084084078125 0.11200000000000002 0.459459459375 0.11200000000000002 0.4894894890625 0.126 0.5135135140625 0.132 0.552552553125 0.13999999999999999 0.5555555562500001
4 0.6759999999999999 0.91891891875 0.6839999999999999 0.9009009015625 0.693334 0.8158168171875 0.71 0.7607597593750001 0.728334 0.7407417421875 0.755 0.7907897890625 0.766 0.9009009015625 0.77 0.93093093125 0.786 0.939939940625 0.784 0.85585585625 0.798 0.7867867875 0.778 0.702702703125 0.8560000000000001 0.5825825828125 0.8859999999999999 0.5705705703125 0.898 0.552552553125 0.892 0.5075075078125 0.882 0.49549549531250003 0.8560000000000001 0.40540540468749997 0.8640000000000001 0.402402403125 0.8779999999999999 0.36336336406249997 0.882 0.321321321875 0.898 0.30630630625 0.868 0.240240240625 0.8320000000000001 0.22822822812500002 0.8 0.2552552546875 0.784 0.303303303125 0.784 0.3603603609375 0.758 0.36936936875000004 0.72 0.42042042031250004 0.6679999999999999 0.6366366359375 0.666 0.7387387390625 0.6519999999999999 0.8018018015624999 0.666 0.9129129125000001 0.6759999999999999 0.91891891875
4 0.454 0.7147147140625 0.47400000000000003 0.702702703125 0.506 0.6396396390625 0.52 0.5945945953125 0.532 0.46846846875 0.564 0.40540540468749997 0.564 0.36936936875000004 0.554 0.3573573578125 0.53 0.3603603609375 0.514 0.396396396875 0.46799999999999997 0.41141141093750005 0.446 0.43843843906249996 0.44400000000000006 0.5075075078125 0.422 0.5855855859375 0.44800000000000006 0.6216216218749999 0.454 0.7147147140625
4 0.374 0.471471471875 0.348 0.39339339375 0.33199999999999996 0.40540540468749997 0.324 0.4354354359375 0.32599999999999996 0.5885885890625 0.33799999999999997 0.6006006 0.34199999999999997 0.5615615609375 0.374 0.471471471875
2 0.5283100000000001 0.40185585625 0.5239320000000001 0.41040540468750003 0.525246 0.42421321250000005 0.54451 0.43144444374999996 0.5423199999999999 0.406459459375 0.537066 0.3972522515625 0.5283100000000001 0.40185585625
2 0.188948 0.441297296875 0.182032 0.4388738734375 0.182032 0.44891591562500005 0.188026 0.45479879843750004 0.191022 0.4478768765625 0.188948 0.441297296875
2 0.189408 0.475915915625 0.182032 0.47833933906250004 0.184338 0.4901111109375 0.19471 0.484225225 0.193558 0.4755705703125 0.189408 0.475915915625
2 0.358196 0.43134834843750003 0.35675599999999996 0.4391951953125 0.360898 0.4492072078125 0.36143800000000004 0.4497477484375 0.360898 0.4486636640625 0.369724 0.447852853125 0.365402 0.436759759375 0.36378 0.4324324328125 0.358196 0.43134834843750003
3 0.68401 0.8843603609375 0.684434 0.8486516515625 0.67934 0.832075075 0.6542939999999999 0.8200390390625 0.6606620000000001 0.8792582578125 0.669152 0.9003002999999999 0.68401 0.8843603609375