0 0.476 0.4933333328125 0.48 0.49066666718749996 0.48200000000000004 0.4853333328125 0.48 0.48266666718750006 0.48 0.47466666718750006 0.47800000000000004 0.4693333328125 0.466 0.4693333328125 0.46399999999999997 0.472 0.462 0.4773333328125 0.462 0.488 0.466 0.4933333328125 0.476 0.4933333328125
0 0.45 0.5173333328124999 0.454 0.512 0.454 0.504 0.45 0.49866666718749997 0.44400000000000006 0.49866666718749997 0.44000000000000006 0.504 0.44000000000000006 0.5146666671875 0.442 0.5173333328124999 0.45 0.5173333328124999
0 0.27 0.5146666671875 0.274 0.5093333328125 0.272 0.5013333328125 0.268 0.496 0.26 0.496 0.258 0.49866666718749997 0.258 0.5093333328125 0.256 0.512 0.258 0.5146666671875 0.27 0.5146666671875
0 0.256 0.5066666671875 0.256 0.496 0.254 0.4933333328125 0.244 0.4933333328125 0.24 0.496 0.238 0.504 0.24 0.5093333328125 0.254 0.5146666671875 0.256 0.5066666671875
0 0.21800000000000003 0.49066666718749996 0.22000000000000003 0.488 0.22000000000000003 0.4773333328125 0.21400000000000002 0.4693333328125 0.20800000000000002 0.4693333328125 0.202 0.4773333328125 0.202 0.4853333328125 0.20400000000000001 0.49066666718749996 0.21800000000000003 0.49066666718749996
0 0.074 0.47466666718750006 0.064 0.47466666718750006 0.05600000000000001 0.48 0.052000000000000005 0.4933333328125 0.08 0.4933333328125 0.08 0.48266666718750006 0.074 0.47466666718750006
0 0.196 0.5093333328125 0.198 0.504 0.196 0.49866666718749997 0.196 0.49066666718749996 0.192 0.488 0.182 0.488 0.178 0.4933333328125 0.178 0.504 0.186 0.5093333328125 0.196 0.5093333328125
0 0 0.49866666718749997 0.004 0.5013333328125 0.01 0.5013333328125 0.016 0.496 0.016 0.49066666718749996 0.01 0.47466666718750006 0.006 0.4693333328125 0 0.46666666718750005 0 0.49866666718749997
0 0.016 0.512 0.02 0.5093333328125 0.022 0.49866666718749997 0.018 0.488 0.014000000000000002 0.48266666718750006 0.012 0.48266666718750006 0.012 0.4933333328125 0.008 0.5013333328125 0.008 0.5066666671875 0.016 0.512
4 0.256 0.5973333328125 0.256 0.632 0.26 0.64 0.27999999999999997 0.6373333328124999 0.284 0.632 0.27999999999999997 0.528 0.272 0.504 0.268 0.49866666718749997 0.258 0.496 0.258 0.5093333328125 0.256 0.512 0.256 0.5306666671875 0.258 0.5333333328125 0.254 0.5946666671874999 0.256 0.5973333328125
4 0.22599999999999998 0.6426666671875 0.23199999999999998 0.6453333328124999 0.252 0.64 0.254 0.632 0.256 0.5333333328125 0.252 0.5226666671875 0.254 0.52 0.254 0.496 0.252 0.4933333328125 0.246 0.4933333328125 0.24 0.49866666718749997 0.23399999999999999 0.5253333328124999 0.22799999999999998 0.5386666671875 0.22999999999999998 0.5599999999999999 0.22599999999999998 0.5626666671875 0.22799999999999998 0.5733333328125 0.22599999999999998 0.6426666671875
4 0.19 0.6506666671875 0.192 0.6533333328125 0.21600000000000003 0.6506666671875 0.22400000000000003 0.6453333328124999 0.22799999999999998 0.6213333328124999 0.23199999999999998 0.536 0.23399999999999999 0.5333333328125 0.23199999999999998 0.512 0.21800000000000003 0.5013333328125 0.21600000000000003 0.47466666718750006 0.21200000000000002 0.4693333328125 0.20400000000000001 0.47466666718750006 0.196 0.5146666671875 0.19 0.5253333328124999 0.192 0.5466666671875 0.19 0.6506666671875
4 0.16799999999999998 0.6586666671875 0.172 0.6586666671875 0.186 0.6533333328125 0.19 0.632 0.194 0.544 0.192 0.52 0.196 0.5093333328125 0.196 0.496 0.19 0.488 0.182 0.488 0.178 0.496 0.178 0.5146666671875 0.174 0.5226666671875 0.16999999999999998 0.5226666671875 0.16599999999999998 0.528 0.162 0.5466666671875 0.162 0.5786666671875 0.16599999999999998 0.6 0.16799999999999998 0.6586666671875
4 0.046 0.696 0.074 0.688 0.08 0.6773333328125 0.078 0.648 0.086 0.5573333328125 0.086 0.5306666671875 0.078 0.52 0.078 0.48 0.072 0.47466666718750006 0.05600000000000001 0.4773333328125 0.052000000000000005 0.488 0.054000000000000006 0.5146666671875 0.04 0.52 0.032 0.536 0.03 0.5573333328125 0.044 0.632 0.04 0.6933333328125 0.046 0.696
4 0.44400000000000006 0.6266666671875 0.45 0.624 0.45199999999999996 0.616 0.45 0.5626666671875 0.454 0.5519999999999999 0.45199999999999996 0.5466666671875 0.45199999999999996 0.5386666671875 0.454 0.536 0.454 0.504 0.45 0.49866666718749997 0.446 0.49866666718749997 0.44000000000000006 0.504 0.44000000000000006 0.52 0.438 0.5226666671875 0.434 0.5226666671875 0.43 0.536 0.42800000000000005 0.624 0.43200000000000005 0.6266666671875 0.434 0.624 0.44400000000000006 0.6266666671875
4 0.462 0.6426666671875 0.462 0.6719999999999999 0.46799999999999997 0.6746666671875 0.48600000000000004 0.6426666671875 0.49000000000000005 0.5946666671874999 0.48600000000000004 0.5786666671875 0.47800000000000004 0.5733333328125 0.47400000000000003 0.5626666671875 0.488 0.544 0.49000000000000005 0.5253333328124999 0.48 0.5066666671875 0.48200000000000004 0.4853333328125 0.47800000000000004 0.472 0.46799999999999997 0.4693333328125 0.462 0.48266666718750006 0.46399999999999997 0.5066666671875 0.454 0.5333333328125 0.454 0.5973333328125 0.462 0.6426666671875
2 0.44134799999999996 0.5751786671875 0.439666 0.5688293328125 0.433216 0.570696 0.43545999999999996 0.5863893328125 0.441068 0.5852693328125 0.44134799999999996 0.5751786671875