0 0.184 0.5495495499999999 0.186 0.552552553125 0.19 0.552552553125 0.20600000000000002 0.540540540625 0.22200000000000003 0.5375375375 0.22799999999999998 0.5285285281250001 0.22799999999999998 0.51951951875 0.21400000000000002 0.4924924921875 0.20600000000000002 0.4924924921875 0.20435799999999998 0.49147747812500003 0.202 0.4924924921875 0.194 0.4924924921875 0.186 0.5015015015625 0.182 0.5135135140625 0.182 0.534534534375 0.184 0.5375375375 0.184 0.5495495499999999
0 0.09628 0.46147147187500004 0.101338 0.45699699687499995 0.10096000000000001 0.44731531562500004 0.099822 0.44161861875 0.098 0.4354354359375 0.094 0.4324324328125 0.08716 0.430234234375 0.08399999999999999 0.4294294296875 0.08 0.4294294296875 0.074 0.4324324328125 0.074 0.4354354359375 0.06999999999999999 0.4414414421875 0.06999999999999999 0.45045045000000006 0.06956 0.4559459453125 0.072 0.465465465625 0.09628 0.46147147187500004
0 0.43388 0.414147146875 0.434 0.40672672656250003 0.43200000000000005 0.39471471406249997 0.42800000000000005 0.388708709375 0.422 0.388708709375 0.418 0.3917117109375 0.41600000000000004 0.40672672656250003 0.422 0.4157357359375 0.43004 0.4167897890625 0.43388 0.414147146875
0 0.52816 0.4175375375 0.52816 0.405525525 0.52616 0.39951951874999997 0.52216 0.3965165171875 0.5181600000000001 0.3965165171875 0.51616 0.39951951874999997 0.5141600000000001 0.4175375375 0.5181600000000001 0.42354354375 0.52416 0.42354354375 0.52816 0.4175375375
0 0.8364879999999999 0.468765765625 0.842488 0.468765765625 0.8444879999999999 0.462759759375 0.8444879999999999 0.45074774843750004 0.842488 0.4477447453125 0.842488 0.43573273281249997 0.840488 0.4327297296875 0.8364879999999999 0.4297267265625 0.8304880000000001 0.4297267265625 0.824488 0.4327297296875 0.8204879999999999 0.4387357359375 0.818488 0.462759759375 0.824488 0.47176876874999996 0.834488 0.47176876874999996 0.8364879999999999 0.468765765625
0 0.77885 0.6791291296875 0.78285 0.6821321328125001 0.8228500000000001 0.6611111109375 0.8288500000000001 0.6551051046875 0.83485 0.6551051046875 0.8448499999999999 0.646096096875 0.842554 0.6611981984375 0.856638 0.659471471875 0.8635379999999999 0.6581741734375 0.869862 0.6534264265624999 0.86685 0.646096096875 0.86685 0.640090090625 0.85685 0.616066065625 0.846866 0.5973003 0.8308500000000001 0.5770270265625 0.8068500000000001 0.5740240234375 0.7888499999999999 0.5860360359375 0.78085 0.6010510515624999 0.77485 0.616066065625 0.77485 0.6521021015625 0.77685 0.6551051046875 0.77885 0.6791291296875
3 0.22200000000000003 0.98198198125 0.22999999999999998 0.9879879875 0.23399999999999999 0.984984984375 0.24 0.984984984375 0.244 0.9879879875 0.252 0.98198198125 0.248 0.9669669671875001 0.247246 0.9649369374999999 0.24103400000000003 0.963315315625 0.24 0.9669669671875001 0.236 0.9639639640625 0.23199999999999998 0.9549549546874999 0.21400000000000002 0.9549549546874999 0.21000000000000002 0.9579579578124999 0.20800000000000002 0.9639639640625 0.20800000000000002 0.9729729734375001 0.21400000000000002 0.98198198125 0.22200000000000003 0.98198198125
3 0.26894399999999996 0.9452792796875 0.269868 0.95151951875 0.271614 0.9526456453125001 0.27956400000000003 0.958453453125 0.28395000000000004 0.944240240625 0.28948999999999997 0.9466666671875 0.29687800000000003 0.9525615609375 0.304264 0.9511741734375001 0.303342 0.942852853125 0.302186 0.937996996875 0.2948 0.9327987984374999 0.28972000000000003 0.9314114109375 0.285796 0.9355705703125 0.274022 0.9404264265625001 0.268714 0.9390390390625001 0.26894399999999996 0.9452792796875
1 0.766332 0.9677927921875 0.77434 0.959774775 0.779678 0.8811981984375 0.78395 0.8379039031250001 0.797296 0.7769669671874999 0.814912 0.7633363359375 0.826 0.777777778125 0.844 0.83183183125 0.834 0.996996996875 0.9560000000000001 0.99399399375 0.958 0.7987987984375 0.95 0.7627627625 0.9259999999999999 0.7207207203125 0.898 0.6996997 0.8539999999999999 0.7147147140625 0.808 0.753753753125 0.782 0.7987987984375 0.773806 0.825075075 0.7652639999999999 0.90445045 0.7631300000000001 0.9509549546875 0.766332 0.9677927921875
1 0.21800000000000003 0.6456456453125 0.21200000000000002 0.675675675 0.21600000000000003 0.7057057062500001 0.22200000000000003 0.7147147140625 0.22599999999999998 0.7297297296874999 0.246 0.7267267265624999 0.266 0.7177177171875 0.282 0.7057057062500001 0.288 0.696696696875 0.286 0.61861861875 0.27999999999999997 0.6006006 0.27999999999999997 0.5915915921875 0.272 0.5765765765624999 0.258 0.5645645640625 0.23199999999999998 0.5585585578125001 0.22799999999999998 0.5645645640625 0.22000000000000003 0.5615615609375 0.21800000000000003 0.5705705703125 0.202 0.5795795796875 0.2 0.5915915921875 0.21000000000000002 0.60660660625 0.21800000000000003 0.6276276281250001 0.21800000000000003 0.6456456453125
3 0.072 0.76876876875 0.076 0.765765765625 0.078 0.759759759375 0.078 0.7477477484375 0.062 0.7477477484375 0.062 0.765765765625 0.064 0.76876876875 0.072 0.76876876875
3 0.11399999999999999 0.759759759375 0.122 0.75075075 0.124 0.75075075 0.118 0.7417417421875 0.11200000000000002 0.7387387390625 0.098 0.7417417421875 0.096 0.7447447453125 0.094 0.753753753125 0.096 0.753753753125 0.1 0.759759759375 0.11399999999999999 0.759759759375
1 0.42800000000000005 0.48648648593750005 0.43 0.48348348281250003 0.43600000000000005 0.48348348281250003 0.44000000000000006 0.47747747812499997 0.44000000000000006 0.4414414421875 0.43600000000000005 0.4324324328125 0.426 0.4324324328125 0.41200000000000003 0.44444444375 0.40800000000000003 0.459459459375 0.40800000000000003 0.47747747812499997 0.41200000000000003 0.48648648593750005 0.42800000000000005 0.48648648593750005
1 0.51 0.459459459375 0.516 0.471471471875 0.522 0.471471471875 0.526 0.46846846875 0.534 0.453453453125 0.536 0.44744744687500004 0.536 0.4354354359375 0.532 0.42042042031250004 0.512 0.41741741718750003 0.51 0.42042042031250004 0.508 0.4264264265625 0.508 0.44744744687500004 0.51 0.45045045000000006 0.51 0.459459459375
1 0.855706 0.5160390390625 0.856308 0.5015825828125 0.85029 0.47583183125 0.8427680000000001 0.481702703125 0.834344 0.5056486484375 0.8208040000000001 0.47583183125 0.813582 0.481702703125 0.808768 0.556246246875 0.826822 0.561216215625 0.8466799999999999 0.5517297296875 0.855706 0.5160390390625
2 0.8451660000000001 0.535528528125 0.845466 0.522324325 0.8289300000000001 0.52785585625 0.836748 0.5441081078125001 0.8451660000000001 0.535528528125