0 0.0663 0.44113483125 0.063555 0.48020973749999996 0.10404 0.47352434531250004 0.1067825 0.46221348281249997 0.0944325 0.4354794 0.0663 0.44113483125
0 0.10652500000000001 0.38745318281249996 0.0910875 0.37459925156249996 0.0787375 0.3730561796875 0.0705025 0.3787116109375 0.0626125 0.39824719062499997 0.0725625 0.40390262187500003 0.09932250000000001 0.41470037499999995 0.10652500000000001 0.38745318281249996
0 0.1568725 0.336059925 0.143835 0.3139513109375 0.127025 0.317037453125 0.117075 0.3457790265625 0.1362875 0.348397003125 0.15755999999999998 0.34942696562500003 0.1568725 0.336059925
2 0.1095275 0.4070112359375 0.1016375 0.429632959375 0.11433249999999999 0.4352883890625 0.11913499999999999 0.41317977499999997 0.1095275 0.4070112359375
2 0.148295 0.4347715359375 0.1345725 0.44453932656250006 0.15069749999999998 0.45431086093750006 0.15653 0.44608239687499995 0.148295 0.4347715359375
0 0.285785 0.2602584265625 0.2631425 0.26077528125 0.259254725 0.28945644531250003 0.292305 0.2977902625 0.285785 0.2602584265625
2 0.2538325 0.391419475 0.24874000000000002 0.388558053125 0.2315525 0.398097378125 0.23632749999999997 0.4119288390625 0.25256 0.4176516859375 0.2538325 0.391419475
2 0.32194500000000004 0.4436441953125 0.318445 0.42361048749999997 0.30412249999999996 0.426947565625 0.303485 0.4488913859375 0.3120775 0.4574756546875 0.32194500000000004 0.4436441953125
0 0.38743 0.30104868906250004 0.3801775 0.27477528125 0.3590175 0.2693408234375 0.350555 0.28066292187499997 0.34481 0.307842696875 0.3569025 0.3146367046875 0.3771525 0.30965543125 0.38743 0.30104868906250004
2 0.3488825 0.47138951249999994 0.344535 0.45835955000000006 0.329175 0.46834831406250005 0.33729 0.47877153593750005 0.344535 0.48268164843749994 0.3488825 0.47138951249999994
0 0.45519999999999994 0.3310411984375 0.4548 0.297471909375 0.4382 0.288179775 0.4276 0.29597378281250003 0.4184 0.319352059375 0.42400000000000004 0.32474531875 0.43739999999999996 0.33014232187500003 0.45519999999999994 0.3310411984375
0 0.49805 0.337037453125 0.50725 0.3457265921875 0.50605 0.334037453125 0.50005 0.32265168593750004 0.48965 0.31785393281249996 0.48085000000000006 0.3235505625 0.47404999999999997 0.33913483125 0.47625 0.33883520625 0.48405 0.336737828125 0.49805 0.337037453125
0 0.5465675 0.35035205937499997 0.5550849999999999 0.33280524375 0.558065 0.3216367046875 0.550825 0.307917603125 0.544225 0.30664045 0.52421 0.3168501875 0.52272 0.3478014984375 0.533365 0.361202246875 0.5465675 0.35035205937499997
0 0.502215 0.557513109375 0.51027 0.5458089890625 0.5131975 0.5352022468750001 0.51149 0.5216666671875 0.507585 0.5117902625 0.50075 0.504842696875 0.48805750000000003 0.502647940625 0.48207750000000005 0.50564045 0.4731675 0.52898501875 0.4822 0.5443483140625001 0.49171750000000003 0.5604419468749999 0.502215 0.557513109375
2 0.48610499999999995 0.5461760296875 0.48146750000000005 0.5366666671875 0.4748775 0.530812734375 0.46926249999999997 0.5294082390625 0.465845 0.5619026218750001 0.47512 0.5673895124999999 0.485615 0.5549550562500001 0.48610499999999995 0.5461760296875
2 0.379985 0.656299625 0.37376 0.6530561796875001 0.3563 0.665172284375 0.36374249999999997 0.6859138578125 0.3832325 0.6782059921875 0.3770075 0.66319475625 0.379985 0.656299625
3 0.37160000000000004 0.60819475625 0.3724 0.588411984375 0.36575 0.5551310859374999 0.3516 0.5605393265624999 0.3512 0.588411984375 0.3552 0.6102921343750001 0.37160000000000004 0.60819475625
3 0.40599999999999997 0.609692884375 0.3966 0.5911086140624999 0.39380000000000004 0.5773220968749999 0.39675 0.554007490625 0.3816 0.5563445687499999 0.376 0.57492509375 0.3848 0.61598501875 0.40599999999999997 0.609692884375
3 0.261235 0.6090561796875 0.25261999999999996 0.5905206 0.22898749999999998 0.5835692890625 0.227 0.6064082390625 0.24709750000000003 0.6179925093749999 0.258585 0.6209700375 0.261235 0.6090561796875