0 0.714 0.2102102109375 0.682 0.1741741734375 0.654 0.1771771765625 0.634 0.2012012015625 0.632 0.2582582578125 0.65 0.303303303125 0.712 0.23723723749999998 0.714 0.2102102109375
0 0.5660000000000001 0.240240240625 0.5660000000000001 0.22522522500000003 0.548 0.2102102109375 0.534 0.2102102109375 0.522 0.22522522500000003 0.516 0.26426426406250003 0.526 0.2792792796875 0.536 0.2822822828125 0.5660000000000001 0.240240240625
0 0.496 0.2852852859375 0.47800000000000004 0.2612612609375 0.45199999999999996 0.2762762765625 0.45199999999999996 0.30630630625 0.466 0.3333333328125 0.47800000000000004 0.3003003 0.496 0.2852852859375
0 0.44800000000000006 0.3483483484375 0.45199999999999996 0.3423423421875 0.45199999999999996 0.3363363359375 0.44400000000000006 0.321321321875 0.43600000000000005 0.321321321875 0.43200000000000005 0.32732732656249997 0.43200000000000005 0.3363363359375 0.43 0.3393393390625 0.43200000000000005 0.3513513515625 0.44800000000000006 0.3483483484375
0 0.38 0.4084084078125 0.384 0.402402403125 0.386 0.402402403125 0.386 0.39939939999999996 0.394 0.3873873875 0.4 0.3873873875 0.40199999999999997 0.38138138125 0.40199999999999997 0.36936936875000004 0.398 0.36336336406249997 0.39 0.3573573578125 0.374 0.3573573578125 0.37 0.36936936875000004 0.368 0.37837837812499997 0.368 0.39339339375 0.376 0.4084084078125 0.38 0.4084084078125
0 0.356 0.39339339375 0.356 0.396396396875 0.36 0.39939939999999996 0.36 0.390390390625 0.358 0.3873873875 0.36 0.375375375 0.366 0.36636636562499997 0.372 0.36336336406249997 0.376 0.3573573578125 0.376 0.3543543546875 0.364 0.3513513515625 0.362 0.3543543546875 0.356 0.3543543546875 0.352 0.36336336406249997 0.35 0.372372371875 0.352 0.37837837812499997 0.352 0.3873873875 0.356 0.39339339375
0 0.068 0.09609609687500001 0.08 0.1051051046875 0.09 0.1051051046875 0.088 0.08708708750000001 0.08 0.072072071875 0.072 0.066066065625 0.05600000000000001 0.066066065625 0.052000000000000005 0.06906906874999999 0.048 0.075075075 0.048 0.090090090625 0.052000000000000005 0.09309309375 0.068 0.09609609687500001
2 0.046 0.141141140625 0.046 0.153153153125 0.05600000000000001 0.159159159375 0.06 0.159159159375 0.06 0.1321321328125 0.05600000000000001 0.11411411406250001 0.054000000000000006 0.1111111109375 0.05 0.1111111109375 0.038 0.1171171171875 0.038 0.12312312343750001 0.04 0.12312312343750001 0.046 0.141141140625
2 0.383 0.5304054046875 0.3842 0.5117867875 0.371 0.5081831828125 0.3704 0.5243994 0.37120000000000003 0.5376126125 0.383 0.5304054046875
2 0.4154 0.3895645640625 0.43520000000000003 0.39797297343750004 0.43479999999999996 0.377477478125 0.42380000000000007 0.365840840625 0.41740000000000005 0.36884384375 0.4154 0.3895645640625
2 0.4034 0.5634384390625 0.4098 0.5547297296875 0.4104 0.533708709375 0.4032 0.5313063062500001 0.396 0.5373123125 0.39180000000000004 0.5520270265625 0.4034 0.5634384390625
2 0.528 0.534534534375 0.532 0.5285285281250001 0.532 0.5165165171874999 0.53 0.5135135140625 0.516 0.5135135140625 0.516 0.534534534375 0.518 0.5375375375 0.528 0.534534534375
2 0.514 0.3333333328125 0.516 0.3363363359375 0.532 0.3453453453125 0.538 0.3453453453125 0.542 0.3363363359375 0.542 0.32432432499999997 0.526 0.303303303125 0.516 0.303303303125 0.512 0.309309309375 0.516 0.32432432499999997 0.514 0.32732732656249997 0.514 0.3333333328125
2 0.746 0.5465465468749999 0.75 0.5495495499999999 0.768 0.5495495499999999 0.77 0.5465465468749999 0.776 0.5465465468749999 0.78 0.5375375375 0.79 0.5015015015625 0.79 0.4924924921875 0.784 0.4924924921875 0.782 0.4894894890625 0.778 0.471471471875 0.766 0.48048048125 0.758 0.4924924921875 0.756 0.4924924921875 0.746 0.5135135140625 0.746 0.522522521875 0.744 0.525525525 0.744 0.540540540625 0.746 0.5465465468749999
2 0.662 0.597597596875 0.662 0.6006006 0.6679999999999999 0.609609609375 0.6679999999999999 0.6126126125 0.67 0.6126126125 0.6759999999999999 0.609609609375 0.688 0.5915915921875 0.688 0.5765765765624999 0.686 0.5735735734375 0.686 0.5555555562500001 0.688 0.5465465468749999 0.686 0.54354354375 0.674 0.540540540625 0.6719999999999999 0.5375375375 0.662 0.5375375375 0.6599999999999999 0.54354354375 0.6599999999999999 0.5555555562500001 0.6559999999999999 0.5675675671875 0.6559999999999999 0.5855855859375 0.662 0.597597596875
3 0.756 0.8948948953125001 0.786 0.909909909375 0.788 0.90690690625 0.794 0.90690690625 0.8019999999999999 0.8978978984375001 0.8140000000000001 0.8888888890625 0.818 0.8768768765624999 0.806 0.8738738734375 0.778 0.84384384375 0.774 0.85585585625 0.754 0.8798798796874999 0.754 0.8918918921874999 0.756 0.8948948953125001
3 0.682 0.84384384375 0.6839999999999999 0.846846846875 0.686 0.84384384375 0.692 0.84384384375 0.6940000000000001 0.8408408406250001 0.706 0.8408408406250001 0.712 0.8348348343750001 0.722 0.8348348343750001 0.732 0.828828828125 0.736 0.8228228234375001 0.736 0.8168168171874999 0.706 0.8108108109375 0.6980000000000001 0.8048048046874999 0.6940000000000001 0.8048048046874999 0.688 0.8108108109375 0.682 0.8108108109375 0.674 0.8198198203124999 0.6719999999999999 0.8198198203124999 0.666 0.828828828125 0.666 0.8348348343750001 0.6759999999999999 0.84384384375 0.682 0.84384384375
3 0.5599999999999999 0.76876876875 0.572 0.759759759375 0.5780000000000001 0.759759759375 0.5980000000000001 0.7417417421875 0.602 0.7357357359375001 0.602 0.7327327328125001 0.572 0.7297297296874999 0.564 0.7357357359375001 0.548 0.759759759375 0.548 0.7627627625 0.5519999999999999 0.76876876875 0.5599999999999999 0.76876876875
3 0.616 0.7447447453125 0.62 0.7327327328125001 0.618 0.7207207203125 0.614 0.7237237234375 0.608 0.7237237234375 0.606 0.7207207203125 0.604 0.7327327328125001 0.5980000000000001 0.7417417421875 0.6 0.7447447453125 0.616 0.7447447453125
3 0.538 0.7177177171875 0.54 0.7207207203125 0.546 0.7207207203125 0.548 0.7177177171875 0.558 0.7177177171875 0.562 0.7147147140625 0.5599999999999999 0.702702703125 0.548 0.69369369375 0.542 0.69369369375 0.54 0.690690690625 0.528 0.6996997 0.52 0.7117117109375 0.52 0.7147147140625 0.524 0.7177177171875 0.538 0.7177177171875
3 0.4266 0.6865615609375 0.4408 0.68175675625 0.465 0.6625375375 0.46340000000000003 0.60578078125 0.442 0.6021021015625 0.4408 0.6544294296875 0.42560000000000003 0.672147146875 0.41719999999999996 0.685060059375 0.4266 0.6865615609375
3 0.4112 0.67424925 0.4372 0.6643393390625 0.44000000000000006 0.6553303296874999 0.43899999999999995 0.600675675 0.41580000000000006 0.5996997000000001 0.41319999999999996 0.653828828125 0.4022 0.664939940625 0.40140000000000003 0.67424925 0.4112 0.67424925
3 0.4126 0.6523273265625 0.4164 0.6045795796875 0.41180000000000005 0.6027027031250001 0.4084 0.6292042046875 0.3966 0.6547297296875 0.40359999999999996 0.660135134375 0.4126 0.6523273265625