0 0.1897625 0.2831033328125 0.1775 0.27 0.16346750000000002 0.26433333281250004 0.145 0.27 0.14250000000000002 0.29333333281249996 0.19 0.3133333328125 0.19420500000000002 0.30039 0.1897625 0.2831033328125
0 0.34500000000000003 0.3433333328125 0.34750000000000003 0.3466666671875 0.355 0.3466666671875 0.35750000000000004 0.35 0.3725 0.35 0.375 0.3466666671875 0.3725 0.3433333328125 0.3725 0.3266666671875 0.3625 0.30333333281249997 0.35750000000000004 0.3 0.33999999999999997 0.3 0.3275 0.31 0.3275 0.3333333328125 0.325 0.3366666671875 0.325 0.3433333328125 0.34500000000000003 0.3433333328125
0 0.395 0.3633333328125 0.4025 0.3633333328125 0.40750000000000003 0.35 0.4225 0.33999999999999997 0.4375 0.33999999999999997 0.4425 0.3366666671875 0.44000000000000006 0.3233333328125 0.42750000000000005 0.3066666671875 0.41 0.3066666671875 0.40499999999999997 0.31 0.3975 0.3233333328125 0.3975 0.3433333328125 0.39249999999999996 0.3533333328125 0.39249999999999996 0.36 0.395 0.3633333328125
0 0.3225 0.35 0.325 0.3466666671875 0.325 0.3266666671875 0.3275 0.3233333328125 0.325 0.31 0.3125 0.31 0.3075 0.3133333328125 0.3 0.3233333328125 0.3 0.3433333328125 0.3025 0.35 0.3225 0.35
0 0.5 0.36 0.5025000000000001 0.3566666671875 0.52 0.3566666671875 0.5225 0.3533333328125 0.5375 0.3533333328125 0.54 0.35 0.5375 0.32999999999999996 0.5325 0.3233333328125 0.5325 0.32 0.5275000000000001 0.3166666671875 0.52 0.3133333328125 0.5075000000000001 0.3133333328125 0.5 0.3166666671875 0.495 0.3233333328125 0.4925 0.3333333328125 0.4925 0.3566666671875 0.495 0.36 0.5 0.36
0 0.5725 0.3633333328125 0.575 0.3533333328125 0.5700000000000001 0.33999999999999997 0.5650000000000001 0.3366666671875 0.5575 0.3366666671875 0.55 0.3466666671875 0.5475 0.3533333328125 0.55 0.36 0.5549999999999999 0.3633333328125 0.5725 0.3633333328125
0 0.6174999999999999 0.3133333328125 0.6325000000000001 0.3133333328125 0.6375 0.31 0.6475 0.27 0.6475 0.2633333328125 0.63 0.2633333328125 0.6174999999999999 0.2766666671875 0.6174999999999999 0.2866666671875 0.6125 0.2966666671875 0.6125 0.3066666671875 0.6174999999999999 0.3133333328125
0 0.6375 0.2966666671875 0.645 0.29 0.6799999999999999 0.29 0.6925 0.3 0.7 0.3 0.6975 0.29333333281249996 0.6975 0.2766666671875 0.6950000000000001 0.2666666671875 0.6849999999999999 0.2533333328125 0.6775 0.25 0.6625 0.25 0.6575 0.2533333328125 0.6475 0.2666666671875 0.6475 0.27 0.6425 0.2733333328125 0.6425 0.2766666671875 0.6375 0.2833333328125 0.64 0.29333333281249996 0.6375 0.2966666671875
0 0.8125 0.35 0.8150000000000001 0.3466666671875 0.8150000000000001 0.3366666671875 0.8099999999999999 0.3266666671875 0.795 0.3266666671875 0.79 0.3333333328125 0.7875 0.33999999999999997 0.7875 0.3466666671875 0.79 0.35 0.8125 0.35
3 0.24 0.8166666671874999 0.24 0.8 0.22749999999999998 0.7866666671875 0.2225 0.7833333328125 0.215 0.7833333328125 0.1975 0.7866666671875 0.1975 0.8 0.21000000000000002 0.8133333328125 0.24 0.8166666671874999
3 0.32 0.8366666671875 0.3325 0.8166666671874999 0.3325 0.7933333328125001 0.32 0.7933333328125001 0.315 0.7866666671875 0.315 0.7833333328125 0.3125 0.7833333328125 0.3025 0.8166666671874999 0.3025 0.8366666671875 0.3075 0.8400000000000001 0.32 0.8366666671875
3 0.41 0.8099999999999999 0.4125 0.8066666671875 0.41 0.7933333328125001 0.39 0.7666666671875 0.37 0.7766666671875 0.3675 0.78 0.3675 0.8 0.39249999999999996 0.8099999999999999 0.41 0.8099999999999999
3 0.42000000000000004 0.78 0.42750000000000005 0.7733333328125 0.42750000000000005 0.75 0.4225 0.7466666671875 0.4125 0.7466666671875 0.41 0.7566666671875 0.41 0.7733333328125 0.41500000000000004 0.78 0.42000000000000004 0.78
3 0.48 0.7633333328125 0.5 0.7666666671875 0.5 0.76 0.4925 0.74 0.485 0.73 0.4625 0.73 0.4625 0.7433333328125 0.465 0.7533333328125 0.48 0.7633333328125
3 0.575 0.7933333328125001 0.5775 0.7966666671875 0.5900000000000001 0.7966666671875 0.5925 0.7933333328125001 0.5925 0.78 0.5900000000000001 0.7733333328125 0.58 0.76 0.5775 0.75 0.5599999999999999 0.7566666671875 0.5575 0.7633333328125 0.5675 0.78 0.5675 0.7933333328125001 0.575 0.7933333328125001
3 0.6525000000000001 0.8300000000000001 0.6599999999999999 0.8300000000000001 0.6849999999999999 0.82 0.6875 0.8166666671874999 0.6875 0.8066666671875 0.6825 0.8099999999999999 0.67 0.8099999999999999 0.6575 0.8 0.6525000000000001 0.8 0.635 0.8133333328125 0.6325000000000001 0.8166666671874999 0.6325000000000001 0.8300000000000001 0.65 0.8333333328125001 0.6525000000000001 0.8300000000000001
3 0.7025 0.8666666671875 0.7175 0.8566666671875 0.7224999999999999 0.85 0.7224999999999999 0.8400000000000001 0.6950000000000001 0.8266666671875 0.6849999999999999 0.8366666671875 0.6799999999999999 0.85 0.6799999999999999 0.8633333328124999 0.6825 0.8666666671875 0.7025 0.8666666671875
3 0.8949999999999999 0.8566666671875 0.9125 0.85 0.9199999999999999 0.8433333328125 0.9199999999999999 0.8300000000000001 0.9175000000000001 0.8266666671875 0.8975 0.8266666671875 0.8925000000000001 0.82 0.8925000000000001 0.8166666671874999 0.89 0.8166666671874999 0.8675 0.8366666671875 0.86 0.8466666671875 0.86 0.8566666671875 0.865 0.86 0.8949999999999999 0.8566666671875
3 0.82 0.58 0.825 0.58 0.8275 0.5766666671875 0.8275 0.5733333328125 0.8175000000000001 0.5633333328125001 0.8150000000000001 0.5666666671875 0.805 0.5666666671875 0.8025 0.5633333328125001 0.8 0.5666666671875 0.8 0.5733333328125 0.8099999999999999 0.5733333328125 0.82 0.58
3 0.7849999999999999 0.5700000000000001 0.7825 0.5700000000000001 0.775 0.5733333328125 0.775 0.58 0.7849999999999999 0.58 0.7849999999999999 0.5700000000000001