4 0.642 0.8666666671875 0.63 0.8960000000000001 0.616 0.9066666671875 0.622 0.9173333328125001 0.65 0.9253333328125001 0.658 0.9493333328125001 0.692 0.9173333328125001 0.6799999999999999 0.792 0.696 0.7173333328125 0.696 0.64 0.688 0.584 0.658 0.504 0.638 0.496 0.624 0.5146666671875 0.638 0.5893333328125 0.624 0.6506666671875 0.624 0.712 0.642 0.8666666671875
4 0.288 0.8906666671875 0.314 0.9013333328125 0.33999999999999997 0.8720000000000001 0.38 0.8720000000000001 0.382 0.8640000000000001 0.35 0.8373333328125 0.344 0.8160000000000001 0.33199999999999996 0.7226666671875 0.33599999999999997 0.6826666671875 0.32599999999999996 0.5573333328125 0.3 0.5546666671875 0.296 0.5866666671874999 0.274 0.632 0.274 0.6826666671875 0.258 0.7466666671875 0.284 0.7706666671875 0.288 0.8906666671875
4 0.43200000000000005 0.7013333328125 0.45199999999999996 0.8373333328125 0.442 0.8640000000000001 0.47000000000000003 0.8560000000000001 0.48 0.8693333328125 0.514 0.8746666671875 0.49800000000000005 0.8320000000000001 0.49400000000000005 0.784 0.49800000000000005 0.6026666671875 0.476 0.5786666671875 0.47400000000000003 0.5466666671875 0.46399999999999997 0.5333333328125 0.45199999999999996 0.5386666671875 0.434 0.5973333328125 0.42800000000000005 0.6373333328124999 0.438 0.6533333328125 0.438 0.6746666671875 0.43200000000000005 0.7013333328125
4 0.096 0.9973333328124999 0.142 0.9973333328124999 0.16999999999999998 0.8800000000000001 0.16999999999999998 0.688 0.19 0.6453333328124999 0.19 0.6293333328124999 0.16999999999999998 0.6133333328125 0.162 0.5813333328125 0.16399999999999998 0.52 0.154 0.49066666718749996 0.13 0.4853333328125 0.11399999999999999 0.49866666718749997 0.11000000000000001 0.5519999999999999 0.09 0.5866666671874999 0.09 0.744 0.098 0.7786666671875 0.1 0.8666666671875 0.096 0.9973333328124999
4 0.55 0.8053333328125 0.55 0.8533333328125 0.542 0.8720000000000001 0.562 0.8720000000000001 0.5780000000000001 0.8880000000000001 0.592 0.8666666671875 0.58 0.8053333328125 0.602 0.7386666671875 0.596 0.608 0.572 0.584 0.5700000000000001 0.5466666671875 0.558 0.5333333328125 0.544 0.536 0.514 0.5893333328125 0.512 0.6213333328124999 0.534 0.6426666671875 0.542 0.6693333328125 0.55 0.8053333328125
3 0.693342 0.9047786671875 0.6804140000000001 0.910296 0.6646784125 0.9081036875 0.666712 0.9089173328125 0.664126 0.9092613328124999 0.663868 0.9096080000000001 0.664126 0.9088559999999999 0.654302 0.9347786671874999 0.653786 0.9468479999999999 0.661282 0.9496079999999999 0.671882 0.9413306671875 0.69903 0.9185733328125 0.693342 0.9047786671875
3 0.624828 0.9134 0.6390480000000001 0.9123653328125 0.656112 0.9175386671875 0.660766 0.906504 0.659474 0.8954693328125 0.644736 0.8920213328125 0.643702 0.890296 0.62974 0.8975386671875001 0.615262 0.903056 0.615522 0.912712 0.624828 0.9134
3 0.512686 0.8778826671875001 0.518892 0.8740906671875001 0.514754 0.8651253328124999 0.504672 0.8613306671875 0.49717399999999995 0.8513333328125 0.49277800000000005 0.842712 0.47856 0.8385733328124999 0.48140400000000005 0.8713306671875 0.49433 0.869952 0.506482 0.8751253328124999 0.512686 0.8778826671875001
3 0.456584 0.8671946671875 0.478042 0.8540906671874999 0.47080200000000005 0.8320213328125 0.45632400000000006 0.8364666671875 0.450636 0.8509866671875 0.44107 0.859608 0.44520799999999994 0.869264 0.456584 0.8671946671875
3 0.322272 0.9044346671874999 0.322272 0.8923653328125001 0.313998 0.8847786671875 0.308828 0.8754693328125001 0.29098799999999997 0.8706426671875 0.28711000000000003 0.8882293328124999 0.29615800000000003 0.8971946671875 0.312446 0.9013306671875 0.322272 0.9044346671874999
3 0.383286 0.873056 0.38432 0.8644346671875001 0.370618 0.8637466671875 0.36338 0.8558160000000001 0.351486 0.8637466671875 0.341662 0.8654693328124999 0.345022 0.8813306671875001 0.360276 0.8778826671875001 0.37268599999999996 0.8775386671875 0.383286 0.873056