0 0.384 0.3423423421875 0.386 0.3453453453125 0.40599999999999997 0.39339339375 0.40599999999999997 0.402402403125 0.398 0.42042042031250004 0.398 0.4264264265625 0.4 0.4294294296875 0.404 0.4294294296875 0.41 0.42042042031250004 0.41200000000000003 0.41141141093750005 0.426 0.3873873875 0.42800000000000005 0.37837837812499997 0.426 0.36336336406249997 0.422 0.3513513515625 0.414 0.3363363359375 0.41 0.3333333328125 0.404 0.3333333328125 0.398 0.32732732656249997 0.382 0.32732732656249997 0.38 0.32432432499999997 0.374 0.3333333328125 0.374 0.3393393390625 0.376 0.3423423421875 0.384 0.3423423421875
0 0.52 0.5075075078125 0.52 0.5105105109375 0.524 0.5135135140625 0.53 0.5135135140625 0.542 0.46846846875 0.546 0.465465465625 0.546 0.459459459375 0.542 0.453453453125 0.526 0.45045045000000006 0.518 0.45645645625000003 0.512 0.465465465625 0.51 0.47447447499999995 0.51 0.4894894890625 0.512 0.49549549531250003 0.52 0.5075075078125
0 0.916 0.384384384375 0.922 0.384384384375 0.984 0.3483483484375 0.998 0.3543543546875 0.998 0.3363363359375 0.994 0.3363363359375 0.986 0.32432432499999997 0.974 0.31531531562500004 0.968 0.31531531562500004 0.966 0.3123123125 0.95 0.3123123125 0.9339999999999999 0.31831831875 0.9259999999999999 0.32432432499999997 0.914 0.3483483484375 0.914 0.36336336406249997 0.9119999999999999 0.36636636562499997 0.9119999999999999 0.372372371875 0.916 0.384384384375
1 0.844 0.5495495499999999 0.844 0.5615615609375 0.852 0.5615615609375 0.8699999999999999 0.5465465468749999 0.876 0.5465465468749999 0.892 0.5375375375 0.9019999999999999 0.5285285281250001 0.892 0.5105105109375 0.868 0.48648648593750005 0.8539999999999999 0.48048048125 0.852 0.48348348281250003 0.844 0.48048048125 0.842 0.48348348281250003 0.836 0.48348348281250003 0.834 0.4894894890625 0.834 0.5285285281250001 0.836 0.5375375375 0.844 0.5495495499999999
1 0.9380000000000001 0.5045045046875 0.9480000000000001 0.5045045046875 0.954 0.5015015015625 0.978 0.48348348281250003 0.966 0.47747747812499997 0.9640000000000001 0.47447447499999995 0.96 0.47447447499999995 0.95 0.453453453125 0.952 0.45045045000000006 0.95 0.44444444375 0.9359999999999999 0.46846846875 0.9339999999999999 0.47447447499999995 0.9339999999999999 0.48648648593750005 0.9380000000000001 0.49549549531250003 0.9380000000000001 0.5045045046875
1 0.604 0.534534534375 0.604 0.5495495499999999 0.5980000000000001 0.5645645640625 0.6 0.5735735734375 0.596 0.5855855859375 0.5940000000000001 0.61861861875 0.5820000000000001 0.6486486484375 0.5780000000000001 0.690690690625 0.5860000000000001 0.6996997 0.592 0.6996997 0.608 0.675675675 0.64 0.6696696703125 0.646 0.6726726734375 0.648 0.6486486484375 0.638 0.5945945953125 0.632 0.5675675671875 0.618 0.534534534375 0.5980000000000001 0.5045045046875 0.5860000000000001 0.49549549531250003 0.576 0.4924924921875 0.568 0.5015015015625 0.5660000000000001 0.5135135140625 0.5780000000000001 0.5105105109375 0.5940000000000001 0.5165165171874999 0.604 0.534534534375
1 0.324 0.609609609375 0.31 0.5885885890625 0.304 0.540540540625 0.304 0.48048048125 0.318 0.39939939999999996 0.33999999999999997 0.3573573578125 0.356 0.3513513515625 0.318 0.3393393390625 0.26 0.36636636562499997 0.16399999999999998 0.4894894890625 0.148 0.525525525 0.194 0.54354354375 0.322 0.6456456453125 0.324 0.609609609375
1 0.31335999999999997 0.823459459375 0.31720000000000004 0.8450870875 0.32872 0.852777778125 0.33464 0.8462882890625 0.34487999999999996 0.8136066062499999 0.34392 0.8032732734374999 0.34008 0.7939009015625 0.34664 0.7881321328124999 0.35019999999999996 0.786246246875 0.34344 0.7799609609375 0.33368000000000003 0.7905375375 0.32599999999999996 0.8059159156250001 0.31335999999999997 0.823459459375
1 0.38104 0.8090390390625 0.37736000000000003 0.823459459375 0.38072 0.8280240234375 0.3916 0.8128858859375001 0.38696 0.7991861859375 0.38039999999999996 0.7871711718750001 0.37224 0.788372371875 0.36888 0.79221921875 0.37751999999999997 0.79438138125 0.38104 0.8090390390625
0 0.35596 0.76975075 0.35019999999999996 0.7747987984375 0.35004 0.7747987984375 0.36107999999999996 0.791378378125 0.36428 0.7791231234375 0.36364 0.7709519515625 0.35596 0.76975075
0 0.3704 0.7781381374999999 0.36444 0.7793633640625 0.36507999999999996 0.789216215625 0.37324 0.7868138140625 0.3704 0.7781381374999999