0 0.47912999999999994 0.5970653328125 0.47826599999999997 0.6048826671875001 0.5033019999999999 0.6076159999999999 0.50215 0.6003266671875 0.49582 0.5964893328125 0.47912999999999994 0.5970653328125
3 0.500136 0.7244493328125 0.488338 0.721572 0.48459599999999997 0.7162 0.468194 0.7169666671875 0.468482 0.7171106671875 0.46589200000000003 0.7277106671875 0.481432 0.7280946671875 0.501574 0.7296293328125001 0.500136 0.7244493328125
3 0.547628 0.6654 0.550358 0.6574586671875 0.5364198140624999 0.658388628125 0.534974 0.6675493328125001 0.547628 0.6654
2 0.53 0.6048333328125 0.5212 0.5997333328125001 0.511 0.6065666671875001 0.5208 0.6133666671875 0.5236 0.6109666671875 0.53 0.6048333328125
0 0.5352 0.5165666671875 0.5302 0.5119 0.52 0.5113666671875 0.5098 0.5159 0.5078 0.5193666671875 0.5088 0.5213333328124999 0.5206000000000001 0.5300333328125 0.5288 0.5312333328125 0.533 0.5251 0.5352 0.5165666671875
2 0.47859999999999997 0.5597666671875 0.47779999999999995 0.5537666671875 0.4742 0.5497666671875 0.46580000000000005 0.5520333328125 0.46580000000000005 0.5581666671875001 0.47000000000000003 0.5619 0.47859999999999997 0.5597666671875
2 0.56105 0.5653893328125 0.557256 0.5594906671875 0.5501780000000001 0.5589839999999999 0.54512 0.5616813328125 0.54689 0.5670746671875 0.5554859999999999 0.568424 0.56105 0.5653893328125
0 0.74142 0.635284 0.735748 0.640956 0.738898 0.6438973328125 0.76379 0.639276 0.7600100000000001 0.633184 0.74709 0.6308733328125 0.74142 0.635284
0 0.8910899999999999 0.542856 0.8939260000000001 0.5327733328125001 0.889198 0.5271013328125 0.8750199999999999 0.5275213328125 0.8649359999999999 0.535924 0.871238 0.5413866671875 0.875964 0.5436973328125 0.8910899999999999 0.542856
0 0.9301619999999999 0.5313026671875 0.9220831437499999 0.5309763421875 0.90905 0.534664 0.907474 0.5436973328125 0.913146 0.5453773328125 0.92638 0.5430666671875 0.932052 0.5382346671875 0.9301619999999999 0.5313026671875
2 0.938038 0.548948 0.956944 0.5508386671875 0.9588340000000001 0.545588 0.954424 0.5434866671874999 0.9386680000000001 0.540336 0.938038 0.548948
3 0.862416 0.639276 0.850126 0.6392226671875 0.8403600000000001 0.6434773328125 0.847292 0.6499893328125 0.8608399999999999 0.6499893328125 0.862416 0.639276
3 0.8667339999999999 0.3879573328125 0.8651300000000001 0.384212 0.8643280000000001 0.3767213328125 0.856704 0.373244 0.84306 0.3807346671875 0.8599140000000001 0.3919706671875 0.8663339999999999 0.3925053328125 0.8667339999999999 0.3879573328125
3 0.8863960000000001 0.3839453328125 0.9032500000000001 0.3839453328125 0.888002 0.3745813328125 0.875964 0.3748493328125 0.8691420000000001 0.3831426671875 0.8863960000000001 0.3839453328125
0 0.898434 0.2632973328125 0.885594 0.2630293328125 0.877168 0.26838 0.8799759999999999 0.2723933328125 0.888002 0.2689146671875 0.9056580000000001 0.2756026671875 0.9036519999999999 0.266508 0.898434 0.2632973328125
0 0.740758 0.14583200000000002 0.7298739999999999 0.14890933281250002 0.7503219999999999 0.151548 0.749332 0.1486906671875 0.740758 0.14583200000000002
2 0.6929339999999999 0.1357173328125 0.692604 0.1401146671875 0.70184 0.1434133328125 0.707446 0.1412146671875 0.705796 0.1335186671875 0.698542 0.13022 0.6929339999999999 0.1357173328125
3 0.643462 0.2091 0.633568 0.215532 0.62928 0.22806533281250002 0.651708 0.214432 0.643462 0.2091
0 0.5765100000000001 0.14385333281249998 0.5867340000000001 0.151328 0.59498 0.1453373328125 0.59432 0.1396746671875 0.588714 0.139016 0.5765100000000001 0.14385333281249998
2 0.615758 0.068216 0.61246 0.06293866718749999 0.6038859999999999 0.06315866718749999 0.598278 0.068216 0.600916 0.07327333281250001 0.61213 0.0723933328125 0.615758 0.068216
2 0.62994 0.056562667187500006 0.620376 0.049692 0.61378 0.0598613328125 0.625652 0.062060000000000004 0.627962 0.06118 0.62994 0.056562667187500006
0 0.56068 0.0143466671875 0.557052 0.02556 0.5560620000000001 0.0296826671875 0.584426 0.0297386671875 0.584426 0.020064000000000002 0.5784900000000001 0.0158853328125 0.56068 0.0143466671875
2 0.59685 0.055104 0.592676 0.05664400000000001 0.594762 0.062258667187500005 0.608476 0.062656 0.60937 0.0566933328125 0.59685 0.055104
3 0.497216 0.1720066671875 0.48582000000000003 0.16991733281250002 0.47252599999999995 0.1750453328125 0.475944 0.180616 0.485062 0.1803626671875 0.497216 0.1720066671875
0 0.108146 0.1550666671875 0.103322 0.1577746671875 0.10128999999999999 0.16674533281249998 0.110684 0.1733453328125 0.113984 0.159468 0.12439199999999999 0.157732 0.12033 0.1542213328125 0.113476 0.15354399999999999 0.108146 0.1550666671875
2 0.103322 0.2083786671875 0.10966800000000002 0.2014386671875 0.105352 0.19686933281250002 0.094944 0.20363866718749998 0.096214 0.2078706671875 0.103322 0.2083786671875
3 0.13556200000000002 0.2307173328125 0.15384 0.2198866671875 0.15181 0.21531733281249998 0.140386 0.21751733281250002 0.14013199999999998 0.2173053328125 0.139116 0.22344 0.12718400000000002 0.2295333328125 0.128454 0.233256 0.13556200000000002 0.2307173328125