0 0.8883928578125 0.3333333328125 0.8705357140625001 0.3244047625 0.8482142859374999 0.34821428593750003 0.8504464281249999 0.38392857187499996 0.8950892859374999 0.3869047625 0.8973214281249999 0.3571428578125 0.8883928578125 0.3333333328125
0 0.6629464281249999 0.3363095234375 0.6361607140625 0.327380953125 0.6316964281249999 0.33928571406249997 0.6428571421875 0.38095238125 0.6607142859375 0.38095238125 0.6629464281249999 0.3363095234375
0 0.6808035718750001 0.36904761875 0.6852678578125 0.3571428578125 0.6763392859375 0.3333333328125 0.6629464281249999 0.3333333328125 0.6629464281249999 0.3422619046875 0.6651785718750001 0.360119046875 0.6808035718750001 0.36904761875
0 0.5334821421875 0.33928571406249997 0.5290178578125 0.3571428578125 0.5625 0.3630952375 0.5558035718750001 0.3333333328125 0.5334821421875 0.33928571406249997
0 0.40625 0.33928571406249997 0.40401785781250005 0.3630952375 0.415178571875 0.377976190625 0.41741071406249997 0.3333333328125 0.40625 0.33928571406249997
0 0.2321428578125 0.2946428578125 0.22767857187499999 0.31845238125 0.25892857187499996 0.309523809375 0.25 0.2946428578125 0.2321428578125 0.2946428578125
3 0.8504464281249999 0.8422619046875001 0.8549107140625001 0.8392857140625001 0.8549107140625001 0.827380953125 0.84375 0.80654761875 0.8303571421875 0.80654761875 0.8236607140625001 0.809523809375 0.8214285718750001 0.8214285718750001 0.8303571421875 0.8333333328125001 0.84375 0.8422619046875001 0.8504464281249999 0.8422619046875001
3 0.8080357140625001 0.8482142859374999 0.8125 0.8422619046875001 0.8147321421875 0.8333333328125001 0.8147321421875 0.8214285718750001 0.8013392859374999 0.8214285718750001 0.7991071421875 0.81845238125 0.7946428578125 0.81845238125 0.7924107140625 0.8214285718750001 0.7901785718750001 0.8303571421875 0.7901785718750001 0.8452380953124999 0.7991071421875 0.8511904765624999 0.8080357140625001 0.8482142859374999
3 0.6651785718750001 0.877976190625 0.6696428578125 0.877976190625 0.6763392859375 0.86904761875 0.6763392859375 0.860119046875 0.6785714281249999 0.8571428578125 0.6785714281249999 0.8422619046875001 0.6763392859375 0.8333333328125001 0.65625 0.8482142859374999 0.65625 0.8630952375 0.6584821421875 0.872023809375 0.6651785718750001 0.877976190625
3 0.5602678578125 0.9077380953124999 0.5647321421875 0.9077380953124999 0.5669642859375 0.9047619046875001 0.578125 0.9047619046875001 0.5915178578125 0.8958333328125001 0.6004464281249999 0.8958333328125001 0.6071428578125 0.8928571421875 0.609375 0.8869047625 0.609375 0.8660714281249999 0.6049107140625 0.860119046875 0.6026785718750001 0.860119046875 0.6026785718750001 0.8630952375 0.59375 0.86904761875 0.5758928578125 0.86904761875 0.5513392859375 0.8958333328125001 0.5513392859375 0.9017857140625001 0.5535714281249999 0.9047619046875001 0.5602678578125 0.9077380953124999
3 0.4375 0.889880953125 0.44196428593750003 0.8869047625 0.45089285781250005 0.875 0.45089285781250005 0.86904761875 0.4375 0.8571428578125 0.42410714218749995 0.8571428578125 0.42410714218749995 0.860119046875 0.41964285781250005 0.8630952375 0.41741071406249997 0.86904761875 0.41741071406249997 0.8839285718750001 0.421875 0.889880953125 0.4375 0.889880953125
3 0.5133928578125 0.6964285718750001 0.5178571421875 0.6875 0.5178571421875 0.6785714281249999 0.5044642859375 0.6696428578125 0.5022321421875 0.6755952375 0.5 0.684523809375 0.5022321421875 0.69345238125 0.5044642859375 0.6964285718750001 0.5133928578125 0.6964285718750001
3 0.5558035718750001 0.690476190625 0.5535714281249999 0.68154761875 0.5401785718750001 0.68154761875 0.5379464281249999 0.6875 0.5424107140625 0.6964285718750001 0.5535714281249999 0.6964285718750001 0.5558035718750001 0.690476190625
3 0.6674107140625 0.6964285718750001 0.671875 0.6964285718750001 0.6763392859375 0.6875 0.6741071421875 0.684523809375 0.6741071421875 0.6755952375 0.6763392859375 0.672619046875 0.6696428578125 0.6607142859375 0.6651785718750001 0.6607142859375 0.6629464281249999 0.6666666671875 0.6629464281249999 0.684523809375 0.6651785718750001 0.69345238125 0.6674107140625 0.6964285718750001
3 0.41071428593750003 0.747023809375 0.412946428125 0.74404761875 0.41964285781250005 0.74404761875 0.41964285781250005 0.7232142859375 0.41741071406249997 0.7172619046875 0.40848214218749995 0.7172619046875 0.40178571406249997 0.7291666671875 0.39955357187499996 0.7380952375 0.40178571406249997 0.74404761875 0.40848214218749995 0.74404761875 0.41071428593750003 0.747023809375
3 0.29017857187499996 0.7857142859375 0.29017857187499996 0.7708333328125 0.28571428593750003 0.764880953125 0.28125 0.7678571421875 0.28125 0.7708333328125 0.27232142812500004 0.7797619046875 0.2678571421875 0.7797619046875 0.2633928578125 0.7708333328125 0.2633928578125 0.7738095234375 0.25 0.7857142859375 0.2477678578125 0.797619046875 0.25 0.8005952375 0.26116071406249997 0.8005952375 0.29017857187499996 0.7857142859375
3 0.234375 0.8214285718750001 0.2366071421875 0.815476190625 0.2366071421875 0.8035714281249999 0.2321428578125 0.8005952375 0.22544642812500001 0.8005952375 0.2232142859375 0.797619046875 0.2142857140625 0.797619046875 0.20982142812500001 0.809523809375 0.21205357187499999 0.8125 0.22767857187499999 0.8214285718750001 0.234375 0.8214285718750001
3 0.2299107140625 0.702380953125 0.2299107140625 0.690476190625 0.22544642812500001 0.6875 0.21875 0.6875 0.2165178578125 0.684523809375 0.21205357187499999 0.690476190625 0.20982142812500001 0.6964285718750001 0.21205357187499999 0.7053571421875 0.22767857187499999 0.7053571421875 0.2299107140625 0.702380953125