0 0.12079999999999999 0.3596556890625 0.1152 0.369461078125 0.1266 0.372829340625 0.12840000000000001 0.369535928125 0.1268 0.363248503125 0.12079999999999999 0.3596556890625
2 0.10400000000000001 0.386601796875 0.1052 0.386601796875 0.1096 0.3845059875 0.10800000000000001 0.37492515000000004 0.1034 0.3752245515625 0.10400000000000001 0.386601796875
2 0.1256 0.40007485000000004 0.122 0.3964071859375 0.1192 0.402470059375 0.1234 0.40666167656249996 0.126 0.40636227500000005 0.1256 0.40007485000000004
0 0.2706 0.3623503 0.267 0.34827844375 0.26 0.34468562812500003 0.255 0.34857784375 0.2504 0.364745509375 0.26280000000000003 0.3707335328125 0.2678 0.3716317359375 0.2706 0.3623503
3 0.2526 0.52492515 0.25179999999999997 0.514745509375 0.2444 0.51407185625 0.24380000000000002 0.5198353296875 0.23820000000000002 0.52642215625 0.24300000000000002 0.5306137718749999 0.2526 0.52492515
3 0.275 0.5198353296875 0.2736 0.5144461078125 0.26539999999999997 0.5159431140625 0.266 0.5285179640625 0.2822 0.52642215625 0.2792 0.5198353296875 0.275 0.5198353296875
0 0.3442 0.3440868265625 0.3428 0.3520958078125 0.351 0.3533682640625 0.3528 0.34827844375 0.3514 0.34109281406249997 0.3442 0.3440868265625
0 0.45656800000000003 0.3422664671875 0.460576 0.3452664671875 0.466986 0.3382934125 0.46077599999999996 0.331170659375 0.45656800000000003 0.3350688625 0.45656800000000003 0.3422664671875
0 0.49663599999999997 0.426242515625 0.49763799999999997 0.41364670625000005 0.49443200000000004 0.41057185625 0.48601799999999995 0.4124461078125 0.48181 0.42773952031249995 0.489024 0.43613772500000003 0.49663599999999997 0.426242515625
2 0.5032479999999999 0.4850239515625 0.50485 0.476326346875 0.500242 0.46822754531250005 0.49924 0.468829340625 0.49703600000000003 0.4835239515625 0.5032479999999999 0.4850239515625
2 0.483214 0.47722455156250004 0.483814 0.46942814374999997 0.479608 0.46822754531250005 0.477002 0.471826346875 0.478606 0.4802245515625 0.483214 0.47722455156250004
0 0.33799999999999997 0.4281437125 0.34199999999999997 0.4281437125 0.368 0.410179640625 0.364 0.3982035921875 0.36 0.39221556875 0.352 0.38622754531250003 0.33999999999999997 0.38922155625 0.33599999999999997 0.39221556875 0.33199999999999996 0.4011976046875 0.33199999999999996 0.410179640625 0.32999999999999996 0.4161676640625 0.33199999999999996 0.4221556890625 0.33799999999999997 0.4281437125
0 0.40599999999999997 0.42514969999999996 0.422 0.42514969999999996 0.42400000000000004 0.4191616765625 0.42400000000000004 0.410179640625 0.42000000000000004 0.4041916171875 0.42000000000000004 0.4011976046875 0.41600000000000004 0.3982035921875 0.40800000000000003 0.3982035921875 0.40199999999999997 0.4011976046875 0.396 0.410179640625 0.394 0.4191616765625 0.396 0.4281437125 0.404 0.4281437125 0.40599999999999997 0.42514969999999996
2 0.41600000000000004 0.53592814375 0.42000000000000004 0.5299401203125 0.414 0.517964071875 0.40800000000000003 0.5149700593750001 0.40199999999999997 0.5149700593750001 0.4 0.517964071875 0.398 0.5299401203125 0.4 0.53592814375 0.40800000000000003 0.5419161671875 0.41600000000000004 0.53592814375
3 0.33399999999999996 0.769461078125 0.33599999999999997 0.766467065625 0.34466600000000003 0.769461078125 0.366 0.769461078125 0.368 0.766467065625 0.368 0.7604790421875001 0.364 0.7544910171875 0.358 0.7544910171875 0.356 0.7514970062499999 0.346 0.763473053125 0.33799999999999997 0.763473053125 0.33199999999999996 0.766467065625 0.33399999999999996 0.769461078125
3 0.41 0.6826347312500001 0.40800000000000003 0.67664670625 0.398 0.6706586828125001 0.386 0.6706586828125001 0.382 0.6736526953124999 0.38 0.67964071875 0.382 0.6886227546875 0.40199999999999997 0.6886227546875 0.41 0.6826347312500001
3 0.382 0.7065868265625 0.384 0.7035928140625 0.38 0.6916167671875 0.376 0.6886227546875 0.37 0.6886227546875 0.366 0.6916167671875 0.366 0.697604790625 0.37 0.7065868265625 0.382 0.7065868265625
2 0.382602 0.591179640625 0.378376 0.580742515625 0.36907999999999996 0.5842215562499999 0.367602 0.6009820359375 0.381756 0.5990838328125 0.382602 0.591179640625
2 0.364644 0.619958084375 0.369292 0.611101796875 0.36886800000000003 0.5994011968749999 0.361264 0.580742515625 0.359784 0.5804251500000001 0.351122 0.590862275 0.353658 0.6035119765625 0.358728 0.604461078125 0.364644 0.619958084375
2 0.864662 0.5584071859375 0.8668100000000001 0.5416916171875 0.8560739999999999 0.5378353296875 0.849848 0.5516556890625 0.8582219999999999 0.5690149703125 0.864662 0.5584071859375
2 0.792088 0.5346227546875 0.792304 0.5211197609375 0.782856 0.5220868265624999 0.780924 0.5371916171875 0.78758 0.5436227546875 0.792088 0.5346227546875
0 0.83675 0.39833532968749996 0.8401859999999999 0.3919041921875 0.835032 0.3677994015625 0.820002 0.3632994015625 0.8129160000000001 0.3716556890625 0.80669 0.3944760484375 0.81077 0.4031556890625 0.8204319999999999 0.4054071859375 0.83675 0.39833532968749996