4 0.22200000000000003 0.48266666718750006 0.21000000000000002 0.512 0.22000000000000003 0.5413333328125 0.23199999999999998 0.7173333328125 0.22799999999999998 0.7813333328125001 0.242 0.7866666671875 0.268 0.7653333328125 0.282 0.7653333328125 0.294 0.7786666671875 0.304 0.7733333328125 0.296 0.7253333328125 0.308 0.44800000000000006 0.324 0.42133333281249996 0.324 0.4 0.31 0.3413333328125 0.268 0.2986666671875 0.272 0.2613333328125 0.26 0.2293333328125 0.238 0.22400000000000003 0.22400000000000003 0.24266666718750002 0.188 0.4186666671875 0.194 0.43200000000000005 0.20800000000000002 0.4346666671875 0.22200000000000003 0.48266666718750006
0 0.492 0.248 0.492 0.2613333328125 0.514 0.264 0.512 0.2346666671875 0.492 0.248
4 0.388 0.8346666671875 0.41 0.8053333328125 0.43200000000000005 0.8293333328125 0.442 0.8266666671875 0.43600000000000005 0.792 0.442 0.6106666671875 0.45 0.5813333328125 0.47800000000000004 0.5653333328125 0.454 0.4346666671875 0.458 0.40533333281250006 0.48200000000000004 0.3946666671875 0.488 0.37066666718749997 0.476 0.3546666671875 0.462 0.36 0.42400000000000004 0.3386666671875 0.42000000000000004 0.2746666671875 0.386 0.2746666671875 0.38 0.2906666671875 0.386 0.33599999999999997 0.346 0.38133333281250004 0.33399999999999996 0.46399999999999997 0.33199999999999996 0.5626666671875 0.36 0.6346666671875 0.366 0.8293333328125 0.388 0.8346666671875
4 0.522 0.7893333328125001 0.534 0.8 0.5519999999999999 0.7866666671875 0.576 0.792 0.5820000000000001 0.784 0.58 0.7146666671874999 0.5900000000000001 0.6026666671875 0.6 0.5653333328125 0.61 0.5573333328125 0.5980000000000001 0.45599999999999996 0.61 0.45866666718750004 0.618 0.4266666671875 0.5860000000000001 0.368 0.588 0.3413333328125 0.5660000000000001 0.2986666671875 0.544 0.2853333328125 0.528 0.2986666671875 0.526 0.352 0.49800000000000005 0.4 0.49000000000000005 0.45066666718750004 0.492 0.5493333328125 0.502 0.5813333328125 0.514 0.592 0.522 0.7893333328125001
0 0.268 0.24 0.252 0.2213333328125 0.236 0.22400000000000003 0.22400000000000003 0.24266666718750002 0.22400000000000003 0.272 0.246 0.2613333328125 0.272 0.2666666671875 0.268 0.24
0 0.546 0.2853333328125 0.526 0.30133333281249997 0.528 0.344 0.576 0.3226666671875 0.568 0.296 0.546 0.2853333328125
4 0.6639999999999999 0.76 0.67 0.7386666671875 0.692 0.7253333328125 0.712 0.7493333328125 0.74 0.7573333328125 0.72 0.7093333328125 0.718 0.5946666671874999 0.73 0.5253333328124999 0.748 0.52 0.748 0.44000000000000006 0.726 0.40533333281250006 0.722 0.3493333328125 0.712 0.3253333328125 0.696 0.32 0.692 0.2746666671875 0.682 0.25866666718750003 0.6559999999999999 0.264 0.654 0.33599999999999997 0.624 0.3573333328125 0.62 0.392 0.62 0.5226666671875 0.644 0.5786666671875 0.642 0.752 0.6639999999999999 0.76
3 0.23199999999999998 0.7546666671875 0.22999999999999998 0.7866666671875 0.256 0.776 0.258 0.7466666671875 0.23199999999999998 0.7546666671875
3 0.302 0.7546666671875 0.29 0.7466666671875 0.274 0.7546666671875 0.286 0.776 0.304 0.7786666671875 0.302 0.7546666671875
3 0.368 0.8 0.37 0.8373333328125 0.398 0.8293333328125 0.396 0.7946666671875 0.368 0.8
3 0.434 0.7866666671875 0.41200000000000003 0.792 0.41200000000000003 0.808 0.434 0.8320000000000001 0.454 0.8186666671875 0.434 0.7866666671875
3 0.546 0.7653333328125 0.522 0.768 0.524 0.7973333328125001 0.544 0.8 0.5519999999999999 0.7893333328125001 0.546 0.7653333328125
3 0.58 0.7466666671875 0.558 0.7653333328125 0.558 0.784 0.568 0.7946666671875 0.588 0.784 0.58 0.7466666671875
3 0.644 0.72 0.642 0.7546666671875 0.666 0.76 0.6719999999999999 0.72 0.644 0.72
3 0.742 0.76 0.744 0.7466666671875 0.72 0.7146666671874999 0.6940000000000001 0.72 0.6940000000000001 0.7333333328125 0.72 0.7573333328125 0.742 0.76
3 0.8140000000000001 0.6799999999999999 0.794 0.6639999999999999 0.778 0.6746666671875 0.794 0.696 0.8160000000000001 0.696 0.8140000000000001 0.6799999999999999
3 0.732 0.6666666671875 0.73 0.6933333328125 0.748 0.696 0.748 0.6666666671875 0.732 0.6666666671875