0 0.6973947890625001 0.20720720781250002 0.6833667328125 0.1951951953125 0.6593186375 0.20720720781250002 0.6513026046875 0.24324324375 0.691382765625 0.26426426406250003 0.699398796875 0.240240240625 0.6973947890625001 0.20720720781250002
4 0.2965931859375 0.40540540468749997 0.3066132265625 0.47747747812499997 0.3206412828125 0.5105105109375 0.33266533125 0.7447447453125 0.35270541093749996 0.78078078125 0.38276553125 0.7627627625 0.40480961875 0.765765765625 0.3987975953125 0.7117117109375 0.400801603125 0.47247147187499994 0.41482965937499994 0.39939939999999996 0.41482965937499994 0.3573573578125 0.3987975953125 0.30630630625 0.3607214421875 0.2672672671875 0.3607214421875 0.22822822812500002 0.3406813625 0.18918918906249999 0.31663326718749996 0.20420420468749997 0.318637275 0.2882882890625 0.300601203125 0.303303303125 0.2645290578125 0.36936936875000004 0.2284569140625 0.47447447499999995 0.2284569140625 0.49549549531250003 0.2404809625 0.49549549531250003 0.252505009375 0.45045045000000006 0.2965931859375 0.40540540468749997
0 0.3466933875 0.1951951953125 0.322645290625 0.1951951953125 0.3146292578125 0.20720720781250002 0.31262525 0.24324324375 0.3206412828125 0.26426426406250003 0.35871743437500003 0.24624624687500002 0.3466933875 0.1951951953125
2 0.825651303125 0.43843843906249996 0.8276553109375 0.4324324328125 0.8276553109375 0.41741741718750003 0.825651303125 0.41141141093750005 0.8156312625 0.396396396875 0.8136272546875001 0.3873873875 0.7955911828125 0.3873873875 0.793587175 0.390390390625 0.7955911828125 0.39939939999999996 0.8176352703124999 0.4414414421875 0.825651303125 0.43843843906249996
2 0.599198396875 0.5375375375 0.6012024046875 0.534534534375 0.6012024046875 0.525525525 0.6032064125 0.522522521875 0.6032064125 0.5045045046875 0.6052104203125 0.5015015015625 0.6052104203125 0.4924924921875 0.59519038125 0.48648648593750005 0.5931863734375 0.48648648593750005 0.5911823640625 0.4924924921875 0.5891783562499999 0.5015015015625 0.5891783562499999 0.5285285281250001 0.5911823640625 0.5375375375 0.599198396875 0.5375375375
2 0.2404809625 0.49549549531250003 0.24649298593750002 0.48348348281250003 0.244488978125 0.46846846875 0.2364729453125 0.46846846875 0.2284569140625 0.47747747812499997 0.22645290624999997 0.48348348281250003 0.2284569140625 0.4984984984375 0.2364729453125 0.4984984984375 0.2404809625 0.49549549531250003
2 0.45490982031250005 0.4144144140625 0.44488977968750004 0.40540540468749997 0.41482965937499994 0.40540540468749997 0.4128256515625 0.4084084078125 0.41082164375 0.41741741718750003 0.41883767499999996 0.4264264265625 0.45490982031250005 0.4264264265625 0.45490982031250005 0.4144144140625
3 0.344689378125 0.76876876875 0.35270541093749996 0.78078078125 0.364729459375 0.78078078125 0.3667334671875 0.774774775 0.3667334671875 0.765765765625 0.364729459375 0.7627627625 0.364729459375 0.7447447453125 0.36272545156249997 0.7387387390625 0.35470941875 0.7387387390625 0.35270541093749996 0.7357357359375001 0.3466933875 0.7387387390625 0.33867735468750004 0.75075075 0.3406813625 0.7627627625 0.344689378125 0.765765765625 0.344689378125 0.76876876875
3 0.386773546875 0.76876876875 0.4028056109375 0.76876876875 0.40681362656250003 0.765765765625 0.4088176359375 0.759759759375 0.400801603125 0.7477477484375 0.3987975953125 0.7477477484375 0.3967935875 0.75075075 0.38276553125 0.75075075 0.38276553125 0.765765765625 0.386773546875 0.76876876875
3 0.631262525 0.771771771875 0.6332665328125 0.76876876875 0.64529058125 0.76876876875 0.6472945890624999 0.765765765625 0.6472945890624999 0.753753753125 0.64529058125 0.7447447453125 0.631262525 0.7447447453125 0.6252505015625001 0.75075075 0.62324649375 0.7567567562499999 0.62324649375 0.76876876875 0.6252505015625001 0.771771771875 0.631262525 0.771771771875
3 0.6713426859375 0.759759759375 0.6713426859375 0.75075075 0.67334669375 0.7477477484375 0.6738817640625 0.7325375375000001 0.6533066125 0.7357357359375001 0.6513026046875 0.7477477484375 0.6533066125 0.7567567562499999 0.6573146296875 0.7627627625 0.6713426859375 0.759759759375
4 0.62324649375 0.7627627625 0.641282565625 0.76876876875 0.669338678125 0.759759759375 0.67334669375 0.7477477484375 0.699398796875 0.552552553125 0.7094188375 0.5075075078125 0.7254509015624999 0.4894894890625 0.7314629265625 0.375375375 0.7835671343749999 0.390390390625 0.8176352703124999 0.43843843906249996 0.8276553109375 0.4234234234375 0.8076152296875 0.375375375 0.6933867734375 0.2852852859375 0.6893787578125 0.2702702703125 0.699398796875 0.21621621562499999 0.68737475 0.1981981984375 0.6613226453125 0.20420420468749997 0.6513026046875 0.23123123125 0.649298596875 0.291291290625 0.61723446875 0.3333333328125 0.5931863734375 0.4354354359375 0.59519038125 0.5105105109375 0.6292585171875 0.534534534375 0.62324649375 0.7627627625