0 0.40800000000000003 0.19714285781250002 0.414 0.2057142859375 0.42000000000000004 0.2057142859375 0.422 0.208571428125 0.438 0.2057142859375 0.442 0.2028571421875 0.446 0.19714285781250002 0.44800000000000006 0.188571428125 0.454 0.1857142859375 0.454 0.1828571421875 0.458 0.1771428578125 0.462 0.131428571875 0.45999999999999996 0.1257142859375 0.438 0.11428571406250002 0.42400000000000004 0.11428571406250002 0.41600000000000004 0.12 0.41 0.128571428125 0.40599999999999997 0.13999999999999999 0.404 0.148571428125 0.404 0.16571428593749998 0.40800000000000003 0.1771428578125 0.40800000000000003 0.19714285781250002
0 0.544 0.2828571421875 0.5519999999999999 0.288571428125 0.5599999999999999 0.288571428125 0.5860000000000001 0.268571428125 0.592 0.26 0.5980000000000001 0.2428571421875 0.6 0.2 0.58 0.1828571421875 0.5660000000000001 0.1828571421875 0.544 0.19714285781250002 0.528 0.2542857140625 0.528 0.26 0.538 0.27714285781250003 0.544 0.2828571421875
0 0.564 0.5542857140625 0.584 0.5857142859375 0.5940000000000001 0.5914285718750001 0.61 0.5914285718750001 0.614 0.5885714281250001 0.634 0.551428571875 0.634 0.5371428578125 0.62 0.5028571421875 0.616 0.4971428578125 0.5980000000000001 0.4857142859375 0.5820000000000001 0.4857142859375 0.576 0.48857142812500004 0.564 0.5 0.554 0.5171428578125 0.5519999999999999 0.528571428125 0.5559999999999999 0.5342857140625 0.562 0.5542857140625 0.564 0.5542857140625
2 0.5 0.6571428578125 0.508 0.628571428125 0.506 0.6228571421875 0.48600000000000004 0.608571428125 0.48200000000000004 0.608571428125 0.48 0.6142857140625 0.472 0.62 0.47000000000000003 0.6228571421875 0.472 0.6342857140625 0.48600000000000004 0.6571428578125 0.5 0.6571428578125
2 0.562 0.38 0.5599999999999999 0.4 0.572 0.40857142812499997 0.5820000000000001 0.40857142812499997 0.584 0.4 0.5900000000000001 0.391428571875 0.5900000000000001 0.3742857140625 0.584 0.3657142859375 0.5599999999999999 0.3657142859375 0.558 0.368571428125 0.5519999999999999 0.368571428125 0.5599999999999999 0.3742857140625 0.562 0.38
2 0.49400000000000005 0.3771428578125 0.49800000000000005 0.3742857140625 0.49800000000000005 0.3657142859375 0.502 0.3542857140625 0.514 0.3342857140625 0.514 0.328571428125 0.512 0.3228571421875 0.504 0.32 0.496 0.3257142859375 0.49400000000000005 0.33142857187499997 0.484 0.3428571421875 0.48200000000000004 0.3542857140625 0.484 0.3542857140625 0.49000000000000005 0.3742857140625 0.49400000000000005 0.3771428578125
2 0.346 0.27999999999999997 0.356 0.2742857140625 0.356 0.2571428578125 0.352 0.248571428125 0.352 0.24 0.348 0.2342857140625 0.33199999999999996 0.2342857140625 0.32799999999999996 0.23714285781250002 0.318 0.251428571875 0.316 0.2628571421875 0.32 0.2657142859375 0.32999999999999996 0.27999999999999997 0.346 0.27999999999999997
2 0.33799999999999997 0.3142857140625 0.33999999999999997 0.3171428578125 0.35 0.3171428578125 0.352 0.311428571875 0.362 0.2971428578125 0.36 0.27999999999999997 0.346 0.2628571421875 0.33999999999999997 0.2657142859375 0.32999999999999996 0.27714285781250003 0.32599999999999996 0.2828571421875 0.32599999999999996 0.30285714218750004 0.33199999999999996 0.3142857140625 0.33799999999999997 0.3142857140625
3 0.6679999999999999 0.8857142859374999 0.674 0.8771428578125 0.674 0.868571428125 0.6759999999999999 0.8657142859375 0.6679999999999999 0.8457142859375001 0.6639999999999999 0.8457142859375001 0.642 0.86 0.64 0.8571428578125 0.634 0.8571428578125 0.63 0.8514285718749999 0.622 0.8485714281250001 0.614 0.8542857140625 0.61 0.86 0.608 0.8657142859375 0.61 0.871428571875 0.62 0.8857142859374999 0.6679999999999999 0.8857142859374999
3 0.624 0.508571428125 0.63 0.52 0.632 0.528571428125 0.638 0.5371428578125 0.646 0.531428571875 0.646 0.508571428125 0.648 0.5057142859375 0.648 0.46285714218749996 0.646 0.45999999999999996 0.642 0.45999999999999996 0.638 0.46571428593749997 0.628 0.46571428593749997 0.626 0.46285714218749996 0.624 0.468571428125 0.624 0.48857142812500004 0.622 0.49142857187500005 0.624 0.4942857140625 0.624 0.508571428125
3 0.58 0.4371428578125 0.568 0.4542857140625 0.568 0.46285714218749996 0.576 0.46571428593749997 0.5820000000000001 0.47428571406250003 0.588 0.47428571406250003 0.592 0.47142857187500004 0.6 0.4571428578125 0.604 0.44000000000000006 0.608 0.4342857140625 0.608 0.42571428593749994 0.604 0.42000000000000004 0.596 0.42000000000000004 0.576 0.40571428593750003 0.5740000000000001 0.40857142812499997 0.5740000000000001 0.4171428578125 0.58 0.42285714218750003 0.5820000000000001 0.428571428125 0.58 0.4371428578125
3 0.472 0.33999999999999997 0.48200000000000004 0.33999999999999997 0.48600000000000004 0.33714285781250003 0.49400000000000005 0.311428571875 0.5 0.30285714218750004 0.504 0.288571428125 0.504 0.27999999999999997 0.5 0.27714285781250003 0.5 0.27999999999999997 0.488 0.2971428578125 0.476 0.30285714218750004 0.47400000000000003 0.3 0.462 0.3 0.458 0.30285714218750004 0.458 0.32 0.45999999999999996 0.3257142859375 0.472 0.33999999999999997