2 0.458 0.43712574843749996 0.446 0.45508982031249995 0.45 0.5 0.47400000000000003 0.5 0.47800000000000004 0.446107784375 0.458 0.43712574843749996
0 0.40800000000000003 0.410179640625 0.40800000000000003 0.43113772499999997 0.43 0.4281437125 0.42400000000000004 0.4011976046875 0.40800000000000003 0.410179640625
0 0.302 0.3802395203125 0.27999999999999997 0.38922155625 0.27999999999999997 0.43113772499999997 0.314 0.4341317359375 0.312 0.38922155625 0.302 0.3802395203125
2 0.33999999999999997 0.60778443125 0.33199999999999996 0.61077844375 0.33599999999999997 0.628742515625 0.344 0.6197604796875 0.33999999999999997 0.60778443125
0 0.538 0.335329340625 0.518 0.3113772453125 0.504 0.3113772453125 0.484 0.3443113765625 0.48200000000000004 0.3802395203125 0.522 0.356287425 0.544 0.3682634734375 0.538 0.335329340625
2 0.602 0.71257485 0.584 0.718562875 0.5900000000000001 0.763473053125 0.602 0.7574850296875 0.602 0.71257485
3 0.302 0.82335329375 0.306 0.8532934125 0.318 0.8502994015625 0.318 0.82335329375 0.302 0.82335329375
3 0.41200000000000003 0.6556886234375 0.414 0.6526946109375 0.41200000000000003 0.6497005984374999 0.41200000000000003 0.6407185625 0.40599999999999997 0.6407185625 0.40199999999999997 0.643712575 0.4 0.6467065875 0.4 0.6526946109375 0.404 0.6556886234375 0.41200000000000003 0.6556886234375
3 0.44400000000000006 0.6826347312500001 0.446 0.67964071875 0.446 0.6676646703125 0.43600000000000005 0.6586826343750001 0.43200000000000005 0.6586826343750001 0.43 0.6616766468749999 0.43 0.67664670625 0.43200000000000005 0.67964071875 0.44400000000000006 0.6826347312500001
3 0.504 0.96706586875 0.506 0.96706586875 0.516 0.982035928125 0.528 0.985029940625 0.528 0.9700598796875 0.53 0.96407185625 0.528 0.96107784375 0.528 0.9520958078125 0.524 0.9401197609375 0.522 0.9371257484375001 0.518 0.9371257484375001 0.502 0.9461077843749999 0.5 0.9491017968750001 0.502 0.9520958078125 0.502 0.96107784375 0.504 0.96706586875
3 0.476 0.9880239515625 0.48 0.9910179640625 0.5 0.9910179640625 0.504 0.9880239515625 0.5 0.96706586875 0.49800000000000005 0.96407185625 0.49000000000000005 0.96407185625 0.484 0.96706586875 0.47400000000000003 0.96706586875 0.476 0.9730538921875 0.476 0.9880239515625