0 0.489711934375 0.42182890781250004 0.4876543203125 0.38938053125 0.473251028125 0.37463126875 0.45679012343750003 0.37463126875 0.43827160468750004 0.3923303828125 0.44238683125 0.4424778765625 0.4588477359375 0.46017699062500006 0.4753086421875 0.45722713906249995 0.489711934375 0.42182890781250004
0 0.125514403125 0.466076696875 0.1028806578125 0.42772861406249996 0.06584362187500001 0.43362831875 0.0637860078125 0.47492625312500003 0.07818929999999999 0.489675515625 0.1152263375 0.4837758109375 0.125514403125 0.466076696875
0 0.21810699531250002 0.3952802359375 0.199588478125 0.3982300890625 0.1975308640625 0.43362831875 0.23251028749999997 0.43067846562499995 0.23456790156250001 0.41887905625000005 0.21810699531250002 0.3952802359375
0 0.2551440328125 0.3392330390625 0.240740740625 0.3333333328125 0.22839506250000002 0.3480825953125 0.23251028749999997 0.3775811203125 0.259259259375 0.386430678125 0.2633744859375 0.3687315640625 0.2551440328125 0.3392330390625
0 0.5617283953125 0.2507374625 0.5802469140625 0.20648967499999998 0.5761316875 0.1710914453125 0.547325103125 0.1622418875 0.530864196875 0.1858407078125 0.528806584375 0.22123893749999998 0.5370370375 0.24188790624999998 0.547325103125 0.25663716875000003 0.5617283953125 0.2507374625
0 0.6152263375 0.746312684375 0.588477365625 0.74336283125 0.5761316875 0.75811209375 0.5740740734374999 0.77286135625 0.586419753125 0.7964601765625 0.6193415640625 0.7964601765625 0.6152263375 0.746312684375
0 0.28395061718750003 0.356932153125 0.27777777812500004 0.3834808265625 0.3065843625 0.38938053125 0.3024691359375 0.3657817109375 0.28395061718750003 0.356932153125
3 0.597477365625 0.5583362828125 0.5787448562499999 0.5440353984375 0.5690123453125 0.5847522125 0.5870123453125 0.589554571875 0.5924547328124999 0.5817492625 0.597477365625 0.5583362828125
3 0.4082613171875 0.5979941 0.3994691359375 0.56437758125 0.3928991765625 0.513943953125 0.3722716046875 0.519297934375 0.3873991765625 0.5722595874999999 0.386911521875 0.6015958703125001 0.3994691359375 0.6124041296875 0.4082613171875 0.5979941
2 0.24294855937499998 0.453938053125 0.23351851875000001 0.4471091453125 0.22706790156249998 0.4627935109375 0.23500822968750001 0.47639527968750006 0.24206584375 0.46437463125 0.24294855937499998 0.453938053125
2 0.2910308640625 0.45931268437500006 0.292353909375 0.47639527968750006 0.30316049375 0.47386430625 0.30382304531250004 0.46026253749999996 0.2910308640625 0.45931268437500006
2 0.31299382656249997 0.44212389375 0.32242386875 0.45367551562499997 0.3263518515625 0.442687315625 0.32438683125 0.430572271875 0.31842535 0.43006937812499996 0.31299382656249997 0.44212389375
3 0.542598765625 0.565938053125 0.5586358031249999 0.5623539828124999 0.5742572015625 0.5581710921874999 0.574882715625 0.54861356875 0.5713415640624999 0.5327846609375 0.5525967078125 0.522929203125 0.5459320984375 0.5372654875 0.5357263375 0.5492123890625 0.5353106999999999 0.5632477875 0.542598765625 0.565938053125
2 0.5751954734375 0.3579734515625 0.5866440328125 0.3672330390625 0.5966255140625 0.3436607671875 0.59310288125 0.3259793515625 0.57607613125 0.32471681406249997 0.57343415625 0.322191740625 0.574022634375 0.34197640156250003 0.5751954734375 0.3579734515625