0 0.8240000000000001 0.218844984375 0.818 0.1580547109375 0.796 0.121580546875 0.76 0.121580546875 0.734 0.1671732515625 0.728 0.2218844984375 0.738 0.23708206718749997 0.794 0.23404255312500002 0.8240000000000001 0.218844984375
0 0.5660000000000001 0.2218844984375 0.5740000000000001 0.2036474171875 0.562 0.151975684375 0.542 0.127659575 0.514 0.1246200609375 0.48600000000000004 0.1641337390625 0.484 0.22796352656250002 0.49400000000000005 0.23708206718749997 0.542 0.23708206718749997 0.5660000000000001 0.2218844984375
0 0.34088799999999997 0.23355623125 0.364888 0.2065258359375 0.398 0.1914893609375 0.384 0.1489361703125 0.36 0.1246200609375 0.322 0.136778115625 0.312 0.1641337390625 0.311556 0.2065258359375 0.318 0.2249240125 0.325778 0.2578875375 0.34088799999999997 0.23355623125
0 0.254 0.0942249234375 0.23199999999999998 0.06686930156250001 0.20800000000000002 0.0638297875 0.188 0.0851063828125 0.186 0.1398176296875 0.192 0.1489361703125 0.26 0.127659575 0.254 0.0942249234375
0 0.13799999999999998 0.106382978125 0.10800000000000001 0.103343465625 0.092 0.1246200609375 0.092 0.170212765625 0.158 0.1580547109375 0.154 0.1306990875 0.13799999999999998 0.106382978125
0 0.732 0.08206686875 0.72 0.06686930156250001 0.706 0.06686930156250001 0.695672 0.076656534375 0.688 0.08814589687499999 0.688 0.11854103281249999 0.734 0.11854103281249999 0.735746 0.10342857187500001 0.732 0.08206686875
0 0.922782 0.0463525828125 0.9255359999999999 0.0343130703125 0.922 0.0212765953125 0.916588 0.0180881453125 0.9099999999999999 0.0182370828125 0.9045400000000001 0.02855623125 0.9039999999999999 0.039513678125 0.9128000000000001 0.043212765624999996 0.922782 0.0463525828125
2 0.758 0.7750759875 0.76 0.7720364734375 0.77 0.7720364734375 0.774 0.7689969609375 0.782 0.750759878125 0.784 0.732522796875 0.788 0.7203647421875 0.77 0.6990881453125 0.77 0.6960486328125 0.756 0.7051671734375 0.748 0.7203647421875 0.738 0.765957446875 0.738 0.7720364734375 0.746 0.781155015625 0.758 0.7750759875
2 0.73 0.7386018234375 0.73 0.7477203640625001 0.728 0.750759878125 0.726 0.765957446875 0.728 0.7720364734375 0.732 0.7750759875 0.736 0.7689969609375 0.738 0.75987841875 0.742 0.7537993921874999 0.744 0.7537993921874999 0.754 0.702127659375 0.752 0.6960486328125 0.742 0.6808510640625001 0.734 0.683890578125 0.728 0.69300911875 0.728 0.7082066874999999 0.73 0.7142857140625 0.732 0.735562309375 0.73 0.7386018234375
2 0.47800000000000004 0.7051671734375 0.49400000000000005 0.7051671734375 0.516 0.6899696046875 0.528 0.6717325234375 0.53 0.6717325234375 0.54 0.653495440625 0.54 0.6413373859375 0.522 0.6413373859375 0.514 0.6352583593750001 0.492 0.6352583593750001 0.48 0.6504559265625 0.47800000000000004 0.6504559265625 0.47000000000000003 0.6656534953125 0.47000000000000003 0.6747720359375 0.46799999999999997 0.67781155 0.46799999999999997 0.69300911875 0.47800000000000004 0.7051671734375
2 0.46799999999999997 0.62917933125 0.47400000000000003 0.638297871875 0.47400000000000003 0.6413373859375 0.47800000000000004 0.6443768999999999 0.488 0.638297871875 0.492 0.6322188453125 0.506 0.6322188453125 0.508 0.6352583593750001 0.512 0.6322188453125 0.512 0.6231003046875 0.51 0.620060790625 0.484 0.6018237078124999 0.48 0.604863221875 0.47400000000000003 0.6018237078124999 0.472 0.6139817625 0.47000000000000003 0.6139817625 0.46799999999999997 0.620060790625 0.46799999999999997 0.62917933125
2 0.29 0.6261398171875 0.292 0.6261398171875 0.296 0.6322188453125 0.314 0.6322188453125 0.324 0.620060790625 0.32599999999999996 0.61094225 0.306 0.5744680843750001 0.3 0.5744680843750001 0.292 0.5835866265625 0.29 0.5835866265625 0.282 0.59574468125 0.282 0.6079027359375 0.29 0.6231003046875 0.29 0.6261398171875
2 0.18 0.5379939203124999 0.184 0.5440729484375 0.186 0.5440729484375 0.19 0.5379939203124999 0.198 0.53191489375 0.198 0.5106382984375 0.2 0.5045592703125 0.188 0.4650455921875 0.174 0.4711246203125 0.16999999999999998 0.47416413437499993 0.16999999999999998 0.49544072968749997 0.176 0.5258358656250001 0.18 0.5379939203124999
2 0.078 0.5075987843750001 0.092 0.5075987843750001 0.094 0.5045592703125 0.094 0.48024316093749997 0.088 0.4559270515625 0.08 0.4559270515625 0.072 0.4620060796875 0.072 0.48632218906249997 0.06999999999999999 0.4893617015625 0.072 0.50151975625 0.078 0.5075987843750001
3 0.118 0.7386018234375 0.118 0.750759878125 0.122 0.7568389062499999 0.128 0.7568389062499999 0.13 0.75987841875 0.142 0.75987841875 0.146 0.7629179328125 0.148 0.75987841875 0.148 0.7537993921874999 0.146 0.750759878125 0.146 0.7386018234375 0.142 0.732522796875 0.142 0.7294832828125 0.13999999999999999 0.7294832828125 0.13999999999999999 0.732522796875 0.132 0.7416413375 0.122 0.7416413375 0.118 0.7386018234375
3 0.15 0.7781155015625 0.152 0.784194528125 0.156 0.7902735562500001 0.172 0.7902735562500001 0.188526 0.78544376875 0.20853799999999997 0.7801823703124999 0.2 0.7386018234375 0.196 0.735562309375 0.188 0.735562309375 0.182 0.7477203640625001 0.16 0.7689969609375 0.15 0.7689969609375 0.15 0.7781155015625
3 0.20600000000000002 0.8237082062500001 0.21400000000000002 0.8297872343750001 0.248 0.8267477203125001 0.252 0.8237082062500001 0.252 0.814589665625 0.25 0.8115501515625001 0.25 0.7963525828125 0.248 0.7902735562500001 0.244 0.7902735562500001 0.242 0.7933130703125 0.20400000000000001 0.7963525828125 0.20600000000000002 0.8024316109375 0.20600000000000002 0.8237082062500001
3 0.274 0.8693009125 0.264 0.8693009125 0.26 0.8662613984374999 0.26 0.878419453125 0.264 0.8814589671874999 0.27 0.8814589671874999 0.272 0.8844984796875 0.312 0.8814589671874999 0.312 0.85410334375 0.31 0.8510638296874999 0.31 0.8358662609374999 0.308 0.8328267484375 0.306 0.838905775 0.294 0.8571428578125 0.27599999999999997 0.8662613984374999 0.274 0.8693009125
3 0.322 0.9240121578125 0.32999999999999996 0.9331306984375001 0.35 0.9331306984375001 0.356 0.9300911859375001 0.356 0.9209726437500001 0.358 0.9179331312500001 0.356 0.9148936171875001 0.356 0.9027355625 0.354 0.896656534375 0.352 0.896656534375 0.348 0.9027355625 0.33999999999999997 0.9088145890625 0.322 0.9088145890625 0.322 0.9240121578125
3 0.38 0.96656535 0.382 0.9696048625 0.414 0.9696048625 0.422 0.9574468078124999 0.442 0.942249240625 0.446 0.9331306984375001 0.446 0.927051671875 0.44400000000000006 0.9179331312500001 0.43600000000000005 0.9057750765625 0.42000000000000004 0.8905775078125 0.41200000000000003 0.8905775078125 0.40800000000000003 0.9209726437500001 0.40199999999999997 0.9331306984375001 0.384 0.9452887531249999 0.372 0.9452887531249999 0.368 0.942249240625 0.366 0.9452887531249999 0.368 0.9604863218749999 0.374 0.96656535 0.38 0.96656535
3 0.6639999999999999 0.6322188453125 0.6799999999999999 0.620060790625 0.678 0.604863221875 0.6679999999999999 0.5927051671875 0.6599999999999999 0.5927051671875 0.6559999999999999 0.604863221875 0.65 0.6139817625 0.646 0.62917933125 0.654 0.6352583593750001 0.658 0.6322188453125 0.6639999999999999 0.6322188453125
3 0.9099999999999999 0.28571428593750003 0.9119999999999999 0.2796352578125 0.908 0.27355623125 0.9039999999999999 0.27355623125 0.898 0.2765957453125 0.898 0.2796352578125 0.9039999999999999 0.28571428593750003 0.9099999999999999 0.28571428593750003
3 0.876 0.282674771875 0.882 0.282674771875 0.884 0.2796352578125 0.884 0.267477203125 0.876 0.267477203125 0.876 0.2705167171875 0.8699999999999999 0.2796352578125 0.8720000000000001 0.28571428593750003 0.876 0.282674771875