0 0.27788124999999997 0.327740625 0.2905916671875 0.329859375 0.2874145828125 0.305490625 0.27291666718749996 0.284375 0.25625 0.284375 0.24583333281250003 0.3 0.24186458281249998 0.312378125 0.24375 0.3375 0.248575 0.332509375 0.27788124999999997 0.327740625
0 0.23333333281250002 0.7375 0.23958333281250002 0.7375 0.2416666671875 0.740625 0.25625 0.740625 0.25833333281250004 0.7375 0.2645833328125 0.7375 0.27291666718749996 0.725 0.2770833328125 0.7125 0.2770833328125 0.7 0.275 0.69375 0.2625 0.675 0.2625 0.671875 0.2541666671875 0.665625 0.25 0.665625 0.2479166671875 0.66875 0.23541666718749998 0.66875 0.2270833328125 0.68125 0.225 0.6875 0.225 0.703125 0.22916666718749998 0.715625 0.23333333281250002 0.7375
0 0.17916666718750002 0.7375 0.175 0.74375 0.1854166671875 0.765625 0.19583333281249998 0.771875 0.2104166671875 0.771875 0.21875 0.765625 0.2270833328125 0.753125 0.22916666718749998 0.746875 0.22916666718749998 0.7375 0.23125 0.734375 0.22916666718749998 0.73125 0.22916666718749998 0.71875 0.22291666718749997 0.696875 0.21875 0.690625 0.2104166671875 0.684375 0.1979166671875 0.684375 0.1833333328125 0.69375 0.17916666718750002 0.7 0.18125 0.703125 0.18125 0.7125 0.17916666718750002 0.715625 0.17916666718750002 0.7375
0 0.1729166671875 0.746875 0.1770833328125 0.734375 0.1770833328125 0.7125 0.17916666718750002 0.709375 0.17916666718750002 0.7 0.18125 0.696875 0.16458333281249998 0.696875 0.1583333328125 0.7 0.1541666671875 0.703125 0.1541666671875 0.728125 0.1604166671875 0.74375 0.1729166671875 0.746875
0 0.8958333328125001 0.346875 0.9020833328125001 0.346875 0.9041666671874999 0.34375 0.91875 0.34375 0.925 0.3375 0.9395833328125001 0.3375 0.9395833328125001 0.328125 0.9354166671874999 0.3125 0.925 0.3 0.9104166671874999 0.296875 0.9 0.303125 0.8958333328125001 0.309375 0.89375 0.309375 0.8916666671875 0.315625 0.8895833328125 0.325 0.8895833328125 0.340625 0.8916666671875 0.35 0.8958333328125001 0.346875
3 0.225 0.925 0.2270833328125 0.928125 0.23541666718749998 0.925 0.2375 0.921875 0.23576458281249998 0.905946875 0.2375 0.890625 0.23125 0.884375 0.2166666671875 0.884375 0.2152145828125 0.9030312500000001 0.21458333281250003 0.91875 0.21875 0.925 0.225 0.925
3 0.2833333328125 0.9125 0.2958333328125 0.9125 0.3020833328125 0.921875 0.30625 0.91875 0.3125 0.921875 0.3166666671875 0.91875 0.31875 0.9125 0.31875 0.903125 0.3104166671875 0.89375 0.3083333328125 0.89375 0.2958333328125 0.871875 0.28958333281250004 0.871875 0.275 0.88125 0.27291666718749996 0.8875 0.27291666718749996 0.896875 0.2791666671875 0.909375 0.2833333328125 0.9125
3 0.3229166671875 0.7875 0.3270833328125 0.78125 0.3349020828125 0.778865625 0.3479166671875 0.76875 0.35625 0.753125 0.35625 0.74375 0.3541666671875 0.740625 0.3479166671875 0.740625 0.34375 0.74375 0.3333333328125 0.75625 0.3291666671875 0.76875 0.3229166671875 0.778125 0.3145833328125 0.778125 0.3125 0.78125 0.3125 0.7875 0.3166666671875 0.790625 0.3229166671875 0.7875
3 0.39791666718749996 0.984375 0.40416666718750005 0.9875 0.4196 0.9872624999999999 0.42348749999999996 0.975178125 0.4196 0.9510125 0.4166666671875 0.94375 0.4145833328125 0.940625 0.3958333328125 0.940625 0.3976625 0.9543437499999999 0.3958333328125 0.978125 0.39791666718749996 0.984375
3 0.45 0.94375 0.45625 0.953125 0.4625 0.95625 0.46875 0.965625 0.475 0.96875 0.48333333281249996 0.96875 0.4895833328125 0.965625 0.4916666671875 0.953125 0.4875 0.940625 0.47895833281250005 0.9335125 0.4770833328125 0.921875 0.45625 0.921875 0.45 0.915625 0.45 0.925 0.4479166671875 0.928125 0.45 0.93125 0.45 0.94375
3 0.5125 0.88125 0.525 0.88125 0.5291666671875 0.878125 0.5291666671875 0.871875 0.5248958328125 0.865978125 0.5208333328125 0.846875 0.5166666671875 0.84375 0.5166666671875 0.840625 0.5020833328125 0.85 0.5 0.853125 0.5 0.86875 0.5041666671875 0.875 0.5125 0.88125
3 0.0666666671875 0.840625 0.06875 0.84375 0.06875 0.859375 0.07291666718749999 0.871875 0.0791666671875 0.88125 0.0875 0.88125 0.0875 0.859375 0.0895833328125 0.85625 0.0895833328125 0.809375 0.08125 0.796875 0.075 0.796875 0.06875 0.80625 0.0666666671875 0.8125 0.06875 0.81875 0.06875 0.8375 0.0666666671875 0.840625
3 0.19375 0.875 0.20416666718749998 0.86875 0.20416666718749998 0.85625 0.1833333328125 0.84375 0.17916666718750002 0.846875 0.1729166671875 0.846875 0.1666666671875 0.853125 0.1583333328125 0.853125 0.15625 0.85625 0.15625 0.878125 0.1604166671875 0.88125 0.19375 0.875