0 0.048 0.552870090625 0.048 0.5558912390625 0.052000000000000005 0.5317220546875 0.054000000000000006 0.52870090625 0.062 0.52870090625 0.068 0.5256797578125 0.06999999999999999 0.5226586109375 0.06999999999999999 0.5105740187500001 0.057999999999999996 0.5075528703125001 0.058511999999999995 0.504051359375 0.044 0.5105740187500001 0.044 0.513595165625 0.04 0.5196374625 0.04 0.53776435 0.048 0.552870090625
0 0.21400000000000002 0.4531722046875 0.22000000000000003 0.45619335312500003 0.2279 0.42787311250000004 0.23199999999999998 0.41993957656249997 0.23199999999999998 0.41389728124999997 0.22799999999999998 0.407854984375 0.21600000000000003 0.407854984375 0.20800000000000002 0.4169184296875 0.20600000000000002 0.422960725 0.20600000000000002 0.43504531718750006 0.20800000000000002 0.44410876093749996 0.21400000000000002 0.4531722046875
0 0.368 0.3927492453125 0.372 0.3867069484375 0.38 0.38066465312500003 0.38 0.3685800609375 0.374 0.359516615625 0.366 0.359516615625 0.36 0.3655589125 0.358 0.3716012078125 0.358 0.38368579999999997 0.362 0.3927492453125 0.368 0.3927492453125
0 0.390918 0.3928519640625 0.404918 0.3928519640625 0.404918 0.3837885203125 0.400918 0.37774622343750003 0.400918 0.374725075 0.386918 0.374725075 0.384918 0.37774622343750003 0.384918 0.3928519640625 0.386918 0.3958731125 0.390918 0.3928519640625
0 0.396 0.5226586109375 0.4 0.5256797578125 0.40599999999999997 0.5226586109375 0.41 0.5166163140625 0.41 0.5075528703125001 0.414 0.4984894265625 0.414 0.48640483437500004 0.40800000000000003 0.4773413890625 0.4 0.4773413890625 0.394 0.4803625375 0.388 0.48942598125 0.386 0.495468278125 0.388 0.5045317218750001 0.396 0.5196374625 0.396 0.5226586109375
0 0.364 0.359516615625 0.368 0.35649546875000004 0.368 0.35347432031250003 0.362 0.34441087656249997 0.354 0.34441087656249997 0.352 0.3474320234375 0.35 0.35347432031250003 0.352 0.3716012078125 0.356 0.3716012078125 0.364 0.359516615625
0 0.188948 0.3325619328125 0.19106 0.3304320234375 0.194816 0.32333836875 0.19270199999999998 0.3169516609375 0.186894 0.3143142 0.18190599999999998 0.3180181265625 0.184488 0.32120845937500003 0.188244 0.327595165625 0.188948 0.3325619328125
0 0.079804 0.298752265625 0.075578 0.297335346875 0.072292 0.2994622359375 0.071588 0.3030090640625 0.068772 0.30797583125 0.068302 0.3118791546875 0.07599 0.3120996984375 0.0791 0.311522659375 0.08074200000000001 0.3090422953125 0.081916 0.3030090640625 0.079804 0.298752265625
0 0.003168 0.30290936562500004 0.003404 0.2997160125 0.00622 0.2922658609375 0.0011740000000000001 0.2868368578125 0.000822 0.291555890625 0.000822 0.3060996984375 0.003168 0.30290936562500004
0 0.005222 0.337477340625 0.011326 0.33783383749999996 0.011794 0.33499395781249997 0.011794 0.33002719062499997 0.010856000000000001 0.3271903328125 0.003814 0.3258368578125 0.000762 0.329673715625 0.000762 0.33499395781249997 0.005222 0.337477340625
0 0.041092000000000004 0.34455891250000004 0.045722 0.34310271875 0.045144000000000004 0.3390211484375 0.042249999999999996 0.335522659375 0.041092000000000004 0.33377039218750004 0.036076000000000004 0.33406344374999997 0.034002 0.33812084531250003 0.032990000000000005 0.3407703921875 0.034918 0.34397583125 0.041092000000000004 0.34455891250000004
0 0.532388 0.7183685796875 0.532388 0.725117825 0.535736 0.7274803624999999 0.5402020000000001 0.7274803624999999 0.544666 0.725117825 0.549802 0.7220815703125 0.55784 0.7220815703125 0.5607420000000001 0.72005438125 0.561412 0.7126314203125 0.5571699999999999 0.704870090625 0.550026 0.6984592140625 0.543104 0.698223565625 0.540424 0.7038580062500001 0.5377460000000001 0.7068942593750001 0.533056 0.7133051359375 0.532388 0.7183685796875
0 0.644 0.7583081578125 0.646 0.7613293046875 0.6559999999999999 0.7613293046875 0.658 0.7643504531249999 0.666 0.7613293046875 0.6679999999999999 0.7492447125 0.666 0.746223565625 0.666 0.7371601203125 0.6599999999999999 0.725075528125 0.648 0.72205438125 0.646 0.725075528125 0.64 0.725075528125 0.636 0.731117825 0.634 0.7371601203125 0.634 0.7522658609375 0.638 0.7583081578125 0.644 0.7583081578125
0 0.714 0.8308157093749999 0.72 0.8308157093749999 0.722 0.8277945624999999 0.724 0.821752265625 0.722 0.803625378125 0.714 0.7885196375 0.702 0.7885196375 0.6980000000000001 0.7945619328125 0.696 0.7945619328125 0.692 0.8006042296875 0.692 0.812688821875 0.696 0.8187311171875 0.714 0.8308157093749999
0 0.8460000000000001 0.8187311171875 0.8640000000000001 0.821752265625 0.868 0.8187311171875 0.8699999999999999 0.812688821875 0.868 0.806646525 0.868 0.79758308125 0.86 0.7854984890625001 0.84971 0.7819154078125 0.841226 0.7852900296875001 0.836 0.7945619328125 0.834 0.812688821875 0.8400000000000001 0.821752265625 0.844 0.821752265625 0.8460000000000001 0.8187311171875
0 0.638 0.359516615625 0.64 0.3625377640625 0.644 0.359516615625 0.646 0.35347432031250003 0.646 0.3383685796875 0.64 0.332326284375 0.626 0.332326284375 0.624 0.341389728125 0.626 0.35649546875000004 0.63 0.359516615625 0.638 0.359516615625
0 0.616 0.389728096875 0.618 0.38368579999999997 0.618 0.3716012078125 0.616 0.3655589125 0.61 0.359516615625 0.6 0.359516615625 0.5980000000000001 0.3625377640625 0.596 0.3716012078125 0.5980000000000001 0.38368579999999997 0.604 0.389728096875 0.616 0.389728096875
0 0.67 0.37462235625 0.6759999999999999 0.3685800609375 0.678 0.35347432031250003 0.6759999999999999 0.34441087656249997 0.6719999999999999 0.3383685796875 0.666 0.3383685796875 0.658 0.3474320234375 0.6559999999999999 0.35347432031250003 0.6559999999999999 0.3716012078125 0.658 0.37462235625 0.67 0.37462235625
0 0.6799999999999999 0.422960725 0.686 0.4169184296875 0.6900000000000001 0.4048338375 0.6900000000000001 0.389728096875 0.6839999999999999 0.3776435046875 0.6839999999999999 0.37462235625 0.6719999999999999 0.37462235625 0.666 0.38368579999999997 0.666 0.407854984375 0.6679999999999999 0.4169184296875 0.6799999999999999 0.422960725
0 0.708998 0.41313897343750006 0.718998 0.41313897343750006 0.718998 0.40709667656250004 0.728998 0.395012084375 0.728998 0.37990634375 0.724998 0.3738640484375 0.712998 0.3738640484375 0.708998 0.376885196875 0.704998 0.3829274921875 0.704998 0.40105438125 0.706998 0.41011782500000005 0.708998 0.41313897343750006
0 0.8880000000000001 0.34441087656249997 0.8960000000000001 0.3383685796875 0.9 0.332326284375 0.906 0.332326284375 0.906 0.3293051359375 0.9099999999999999 0.323262840625 0.9099999999999999 0.31722054375000003 0.9039999999999999 0.30815709999999996 0.8880000000000001 0.30815709999999996 0.884 0.3141993953125 0.882 0.323262840625 0.882 0.33534743125 0.884 0.341389728125 0.8880000000000001 0.34441087656249997
0 0.11076 0.300743203125 0.1132 0.3118429 0.12452 0.307996978125 0.1226 0.2985679765625 0.11635999999999999 0.29639275 0.11076 0.300743203125
0 0.13972 0.314522659375 0.149 0.30872205468749997 0.14532 0.29929305156249997 0.13828000000000001 0.306546828125 0.13972 0.314522659375
0 0.1004 0.5015709968750001 0.09072 0.5076918421875 0.09936 0.523404834375 0.11120000000000001 0.5122839875 0.1004 0.5015709968750001
2 0.107922 0.675546828125 0.10584 0.6645256796875 0.099414 0.6629516609375 0.087258 0.6700362531249999 0.092468 0.6831540781250001 0.103756 0.685516615625 0.107922 0.675546828125
3 0.463456 0.6096827796875 0.44836600000000004 0.609389728125 0.442562 0.640960725 0.46287599999999995 0.6476827796875 0.463456 0.6096827796875
3 0.44179 0.6453444109375 0.44778599999999996 0.6123141999999999 0.43327799999999994 0.6085135953125 0.42805400000000005 0.6102658609375 0.43173000000000006 0.6400815703125 0.44179 0.6453444109375
2 0.42882800000000004 0.597114803125 0.43985399999999997 0.595066465625 0.44469000000000003 0.5620362531249999 0.43676000000000004 0.5582356500000001 0.433084 0.564374621875 0.42902199999999996 0.5819123859374999 0.42882800000000004 0.597114803125
2 0.430762 0.564374621875 0.419156 0.5652507546875001 0.422058 0.6000362531250001 0.429214 0.59857401875 0.430762 0.564374621875
3 0.40948399999999996 0.5819123859374999 0.3942 0.57957401875 0.39361999999999997 0.6117280968750001 0.40580800000000006 0.61260725 0.40948399999999996 0.5819123859374999
3 0.3942 0.5801601203125 0.381432 0.58162235625 0.38201399999999996 0.6172839875 0.391106 0.61523565 0.3942 0.5801601203125
2 0.35551 0.5006858000000001 0.36615000000000003 0.49717824843749997 0.36363599999999996 0.4740845921875 0.352222 0.48665558906250006 0.349708 0.49980966718750003 0.35551 0.5006858000000001
2 0.658266 0.4182114796875 0.64959 0.41933534687499996 0.648598 0.43019637499999996 0.655786 0.435066465625 0.658018 0.43019637499999996 0.658266 0.4182114796875
2 0.59778 0.418960725 0.5936899999999999 0.41199093593749997 0.5896 0.42045619375000004 0.591336 0.4290725078125 0.597532 0.42307854999999994 0.59778 0.418960725
2 0.708586 0.49374924531250003 0.7009019999999999 0.4836042296875 0.694952 0.49712084531249995 0.701398 0.502365559375 0.7051160000000001 0.5034894265625 0.708586 0.49374924531250003
2 0.729904 0.5229667671875 0.735606 0.5173474312499999 0.7363500000000001 0.5087341390625 0.728666 0.503114803125 0.723956 0.50798489375 0.7251960000000001 0.518845921875 0.729904 0.5229667671875
3 0.679686 0.6006706953125 0.6809540000000001 0.5971117828125 0.678418 0.5908157093749999 0.6726219999999999 0.58725981875 0.670086 0.5722054375 0.656366 0.5657552875 0.654872 0.595196375 0.6639280000000001 0.6006706953125 0.671898 0.60313293125 0.679686 0.6006706953125
3 0.7147479999999999 0.5598791546874999 0.705422 0.5598791546874999 0.702608 0.55057401875 0.690466 0.5601450156250001 0.689586 0.5630694859375 0.6899379999999999 0.562803625 0.695744 0.5840725078125 0.707534 0.575830815625 0.714396 0.5699818734375001 0.7147479999999999 0.5598791546874999
3 0.6354960000000001 0.5884199390625 0.627976 0.5774350453125 0.613032 0.5847734140624999 0.615074 0.5895407859375 0.62547 0.592066465625 0.6354960000000001 0.5884199390625
3 0.740402 0.6316706953125 0.744358 0.643625378125 0.754152 0.6467552875 0.76564 0.64476435 0.767524 0.5980876140625 0.752644 0.594673715625 0.750572 0.626262840625 0.744358 0.6265498484375 0.740402 0.6316706953125
3 0.7671479999999999 0.620570996875 0.7782600000000001 0.6265498484375 0.79427 0.63110271875 0.78975 0.5795891234375 0.775058 0.5807280968749999 0.778636 0.6069123859375 0.7677120000000001 0.6052024171875 0.7671479999999999 0.620570996875
3 0.9072279999999999 0.619882175 0.892794 0.6115528703125 0.8874420000000001 0.60493655625 0.8726839999999999 0.6242930515625 0.891822 0.629196375 0.911444 0.62723565 0.9072279999999999 0.619882175
0 0.9231199999999999 0.30732930468749997 0.92792 0.3046706953125 0.92872 0.3008006046875 0.9269999999999999 0.2928096671875 0.92264 0.291854984375 0.91848 0.29693353437500003 0.91912 0.30370392812499997 0.9231199999999999 0.30732930468749997
2 0.807004 0.8590302109374999 0.8036479999999999 0.8670845921874999 0.810556 0.87901510625 0.8218080000000001 0.8808036250000001 0.8262980000000001 0.8673564953125 0.8216100000000001 0.8617160125 0.812926 0.8572416921875 0.807004 0.8590302109374999
2 0.8162800000000001 0.9121208453125 0.8180580000000001 0.9252416921875 0.829506 0.931803625 0.832714 0.912453171875 0.8281240000000001 0.903767371875 0.8212160000000001 0.9028731125 0.8162800000000001 0.9121208453125
2 0.526876 0.8534622359374999 0.523312 0.843326284375 0.511784 0.843960725 0.510736 0.85694561875 0.520796 0.8597945625 0.526876 0.8534622359374999