0 0.5673913046875 0.4463768109375 0.5695652171875001 0.47536231874999996 0.589130434375 0.4811594203125 0.589130434375 0.4521739125 0.5673913046875 0.4463768109375
4 0.5717391296875001 0.634782609375 0.5913043484375 0.6492753625 0.6021739125 0.5043478265625 0.586956521875 0.4492753625 0.560869565625 0.4521739125 0.5565217390625 0.46666666718750005 0.5804347828124999 0.5333333328125 0.5695652171875001 0.57391304375 0.5717391296875001 0.634782609375
0 0.9586956515624999 0.41449275312499995 0.9434782609375001 0.41739130468749996 0.9391304343750001 0.4492753625 0.9695652171875 0.46376811562500003 0.9717391296875 0.42608695625 0.9586956515624999 0.41449275312499995
4 0.060869565625 0.72463768125 0.047826087499999996 0.8811594203125 0.060869565625 0.9072463765625001 0.1065217390625 0.9043478265625 0.1173913046875 0.886956521875 0.0978260875 0.889855071875 0.089130434375 0.87246376875 0.1173913046875 0.762318840625 0.1043478265625 0.67536231875 0.11086956562500001 0.5913043484375 0.12391304375000001 0.5565217390625 0.11086956562500001 0.5014492749999999 0.10869565156250001 0.4318840578125 0.0934782609375 0.40289855 0.0782608703125 0.39710144999999997 0.0673913046875 0.40579710156250004 0.060869565625 0.47536231874999996 0.0304347828125 0.5159420296875 0.0173913046875 0.5681159421875 0.0173913046875 0.6927536234375 0.05 0.698550725 0.060869565625 0.72463768125
4 0.9565217390624999 0.6724637687499999 0.9456521734375001 0.6956521734375001 0.9456521734375001 0.762318840625 0.9282608703124999 0.8231884062500001 0.9521739124999999 0.8463768109375 0.97608695625 0.8405797093749999 0.984782609375 0.8115942031250001 0.984782609375 0.6811594203125 0.9978260875 0.6434782609374999 0.9978260875 0.4927536234375 0.9717391296875 0.47536231874999996 0.9673913046875 0.42028985468749996 0.9521739124999999 0.41449275312499995 0.9391304343750001 0.42318840625 0.9369565218749999 0.5188405796875 0.9630434781250001 0.57391304375 0.9630434781250001 0.6173913046874999 0.9565217390624999 0.6724637687499999
0 0.9195652171875001 0.40579710156250004 0.886956521875 0.40869565156250004 0.8695652171875 0.434782609375 0.8695652171875 0.46376811562500003 0.9347826093749999 0.46666666718750005 0.9369565218749999 0.4318840578125 0.9195652171875001 0.40579710156250004
4 0.8608695656249999 0.9971014500000001 0.9195652171875001 0.9971014500000001 0.9217391296875 0.8405797093749999 0.9413043484375001 0.7507246375000001 0.9391304343750001 0.698550725 0.9565217390624999 0.6318840578125 0.9586956515624999 0.585507246875 0.9326086953124999 0.5014492749999999 0.9326086953124999 0.42318840625 0.9152173906250001 0.40579710156250004 0.8891304343750001 0.40869565156250004 0.8717391296875 0.4289855078125 0.865217390625 0.46086956562500003 0.8826086953125 0.5565217390625 0.8543478265625 0.660869565625 0.8673913046875 0.87536231875 0.8608695656249999 0.9971014500000001
4 0.42391304375 0.901449275 0.4434782609375 0.9304347828124999 0.465217390625 0.8927536234375 0.5173913046874999 0.898550725 0.49347826093749997 0.8666666671875 0.49347826093749997 0.8492753625 0.510869565625 0.7478260875 0.5086956515625001 0.6 0.5217391296875 0.57681159375 0.5043478265625 0.5188405796875 0.48043478281249996 0.4927536234375 0.486956521875 0.4289855078125 0.463043478125 0.41739130468749996 0.4478260875 0.440579709375 0.4478260875 0.47149855 0.42391304375 0.52463768125 0.436956521875 0.7217391296875 0.42391304375 0.901449275
0 0.0695652171875 0.40289855 0.060869565625 0.42028985468749996 0.063043478125 0.4463768109375 0.10869565156250001 0.434782609375 0.089130434375 0.4 0.0695652171875 0.40289855
3 0.77391304375 0.9768115937499999 0.7826086953125 0.9768115937499999 0.7978260875000001 0.962318840625 0.7978260875000001 0.9507246374999999 0.7913043484375 0.9536231890625 0.789130434375 0.9507246374999999 0.7652173906249999 0.9507246374999999 0.7565217390625001 0.962318840625 0.7543478265625 0.97391304375 0.7586956515625001 0.9797101453125 0.7717391296875 0.9797101453125 0.77391304375 0.9768115937499999
3 0.7086956515625 0.9333333328125001 0.7217391296875 0.9333333328125001 0.72391304375 0.9362318843749999 0.7586956515625001 0.9362318843749999 0.763043478125 0.9333333328125001 0.760869565625 0.9275362312500001 0.736956521875 0.9130434781250001 0.736956521875 0.910144928125 0.7326086953125001 0.910144928125 0.715217390625 0.9217391296875 0.7065217390625 0.9217391296875 0.7065217390625 0.9304347828124999 0.7086956515625 0.9333333328125001
3 0.684782609375 0.889855071875 0.6826086953125 0.8811594203125 0.67608695625 0.8811594203125 0.6695652171875001 0.87536231875 0.6586956515625 0.8811594203125 0.6543478265625 0.9072463765625001 0.6717391296875 0.9072463765625001 0.67608695625 0.9043478265625 0.684782609375 0.889855071875
3 0.5913043484375 0.8840579703125 0.6086956515625 0.8840579703125 0.6173913046874999 0.8782608703125 0.6282608703125 0.8782608703125 0.6326086953125001 0.87536231875 0.6304347828125 0.8695652171875 0.6217391296875 0.863768115625 0.6065217390625001 0.8608695656249999 0.6 0.8695652171875 0.589130434375 0.87536231875 0.589130434375 0.8811594203125 0.5913043484375 0.8840579703125
3 0.563043478125 0.8405797093749999 0.565217390625 0.8434782609375 0.5695652171875001 0.8434782609375 0.57608695625 0.837681159375 0.57608695625 0.8318840578125 0.563043478125 0.8173913046875001 0.5565217390625 0.8173913046875001 0.5543478265624999 0.8202898546874999 0.536956521875 0.8202898546874999 0.534782609375 0.8231884062500001 0.534782609375 0.8318840578125 0.5565217390625 0.8405797093749999 0.563043478125 0.8405797093749999
3 0.465217390625 0.8956521734375 0.47173912968750004 0.8956521734375 0.47391304375 0.898550725 0.489130434375 0.898550725 0.4913043484375 0.901449275 0.5173913046874999 0.901449275 0.5195652171875 0.898550725 0.5195652171875 0.8927536234375 0.5152173906249999 0.886956521875 0.49347826093749997 0.87246376875 0.49347826093749997 0.87536231875 0.4782608703125 0.886956521875 0.465217390625 0.8840579703125 0.465217390625 0.8956521734375
3 0.439130434375 0.9304347828124999 0.45 0.9333333328125001 0.45434782656249995 0.9304347828124999 0.45652173906250004 0.9246376812499999 0.4521739125 0.9072463765625001 0.42608695625 0.9072463765625001 0.42608695625 0.910144928125 0.43043478281249997 0.9246376812499999 0.439130434375 0.9304347828124999
3 0.06521739062500001 0.910144928125 0.1043478265625 0.9072463765625001 0.115217390625 0.901449275 0.11956521718749999 0.886956521875 0.1217391296875 0.886956521875 0.12391304375000001 0.87536231875 0.1173913046875 0.8782608703125 0.1173913046875 0.8811594203125 0.1065217390625 0.889855071875 0.0956521734375 0.889855071875 0.0913043484375 0.8840579703125 0.063043478125 0.8840579703125 0.05869565156249999 0.889855071875 0.0565217390625 0.889855071875 0.0565217390625 0.901449275 0.06521739062500001 0.910144928125