0 0.584 0.2792792796875 0.614 0.321321321875 0.618 0.2582582578125 0.606 0.21921921875 0.562 0.1951951953125 0.512 0.2132132125 0.514 0.303303303125 0.528 0.2582582578125 0.546 0.2522522515625 0.584 0.2792792796875
0 0.982 0.32432432499999997 0.9640000000000001 0.3603603609375 0.962 0.39339339375 0.998 0.390390390625 0.998 0.31531531562500004 0.982 0.32432432499999997
0 0.35 0.3363363359375 0.348 0.31531531562500004 0.33399999999999996 0.29429429375 0.304 0.2882882890625 0.282 0.309309309375 0.27 0.3453453453125 0.274 0.3603603609375 0.32799999999999996 0.3603603609375 0.35 0.3363363359375
0 0.392 0.453453453125 0.384 0.4144144140625 0.37 0.39339339375 0.354 0.396396396875 0.33599999999999997 0.4234234234375 0.33799999999999997 0.453453453125 0.347864 0.4395915921875 0.378008 0.4386876875 0.392 0.453453453125
0 0.202 0.46846846875 0.21200000000000002 0.41741741718750003 0.2 0.3873873875 0.16399999999999998 0.38138138125 0.132 0.402402403125 0.136 0.4324324328125 0.16999999999999998 0.4414414421875 0.182 0.46846846875 0.202 0.46846846875
0 0 0.2612612609375 0.046 0.30630630625 0.062 0.3003003 0.066 0.240240240625 0.06 0.21621621562499999 0.032 0.1951951953125 0.008 0.1921921921875 0 0.1951951953125 0 0.2612612609375
0 0.8939999999999999 0.8138138140625 0.8960000000000001 0.78078078125 0.882 0.7117117109375 0.86 0.7117117109375 0.834 0.7387387390625 0.834 0.7897897890625 0.842 0.8078078078125 0.882 0.8228228234375001 0.8939999999999999 0.8138138140625
0 0.756 0.36336336406249997 0.78 0.3873873875 0.79 0.42042042031250004 0.798 0.41741741718750003 0.792 0.36336336406249997 0.77 0.3303303296875 0.736 0.3333333328125 0.71 0.38138138125 0.71 0.41141141093750005 0.716 0.4144144140625 0.726 0.38138138125 0.756 0.36336336406249997
0 0.28154 0.44453153125 0.283444 0.4025795796875 0.276938 0.380315315625 0.257416 0.39590690624999997 0.23837199999999997 0.420696696875 0.261226 0.44643843906249997 0.28154 0.44453153125
0 0.117758 0.44643843906249997 0.123472 0.4493003 0.119662 0.39590690624999997 0.09617400000000001 0.379696696875 0.065068 0.3910390390625 0.077764 0.41211411406250004 0.093 0.42355555625 0.117758 0.44643843906249997
0 0.241606 0.4241981984375 0.22171 0.418765765625 0.209654 0.4441201203125 0.210256 0.4450270265625 0.24522400000000003 0.4522702703125 0.241606 0.4241981984375
0 0.62535 0.408315315625 0.640072 0.42787387343749994 0.645734 0.3981111109375 0.63724 0.36069369375 0.6061 0.3368828828125 0.6061 0.372597596875 0.61346 0.3776997 0.62535 0.408315315625