0 0.49800000000000005 0.2651866671875 0.48 0.24385333281250002 0.462 0.2358533328125 0.44400000000000006 0.24652 0.446 0.3051866671875 0.47400000000000003 0.30252 0.5 0.2838533328125 0.49800000000000005 0.2651866671875
0 0.16599999999999998 0.24118666718749998 0.162 0.2571866671875 0.194 0.2651866671875 0.19 0.2358533328125 0.16599999999999998 0.24118666718749998
0 0.254 0.2213333328125 0.25 0.23733333281250002 0.27999999999999997 0.248 0.27599999999999997 0.2186666671875 0.254 0.2213333328125
0 0.041999999999999996 0.256 0.032 0.2666666671875 0.03 0.2853333328125 0.052000000000000005 0.2853333328125 0.05 0.2613333328125 0.041999999999999996 0.256
0 0.05600000000000001 0.272 0.05600000000000001 0.296 0.076 0.2906666671875 0.072 0.272 0.05600000000000001 0.272
4 0.746 0.4853333328125 0.72 0.4453333328125 0.6900000000000001 0.44800000000000006 0.6639999999999999 0.472 0.666 0.5386666671875 0.722 0.528 0.746 0.504 0.746 0.4853333328125
0 0.7282219999999999 0.44652000000000003 0.708222 0.4491866671875 0.706222 0.46785333281249997 0.7162219999999999 0.4838533328125 0.734222 0.4731866671875 0.7282219999999999 0.44652000000000003
3 0.512 0.7333333328125 0.51 0.76 0.548 0.7573333328125 0.54 0.736 0.512 0.7333333328125
3 0.454 0.736 0.42400000000000004 0.7306666671875 0.422 0.76 0.44400000000000006 0.7653333328125 0.454 0.7546666671875 0.454 0.736
4 0.426 0.6799999999999999 0.42400000000000004 0.7573333328125 0.442 0.7653333328125 0.454 0.7466666671875 0.45599999999999996 0.6613333328125 0.46799999999999997 0.6186666671875 0.492 0.6053333328125 0.51 0.704 0.51 0.7546666671875 0.548 0.7546666671875 0.532 0.6853333328125 0.522 0.5253333328124999 0.542 0.42400000000000004 0.518 0.3573333328125 0.492 0.3226666671875 0.5 0.2773333328125 0.47800000000000004 0.24533333281249997 0.462 0.23733333281250002 0.442 0.2533333328125 0.442 0.296 0.45199999999999996 0.32 0.42000000000000004 0.36 0.40800000000000003 0.4106666671875 0.40599999999999997 0.4373333328125 0.442 0.5066666671875 0.442 0.5866666671874999 0.426 0.6799999999999999
4 0.202 0.544 0.192 0.4533333328125 0.21000000000000002 0.3653333328125 0.21000000000000002 0.31466666718749997 0.19 0.23733333281250002 0.16799999999999998 0.23733333281250002 0.162 0.2533333328125 0.154 0.45066666718750004 0.178 0.5546666671875 0.194 0.5626666671875 0.202 0.544
4 0.041999999999999996 0.5013333328125 0.036 0.5386666671875 0.062 0.5386666671875 0.074 0.3413333328125 0.054000000000000006 0.296 0.057999999999999996 0.272 0.044 0.256 0.032 0.2693333328125 0.038 0.3173333328125 0.022 0.36 0.022 0.38933333281250004 0.041999999999999996 0.5013333328125
3 0.286 0.568 0.29 0.5653333328125 0.29 0.5519999999999999 0.286 0.5466666671875 0.27599999999999997 0.5466666671875 0.274 0.5493333328125 0.274 0.5653333328125 0.27799999999999997 0.568 0.286 0.568
3 0.252 0.568 0.256 0.5653333328125 0.258 0.5626666671875 0.258 0.5519999999999999 0.244 0.5519999999999999 0.244 0.5653333328125 0.246 0.568 0.252 0.568