0 0.6666666671875 0.3675 0.6633333328125001 0.315 0.6516666671875 0.28500000000000003 0.6366666671875 0.27 0.605 0.275 0.5883333328125 0.29500000000000004 0.5716666671875 0.3375 0.5700000000000001 0.3675 0.6166666671875001 0.385 0.6533333328125 0.38 0.6666666671875 0.3675
0 0.495 0.355 0.495 0.29500000000000004 0.4733333328125 0.2525 0.43833333281250003 0.2475 0.41500000000000004 0.27999999999999997 0.4033333328125 0.3125 0.4066666671875 0.32 0.445 0.325 0.495 0.355
4 0.3483333328125 0.425 0.3483333328125 0.395 0.3366666671875 0.3525 0.3283333328125 0.355 0.3283333328125 0.3725 0.32 0.385 0.3166666671875 0.40499999999999997 0.3333333328125 0.4725 0.34500000000000003 0.4525 0.3483333328125 0.425
0 0.33999999999999997 0.365 0.33999999999999997 0.35750000000000004 0.3383333328125 0.3525 0.32999999999999996 0.3525 0.3283333328125 0.355 0.3266666671875 0.3625 0.32999999999999996 0.3675 0.3383333328125 0.3675 0.33999999999999997 0.365
1 0.7033333328125 0.7175 0.7083333328125 0.735 0.7133333328125 0.7325 0.7033333328125 0.53 0.7 0.6675 0.6716666671875 0.675 0.65 0.605 0.63 0.5825 0.5933333328125 0.575 0.58 0.63 0.5783333328125 0.6799999999999999 0.5916666671875 0.7675 0.6599999999999999 0.72 0.7033333328125 0.7175
1 0.5616666671874999 0.5625 0.545 0.5475 0.5333333328125 0.5475 0.545 0.655 0.5616666671874999 0.575 0.5616666671874999 0.5625
1 0.6416666671875 0.44749999999999995 0.6166666671875001 0.485 0.615 0.4925 0.6233333328125 0.495 0.6616666671875 0.4525 0.6416666671875 0.44749999999999995
1 0.5733333328125 0.4525 0.5633333328125001 0.465 0.5616666671874999 0.48250000000000004 0.5816666671874999 0.475 0.58 0.4575 0.5733333328125 0.4525
1 0.6833333328125 0.4575 0.6716666671875 0.4575 0.6966666671875 0.4925 0.6933333328125 0.46749999999999997 0.6833333328125 0.4575
4 0.505 0.4725 0.43499999999999994 0.44749999999999995 0.42000000000000004 0.45 0.42000000000000004 0.4575 0.43333333281249997 0.485 0.43 0.5 0.44000000000000006 0.515 0.46166666718749994 0.525 0.5066666671875 0.52 0.5333333328125 0.5425 0.545 0.6675 0.5416666671875 0.7 0.5683333328125 0.78 0.575 0.7825 0.5783333328125 0.8525 0.5683333328125 0.8675 0.5349999999999999 0.875 0.545 0.9974999999999999 0.6866666671874999 0.9974999999999999 0.7433333328125 0.9574999999999999 0.7233333328125 0.9199999999999999 0.705 0.8074999999999999 0.7116666671874999 0.735 0.71 0.5825 0.6916666671875 0.465 0.6716666671875 0.45499999999999996 0.6466666671875 0.425 0.665 0.3675 0.6633333328125001 0.325 0.6516666671875 0.2875 0.6333333328124999 0.27 0.6066666671875 0.275 0.5716666671875 0.34249999999999997 0.5766666671875 0.44000000000000006 0.5616666671874999 0.47750000000000004 0.505 0.4725
4 0.29500000000000004 0.8275 0.31 0.8375 0.315 0.9974999999999999 0.4933333328125 0.9974999999999999 0.5083333328124999 0.8825 0.5633333328125001 0.86 0.5833333328125 0.8425 0.6116666671875 0.8400000000000001 0.6633333328125001 0.7925 0.6849999999999999 0.75 0.6733333328125 0.73 0.6566666671875 0.7275 0.6283333328125 0.7424999999999999 0.5916666671875 0.78 0.5766666671875 0.7875 0.5650000000000001 0.78 0.5383333328125001 0.6950000000000001 0.5416666671875 0.6575 0.53 0.54 0.505 0.5225 0.45499999999999996 0.5275000000000001 0.43166666718749996 0.495 0.43666666718749997 0.46749999999999997 0.4516666671875 0.44749999999999995 0.46333333281250005 0.45 0.46666666718750005 0.4225 0.495 0.3525 0.49000000000000005 0.27999999999999997 0.4716666671875 0.2525 0.44333333281250004 0.2475 0.42000000000000004 0.2725 0.4066666671875 0.315 0.4066666671875 0.43499999999999994 0.3416666671875 0.465 0.3266666671875 0.485 0.2866666671875 0.6025 0.28500000000000003 0.655 0.255 0.6875 0.25 0.73 0.23500000000000001 0.7625 0.23333333281250002 0.7875 0.25166666718749997 0.8400000000000001 0.2733333328125 0.8425 0.29500000000000004 0.8275