0 0.3675 0.4766666671875 0.365 0.4266666671875 0.33999999999999997 0.4 0.29928 0.4052466671875 0.28250000000000003 0.4233333328125 0.2975 0.4933333328125 0.3225 0.5266666671875 0.34500000000000003 0.5333333328125 0.3675 0.4766666671875
0 0.4525 0.5433333328125001 0.47000000000000003 0.4933333328125 0.46749999999999997 0.4566666671875 0.4415375 0.4396433328125 0.4225 0.44000000000000006 0.39 0.46666666718750005 0.385 0.5033333328125 0.4 0.5366666671875 0.4325 0.5566666671875 0.4525 0.5433333328125001
0 0.525 0.31 0.5275000000000001 0.2666666671875 0.5125 0.2366666671875 0.4875 0.23333333281250002 0.4725 0.24666666718750002 0.45999999999999996 0.27999999999999997 0.46749999999999997 0.3 0.5075000000000001 0.3166666671875 0.525 0.31
0 0.58 0.27999999999999997 0.585 0.2733333328125 0.585 0.25666666718750003 0.58 0.25 0.58 0.24666666718750002 0.5700000000000001 0.24333333281249997 0.5599999999999999 0.2533333328125 0.5575 0.2633333328125 0.5575 0.2766666671875 0.5625 0.27999999999999997 0.58 0.27999999999999997
0 0.7 0.45999999999999996 0.7075 0.45 0.7375 0.43333333281249997 0.735 0.4166666671875 0.7275 0.4066666671875 0.7275 0.4033333328125 0.72 0.3933333328125 0.7025 0.38333333281250004 0.6925 0.38333333281250004 0.6799999999999999 0.39 0.6675 0.41 0.665 0.45 0.6675 0.45999999999999996 0.6725 0.46666666718750005 0.7 0.45999999999999996
0 0.7875 0.46666666718750005 0.7825 0.4733333328125 0.7825 0.48666666718749996 0.7875 0.48666666718749996 0.82 0.45 0.8300000000000001 0.4266666671875 0.8699999999999999 0.38 0.8825 0.36 0.8825 0.3466666671875 0.8724999999999999 0.3333333328125 0.8550000000000001 0.3233333328125 0.8175000000000001 0.3233333328125 0.8074999999999999 0.3266666671875 0.7925 0.33999999999999997 0.77 0.37333333281250003 0.7675 0.41 0.7725 0.4266666671875 0.7875 0.4533333328125 0.7875 0.46666666718750005
0 0.8474999999999999 0.3166666671875 0.86 0.3166666671875 0.865 0.3133333328125 0.885 0.2833333328125 0.8875 0.2833333328125 0.8975 0.2633333328125 0.9175000000000001 0.24666666718750002 0.9199999999999999 0.22999999999999998 0.905 0.2133333328125 0.8800000000000001 0.2066666671875 0.8775000000000001 0.2033333328125 0.8574999999999999 0.2033333328125 0.845 0.21000000000000002 0.8375 0.2233333328125 0.8324999999999999 0.2266666671875 0.8275 0.24 0.825 0.25 0.825 0.2733333328125 0.8300000000000001 0.29 0.8474999999999999 0.3166666671875
3 0.9199999999999999 0.8099999999999999 0.9225 0.8133333328125 0.9475 0.8133333328125 0.9675 0.7933333328125001 0.9650000000000001 0.78 0.9574999999999999 0.7766666671875 0.95 0.7566666671875 0.9375 0.75 0.9275 0.75 0.925 0.7466666671875 0.905 0.76 0.9025000000000001 0.7666666671875 0.885 0.78 0.86 0.7833333328125 0.8525 0.7933333328125001 0.8574999999999999 0.8033333328125 0.865 0.8066666671875 0.9199999999999999 0.8099999999999999
3 0.9650000000000001 0.8766666671875001 0.9974999999999999 0.8733333328124999 0.9974999999999999 0.7966666671875 0.9724999999999999 0.79 0.95 0.8133333328125 0.9225 0.8533333328125 0.9225 0.86 0.9275 0.8699999999999999 0.9650000000000001 0.8766666671875001
2 0.45 0.7566666671875 0.4575 0.7666666671875 0.4875 0.7866666671875 0.4925 0.7866666671875 0.4925 0.7766666671875 0.485 0.7666666671875 0.48250000000000004 0.7533333328125 0.48 0.75 0.48 0.7366666671875 0.47750000000000004 0.7266666671875 0.45499999999999996 0.71 0.4525 0.71 0.4525 0.7133333328125 0.445 0.7233333328125 0.4425 0.73 0.4425 0.74 0.44749999999999995 0.7466666671875 0.45 0.7566666671875
2 0.5 0.7833333328125 0.5075000000000001 0.7833333328125 0.52 0.77 0.5175 0.7666666671875 0.5175 0.7533333328125 0.51 0.74 0.51 0.7366666671875 0.5 0.7233333328125 0.5 0.72 0.49000000000000005 0.7166666671875 0.48250000000000004 0.7266666671875 0.48250000000000004 0.7466666671875 0.49000000000000005 0.77 0.5 0.7833333328125
2 0.71 0.7066666671874999 0.7150000000000001 0.7 0.7175 0.7 0.7224999999999999 0.6866666671874999 0.7224999999999999 0.67 0.7175 0.6566666671875 0.7075 0.6566666671875 0.7 0.67 0.6975 0.6900000000000001 0.7 0.6966666671875 0.7075 0.7066666671874999 0.71 0.7066666671874999
2 0.6799999999999999 0.6666666671875 0.6950000000000001 0.6766666671875 0.6991324999999999 0.6743666671875 0.7006924999999999 0.6653566671875 0.705 0.6633333328125001 0.7075 0.6566666671875 0.7025 0.65 0.7025 0.6466666671875 0.6925 0.64 0.6725 0.64 0.6675 0.6466666671875 0.6675 0.65 0.6799999999999999 0.6633333328125001 0.6799999999999999 0.6666666671875
3 0.5068775 0.6856233328125 0.5275000000000001 0.6900000000000001 0.5375 0.6900000000000001 0.550005 0.68424 0.5625 0.6799999999999999 0.5650000000000001 0.6766666671875 0.5625 0.67 0.5475 0.6599999999999999 0.5325 0.6599999999999999 0.5325 0.6633333328125001 0.5025000000000001 0.67 0.5025000000000001 0.6733333328125 0.5068775 0.6856233328125
3 0.20249999999999999 0.7866666671875 0.20750000000000002 0.7933333328125001 0.225 0.8033333328125 0.2425 0.8033333328125 0.24500000000000002 0.8066666671875 0.2525 0.8066666671875 0.255 0.8033333328125 0.27 0.8033333328125 0.27749999999999997 0.8 0.27749999999999997 0.7766666671875 0.2575 0.7566666671875 0.2525 0.75 0.2525 0.7466666671875 0.2425 0.75 0.23500000000000001 0.7566666671875 0.22000000000000003 0.7566666671875 0.21749999999999997 0.7533333328125 0.21749999999999997 0.7433333328125 0.215 0.74 0.205 0.75 0.205 0.7533333328125 0.2 0.76 0.2 0.7766666671875 0.20249999999999999 0.7866666671875
3 0.1325 0.8266666671875 0.1375 0.8333333328125001 0.1375 0.8366666671875 0.16 0.8366666671875 0.185 0.8233333328124999 0.1875 0.8166666671874999 0.1875 0.8099999999999999 0.1770575 0.8120733328125 0.1703025 0.8079166671875001 0.153675 0.7996000000000001 0.14750000000000002 0.78 0.125 0.77 0.125 0.7633333328125 0.12250000000000001 0.7666666671875 0.1125 0.7666666671875 0.11000000000000001 0.77 0.10500000000000001 0.7866666671875 0.10500000000000001 0.7966666671875 0.13 0.8266666671875 0.1325 0.8266666671875
2 0.335 0.7766666671875 0.35 0.7766666671875 0.36 0.7666666671875 0.355 0.74 0.3525 0.7366666671875 0.3525 0.7266666671875 0.34750000000000003 0.7166666671875 0.34249999999999997 0.7166666671875 0.33999999999999997 0.72 0.3275 0.72 0.3225 0.7233333328125 0.32 0.73 0.3175 0.74 0.3175 0.76 0.3275 0.7733333328125 0.335 0.7766666671875
2 0.39249999999999996 0.8066666671875 0.3975 0.8066666671875 0.40750000000000003 0.82 0.41500000000000004 0.8233333328124999 0.4225 0.8233333328124999 0.42750000000000005 0.82 0.4325 0.8066666671875 0.43 0.8 0.4175 0.7833333328125 0.4175 0.78 0.3875 0.75 0.3825 0.7566666671875 0.38 0.7733333328125 0.385 0.7833333328125 0.385 0.7966666671875 0.39249999999999996 0.8066666671875