0 0.78 0.23241590156249997 0.766 0.25688073437500003 0.762 0.314984709375 0.806 0.290519878125 0.8039999999999999 0.22324159062499999 0.78 0.23241590156249997
0 0.71 0.36085626875 0.682 0.2996941890625 0.662 0.30275229375 0.648 0.3211009171875 0.646 0.3547400609375 0.688 0.3363914375 0.704 0.3639143734375 0.71 0.36085626875
0 0.49400000000000005 0.2599388375 0.526 0.290519878125 0.544 0.2844036703125 0.522 0.19266054999999999 0.49400000000000005 0.1529051984375 0.446 0.1529051984375 0.426 0.17737003125 0.41600000000000004 0.20795107031249999 0.40599999999999997 0.25688073437500003 0.418 0.30275229375 0.46799999999999997 0.25688073437500003 0.49400000000000005 0.2599388375
0 0 0.3853211015625 0.008 0.3853211015625 0.01 0.382262996875 0.04 0.382262996875 0.041999999999999996 0.3761467890625 0.04 0.373088684375 0.04 0.36085626875 0.038 0.3547400609375 0.026000000000000002 0.3333333328125 0.018 0.327217125 0 0.327217125 0 0.3853211015625
0 0.05 0.373088684375 0.054000000000000006 0.373088684375 0.057999999999999996 0.3669724765625 0.08399999999999999 0.36085626875 0.086 0.3639143734375 0.092 0.36085626875 0.092 0.3547400609375 0.088 0.339449540625 0.076 0.3180428140625 0.06999999999999999 0.314984709375 0.054000000000000006 0.314984709375 0.048 0.3180428140625 0.041999999999999996 0.327217125 0.04 0.3333333328125 0.04 0.3516819578125 0.044 0.3639143734375 0.05 0.373088684375
0 0.196 0.339449540625 0.2 0.339449540625 0.202 0.3363914375 0.22000000000000003 0.3363914375 0.22999999999999998 0.348623853125 0.23199999999999998 0.3547400609375 0.236 0.3547400609375 0.238 0.327217125 0.23399999999999999 0.31192660625 0.22400000000000003 0.2966360859375 0.22000000000000003 0.29357798125 0.20400000000000001 0.29357798125 0.202 0.2966360859375 0.196 0.2966360859375 0.192 0.2996941890625 0.186 0.3088685015625 0.184 0.3180428140625 0.184 0.339449540625 0.188 0.34556575 0.196 0.339449540625
0 0.34199999999999997 0.37003058125 0.346 0.373088684375 0.35 0.37003058125 0.35 0.3547400609375 0.348 0.3516819578125 0.348 0.3425076453125 0.34199999999999997 0.324159021875 0.33799999999999997 0.3211009171875 0.32599999999999996 0.3211009171875 0.324 0.324159021875 0.318 0.324159021875 0.31 0.3302752296875 0.304 0.3425076453125 0.302 0.3516819578125 0.302 0.37003058125 0.308 0.373088684375 0.34199999999999997 0.37003058125
0 0.362 0.391437309375 0.368 0.39449541250000003 0.38 0.3853211015625 0.384 0.37920489218750003 0.386 0.373088684375 0.386 0.36085626875 0.384 0.3547400609375 0.374 0.348623853125 0.364 0.348623853125 0.362 0.3516819578125 0.362 0.3547400609375 0.358 0.36085626875 0.358 0.3853211015625 0.362 0.391437309375
3 0.13 0.88990825625 0.136 0.8990825687499999 0.13999999999999999 0.9021406734375 0.146 0.9021406734375 0.148 0.9051987765625 0.16 0.8990825687499999 0.16 0.886850153125 0.154 0.877675840625 0.154 0.8715596328125 0.15 0.8654434249999999 0.13999999999999999 0.8654434249999999 0.13799999999999998 0.8685015296874999 0.128 0.8685015296874999 0.128 0.8807339453124999 0.13 0.88990825625
3 0.16723 0.7795107031249999 0.17798799999999998 0.76681345625 0.17553000000000002 0.7414250765625 0.17522200000000002 0.738669725 0.163232 0.751767584375 0.148784 0.7654036703125 0.15278 0.77762996875 0.16723 0.7795107031249999
3 0.195126 0.791262996875 0.18744 0.777159021875 0.178834 0.777159021875 0.165616 0.7926758406250001 0.164386 0.8072507640625 0.17821800000000002 0.8058409781250001 0.195126 0.791262996875
3 0.185596 0.9102079515625 0.212648 0.8876391437500001 0.228634 0.8810581046875001 0.2231 0.865541284375 0.20434800000000003 0.8660122328125001 0.196356 0.8598990828125 0.190208 0.8805871562500001 0.17453000000000002 0.8871712531249999 0.171764 0.905036696875 0.185596 0.9102079515625
3 0.281892 0.8982171250000001 0.275436 0.8751773703125 0.25514800000000004 0.8789388375 0.250536 0.8963363921875 0.24408 0.9160825687499999 0.264062 0.92313455625 0.281892 0.8982171250000001
3 0.319934 0.889623853125 0.308252 0.8910366968749999 0.293804 0.9178348625 0.30671400000000004 0.9248899078124999 0.324544 0.9121926609375001 0.319934 0.889623853125
3 0.676886 0.9969418953125 0.67194 0.977706421875 0.642716 0.9715198781250001 0.640918 0.947449540625 0.640918 0.9522629968749999 0.622934 0.975645259375 0.6027020000000001 0.9900856265625 0.605848 0.9969418953125 0.676886 0.9969418953125