4 0.828 0.730538921875 0.836 0.8473053890625 0.8400000000000001 0.8592814375 0.8480000000000001 0.8592814375 0.86 0.856287425 0.8640000000000001 0.8443113765625 0.866 0.82035928125 0.8619999999999999 0.7544910171875 0.8699999999999999 0.7035928140625 0.8460000000000001 0.625748503125 0.836 0.622754490625 0.8300000000000001 0.6377245515625 0.8300000000000001 0.664670659375 0.8220000000000001 0.67964071875 0.8220000000000001 0.7065868265625 0.828 0.730538921875
0 0.8380000000000001 0.6467065875 0.8400000000000001 0.6497005984374999 0.8480000000000001 0.6497005984374999 0.85 0.6467065875 0.85 0.6377245515625 0.844 0.625748503125 0.836 0.625748503125 0.8320000000000001 0.628742515625 0.8300000000000001 0.6377245515625 0.8300000000000001 0.643712575 0.8320000000000001 0.6467065875 0.8380000000000001 0.6467065875
0 0.786 0.6407185625 0.792 0.6467065875 0.798 0.6467065875 0.8 0.643712575 0.8 0.6347305390625 0.796 0.628742515625 0.796 0.625748503125 0.792 0.622754490625 0.782 0.622754490625 0.778 0.625748503125 0.776 0.628742515625 0.776 0.6377245515625 0.78 0.6407185625 0.786 0.6407185625
0 0.47400000000000003 0.71257485 0.47400000000000003 0.7035928140625 0.46799999999999997 0.694610778125 0.462 0.694610778125 0.458 0.700598803125 0.45599999999999996 0.7095808390625 0.45999999999999996 0.7155688625 0.47000000000000003 0.7155688625 0.47400000000000003 0.71257485
0 0.16 0.7544910171875 0.172 0.7544910171875 0.178 0.7485029937500001 0.188 0.7485029937500001 0.192 0.7425149703125 0.192 0.736526946875 0.188 0.7245508984375 0.18 0.71257485 0.176 0.7095808390625 0.16599999999999998 0.7095808390625 0.16 0.71257485 0.152 0.7245508984375 0.15 0.733532934375 0.15 0.7544910171875 0.156 0.7574850296875 0.16 0.7544910171875
1 0.158 0.9520958078125 0.2 0.9401197609375 0.22000000000000003 0.9311377249999999 0.22799999999999998 0.9221556890624999 0.22799999999999998 0.8982035921874999 0.22200000000000003 0.8742514968749999 0.22200000000000003 0.8592814375 0.22799999999999998 0.835329340625 0.248 0.82035928125 0.248 0.799401196875 0.244 0.7904191609375 0.19 0.7844311375 0.184 0.7784431140625 0.172 0.7784431140625 0.16399999999999998 0.781437125 0.146 0.8083832328125 0.142 0.82035928125 0.144 0.8832335328124999 0.15 0.9251497000000001 0.158 0.9520958078125
1 0.778 0.763473053125 0.78 0.766467065625 0.794 0.766467065625 0.796 0.769461078125 0.8160000000000001 0.763473053125 0.8160000000000001 0.736526946875 0.8140000000000001 0.733532934375 0.8119999999999999 0.71257485 0.8099999999999999 0.71257485 0.806 0.6916167671875 0.806 0.6856287421875 0.8099999999999999 0.67664670625 0.8039999999999999 0.6676646703125 0.798 0.664670659375 0.786 0.67964071875 0.778 0.6706586828125001 0.77 0.67664670625 0.768 0.6826347312500001 0.77 0.7065868265625 0.778 0.7215568859375 0.778 0.763473053125
3 0.8371000000000001 0.8617754484375 0.8349439999999999 0.8572065875 0.8274900000000001 0.8674670656249999 0.8263199999999999 0.8795149703125 0.830452 0.8891916171875 0.8383559999999999 0.8862365265625 0.8371000000000001 0.8617754484375
3 0.803962 0.8840838328125 0.81043 0.87736526875 0.809712 0.8625808390625 0.797382 0.8659550890625001 0.796596 0.873601796875 0.793542 0.8784401203125001 0.79444 0.8854281437499999 0.803962 0.8840838328125
3 0.46223000000000003 0.8862005984374999 0.47616800000000004 0.8801916171874999 0.47593199999999997 0.8632275453125 0.465538 0.8671167671875001 0.46482999999999997 0.8720628749999999 0.458214 0.87736526875 0.455616 0.881961078125 0.46223000000000003 0.8862005984374999
4 0.154 0.9970059875 0.22599999999999998 0.9970059875 0.22400000000000003 0.943113771875 0.22999999999999998 0.9131736531250001 0.22200000000000003 0.8742514968749999 0.22799999999999998 0.835329340625 0.248 0.82335329375 0.248 0.7964071859375 0.236 0.7844311375 0.194 0.7844311375 0.188 0.7754491015625 0.19 0.733532934375 0.184 0.718562875 0.174 0.7095808390625 0.16 0.71257485 0.15 0.736526946875 0.152 0.7754491015625 0.142 0.82035928125 0.142 0.8592814375 0.154 0.9970059875
4 0.458 0.7514970062499999 0.45999999999999996 0.7574850296875 0.45999999999999996 0.8742514968749999 0.458 0.8802395203125 0.46799999999999997 0.8802395203125 0.49800000000000005 0.8682634734375 0.49800000000000005 0.835329340625 0.49000000000000005 0.8143712578125 0.49000000000000005 0.7964071859375 0.492 0.7934131734375 0.49000000000000005 0.7455089828125 0.47400000000000003 0.718562875 0.47400000000000003 0.7035928140625 0.46399999999999997 0.694610778125 0.458 0.7035928140625 0.458 0.733532934375 0.45999999999999996 0.736526946875 0.458 0.7514970062499999
4 0.794 0.8622754484374999 0.794 0.8802395203125 0.8039999999999999 0.8802395203125 0.8099999999999999 0.8682634734375 0.8240000000000001 0.8682634734375 0.826 0.8802395203125 0.834 0.8832335328124999 0.8380000000000001 0.8622754484374999 0.8220000000000001 0.802395209375 0.8220000000000001 0.718562875 0.8160000000000001 0.6886227546875 0.8039999999999999 0.6676646703125 0.8 0.6377245515625 0.794 0.625748503125 0.78 0.625748503125 0.774 0.6377245515625 0.768 0.67964071875 0.768 0.7425149703125 0.78 0.7754491015625 0.794 0.8622754484374999