0 0.04 0.3157894734375 0.052000000000000005 0.34365325 0.05600000000000001 0.34365325 0.06 0.33126935 0.098 0.3095975234375 0.11000000000000001 0.294117646875 0.11000000000000001 0.287925696875 0.10800000000000001 0.284829721875 0.10600000000000001 0.284829721875 0.08 0.25386996875 0.064 0.25386996875 0.057999999999999996 0.25696594375 0.054000000000000006 0.26006191875 0.04 0.284829721875 0.04 0.294117646875 0.038 0.297213621875 0.04 0.30340557343749996 0.04 0.3157894734375
0 0.196 0.383900928125 0.20400000000000001 0.377708978125 0.246 0.3560371515625 0.246 0.34365325 0.242 0.33126935 0.24 0.33126935 0.22599999999999998 0.3095975234375 0.22200000000000003 0.3065015484375 0.21000000000000002 0.3065015484375 0.20800000000000002 0.3095975234375 0.2 0.3095975234375 0.196 0.3126934984375 0.184 0.33126935 0.184 0.368421053125 0.192 0.383900928125 0.196 0.383900928125
0 0.348 0.44582043281250006 0.352 0.4365325078125 0.35 0.4303405578125 0.33999999999999997 0.41486068125 0.33999999999999997 0.41176470624999995 0.33799999999999997 0.41176470624999995 0.32999999999999996 0.3993808046875 0.32599999999999996 0.3962848296875 0.322 0.3962848296875 0.32 0.3993808046875 0.312 0.3993808046875 0.298 0.41486068125 0.296 0.42105263125 0.296 0.452012384375 0.302 0.46439628437499997 0.348 0.44582043281250006
0 0.724 0.65634675 0.756 0.65634675 0.758 0.6501547984375 0.758 0.628482971875 0.752 0.6099071203124999 0.744 0.6037151703125 0.736 0.6037151703125 0.726 0.6099071203124999 0.72 0.619195046875 0.716 0.631578946875 0.716 0.6501547984375 0.718 0.6532507734374999 0.724 0.65634675
0 0.786 0.6842105265625 0.788 0.6811145515625 0.796 0.6811145515625 0.798 0.6780185765625 0.8119999999999999 0.6780185765625 0.8140000000000001 0.6749226 0.8220000000000001 0.6749226 0.8240000000000001 0.66873065 0.8160000000000001 0.6408668734375 0.8119999999999999 0.6346749218750001 0.8019999999999999 0.628482971875 0.794 0.628482971875 0.786 0.6346749218750001 0.78 0.6439628484375 0.778 0.6439628484375 0.776 0.6501547984375 0.774 0.659442725 0.774 0.671826625 0.778 0.6842105265625 0.786 0.6842105265625
0 0.96 0.8204334359375001 0.96 0.8297213625 0.966 0.8513931890625 0.97 0.8544891640625 0.976 0.8544891640625 0.998 0.8390092875 0.998 0.7708978328125 0.976 0.7708978328125 0.966 0.7770897828125001 0.966 0.7801857578125 0.958 0.792569659375 0.958 0.8173374609374999 0.96 0.8204334359375001
0 0.8380000000000001 0.7708978328125 0.85 0.7647058828125 0.852 0.7616099078125 0.852 0.75541795625 0.8460000000000001 0.74613003125 0.8400000000000001 0.74303405625 0.836 0.7368421046875 0.8300000000000001 0.7368421046875 0.828 0.7337461296875001 0.8220000000000001 0.7368421046875 0.82 0.7399380812499999 0.82 0.7523219812499999 0.826 0.7678018578125 0.8380000000000001 0.7708978328125
2 0.072 0.6625387 0.08399999999999999 0.6625387 0.09 0.65634675 0.09 0.6408668734375 0.092 0.6377708984375 0.088 0.622291021875 0.08 0.622291021875 0.078 0.625386996875 0.062 0.628482971875 0.06 0.6346749218750001 0.06 0.6470588234375 0.062 0.65634675 0.072 0.6625387
2 0.314 0.7213622296875 0.31 0.699690403125 0.302 0.6842105265625 0.29 0.6842105265625 0.284 0.6934984515625 0.282 0.705882353125 0.288 0.7244582046875 0.31 0.7244582046875 0.314 0.7213622296875
2 0.42800000000000005 0.4736842109375 0.45 0.452012384375 0.458 0.42414860625 0.454 0.42414860625 0.44800000000000006 0.41486068125 0.442 0.41486068125 0.43 0.4303405578125 0.42800000000000005 0.4303405578125 0.42000000000000004 0.44582043281250006 0.418 0.452012384375 0.418 0.461300309375 0.426 0.4736842109375 0.42800000000000005 0.4736842109375
2 0.8853139999999999 0.83303405625 0.881462 0.8260835906249999 0.8663779999999999 0.8320402484375 0.865416 0.8384953562499999 0.87023 0.8533900921875001 0.8798579999999999 0.8504117640625 0.8833880000000001 0.8429628484375 0.8853139999999999 0.83303405625