0 0.092 0.43711340156249995 0.094 0.42680412343749996 0.09 0.42061855625 0.08199999999999999 0.42061855625 0.076 0.42680412343749996 0.074 0.430927834375 0.076 0.44329896875 0.088 0.4412371140625 0.092 0.43711340156249995
0 0.11200000000000002 0.44329896875 0.11399999999999999 0.445360825 0.122 0.445360825 0.12 0.42886597968749995 0.11599999999999999 0.42474226875000004 0.11200000000000002 0.4226804125 0.098 0.4226804125 0.094 0.42680412343749996 0.092 0.430927834375 0.092 0.4412371140625 0.094 0.44329896875 0.11200000000000002 0.44329896875
0 0.154 0.43505154687500003 0.16 0.43505154687500003 0.162 0.430927834375 0.162 0.41855670156249997 0.158 0.412371134375 0.154 0.410309278125 0.13999999999999999 0.410309278125 0.132 0.4164948453125 0.13 0.42061855625 0.13 0.42680412343749996 0.132 0.42886597968749995 0.154 0.43505154687500003
0 0.188 0.42061855625 0.196 0.42061855625 0.20400000000000001 0.42474226875000004 0.202 0.41443298906250003 0.196 0.4082474234375 0.196 0.4061855671875 0.192 0.40412371093750005 0.186 0.40412371093750005 0.184 0.40206185625 0.18 0.40206185625 0.16999999999999998 0.4061855671875 0.162 0.41443298906250003 0.162 0.430927834375 0.16799999999999998 0.430927834375 0.188 0.42061855625
0 0.29 0.4391752578125 0.288 0.4226804125 0.27799999999999997 0.41443298906250003 0.266 0.41443298906250003 0.256 0.4226804125 0.254 0.42680412343749996 0.254 0.43298969062500003 0.286 0.44329896875 0.29 0.4391752578125
0 0.304 0.42474226875000004 0.312 0.42474226875000004 0.324 0.430927834375 0.32799999999999996 0.430927834375 0.32999999999999996 0.42886597968749995 0.32999999999999996 0.4164948453125 0.32799999999999996 0.412371134375 0.318 0.4061855671875 0.306 0.4061855671875 0.296 0.41443298906250003 0.294 0.42061855625 0.294 0.42886597968749995 0.298 0.42886597968749995 0.304 0.42474226875000004
0 0.41600000000000004 0.42680412343749996 0.438 0.4226804125 0.44000000000000006 0.42061855625 0.44000000000000006 0.412371134375 0.43600000000000005 0.4 0.434 0.39793814375 0.42800000000000005 0.4 0.422 0.4061855671875 0.42000000000000004 0.41443298906250003 0.414 0.42061855625 0.414 0.42474226875000004 0.41600000000000004 0.42680412343749996
0 0.382 0.43505154687500003 0.384 0.43298969062500003 0.41 0.4412371140625 0.414 0.4391752578125 0.414 0.42680412343749996 0.41200000000000003 0.42061855625 0.40199999999999997 0.412371134375 0.396 0.410309278125 0.388 0.410309278125 0.384 0.412371134375 0.376 0.4226804125 0.376 0.42886597968749995 0.374 0.430927834375 0.376 0.43505154687500003 0.382 0.43505154687500003
0 0.46399999999999997 0.389690721875 0.472 0.3938144328125 0.47800000000000004 0.4 0.48200000000000004 0.4 0.48200000000000004 0.3917525765625 0.47800000000000004 0.38144329843749997 0.47400000000000003 0.3773195875 0.466 0.3731958765625 0.45599999999999996 0.3731958765625 0.44800000000000006 0.3773195875 0.442 0.3835051546875 0.44000000000000006 0.3938144328125 0.44400000000000006 0.3938144328125 0.45 0.389690721875 0.46399999999999997 0.389690721875
0 0.54 0.42680412343749996 0.546 0.41855670156249997 0.54 0.4061855671875 0.536 0.40206185625 0.528 0.39793814375 0.52 0.39793814375 0.514 0.4 0.504 0.4082474234375 0.502 0.41443298906250003 0.502 0.42680412343749996 0.504 0.42886597968749995 0.54 0.42680412343749996
3 0.5516300000000001 0.7106453609375001 0.551218 0.6928144328125 0.533668 0.6905567015625 0.519722 0.700030928125 0.51787 0.708309278125 0.5398959999999999 0.71297938125 0.5516300000000001 0.7106453609375001
3 0.49008 0.7649731953125001 0.496256 0.761787628125 0.500784 0.754571134375 0.500578 0.746290721875 0.48091999999999996 0.74201855625 0.47258199999999995 0.75754226875 0.46990600000000005 0.7649731953125001 0.476288 0.7658206187500001 0.49008 0.7649731953125001
3 0.441088 0.756268040625 0.471966 0.7501134015625001 0.46723 0.732068040625 0.44294 0.731008246875 0.44463800000000003 0.7327340203125 0.439234 0.738649484375 0.419884 0.7454432984375 0.42523600000000006 0.7564804125 0.441088 0.756268040625
3 0.441088 0.7191195875 0.429354 0.71466185625 0.427142 0.7141649484375 0.42441399999999996 0.732068040625 0.439028 0.736950515625 0.443558 0.73334226875 0.441088 0.7191195875
3 0.42006 0.7021587625000001 0.416674 0.6856927828125 0.410626 0.6836804125 0.40143399999999996 0.6939257734375001 0.394902 0.7071463921875 0.41231799999999996 0.7073958765625 0.42006 0.7021587625000001
3 0.364 0.7298969078125 0.374 0.7298969078125 0.39 0.723711340625 0.392 0.719587628125 0.39 0.7113402062499999 0.392 0.7092783500000001 0.372 0.7051546390625 0.372 0.7092783500000001 0.36 0.721649484375 0.36 0.7278350515625001 0.364 0.7298969078125
3 0.32999999999999996 0.7175257734375 0.33399999999999996 0.7154639171875 0.33399999999999996 0.7072164953125 0.33199999999999996 0.7030927828125 0.314 0.7030927828125 0.314 0.7154639171875 0.316 0.7175257734375 0.32999999999999996 0.7175257734375
3 0.272 0.7175257734375 0.27799999999999997 0.7175257734375 0.282 0.7154639171875 0.284 0.7113402062499999 0.284 0.7051546390625 0.282 0.7030927828125 0.27799999999999997 0.7051546390625 0.272 0.7051546390625 0.27 0.7030927828125 0.258 0.698969071875 0.254 0.7030927828125 0.254 0.7051546390625 0.244 0.7134020624999999 0.242 0.7175257734375 0.244 0.723711340625 0.262 0.723711340625 0.272 0.7175257734375
3 0.21200000000000002 0.7484536078125 0.21400000000000002 0.7505154640625 0.22999999999999998 0.7505154640625 0.23199999999999998 0.7484536078125 0.23199999999999998 0.742268040625 0.21600000000000003 0.7278350515625001 0.2 0.7257731953125 0.196 0.7257731953125 0.196 0.744329896875 0.20600000000000002 0.7484536078125 0.21200000000000002 0.7484536078125
3 0.253088 0.6996639171875 0.266392 0.6939257734375001 0.260588 0.687688659375 0.25248400000000004 0.6827443296875 0.248976 0.6891855671875 0.23639800000000002 0.692927834375 0.238816 0.6999134015624999 0.253088 0.6996639171875
3 0.082456 0.6918948453125 0.09954199999999999 0.6835793812500001 0.097814 0.6740762890625 0.082072 0.67197938125 0.082264 0.678628865625 0.073048 0.6849649484375 0.075544 0.690509278125 0.082456 0.6918948453125
3 0.13064199999999998 0.7114948453125 0.13467400000000002 0.7055546390625 0.132946 0.697239175 0.116628 0.6916969078124999 0.113748 0.70317938125 0.107796 0.7112948453125 0.111828 0.717828865625 0.13064199999999998 0.7114948453125
3 0.182846 0.7512474234375001 0.184304 0.7327731953125001 0.165348 0.7355855671875 0.16264 0.748670103125 0.168472 0.7533958765625 0.180138 0.754470103125 0.182846 0.7512474234375001