0 0.523053309375 0.5287466671875001 0.5187610296875 0.5231866671875001 0.5123235296875001 0.5237433328125001 0.50726470625 0.5279133328125 0.50557904375 0.54376 0.517382353125 0.54098 0.5264246328125 0.5432033328125 0.523053309375 0.5287466671875001
2 0.569648896875 0.5804433328124999 0.5705680140625 0.5773833328125 0.567196690625 0.5754366671875 0.559071690625 0.57238 0.558 0.57238 0.55723345625 0.58211 0.5627518375 0.5860033328124999 0.5664301468749999 0.5851666671875 0.569648896875 0.5804433328124999
3 0.505851103125 0.7301166671875 0.5086930140625 0.70214 0.5009816171875 0.6988266671875001 0.4987481625 0.7028766671875 0.49753125000000004 0.7209166671875 0.505851103125 0.7301166671875
0 0.6636029406249999 0.0867733328125 0.6611911765625 0.0805266671875 0.6525808828125 0.0761533328125 0.647759190625 0.0830266671875 0.64310845625 0.0930233328125 0.6536139703125 0.09677 0.662397059375 0.1073933328125 0.663257353125 0.09802 0.6636029406249999 0.0867733328125
2 0.5943713234375 0.1472966671875 0.600053309375 0.1579166671875 0.60453125 0.15198 0.6029816171875 0.1386566671875 0.6024650734375 0.13761 0.5972977937499999 0.1351133328125 0.5943713234375 0.1472966671875
2 0.69770220625 0.1260466671875 0.6975294125 0.14416666718749999 0.7047628671874999 0.1413533328125 0.7045900734375 0.1307333328125 0.69770220625 0.1260466671875
3 0.6730753671875 0.30006666718749997 0.6613639703125 0.2853833328125 0.6610202203125 0.3141233328125 0.677897059375 0.3153733328125 0.6775514703125001 0.3075633328125 0.6730753671875 0.30006666718749997
0 0.874523896875 0.6115766671875 0.8705735296875 0.6047266671875 0.8611305140625 0.60784 0.8552500000000001 0.6250899999999999 0.8618180140625 0.6237233328125 0.874865809375 0.6302633328125 0.874523896875 0.6115766671875
0 0.0772941171875 0.1696266671875 0.0651599265625 0.17737 0.0635882359375 0.1859266671875 0.081788603125 0.1953033328125 0.0869558828125 0.19204000000000002 0.083586396875 0.1769633328125 0.0772941171875 0.1696266671875
2 0.1026838234375 0.2541833328125 0.09830330937500001 0.2511866671875 0.093696690625 0.26559666718749997 0.1015606625 0.27048666718750003 0.104257353125 0.26437333281250003 0.1026838234375 0.2541833328125
3 0.06987867656249999 0.41269666718750003 0.071227940625 0.40536000000000005 0.0644871328125 0.3980233328125 0.0554981625 0.3968 0.054825367187499995 0.41228999999999993 0.0613419125 0.4151433328125 0.06987867656249999 0.41269666718750003
3 0.0775183828125 0.37927666718749997 0.0696544125 0.37342 0.0674080875 0.38865 0.0768455875 0.39028 0.0822371328125 0.3874266671875 0.0775183828125 0.37927666718749997