0 0.041999999999999996 0.2906666671875 0.066 0.296 0.078 0.296 0.08199999999999999 0.2986666671875 0.08399999999999999 0.296 0.098 0.296 0.10400000000000001 0.2853333328125 0.098 0.2693333328125 0.08 0.24533333281249997 0.066 0.23733333281250002 0.057999999999999996 0.23733333281250002 0.044 0.24533333281249997 0.04 0.2506666671875 0.038 0.25866666718750003 0.038 0.272 0.036 0.2746666671875 0.036 0.27999999999999997 0.041999999999999996 0.2906666671875
0 0.21000000000000002 0.4773333328125 0.21600000000000003 0.48 0.22000000000000003 0.47466666718750006 0.22799999999999998 0.4346666671875 0.22799999999999998 0.42133333281249996 0.22999999999999998 0.4186666671875 0.22400000000000003 0.4026666671875 0.21400000000000002 0.392 0.21200000000000002 0.3866666671875 0.20400000000000001 0.3866666671875 0.202 0.384 0.178 0.384 0.16399999999999998 0.392 0.158 0.4 0.156 0.42133333281249996 0.162 0.42933333281249997 0.20400000000000001 0.46666666718750005 0.21000000000000002 0.4773333328125
0 0.254 0.296 0.274 0.296 0.27599999999999997 0.29333333281249996 0.284 0.29333333281249996 0.286 0.2906666671875 0.286 0.2773333328125 0.282 0.2666666671875 0.274 0.256 0.27 0.2533333328125 0.254 0.2533333328125 0.25 0.256 0.246 0.264 0.244 0.272 0.244 0.288 0.248 0.29333333281249996 0.254 0.296
0 0.298 0.2213333328125 0.314 0.22400000000000003 0.322 0.21600000000000003 0.32 0.1946666671875 0.318 0.1893333328125 0.316 0.1893333328125 0.308 0.1786666671875 0.302 0.176 0.294 0.1813333328125 0.288 0.192 0.286 0.20800000000000002 0.288 0.2133333328125 0.294 0.21600000000000003 0.298 0.2213333328125
0 0.4 0.41600000000000004 0.42000000000000004 0.4266666671875 0.42400000000000004 0.4266666671875 0.42400000000000004 0.36 0.422 0.3546666671875 0.414 0.3493333328125 0.398 0.3573333328125 0.39 0.368 0.386 0.3786666671875 0.388 0.384 0.388 0.4026666671875 0.4 0.41600000000000004
0 0.21400000000000002 0.616 0.21800000000000003 0.6186666671875 0.23399999999999999 0.6186666671875 0.236 0.6213333328124999 0.274 0.6346666671875 0.27999999999999997 0.6346666671875 0.286 0.5946666671874999 0.284 0.592 0.284 0.5813333328125 0.27599999999999997 0.5653333328125 0.26 0.5573333328125 0.236 0.5573333328125 0.23199999999999998 0.5626666671875 0.22599999999999998 0.5653333328125 0.21600000000000003 0.5786666671875 0.21200000000000002 0.5786666671875 0.21200000000000002 0.5866666671874999 0.21600000000000003 0.5946666671874999 0.21000000000000002 0.6106666671875 0.21400000000000002 0.616
0 0.602 0.5093333328125 0.606 0.5013333328125 0.64 0.49866666718749997 0.644 0.5013333328125 0.6799999999999999 0.5013333328125 0.6839999999999999 0.48266666718750006 0.6839999999999999 0.472 0.686 0.4693333328125 0.6799999999999999 0.4613333328125 0.6799999999999999 0.45599999999999996 0.6679999999999999 0.4346666671875 0.658 0.4266666671875 0.65 0.4266666671875 0.648 0.42400000000000004 0.622 0.4266666671875 0.614 0.4346666671875 0.608 0.4453333328125 0.602 0.45866666718750004 0.602 0.46666666718750005 0.6 0.4693333328125 0.6 0.488 0.596 0.5013333328125 0.5980000000000001 0.5093333328125 0.602 0.5093333328125
0 0.458 0.176 0.462 0.176 0.462 0.1626666671875 0.45599999999999996 0.152 0.44800000000000006 0.152 0.442 0.1573333328125 0.44000000000000006 0.1626666671875 0.442 0.17333333281250002 0.45599999999999996 0.17333333281250002 0.458 0.176
0 0.49000000000000005 0.1706666671875 0.492 0.16799999999999998 0.492 0.152 0.48600000000000004 0.14666666718750002 0.476 0.14666666718750002 0.472 0.152 0.472 0.16799999999999998 0.47400000000000003 0.1706666671875 0.49000000000000005 0.1706666671875
0 0.5519999999999999 0.1653333328125 0.5519999999999999 0.14666666718750002 0.544 0.1386666671875 0.54 0.1386666671875 0.536 0.144 0.534 0.1493333328125 0.534 0.1626666671875 0.536 0.1653333328125 0.5519999999999999 0.1653333328125
0 0.616 0.2026666671875 0.622 0.2 0.622 0.184 0.618 0.17333333281250002 0.61 0.1706666671875 0.604 0.1786666671875 0.602 0.184 0.602 0.192 0.606 0.2026666671875 0.616 0.2026666671875
0 0.5700000000000001 0.2613333328125 0.572 0.25866666718750003 0.572 0.2293333328125 0.568 0.22400000000000003 0.562 0.2266666671875 0.5599999999999999 0.2293333328125 0.5599999999999999 0.2506666671875 0.564 0.25866666718750003 0.5700000000000001 0.2613333328125
0 0.645924 0.26730933281249997 0.645748 0.25276266718749996 0.649618 0.24806933281250002 0.65296 0.242672 0.65472 0.23469600000000002 0.649266 0.23281866718750002 0.64135 0.2349306671875 0.6388860000000001 0.2443146671875 0.640822 0.2586266671875 0.645924 0.26730933281249997
0 0.776 0.23733333281250002 0.78 0.2346666671875 0.786 0.2346666671875 0.79 0.22400000000000003 0.79 0.20800000000000002 0.784 0.2026666671875 0.776 0.2026666671875 0.772 0.20800000000000002 0.77 0.21600000000000003 0.772 0.2186666671875 0.774 0.2346666671875 0.776 0.23733333281250002
0 0.8960000000000001 0.21600000000000003 0.8960000000000001 0.2026666671875 0.89 0.192 0.876 0.192 0.8720000000000001 0.1946666671875 0.8720000000000001 0.1973333328125 0.866 0.2053333328125 0.8640000000000001 0.2106666671875 0.8640000000000001 0.2186666671875 0.892 0.2213333328125 0.8960000000000001 0.21600000000000003
0 0.72488 0.16891733281250002 0.72472 0.1599546671875 0.7197600000000001 0.15867199999999998 0.71528 0.163368 0.71528 0.171264 0.722 0.1727573328125 0.72488 0.16891733281250002
3 0.058455999999999994 0.7584986671875 0.067172 0.7878160000000001 0.0937 0.773664 0.087258 0.751928 0.058455999999999994 0.7584986671875
3 0.249076 0.9414693328125001 0.269162 0.9323706671875 0.283942 0.9035626671875001 0.268404 0.8980026671875001 0.247182 0.8969893328125 0.24415 0.8904186671875 0.207768 0.8909253328125001 0.184272 0.9354053328124999 0.206254 0.9445013328125 0.223686 0.945008 0.249076 0.9414693328125001
2 0.397986 0.5162133328125 0.419862 0.5295093328125 0.42484599999999995 0.5139973328125 0.415362 0.5049866671875 0.41570799999999997 0.503656 0.41515399999999997 0.5040266671875 0.397986 0.5162133328125
2 0.44434199999999996 0.2625306671875 0.43777 0.273712 0.44514 0.2861626671875 0.44931599999999994 0.266832 0.44434199999999996 0.2625306671875
3 0.848886 0.4554346671875 0.8687860000000001 0.45314133281249996 0.865592 0.4423306671875 0.852572 0.43676000000000004 0.849132 0.42922399999999994 0.842746 0.43741599999999997 0.8311999999999999 0.4403626671875 0.8329179999999999 0.45216 0.848886 0.4554346671875