0 0.74 0.7237237234375 0.744 0.6366366359375 0.738 0.60660660625 0.706 0.5765765765624999 0.678 0.5765765765624999 0.654 0.5945945953125 0.636 0.6216216218749999 0.638 0.6426426421875 0.716 0.7177177171875 0.74 0.7237237234375
0 0.29 0.13813813749999998 0.27 0.1111111109375 0.23399999999999999 0.1051051046875 0.21200000000000002 0.13813813749999998 0.194 0.1951951953125 0.27 0.2102102109375 0.3 0.1951951953125 0.29 0.13813813749999998
0 0.604 0.2132132125 0.592 0.1951951953125 0.568 0.1951951953125 0.544 0.222222221875 0.5700000000000001 0.222222221875 0.602 0.2612612609375 0.604 0.2132132125
0 0.758 0.2552552546875 0.756 0.1921921921875 0.738 0.147147146875 0.708 0.141141140625 0.688 0.159159159375 0.6679999999999999 0.1951951953125 0.6799999999999999 0.222222221875 0.728 0.2582582578125 0.758 0.2552552546875
0 0.05600000000000001 0.11411411406250001 0.034 0.147147146875 0.028000000000000004 0.1861861859375 0.124 0.2102102109375 0.10600000000000001 0.1201201203125 0.05600000000000001 0.11411411406250001
2 0.506 0.48648648593750005 0.516 0.4324324328125 0.492 0.4144144140625 0.46799999999999997 0.44744744687500004 0.466 0.47747747812499997 0.48 0.5015015015625 0.48600000000000004 0.4894894890625 0.506 0.48648648593750005
2 0.756 0.603603603125 0.754 0.6396396390625 0.764 0.6516516515624999 0.774 0.603603603125 0.756 0.603603603125
2 0.728 0.8378378375000001 0.72 0.828828828125 0.6980000000000001 0.828828828125 0.688 0.84984985 0.686 0.8708708703125 0.704 0.90690690625 0.73 0.8678678671875 0.728 0.8378378375000001
2 0.774 0.9669669671875001 0.756 0.984984984375 0.74 0.9549549546874999 0.734 0.9579579578124999 0.726 0.984984984375 0.734 0.996996996875 0.79 0.996996996875 0.774 0.9669669671875001
3 0.504 0.7417417421875 0.506 0.7447447453125 0.516 0.7477477484375 0.52 0.7417417421875 0.52 0.7297297296874999 0.522 0.7267267265624999 0.52 0.7207207203125 0.512 0.7057057062500001 0.51 0.708708709375 0.502 0.708708709375 0.5 0.7147147140625 0.502 0.7177177171875 0.502 0.7327327328125001 0.504 0.7417417421875
0 0.49800000000000005 0.1741741734375 0.49400000000000005 0.20420420468749997 0.512 0.234234234375 0.514 0.1981981984375 0.49800000000000005 0.1741741734375