0 0.36 0.3653333328125 0.376 0.3653333328125 0.376 0.3546666671875 0.374 0.3493333328125 0.37 0.344 0.37 0.3413333328125 0.362 0.33599999999999997 0.348 0.33599999999999997 0.33799999999999997 0.344 0.33599999999999997 0.3493333328125 0.33599999999999997 0.376 0.348 0.37333333281250003 0.36 0.3653333328125
0 0.398 0.37066666718749997 0.43 0.37333333281250003 0.434 0.368 0.43200000000000005 0.36266666718749996 0.43200000000000005 0.3493333328125 0.43 0.344 0.42000000000000004 0.3333333328125 0.41 0.3333333328125 0.40199999999999997 0.3386666671875 0.398 0.3466666671875 0.398 0.3546666671875 0.396 0.3573333328125 0.396 0.368 0.398 0.37066666718749997
0 0.11000000000000001 0.4 0.12 0.392 0.132 0.392 0.13799999999999998 0.3973333328125 0.142 0.3946666671875 0.136 0.37333333281250003 0.13 0.3653333328125 0.11399999999999999 0.3653333328125 0.11000000000000001 0.368 0.10600000000000001 0.376 0.10600000000000001 0.384 0.10400000000000001 0.3866666671875 0.10400000000000001 0.4 0.11000000000000001 0.4
3 0.086 0.7973333328125001 0.10200000000000001 0.7973333328125001 0.10400000000000001 0.7946666671875 0.10400000000000001 0.784 0.10200000000000001 0.7813333328125001 0.096 0.7813333328125001 0.094 0.784 0.08199999999999999 0.784 0.08199999999999999 0.792 0.086 0.7973333328125001
3 0.16599999999999998 0.7813333328125001 0.16799999999999998 0.7786666671875 0.16799999999999998 0.7733333328125 0.16599999999999998 0.7706666671875 0.16 0.7706666671875 0.154 0.7653333328125 0.126 0.7706666671875 0.122 0.7733333328125 0.122 0.7786666671875 0.128 0.7813333328125001 0.16599999999999998 0.7813333328125001
3 0.324 0.8426666671874999 0.32599999999999996 0.8453333328125 0.34199999999999997 0.8506666671875 0.36 0.8506666671875 0.366 0.8453333328125 0.366 0.8400000000000001 0.36 0.8293333328125 0.36 0.8266666671875 0.344 0.8266666671875 0.314 0.8346666671875 0.314 0.8373333328125 0.318 0.8426666671874999 0.324 0.8426666671874999
3 0.364 0.8240000000000001 0.366 0.8213333328125 0.366 0.8133333328125 0.364 0.8106666671875 0.352 0.8106666671875 0.35 0.8133333328125 0.352 0.8160000000000001 0.352 0.8240000000000001 0.364 0.8240000000000001
3 0.358 0.7866666671875 0.364 0.7866666671875 0.364 0.7733333328125 0.362 0.7706666671875 0.354 0.7706666671875 0.352 0.7733333328125 0.352 0.7866666671875 0.354 0.7893333328125001 0.358 0.7866666671875
3 0.42800000000000005 0.7866666671875 0.43 0.7893333328125001 0.434 0.7893333328125001 0.442 0.784 0.442 0.7786666671875 0.434 0.776 0.42800000000000005 0.768 0.404 0.7733333328125 0.40199999999999997 0.776 0.40199999999999997 0.7813333328125001 0.40800000000000003 0.784 0.42800000000000005 0.7866666671875
3 0.538 0.7706666671875 0.546 0.7973333328125001 0.554 0.8026666671875 0.5660000000000001 0.8026666671875 0.568 0.8 0.568 0.792 0.564 0.7813333328125001 0.564 0.7706666671875 0.562 0.7653333328125 0.5559999999999999 0.7626666671875 0.548 0.7626666671875 0.546 0.7573333328125 0.542 0.7546666671875 0.542 0.752 0.536 0.752 0.536 0.76 0.538 0.7626666671875 0.538 0.7706666671875
3 0.576 0.776 0.5780000000000001 0.7786666671875 0.5780000000000001 0.7866666671875 0.6 0.7973333328125001 0.614 0.7973333328125001 0.616 0.7946666671875 0.616 0.7893333328125001 0.6 0.7626666671875 0.5980000000000001 0.7546666671875 0.592 0.7546666671875 0.5860000000000001 0.76 0.576 0.7573333328125 0.5780000000000001 0.76 0.576 0.776
3 0.692 0.7813333328125001 0.706 0.7706666671875 0.712 0.7706666671875 0.712 0.7653333328125 0.692 0.7546666671875 0.692 0.7573333328125 0.6839999999999999 0.768 0.6759999999999999 0.7706666671875 0.674 0.7733333328125 0.674 0.7786666671875 0.6799999999999999 0.7813333328125001 0.692 0.7813333328125001
3 0.74 0.7866666671875 0.738 0.7813333328125001 0.722 0.7813333328125001 0.718 0.7786666671875 0.714 0.7893333328125001 0.718 0.7946666671875 0.732 0.7946666671875 0.74 0.7866666671875