0 0.29 0.3663101609375 0.282 0.294117646875 0.254 0.2673796796875 0.22000000000000003 0.27540106875000003 0.198 0.312834225 0.194 0.3449197859375 0.202 0.3556149734375 0.256 0.3743315515625 0.29 0.3663101609375
0 0.454 0.31818181874999996 0.44000000000000006 0.2807486625 0.42800000000000005 0.2700534765625 0.404 0.27540106875000003 0.396 0.3502673796875 0.42000000000000004 0.3556149734375 0.442 0.3422459890625 0.454 0.31818181874999996
0 0.172 0.0588235296875 0.152 0.0588235296875 0.144 0.0695187171875 0.146 0.0935828875 0.162 0.07754010624999999 0.186 0.0828877 0.172 0.0588235296875
0 0.29100000000000004 0.084278075 0.27999999999999997 0.10160427812499999 0.27999999999999997 0.1336898390625 0.324 0.1256684484375 0.308 0.090909090625 0.29100000000000004 0.084278075
0 0.404 0.09893048125000001 0.391 0.0936390375 0.38 0.104278075 0.376 0.13101604218750001 0.41200000000000003 0.1336898390625 0.41100000000000003 0.11770855625000001 0.404 0.09893048125000001
0 0.506 0.2459893046875 0.48600000000000004 0.2433155078125 0.466 0.2593582890625 0.458 0.29679144375 0.508 0.28609625625 0.512 0.2540106953125 0.506 0.2459893046875
0 0.6 0.304812834375 0.5900000000000001 0.2540106953125 0.564 0.2272727265625 0.524 0.2379679140625 0.508 0.278074865625 0.504 0.3315508015625 0.514 0.3395721921875 0.548 0.33422459843749996 0.6 0.304812834375
0 0.714 0.20053475937499998 0.692 0.20053475937499998 0.674 0.22459893125 0.674 0.2459893046875 0.732 0.2486631015625 0.73 0.21925133749999998 0.714 0.20053475937499998
0 0.602 0.20053475937499998 0.588 0.187165775 0.5599999999999999 0.20320855624999998 0.558 0.221925134375 0.58 0.23529411718749998 0.608 0.22459893125 0.602 0.20053475937499998
0 0.9560000000000001 0.3288770046875 0.974 0.3315508015625 0.966 0.3235294125 0.974 0.310160428125 0.966 0.278074865625 0.942 0.2459893046875 0.9 0.2433155078125 0.8880000000000001 0.2513368984375 0.8800000000000001 0.29144385 0.884 0.3449197859375 0.89 0.31818181874999996 0.93 0.299465240625 0.9560000000000001 0.3288770046875
3 0.466 0.90106951875 0.45 0.914438503125 0.44000000000000006 0.9385026734374999 0.446 0.9545454546875 0.49400000000000005 0.9251336890624999 0.466 0.90106951875