0 0.274 0.2 0.282 0.2 0.286 0.19365079375 0.286 0.18095238125 0.29 0.171428571875 0.292 0.15555555625 0.29 0.152380953125 0.272 0.152380953125 0.268 0.165079365625 0.268 0.1873015875 0.274 0.196825396875 0.274 0.2
0 0.284 0.5365079359375 0.29 0.5333333328125 0.294 0.5269841265624999 0.294 0.5111111109375 0.29 0.5047619046875 0.288 0.4952380953125 0.27999999999999997 0.4888888890625 0.27599999999999997 0.4888888890625 0.264 0.4984126984375 0.262 0.5079365078125 0.262 0.5238095234375 0.268 0.5365079359375 0.284 0.5365079359375
0 0.29 0.95555555625 0.294 0.952380953125 0.302 0.9396825390625001 0.308 0.9206349203125 0.308 0.9015873015625001 0.298 0.8888888890625 0.29 0.8888888890625 0.282 0.8984126984374999 0.27999999999999997 0.8984126984374999 0.27799999999999997 0.9015873015625001 0.27799999999999997 0.9396825390625001 0.284 0.952380953125 0.29 0.95555555625
0 0.834 0.8984126984374999 0.844 0.8984126984374999 0.8460000000000001 0.8952380953124999 0.852 0.8952380953124999 0.85 0.8634920640624999 0.8380000000000001 0.8634920640624999 0.8320000000000001 0.8730158734375 0.8320000000000001 0.8857142859374999 0.8300000000000001 0.8888888890625 0.8300000000000001 0.8952380953124999 0.834 0.8984126984374999
0 0.922 0.428571428125 0.93 0.41904761874999996 0.9279999999999999 0.415873015625 0.9279999999999999 0.4 0.9259999999999999 0.390476190625 0.922 0.38412698437500004 0.914 0.38412698437500004 0.9 0.39365079375 0.898 0.4 0.898 0.42222222187499997 0.9019999999999999 0.428571428125 0.922 0.428571428125
2 0.9516519999999999 0.5483142859375 0.948516 0.5343714281249999 0.941694 0.534676190625 0.9344020000000001 0.5363619046875 0.935342 0.5552857140625 0.9488300000000001 0.5592698406250001 0.9516519999999999 0.5483142859375
3 0.9076639999999999 0.71334603125 0.887984 0.714520634375 0.892924 0.7835619046875 0.9170740000000001 0.7775841265625 0.9173880000000001 0.7496984125 0.9076639999999999 0.71334603125
3 0.261334 0.8619555562500001 0.2742 0.878203175 0.28765 0.8638126984375001 0.281802 0.8517396828124999 0.2714140234375 0.8517396828124999 0.261334 0.8619555562500001
2 0.308702 0.5961015875 0.296056 0.608123809375 0.29993 0.6281365078125 0.31338 0.619780953125 0.316012 0.6104952375 0.308702 0.5961015875
2 0.32537 0.5011714281249999 0.326832 0.5020984125 0.333556 0.49931428593750005 0.332094 0.4826 0.322446 0.4853873015625 0.32537 0.5011714281249999
2 0.31425800000000004 0.31857460312499997 0.30958 0.300003175 0.297884 0.3134666671875 0.30344000000000004 0.3297174609375 0.31425800000000004 0.31857460312499997
2 0.366014 0.273076190625 0.353148 0.27353968281249996 0.347592 0.2832888890625 0.358118 0.3065047625 0.366014 0.273076190625