0 0.478125 0.253125 0.4703125 0.209375 0.4453125 0.1921875 0.4203125 0.196875 0.396875 0.2265625 0.39375 0.2484375 0.4 0.253125 0.415625 0.2484375 0.478125 0.253125
0 0.259375 0.2875 0.2625 0.2828125 0.2609375 0.2421875 0.2515625 0.225 0.23125 0.2125 0.196875 0.2171875 0.1734375 0.2484375 0.175 0.2625 0.2046875 0.25625 0.23125 0.265625 0.259375 0.2875
0 0.8375 0.3 0.8546875 0.3171875 0.85625 0.3375 0.8609375 0.3390625 0.871875 0.3234375 0.86875 0.278125 0.8421875 0.25625 0.8234375 0.2546875 0.8015625 0.2671875 0.7796875 0.296875 0.78125 0.3203125 0.7890625 0.303125 0.8109375 0.2890625 0.8375 0.3
0 0.6453125 0.296875 0.6796875 0.315625 0.6828125 0.3125 0.6796875 0.2796875 0.65625 0.253125 0.63125 0.253125 0.60625 0.2765625 0.5984375 0.3 0.603125 0.3140625 0.6203125 0.296875 0.6453125 0.296875
3 0.0890625 0.9359375 0.11875 0.915625 0.115625 0.884375 0.0703125 0.88125 0.0375 0.9265625 0.0359375 0.9359375 0.046875 0.9453125 0.0671875 0.9453125 0.0890625 0.9359375
3 0.5671875 0.8859375 0.528125 0.8828125 0.5171875 0.903125 0.5171875 0.934375 0.5515625 0.9359375 0.565625 0.9234375 0.5671875 0.8859375
3 0.25 0.91875 0.246875 0.8984375 0.23125 0.871875 0.1890625 0.871875 0.1875 0.8953125 0.20625 0.9234375 0.2234375 0.9265625 0.25 0.91875
3 0.4765625 0.9078125 0.490625 0.9015625 0.4828125 0.88125 0.46875 0.8734375 0.4578125 0.85625 0.4515625 0.865625 0.4296875 0.871875 0.403125 0.8640625 0.4078125 0.8875 0.428125 0.890625 0.4453125 0.9046875 0.4765625 0.9078125
3 0.809375 0.9671875 0.8265625 0.953125 0.8265625 0.9390625 0.821875 0.9328125 0.7984375 0.9375 0.74375 0.9234375 0.7015625 0.946875 0.7 0.9609375 0.7078125 0.9703125 0.7609375 0.978125 0.809375 0.9671875
3 0.35 0.8921875 0.340625 0.8859375 0.29375 0.8890625 0.2828125 0.9109375 0.2859375 0.9328125 0.3140625 0.9359375 0.3359375 0.921875 0.35 0.8921875
3 0.6671875 0.9109375 0.6484375 0.875 0.615625 0.8703125 0.6078125 0.875 0.60625 0.8890625 0.6234375 0.9171875 0.65625 0.9203125 0.6671875 0.9109375
2 0.1546875 0.5953125 0.128125 0.5453125 0.103125 0.55 0.103125 0.6234375 0.134375 0.63125 0.14375 0.6234375 0.1546875 0.5953125
2 0.2921875 0.6046875 0.2921875 0.5609375 0.2703125 0.55625 0.2515625 0.596875 0.253125 0.6328125 0.2625 0.6359375 0.2828125 0.625 0.2921875 0.6046875
2 0.759375 0.6296875 0.759375 0.5984375 0.75625 0.58125 0.74375 0.56875 0.721875 0.609375 0.7265625 0.6359375 0.7203125 0.653125 0.746875 0.6515625 0.759375 0.6296875
2 0.35 0.534375 0.3234375 0.540625 0.325 0.603125 0.3671875 0.6109375 0.3671875 0.5578125 0.35 0.534375
2 0.5203125 0.55625 0.5234375 0.546875 0.5109375 0.5375 0.4859375 0.54375 0.4921875 0.5640625 0.5015625 0.571875 0.525 0.559375 0.5203125 0.55625
2 0.603125 0.50625 0.60625 0.475 0.5953125 0.459375 0.575 0.4625 0.565625 0.471875 0.5609375 0.4859375 0.5671875 0.503125 0.5890625 0.509375 0.603125 0.50625
2 0.8265625 0.665625 0.8296875 0.653125 0.8234375 0.6171875 0.8296875 0.60625 0.821875 0.6 0.79375 0.6 0.7765625 0.63125 0.775 0.6578125 0.7859375 0.675 0.7984375 0.6796875 0.8265625 0.665625