3 0.2828125 0.9625 0.2796875 0.95 0.2453125 0.9078125 0.20625 0.925 0.1921875 0.9234375 0.190625 0.946875 0.2265625 0.971875 0.2640625 0.9734375 0.2828125 0.9625
3 0.3578125 0.9015625 0.35625 0.8625 0.3390625 0.8578125 0.3140625 0.8703125 0.2921875 0.915625 0.2953125 0.95 0.3125 0.953125 0.33125 0.946875 0.3578125 0.9015625
3 0.6046875 0.9 0.5984375 0.8671875 0.5671875 0.8734375 0.5515625 0.8921875 0.546875 0.9109375 0.5484375 0.9328125 0.5578125 0.9375 0.5828125 0.934375 0.6046875 0.9
3 0.678125 0.9109375 0.665625 0.88125 0.6328125 0.8765625 0.63125 0.925 0.64375 0.934375 0.66875 0.93125 0.678125 0.9109375
3 0.7859375 0.896875 0.7875 0.88125 0.740625 0.875 0.7171875 0.8984375 0.71875 0.921875 0.746875 0.928125 0.7671875 0.9171875 0.7859375 0.896875
3 0.5109375 0.9109375 0.5125 0.896875 0.4765625 0.859375 0.4703125 0.8296875 0.425 0.8234375 0.4171875 0.84375 0.41875 0.878125 0.4359375 0.8953125 0.4875 0.91875 0.5109375 0.9109375
2 0.9125 0.571875 0.91875 0.5359375 0.9015625 0.528125 0.871875 0.5296875 0.8640625 0.546875 0.8625 0.5765625 0.871875 0.5953125 0.88125 0.596875 0.9125 0.571875
3 0.8375 0.9578125 0.7890625 0.9390625 0.771875 0.9734375 0.7703125 0.9890625 0.7765625 0.9984375 0.8296875 0.9984375 0.8375 0.9578125
2 0.5265625 0.6390625 0.51875 0.5828125 0.496875 0.578125 0.490625 0.5875 0.4890625 0.6125 0.496875 0.6375 0.521875 0.646875 0.5265625 0.6390625
2 0.69375 0.5953125 0.6609375 0.5890625 0.65 0.603125 0.65 0.65 0.659375 0.6515625 0.6875 0.6328125 0.69375 0.5953125
2 0.1984375 0.634375 0.2015625 0.6265625 0.190625 0.58125 0.1515625 0.59375 0.1515625 0.6125 0.1609375 0.625 0.184375 0.6390625 0.1984375 0.634375