1 0.6703125 0.6875 0.671875 0.696875 0.6828125 0.6953125 0.6890625 0.68125 0.6890625 0.653125 0.678125 0.6234375 0.653125 0.6125 0.6421875 0.6203125 0.634375 0.6390625 0.6375 0.6875 0.6484375 0.6921875 0.6515625 0.6875 0.6703125 0.6875
3 0.540625 0.79375 0.528125 0.796875 0.5265625 0.8453125 0.5484375 0.8484375 0.54375 0.7984375 0.540625 0.79375
3 0.4375 0.9421875 0.4390625 0.8890625 0.4359375 0.878125 0.4234375 0.88125 0.4203125 0.9296875 0.4234375 0.9453125 0.43125 0.95 0.4375 0.9421875
1 0.5328125 0.6953125 0.559375 0.6875 0.5578125 0.6359375 0.525 0.6359375 0.5078125 0.6578125 0.5078125 0.6703125 0.5203125 0.6765625 0.5234375 0.6890625 0.5328125 0.6953125
0 0.671875 0.5765625 0.6640625 0.575 0.6578125 0.58125 0.6578125 0.6046875 0.6703125 0.603125 0.675 0.5953125 0.671875 0.5765625
3 0.5546875 0.7875 0.5484375 0.79375 0.546875 0.8484375 0.559375 0.8578125 0.559375 0.790625 0.5546875 0.7875
3 0.2390625 0.8109375 0.2375 0.8390625 0.24375 0.8421875 0.2515625 0.8171875 0.2390625 0.8109375
3 0.459375 0.859375 0.44375 0.88125 0.44375 0.9078125 0.4640625 0.925 0.4703125 0.9 0.459375 0.859375
0 0.534375 0.5984375 0.528125 0.596875 0.521875 0.6046875 0.5203125 0.634375 0.5265625 0.6359375 0.5421875 0.6140625 0.534375 0.5984375
0 0.434375 0.6828125 0.4265625 0.6703125 0.4140625 0.678125 0.4109375 0.6921875 0.41875 0.703125 0.434375 0.690625 0.434375 0.6828125
1 0.4546875 0.8203125 0.4515625 0.7171875 0.4265625 0.6953125 0.41875 0.7015625 0.4109375 0.7265625 0.409375 0.76875 0.41875 0.8078125 0.4328125 0.821875 0.4546875 0.8203125
3 0.2640625 0.8046875 0.2546875 0.809375 0.2578125 0.84375 0.271875 0.8296875 0.271875 0.8171875 0.2640625 0.8046875