0 0.9328125 0.403125 0.9109375 0.403125 0.896875 0.4296875 0.9 0.4578125 0.9484375 0.4609375 0.94375 0.4203125 0.9328125 0.403125
0 0.7 0.3578125 0.684375 0.3546875 0.675 0.371875 0.675 0.4 0.7 0.4015625 0.7046875 0.3953125 0.7 0.3578125
0 0.559375 0.428125 0.55 0.4375 0.5484375 0.4640625 0.571875 0.465625 0.5703125 0.43125 0.559375 0.428125
0 0.46875 0.3390625 0.48125 0.35625 0.484375 0.3859375 0.4890625 0.384375 0.490625 0.33125 0.4796875 0.2953125 0.471875 0.2875 0.4515625 0.290625 0.4265625 0.328125 0.4265625 0.3515625 0.43125 0.3390625 0.4453125 0.33125 0.46875 0.3390625
0 0.3234375 0.39375 0.3171875 0.3890625 0.303125 0.3921875 0.29375 0.4203125 0.296875 0.4578125 0.3171875 0.4609375 0.3328125 0.4375 0.3234375 0.39375
0 0.4296875 0.428125 0.425 0.415625 0.4125 0.4203125 0.40625 0.4484375 0.4046875 0.465625 0.4125 0.4671875 0.4203125 0.459375 0.4296875 0.428125
1 0.3486390625 0.686140625 0.3486390625 0.637703125 0.3423890625 0.575203125 0.3564515625 0.489265625 0.3330140625 0.473640625 0.3205140625 0.511140625 0.311453125 0.53658125 0.3033265625 0.501765625 0.29238906249999996 0.47676562499999997 0.28457656249999996 0.478328125 0.27676406249999996 0.490828125 0.27676406249999996 0.681453125 0.3033265625 0.695515625 0.3439515625 0.690828125 0.3486390625 0.686140625
1 0.43125 0.86875 0.4515625 0.8640625 0.484375 0.8421875 0.5109375 0.7984375 0.5171875 0.478125 0.49375 0.4625 0.4953125 0.484375 0.4703125 0.5015625 0.45 0.5359375 0.4352359375 0.5732328125 0.4171875 0.5328125 0.4171875 0.490625 0.409375 0.46875 0.3765625 0.490625 0.375 0.5109375 0.3796875 0.6859375 0.3703125 0.821875 0.3890625 0.8578125 0.43125 0.86875
1 0.5875 0.6421875 0.58125 0.553125 0.5875 0.509375 0.5796875 0.4984375 0.557109375 0.5424203125 0.5453125 0.5015625 0.534375 0.50625 0.5546875 0.64375 0.559375 0.6546875 0.5796875 0.6515625 0.5875 0.6421875
1 0.715625 0.6015625 0.7125 0.54375 0.7203125 0.45 0.7078125 0.4390625 0.6953125 0.4609375 0.6863890625 0.47844218749999995 0.684375 0.4625 0.671875 0.4375 0.6546875 0.4484375 0.65625 0.6140625 0.6609375 0.61875 0.709375 0.61875 0.715625 0.6015625
1 0.8875 0.8109375 0.9625 0.8109375 0.96875 0.7765625 0.9703125 0.5421875 0.9515625 0.525 0.940625 0.55625 0.9309625 0.6056828125 0.9140625 0.5703125 0.8921875 0.51875 0.8671875 0.5359375 0.865625 0.559375 0.8796875 0.6171875 0.875 0.8046875 0.8875 0.8109375
3 0.9796875 0.9984375 0.98125 0.978125 0.9828125 0.9734375 0.9828125 0.9671875 0.984375 0.965625 0.9828125 0.9625 0.9765625 0.9640625 0.975 0.965625 0.9640625 0.9671875 0.9515625 0.9625 0.9421875 0.953125 0.9421875 0.959375 0.940625 0.9609375 0.9421875 0.9984375 0.9796875 0.9984375
3 0.8453125 0.9703125 0.84375 0.9796875 0.846875 0.9859375 0.846875 0.990625 0.8453125 0.9921875 0.846875 0.9984375 0.8765625 0.9984375 0.8796875 0.9890625 0.8796875 0.9765625 0.88125 0.975 0.88125 0.971875 0.8796875 0.9703125 0.8796875 0.9640625 0.865625 0.959375 0.8609375 0.9546875 0.8609375 0.9515625 0.8578125 0.95 0.853125 0.9453125 0.853125 0.94375 0.8515625 0.94375 0.8484375 0.940625 0.8453125 0.9421875 0.8453125 0.959375 0.846875 0.9609375 0.846875 0.96875 0.8453125 0.9703125
3 0.2765625 0.8828125 0.271875 0.921875 0.2734375 0.925 0.28125 0.9265625 0.290625 0.9171875 0.2953125 0.903125 0.296875 0.875 0.2953125 0.8359375 0.296875 0.8328125 0.2921875 0.825 0.271875 0.825 0.2703125 0.83125 0.271875 0.8328125 0.2734375 0.8671875 0.2765625 0.8828125
3 0.340625 0.925 0.346875 0.9265625 0.3546875 0.9203125 0.3578125 0.9109375 0.359375 0.825 0.3578125 0.8234375 0.3359375 0.8234375 0.334375 0.825 0.334375 0.8359375 0.3390625 0.921875 0.340625 0.925
3 0.5888718749999999 0.78711875 0.590434375 0.78555625 0.593559375 0.76993125 0.593559375 0.75430625 0.591996875 0.7527437499999999 0.577784375 0.7568734375 0.576371875 0.77774375 0.577934375 0.7824312499999999 0.5810593749999999 0.78555625 0.5888718749999999 0.78711875
3 0.646875 0.85 0.65 0.853125 0.653125 0.853125 0.65625 0.8515625 0.6609375 0.8453125 0.6609375 0.8375 0.6625 0.8359375 0.6625 0.8171875 0.6609375 0.8125 0.6578125 0.8109375 0.653125 0.8109375 0.6515625 0.809375 0.65 0.809375 0.646875 0.8171875 0.646875 0.8296875 0.64375 0.8359375 0.64375 0.8421875 0.646875 0.85
3 0.724784375 0.8562890624999999 0.7232375 0.8410437500000001 0.7234578125 0.8269015625 0.705990625 0.8284484375 0.7055484375 0.8498812499999999 0.7088656249999999 0.8578359375 0.71793125 0.8607093750000001 0.724784375 0.8562890624999999
2 0.265625 0.690625 0.2703125 0.7 0.2734375 0.7015625 0.275 0.7 0.275 0.6640625 0.271875 0.6609375 0.265625 0.659375 0.2640625 0.6609375 0.2640625 0.68125 0.265625 0.6828125 0.265625 0.690625
2 0.646875 0.6484375 0.653125 0.6546875 0.6578125 0.6546875 0.659375 0.6515625 0.659375 0.64375 0.6609375 0.6421875 0.659375 0.621875 0.6546875 0.6140625 0.6546875 0.60625 0.653125 0.603125 0.646875 0.6015625 0.64375 0.6046875 0.6421875 0.6140625 0.64375 0.6171875 0.6453125 0.64375 0.646875 0.6484375
2 0.715625 0.65625 0.725 0.646875 0.7265625 0.6421875 0.7265625 0.6328125 0.728125 0.63125 0.728125 0.61875 0.7296875 0.6171875 0.7296875 0.6125 0.725 0.6046875 0.721875 0.603125 0.7171875 0.603125 0.715625 0.6046875 0.7125 0.6171875 0.7125 0.628125 0.7109375 0.6296875 0.7109375 0.653125 0.715625 0.65625
2 0.8640625 0.8234375 0.865625 0.8234375 0.8734375 0.80625 0.8734375 0.796875 0.871875 0.7921875 0.8703125 0.7890625 0.8578125 0.7890625 0.8515625 0.7859375 0.85 0.7875 0.85 0.790625 0.859375 0.809375 0.8640625 0.8234375
2 0.9734375 0.809375 0.975 0.8046875 0.9796875 0.8 0.9859375 0.7859375 0.984375 0.7828125 0.978125 0.778125 0.9703125 0.778125 0.96875 0.78125 0.96875 0.809375 0.9703125 0.8109375 0.9734375 0.809375