0 0.8546875 0.4203125 0.8671875 0.4421875 0.875 0.43125 0.871875 0.41875 0.8390625 0.3953125 0.8171875 0.3984375 0.790625 0.421875 0.790625 0.4390625 0.8 0.425 0.8203125 0.41875 0.8546875 0.4203125
0 0.6015625 0.4375 0.6296875 0.446875 0.6359375 0.4390625 0.625 0.4203125 0.6 0.403125 0.5796875 0.4046875 0.55625 0.421875 0.55 0.4359375 0.5546875 0.44375 0.5703125 0.4375 0.6015625 0.4375
0 0.45625 0.4171875 0.4625 0.4296875 0.4703125 0.4234375 0.4640625 0.396875 0.434375 0.3796875 0.4046875 0.384375 0.3828125 0.409375 0.3859375 0.4234375 0.4046875 0.40625 0.428125 0.40625 0.45625 0.4171875
0 0.1796875 0.3984375 0.20234375 0.4 0.2265625 0.4140625 0.2375 0.409375 0.2296875 0.3875 0.2109375 0.3703125 0.184375 0.3703125 0.15625 0.3875 0.146875 0.4 0.153125 0.4125 0.159375 0.4015625 0.1796875 0.3984375
1 0.2375 0.51875 0.2671875 0.5015625 0.25625 0.478125 0.2234375 0.4625 0.209375 0.4609375 0.1859375 0.4703125 0.1625 0.4609375 0.1453125 0.4453125 0.10625 0.4484375 0.1265625 0.5 0.1359375 0.5046875 0.178125 0.50625 0.2375 0.51875
1 0.121875 0.571875 0.146875 0.5703125 0.171875 0.5578125 0.1734375 0.575 0.215625 0.584375 0.21875 0.6 0.234375 0.603125 0.225 0.5921875 0.234375 0.55625 0.2203125 0.5578125 0.19375 0.5453125 0.1640625 0.5484375 0.0796875 0.5421875 0.0796875 0.559375 0.090625 0.565625 0.10625 0.5625 0.121875 0.571875
1 0.4890625 0.5 0.4890625 0.4890625 0.45 0.4734375 0.4296875 0.484375 0.409375 0.484375 0.384375 0.4625 0.3453125 0.4671875 0.3484375 0.5046875 0.371875 0.5203125 0.459375 0.528125 0.4890625 0.5
1 0.4015625 0.5828125 0.4125 0.5828125 0.425 0.5953125 0.453125 0.603125 0.475 0.603125 0.484375 0.596875 0.48125 0.571875 0.471875 0.56875 0.4015625 0.5703125 0.3796875 0.55625 0.328125 0.5546875 0.31875 0.5703125 0.31875 0.5828125 0.3390625 0.5953125 0.3859375 0.59375 0.4015625 0.5828125
1 0.6578125 0.6140625 0.696875 0.60625 0.6640625 0.571875 0.521875 0.5453125 0.515625 0.5484375 0.5125 0.6 0.5328125 0.590625 0.553125 0.615625 0.6578125 0.6140625
1 0.66875 0.525 0.6671875 0.515625 0.6515625 0.5015625 0.6140625 0.4890625 0.6015625 0.4953125 0.58125 0.49375 0.5296875 0.4765625 0.5453125 0.5140625 0.5609375 0.5296875 0.6578125 0.54375 0.66875 0.525
1 0.79375 0.5828125 0.815625 0.5625 0.828125 0.5609375 0.8328125 0.5734375 0.8515625 0.590625 0.9109375 0.5953125 0.9203125 0.5875 0.9171875 0.5734375 0.9234375 0.565625 0.9203125 0.5484375 0.8734375 0.540625 0.753125 0.55 0.728125 0.5671875 0.7234375 0.571875 0.728125 0.578125 0.775 0.5859375 0.79375 0.5828125
1 0.871875 0.50625 0.884375 0.5 0.8890625 0.48125 0.859375 0.4765625 0.8296875 0.4890625 0.80625 0.4796875 0.7640625 0.4859375 0.765625 0.5046875 0.771875 0.5171875 0.7796875 0.51875 0.871875 0.50625