0 0.59375 0.4625 0.58125 0.4625 0.565625 0.4734375 0.5609375 0.496875 0.615625 0.49375 0.609375 0.4734375 0.59375 0.4625
0 0.8375 0.465625 0.8390625 0.4640625 0.8515625 0.4640625 0.8546875 0.465625 0.8578125 0.4640625 0.8578125 0.45625 0.85 0.45 0.8390625 0.45 0.8375 0.4515625 0.8328125 0.4515625 0.83125 0.453125 0.83125 0.4546875 0.828125 0.4578125 0.828125 0.465625 0.8375 0.465625
0 0.70625 0.484375 0.7078125 0.484375 0.709375 0.48125 0.70625 0.4765625 0.6953125 0.4765625 0.69375 0.478125 0.6921875 0.4859375 0.696875 0.4890625 0.703125 0.4875 0.70625 0.484375
0 0.490625 0.4953125 0.49375 0.49375 0.49375 0.4875 0.490625 0.484375 0.4875 0.4828125 0.48125 0.4828125 0.4765625 0.4875 0.4765625 0.49375 0.4796875 0.4953125 0.490625 0.4953125
0 0.415625 0.53125 0.41875 0.528125 0.421875 0.521875 0.421875 0.5140625 0.4203125 0.5125 0.4109375 0.5125 0.409375 0.5140625 0.4078125 0.5171875 0.409375 0.5265625 0.4109375 0.5296875 0.415625 0.53125
1 0.4984375 0.4984375 0.4765625 0.5015625 0.478125 0.525 0.4859375 0.53125 0.5015625 0.5296875 0.4984375 0.4984375
1 0.825 0.5625 0.85625 0.5609375 0.8671875 0.5578125 0.86875 0.496875 0.865625 0.4890625 0.8609375 0.484375 0.834375 0.4859375 0.828125 0.4890625 0.834375 0.49375 0.8390625 0.50625 0.8359375 0.5140625 0.8171875 0.5359375 0.8140625 0.5453125 0.8125 0.5578125 0.8171875 0.5625 0.81875 0.5609375 0.825 0.5625
3 0.8734375 0.6671875 0.8734375 0.659375 0.8703125 0.6546875 0.8671875 0.65625 0.8578125 0.65625 0.85625 0.6578125 0.8609375 0.66875 0.8703125 0.66875 0.8734375 0.6671875
3 0.840625 0.6640625 0.84375 0.6609375 0.84375 0.65625 0.83125 0.65625 0.8296875 0.6546875 0.8265625 0.6578125 0.828125 0.6609375 0.8328125 0.6640625 0.840625 0.6640625
3 0.7 0.5859375 0.703125 0.5828125 0.703125 0.5671875 0.7015625 0.5640625 0.6984375 0.5625 0.6953125 0.5625 0.69375 0.5640625 0.6921875 0.56875 0.6921875 0.5828125 0.696875 0.5859375 0.7 0.5859375
3 0.603125 0.8546875 0.6109375 0.8546875 0.615625 0.853125 0.621875 0.8453125 0.61875 0.8375 0.6140625 0.81875 0.6125 0.8171875 0.6078125 0.8171875 0.60625 0.81875 0.5953125 0.81875 0.59375 0.8203125 0.5921875 0.825 0.5921875 0.846875 0.59375 0.85 0.603125 0.8546875
3 0.5765625 0.85 0.5828125 0.8421875 0.5828125 0.8375 0.5859375 0.8328125 0.5875 0.8234375 0.584375 0.815625 0.5796875 0.8109375 0.5640625 0.8109375 0.55625 0.8296875 0.5546875 0.834375 0.5546875 0.846875 0.5578125 0.85 0.5765625 0.85
2 0.7703125 0.540625 0.778125 0.5375 0.778125 0.528125 0.7765625 0.5265625 0.771875 0.525 0.76875 0.5265625 0.7640625 0.5265625 0.7625 0.528125 0.7625 0.5390625 0.7640625 0.540625 0.7703125 0.540625
2 0.7017265625 0.5355921875 0.70236875 0.527753125 0.69690625 0.5263671875 0.6959421875 0.5304515624999999 0.6945281249999999 0.5337921875 0.6970984375 0.5370046875 0.7017265625 0.5355921875
2 0.42893749999999997 0.5547984375 0.43131250000000004 0.551925 0.43043750000000003 0.5488015625 0.4293125 0.5458031250000001 0.425 0.5447968750000001 0.4203125 0.5483015625000001 0.41881250000000003 0.5503 0.4211875 0.5547984375 0.42893749999999997 0.5547984375
3 0.44603125 0.596203125 0.45390625 0.5959531250000001 0.45628124999999997 0.595203125 0.45628124999999997 0.58820625 0.45540624999999996 0.58620625 0.45165625 0.5852078125 0.44815625 0.58845625 0.44540625 0.5904546875000001 0.44353125000000004 0.594078125 0.44603125 0.596203125
3 0.49733124999999995 0.5607765625 0.49193125000000004 0.5605421875000001 0.49240000000000006 0.5648828124999999 0.4947484375 0.56605625 0.49803593749999997 0.56605625 0.49733124999999995 0.5607765625
3 0.72645 0.585934375 0.726065625 0.5767140625 0.723759375 0.5669171875 0.7149078125 0.5665312499999999 0.716071875 0.5772906250000001 0.7147265625 0.5861265625 0.7181859375 0.5886250000000001 0.72645 0.585934375