0 0.349096153125 0.57405048125 0.3425456734375 0.521165865625 0.365384615625 0.528846153125 0.415865384375 0.528846153125 0.4302884609375 0.4927884609375 0.41105769218750005 0.44230769218750005 0.3798076921875 0.4206730765625 0.3389423078125 0.43509615312500005 0.32451923125 0.44951923125000004 0.334134615625 0.5168269234375 0.33833413437500004 0.5520552890625 0.349096153125 0.57405048125
0 0.727197115625 0.49496874999999996 0.7293918265625 0.47685336562499997 0.759615384375 0.48798076874999996 0.790314903125 0.48947836562499997 0.8089735578124999 0.47081490312499996 0.8062307687500001 0.45105048124999997 0.795802884375 0.44116826875 0.79326923125 0.4230769234375 0.7644230765625 0.3894230765625 0.721153846875 0.38701923125 0.6947115390625 0.4134615390625 0.6947115390625 0.4615384609375 0.7137980765624999 0.49267548124999994 0.7464062499999999 0.5251634609375 0.727197115625 0.49496874999999996
0 0.997596153125 0.384615384375 0.966346153125 0.3918269234375 0.9423076921875 0.415865384375 0.9302884609375001 0.47355769218750005 0.9543269234375 0.490384615625 0.997596153125 0.48076923125000004 0.997596153125 0.384615384375
0 0.29901201875 0.096153846875 0.29854326875 0.0834447109375 0.28218509687500004 0.0673076921875 0.25093509687500004 0.0793269234375 0.2456730765625 0.10637740312499999 0.2508197109375 0.119947115625 0.27978125 0.11298076875 0.29901201875 0.096153846875
0 0.44951923125000004 0.08173076875 0.43409615312499994 0.07654326875 0.41826923125000004 0.08413461562499999 0.4134615390625 0.10576923125 0.426259615625 0.10930288437499999 0.459134615625 0.1081730765625 0.44951923125000004 0.08173076875
0 0.4449735578125 0.1532956734375 0.429533653125 0.1139831734375 0.40736298125000003 0.116334134375 0.4075456734375 0.1387884609375 0.40707692343749996 0.1514230765625 0.43234134687500003 0.16359134687500002 0.4449735578125 0.1532956734375
2 0.130658653125 0.19307451874999998 0.1175576921875 0.1855865390625 0.10539423125 0.1982235578125 0.1236394234375 0.20805048125 0.130658653125 0.20009375000000001 0.130658653125 0.19307451874999998
2 0.16084375 0.19770192343749998 0.14704326875 0.1828365390625 0.1318293265625 0.1938076921875 0.13784375 0.20831971093749999 0.147752403125 0.20902884687499998 0.16084375 0.19770192343749998
2 0.39484375 0.2413269234375 0.41501201875 0.2423894234375 0.4098076921875 0.22426201875000001 0.39095192343749996 0.2204447109375 0.379627403125 0.228584134375 0.3888293265625 0.23920192343750002 0.39484375 0.2413269234375
2 0.20346394218750002 0.5650264421875 0.1912668265625 0.531197115625 0.162990384375 0.5372980765625 0.15301201874999998 0.556153846875 0.1677668265625 0.5923509609375001 0.177959134375 0.5955264421875001 0.1984735578125 0.58 0.20346394218750002 0.5650264421875
3 0.3407884609375 0.8965817312500001 0.289415865625 0.898125 0.27965625 0.9263870187500001 0.31407451875 0.9489975968750001 0.33513701875 0.9351225968750001 0.3407884609375 0.8965817312500001
3 0.293091346875 0.3203485578125 0.264759615625 0.3139519234375 0.2568894234375 0.3296706734375 0.2683581734375 0.3357668265625 0.2805456734375 0.3339735578125 0.293091346875 0.3203485578125
3 0.30886298125 0.3372019234375 0.320334134375 0.33218028906249997 0.31101442343749996 0.31640625 0.293091346875 0.31748076875 0.30025961562500003 0.3357668265625 0.30886298125 0.3372019234375