0 0.1871177890625 0.5024843375 0.1826923078125 0.50120481875 0.16859375000000001 0.501081928125 0.1634615390625 0.5036144578124999 0.16002884687500002 0.526139759375 0.194283653125 0.52508915625 0.1918365390625 0.5073903609375 0.1871177890625 0.5024843375
0 0.5148461531249999 0.45508915625 0.509615384375 0.4530120484375 0.490384615625 0.4530120484375 0.482783653125 0.46113493906249997 0.479290865625 0.4834168671875 0.5253197109375 0.47577831249999997 0.5148461531249999 0.45508915625
0 0.30048076875 0.51566265 0.3173076921875 0.50120481875 0.30048076875 0.50120481875 0.30048076875 0.51566265
3 0.34375 0.5108433734375 0.3365384609375 0.48915662656250003 0.322115384375 0.49156626562500005 0.34375 0.5108433734375
3 0.685096153125 0.465060240625 0.685096153125 0.48192771093750003 0.7235576921875 0.4674698796875 0.716346153125 0.4530120484375 0.685096153125 0.465060240625
3 0.646634615625 0.4674698796875 0.6418269234375 0.49397590312500006 0.6706730765625 0.48433735 0.6634615390625 0.46987951875 0.646634615625 0.4674698796875
3 0.540865384375 0.47228915625 0.5360576921875 0.49638554218750003 0.560096153125 0.479518071875 0.5552884609375 0.46987951875 0.540865384375 0.47228915625
0 0.752403846875 0.46987951875 0.752403846875 0.48433735 0.7668269234375 0.48192771093750003 0.7644230765625 0.46987951875 0.752403846875 0.46987951875
3 0.7161081734375 0.8713518078125 0.7154038468749999 0.8567590359375 0.71070673125 0.8431060234375 0.7125865390625 0.8125036140624999 0.683709134375 0.8155638546875 0.6846490390625 0.8520506031249999 0.6898125 0.8675855421875 0.704134615625 0.8777084343749999 0.7161081734375 0.8713518078125
3 0.53932451875 0.8036457828125 0.5176298078125 0.7975036140625 0.5151442312500001 0.8154168671875001 0.5250048078125 0.8215349390625001 0.5419086531249999 0.8196530125000001 0.53932451875 0.8036457828125
3 0.515615384375 0.76927951875 0.5040697109375001 0.7696650609375 0.49683413437499996 0.784344578125 0.50082451875 0.7925831328124999 0.516552884375 0.7904650609375 0.515615384375 0.76927951875
3 0.6720576921875 0.710686746875 0.6729975968749999 0.6968 0.657033653125 0.692091565625 0.6568076921875 0.6923036140625001 0.65398076875 0.7059807234375 0.6537451921875 0.7151590359375 0.6659543265625001 0.71468915625 0.6720576921875 0.710686746875
3 0.5678221156250001 0.70174216875 0.5528293265625 0.701366265625 0.5553798078125001 0.7168072296875 0.5675865390625 0.7193975906250001 0.5729855765625 0.712571084375 0.5678221156250001 0.70174216875
3 0.202759615625 0.75034216875 0.20433173125 0.7326433734375 0.18653846093749998 0.7291012046875001 0.185459134375 0.7387783125 0.180740384375 0.748939759375 0.1913990390625 0.75192048125 0.202759615625 0.75034216875
3 0.37543990312500003 0.6869903609375 0.374716346875 0.680997590625 0.3613173078125 0.6833590359375 0.36403125 0.689713253125 0.3656610578125 0.7002433734375 0.3779759609375 0.699881928125 0.37543990312500003 0.6869903609375
3 0.329810096875 0.7178554218750001 0.35117548125 0.7118650609375 0.3477355765625 0.7013325296875 0.33089423125 0.700971084375 0.327997596875 0.7084144578125 0.316591346875 0.7133156625 0.3211177890625 0.7176746984375 0.329810096875 0.7178554218750001