0 0.3293269234375 0.51201923125 0.3269230765625 0.51201923125 0.314903846875 0.5264423078125 0.334134615625 0.53125 0.3365384609375 0.51923076875 0.3293269234375 0.51201923125
0 0.6875 0.5048076921875 0.677884615625 0.5048076921875 0.6730769234375 0.51201923125 0.6826923078125 0.5168269234375 0.689903846875 0.5144230765625 0.6875 0.5048076921875
0 0.7043269234375 0.502403846875 0.7019230765625 0.502403846875 0.6923076921875 0.5144230765625 0.7115384609375 0.521634615625 0.716346153125 0.5144230765625 0.7043269234375 0.502403846875
0 0.8485576921875 0.51201923125 0.8485576921875 0.5240384609375 0.86298076875 0.5240384609375 0.86298076875 0.51201923125 0.8485576921875 0.51201923125
0 0.9831730765625 0.4759615390625 0.9759615390624999 0.4855769234375 0.997596153125 0.4927884609375 0.9903846156249999 0.4759615390625 0.9831730765625 0.4759615390625
0 0.1651923078125 0.5271322109375001 0.1673485578125 0.5238990390625 0.16473076874999998 0.5182019234374999 0.15903846093750001 0.5138894234375 0.1528822109375 0.51496875 0.14831730781250002 0.5216009609375 0.1556514421875 0.51989423125 0.16273076875 0.521127403125 0.1651923078125 0.5271322109375001
1 0.1293389421875 0.5754831734375 0.1518052890625 0.574865384375 0.15673076875 0.58348798125 0.164884615625 0.58348798125 0.1658076921875 0.5779447109375 0.1644230765625 0.5704014421875 0.16042307656250002 0.563471153125 0.16226923124999998 0.5539254812500001 0.16426923124999998 0.5469951921875 0.169040865625 0.5400673078125 0.1615 0.5349855765625 0.146153846875 0.5307355765625 0.1368798078125 0.5322139421875 0.12980048125000002 0.5451490390625 0.1293389421875 0.5754831734375
1 0.3196875 0.5762884609375 0.3312548078125 0.57523798125 0.3312548078125 0.5668197109374999 0.3265240390625 0.5570865390625 0.3188990390625 0.54814423125 0.32547115312499997 0.5426201921875 0.3336201921875 0.546302884375 0.3391418265625 0.553403846875 0.33887740312500003 0.5760264421875 0.352021634375 0.5760264421875 0.35649038437499997 0.56629326875 0.352021634375 0.556033653125 0.347552884375 0.556033653125 0.34676442343749997 0.53683173125 0.31942548125000003 0.5373581734374999 0.31495673125 0.547353365625 0.31416826875 0.562875 0.3196875 0.5762884609375
3 0.3758197109375 0.64483173125 0.36970913437499997 0.6396322109375 0.36322596093750004 0.6433341343750001 0.356572115625 0.6533918265625 0.35840384687500004 0.6595072109375 0.3663485578125 0.6598124999999999 0.3758197109375 0.64483173125
1 0.5651490390625 0.5759230765625001 0.5772139421875 0.5748485578125 0.5748004812499999 0.5482884609374999 0.5769447109375 0.5372884609375 0.5833798078125 0.5364831734375 0.5884735578125 0.54104326875 0.5876706734375 0.5748485578125 0.5962500000000001 0.5791418265625 0.5957139421875 0.5684110578125 0.5970552890625 0.5582139421875 0.599466346875 0.5437259609375 0.59330048125 0.535677884375 0.580966346875 0.532459134375 0.5683653843750001 0.5327259609375 0.5675625 0.532459134375 0.560322115625 0.550165865625 0.5651490390625 0.5759230765625001
0 0.5812764421875001 0.5116562499999999 0.57564423125 0.5210456734375 0.57886298125 0.5266802890625 0.585834134375 0.5266802890625 0.5866370187500001 0.5213149031250001 0.6006177890625 0.5289375 0.6027259609375 0.5188990390625 0.5995072109375 0.51138701875 0.5885144234374999 0.507096153125 0.5812764421875001 0.5116562499999999
1 0.6778028843749999 0.545466346875 0.685310096875 0.53419951875 0.6887956734375 0.524271634375 0.6796802890625 0.5223942312500001 0.6702956734375001 0.5205168265625 0.6609302890625 0.5243293265625 0.661716346875 0.5559302890625 0.6745865390625 0.5578076921874999 0.6778028843749999 0.545466346875
1 0.71423076875 0.5674663468750001 0.7110144234375 0.5307115390625 0.7064567312500001 0.5266875 0.691978365625 0.52319951875 0.6892956734375 0.5301754812499999 0.6935865390625 0.536346153125 0.6935865390625 0.5682716343750001 0.71423076875 0.5674663468750001
1 0.8450625 0.5701490390624999 0.8611490390625001 0.5680048078125 0.8649014421875 0.536346153125 0.8466706734375 0.531783653125 0.8450625 0.5701490390624999
1 0.97915625 0.546271634375 0.980497596875 0.5127355765625 0.9933677890625001 0.50817548125 0.9912235578124999 0.49985817343749994 0.975478365625 0.49710576875 0.9628028843750001 0.5046875 0.9560985578125001 0.5151490390625 0.95583173125 0.539028846875 0.97915625 0.546271634375
3 0.8661490390625 0.61528125 0.8635480765624999 0.6109423078125 0.8503557687500001 0.61365625 0.8499615390624999 0.6271394234375001 0.873665865625 0.6254038468750001 0.8739543265625 0.6184615390625 0.8661490390625 0.61528125