0 0.1723389421875 0.42482650624999996 0.1611394234375 0.4065325296875 0.153846153125 0.4024096390625 0.143502403125 0.4006433734375 0.1352884609375 0.403797590625 0.132665865625 0.4285060234375 0.1417548078125 0.42132048125 0.16010576875 0.4188674703125 0.1723389421875 0.42482650624999996
0 0.21328605781249999 0.46436385468749997 0.20419951875 0.44105783125000003 0.205247596875 0.42949156562499996 0.23233653906249999 0.43159518124999996 0.23058894218749998 0.4126698796875 0.221153846875 0.40446987968750003 0.20769471093749997 0.4035566265625 0.197115384375 0.40687951875 0.1928389421875 0.4142457828125 0.192314903125 0.43579999999999997 0.19773317343750002 0.435975903125 0.21328605781249999 0.46436385468749997
0 0.3197115390625 0.4046433734375 0.30735576875000004 0.4049349390625 0.2980769234375 0.41428192812500003 0.2980769234375 0.42633012031249995 0.3293269234375 0.42633012031249995 0.32797596093750003 0.40984096406250003 0.3197115390625 0.4046433734375
0 0.38701923125 0.4018843375 0.37044471093750003 0.4019349390625 0.36298076875 0.409113253125 0.36298076875 0.4283903609375 0.39840624999999996 0.42261204843750005 0.396658653125 0.4120987953125 0.38701923125 0.4018843375
0 0.4943894234375 0.43290602343750006 0.49229326875 0.41450843437499996 0.485478365625 0.41135421718750004 0.47610576875 0.4128650609375 0.46892548125 0.4170433734375 0.466521634375 0.426681928125 0.47988461562499996 0.42659759062499997 0.48984615312499996 0.43571084375 0.4943894234375 0.43290602343750006
0 0.6610576921875 0.4024096390625 0.6508173078125 0.3965469875 0.6394230765625 0.3975903609375 0.6357860578125 0.4033807234375 0.64423076875 0.42409638593750004 0.66359375 0.4246722890625 0.6610576921875 0.4024096390625
0 0.710221153125 0.432797590625 0.7091730765625 0.4415590359375 0.701439903125 0.45192048125 0.711228365625 0.4421060234375 0.720314903125 0.4249349390625 0.7315 0.42405783125 0.729228365625 0.4068843375 0.71875 0.3951807234375 0.6979375 0.3955831328125 0.6923076921875 0.4024096390625 0.6902548078125 0.411966265625 0.6816923078125 0.4191518078125 0.7131490390625 0.41757349374999997 0.710221153125 0.432797590625
0 0.577408653125 0.4236192765625 0.576533653125 0.4344843375 0.583 0.4304530125 0.585271634375 0.42169156562500004 0.5812524031249999 0.42134216875 0.5786322109375 0.41731084375 0.5746105765625 0.40837590312499994 0.56569951875 0.401891565625 0.552591346875 0.40276626562500006 0.5440288468750001 0.40942650625 0.5433293265625 0.4220433734375 0.54210576875 0.43098072343749994 0.544552884375 0.4336072296875 0.547872596875 0.4336072296875 0.5527668265625 0.44517349375000004 0.556435096875 0.450255421875 0.5604567312500001 0.45586265 0.567971153125 0.45498795156250005 0.5697110140625 0.451585009375 0.56098076875 0.45411084375 0.558533653125 0.45007951874999996 0.553990384375 0.44359759062500004 0.55 0.4319927703125 0.553290865625 0.42397108437500003 0.577408653125 0.4236192765625
0 0.621353365625 0.4494674703125 0.6318389421874999 0.458402409375 0.62292548125 0.44613735 0.6231009609375 0.44333252968750003 0.6224014421875 0.426686746875 0.6342860578125 0.4289638546875 0.6494903843750001 0.42913975937500004 0.640052884375 0.41021445781250004 0.6362067312499999 0.4051325296875 0.6286923078125 0.4035566265625 0.620653846875 0.40390602343750004 0.6147115390625 0.40390602343750004 0.60929326875 0.4105638546875 0.6082451921875001 0.433344578125 0.616283653125 0.4296650609375 0.621353365625 0.4494674703125
3 0.14516346093750002 0.6782072296874999 0.1311490390625 0.6641566265625001 0.11476201875 0.6779903609375 0.11713461562500001 0.688368675 0.14041826875000002 0.6829638546875 0.14516346093750002 0.6782072296874999
3 0.1444206734375 0.703860240625 0.143653846875 0.7428457828125 0.1645673078125 0.7415469875 0.16478125 0.7039325296875 0.1444206734375 0.703860240625
3 0.20682451875000002 0.7067421687500001 0.2063918265625 0.6946361453125001 0.188283653125 0.6924746984375 0.1862355765625 0.6979156625 0.18440144218750001 0.7244698796875 0.2199759609375 0.731602409375 0.22730528906249997 0.7236048187499999 0.20682451875000002 0.7067421687500001
3 0.2821706734375 0.6468602406249999 0.27807451875 0.660913253125 0.28885336562499997 0.664371084375 0.29812500000000003 0.6505349390624999 0.2821706734375 0.6468602406249999
3 0.3468509609375 0.6542096390625 0.34426442343749997 0.6386457828125 0.3232427890625 0.6402457828125 0.3233509609375 0.6546433734375 0.3418918265625 0.6622096390625 0.3468509609375 0.6589662656249999 0.3468509609375 0.6542096390625
3 0.40435576875 0.6985542171875 0.39594711562499996 0.6940144578125 0.383228365625 0.678881928125 0.3577860578125 0.6834216875 0.35735576875 0.6838530125 0.3569230765625 0.7007156625000001 0.39314423125000003 0.7115228921875 0.406728365625 0.7059036140625 0.40435576875 0.6985542171875
3 0.55244951875 0.6889855421875 0.544903846875 0.6738530125 0.52248076875 0.672339759375 0.5188173078125 0.694824096875 0.56323076875 0.701739759375 0.5649543265625 0.6915807234375 0.55244951875 0.6889855421875
3 0.5921201921875 0.677313253125 0.5681899031250001 0.6870409640624999 0.575302884375 0.704766265625 0.6013918265625 0.7075783125 0.6201490390625 0.697850603125 0.5921201921875 0.677313253125
3 0.711697115625 0.7307927703125 0.71105048125 0.7061469875 0.6894831734375 0.7017783125 0.6879807687499999 0.7128481921875001 0.6685769234375 0.7223614453125 0.6679302890625001 0.7314409640624999 0.711697115625 0.7307927703125
3 0.7213365390625001 0.7582481921875 0.7390144234375 0.7467903609375 0.7375048078125 0.7165253015624999 0.7123173078125 0.72080481875 0.7096923078125 0.739224096875 0.7015 0.74808915625 0.7032259609375 0.7558698796875001 0.7213365390625001 0.7582481921875
3 0.6579158656249999 0.6649783125 0.6521490390625 0.66322650625 0.6504014421875 0.6465807234375001 0.625721153125 0.6476554218749999 0.6238365390625 0.6665566265625 0.6643822109374999 0.6758433734375 0.66648076875 0.6672578312499999 0.6579158656249999 0.6649783125