0 0.403125 0.1828125 0.421875 0.19375 0.428125 0.190625 0.421875 0.1390625 0.3984375 0.115625 0.3640625 0.11875 0.346875 0.1625 0.35369375000000003 0.17045468749999998 0.3703125 0.1734375 0.3953125 0.1859375 0.403125 0.1828125
3 0.284375 0.9078125 0.278125 0.890625 0.2515625 0.8828125 0.2046875 0.9140625 0.2 0.93125 0.215625 0.9375 0.2703125 0.9203125 0.284375 0.9078125
1 0.7234375 0.5140625 0.7453125 0.4484375 0.728125 0.4453125 0.7046875 0.4640625 0.6619312500000001 0.5241484375 0.6889203125 0.47301093749999995 0.684375 0.4453125 0.671875 0.45 0.65625 0.471875 0.6359375 0.534375 0.6328125 0.553125 0.653125 0.55625 0.71875 0.5671875 0.7234375 0.5140625
0 0.7359375 0.4015625 0.746875 0.39375 0.7484375 0.346875 0.7421875 0.3328125 0.725 0.3203125 0.703125 0.325 0.675 0.365625 0.671875 0.378125 0.6828125 0.390625 0.7140625 0.3921875 0.7359375 0.4015625
3 0.609375 0.803125 0.5890625 0.7859375 0.5796875 0.784375 0.565625 0.7921875 0.546875 0.7859375 0.5375 0.80625 0.5515625 0.828125 0.609375 0.83125 0.609375 0.803125
3 0.5546875 0.8 0.559375 0.79375 0.546875 0.78125 0.49375 0.790625 0.49375 0.8046875 0.5140625 0.8203125 0.55625 0.8265625 0.5546875 0.8
3 0.425 0.9515625 0.41875 0.91875 0.3921875 0.9171875 0.384375 0.9109375 0.375 0.9125 0.340625 0.946875 0.3390625 0.9609375 0.346875 0.9640625 0.4171875 0.9578125 0.425 0.9515625
3 0.2375 0.8890625 0.240625 0.871875 0.2203125 0.85625 0.184375 0.8828125 0.1828125 0.8921875 0.1890625 0.9 0.2234375 0.9 0.2375 0.8890625
1 0.4265625 0.5953125 0.4390625 0.4203125 0.4390625 0.3625 0.42897656250000005 0.25994375000000003 0.41193125 0.26278437499999996 0.43323906250000005 0.3082390625 0.43181875 0.3821015625 0.43181875 0.421875 0.419034375 0.440340625 0.36931875000000003 0.40198906250000005 0.384375 0.3 0.3765625 0.3 0.371875 0.3125 0.365625 0.3140625 0.3515625 0.3484375 0.3366484375 0.3991484375 0.3707390625 0.40767031249999997 0.3977265625 0.43039843749999995 0.3352265625 0.43607968750000003 0.328125 0.4484375 0.3203125 0.5546875 0.3328125 0.565625 0.3828125 0.5859375 0.4265625 0.5953125
1 0.29375 0.4328125 0.2578125 0.403125 0.2421875 0.3578125 0.231534375 0.3053984375 0.28693124999999997 0.31392031249999997 0.30681875000000003 0.36505624999999997 0.3082390625 0.3125 0.3046875 0.296875 0.29375 0.25 0.2926140625 0.3039765625 0.2329546875 0.296875 0.2201703125 0.2727265625 0.203125 0.2796875 0.196875 0.2984375 0.1921875 0.4109375 0.1921875 0.478125 0.2828125 0.496875 0.2890625 0.49375 0.29375 0.4328125
0 0.29375 0.18125 0.3078125 0.1453125 0.2984375 0.0984375 0.275 0.08125 0.24431875 0.09517031249999999 0.23125 0.09375 0.2296875 0.1078125 0.265625 0.15056875 0.2859375 0.18125 0.29375 0.18125
3 0.3453125 0.9171875 0.3421875 0.909375 0.309375 0.8921875 0.28125 0.9234375 0.2625 0.93125 0.2625 0.95 0.3328125 0.953125 0.3421875 0.9421875 0.3453125 0.9171875