0 0.8365079359375001 0.1807780328125 0.81904761875 0.16247139531250002 0.7952380953125 0.1670480546875 0.7730158734375 0.2082379859375 0.7730158734375 0.2219679640625 0.8365079359375001 0.23112128125 0.8428571421875001 0.219679634375 0.8365079359375001 0.1807780328125
0 0.6555555562500001 0.2082379859375 0.6603174609375 0.185354690625 0.6492063484374999 0.17391304375 0.63174603125 0.1807780328125 0.6206349203125 0.153318078125 0.6 0.1510297484375 0.58095238125 0.16247139531250002 0.5666666671875 0.19908466875 0.565079365625 0.2288329515625 0.5793650796875001 0.23798627031250003 0.6380952375 0.2219679640625 0.6555555562500001 0.2082379859375
0 0.50634920625 0.24942791718750001 0.5 0.210526315625 0.48095238125 0.18993135 0.4619047625 0.185354690625 0.44444444375 0.2082379859375 0.4396825390625 0.24713958749999998 0.481480953125 0.2402746 0.5015873015625 0.2540045765625 0.50634920625 0.24942791718750001
0 0.365079365625 0.25858123593750004 0.403174603125 0.25858123593750004 0.3825396828125 0.2402746 0.365079365625 0.20594965625 0.32698412656250003 0.21510297500000003 0.30634920625 0.2448512578125 0.3047619046875 0.2745995421875 0.3111111109375 0.302059496875 0.33015872968750004 0.2791762015625 0.365079365625 0.25858123593750004
0 0.1984126984375 0.29977116718749997 0.2126984125 0.2837528609375 0.215873015625 0.2540045765625 0.20634920625 0.24942791718750001 0.2 0.260869565625 0.184126984375 0.2631578953125 0.174603175 0.23340961093749998 0.1492063484375 0.2288329515625 0.1206349203125 0.2448512578125 0.10952380937499999 0.265446225 0.10952380937499999 0.31350114375000004 0.125396825 0.33638443906250004 0.16825396875 0.30434782656250003 0.1984126984375 0.29977116718749997
3 0.2825396828125 0.8878718531249999 0.296825396875 0.8924485125 0.31904761875 0.8718535468749999 0.32063492031249996 0.7826086953125 0.3079365078125 0.7597254 0.3142857140625 0.6956521734375001 0.30634920625 0.665903890625 0.27460317500000003 0.6590389015625 0.265079365625 0.6727688781250001 0.28095238125 0.79405034375 0.28095238125 0.8787185359375 0.2825396828125 0.8878718531249999
3 0.48095238125 0.7551487421874999 0.4984126984375 0.734553775 0.484126984375 0.7185354687500001 0.47142857187500004 0.68649885625 0.4761904765625 0.6384439359375 0.4698412703125 0.5720823796875 0.4365079359375 0.5766590390624999 0.43174603125 0.590389015625 0.43015872968749996 0.6430205953125 0.44603174531249995 0.71167048125 0.44920634843749996 0.7551487421874999 0.48095238125 0.7551487421874999
3 0.247619046875 0.8032036609375 0.27142857187499997 0.773455378125 0.265079365625 0.6887871859375 0.247619046875 0.6178489703125 0.215873015625 0.606407321875 0.2079365078125 0.594965675 0.2047619046875 0.6453089249999999 0.2301587296875 0.784897025 0.23650793593750002 0.8032036609375 0.247619046875 0.8032036609375
3 0.615873015625 0.7093821515625 0.6206349203125 0.6887871859375 0.609523809375 0.656750571875 0.6111111109375 0.61098398125 0.6 0.5194508015625 0.5793650796875001 0.5148741421875 0.5714285718750001 0.5263157890625 0.577777778125 0.6384439359375 0.5952380953125 0.7002288328125 0.615873015625 0.7093821515625
3 0.50634920625 0.7208237984375 0.4920634921875 0.6750572078125 0.49365079375 0.606407321875 0.4873015875 0.5514874140625 0.484126984375 0.542334096875 0.4730158734375 0.5400457671875001 0.47936507968750003 0.681922196875 0.4920634921875 0.723112128125 0.5047619046875 0.7368421046875 0.50634920625 0.7208237984375
3 0.7492063484375 0.640732265625 0.7666666671875 0.6544622421875 0.7793650796875 0.6521739125 0.7793650796875 0.6384439359375 0.758730159375 0.61098398125 0.7507936515625 0.57894736875 0.7539682546875001 0.4782608703125 0.7269841265625 0.48970251718749996 0.7158730156249999 0.524027459375 0.7158730156249999 0.5469107546875 0.7301587296875 0.594965675 0.7492063484375 0.640732265625
3 0.6698412703125001 0.66132723125 0.68095238125 0.7048054921875 0.6952380953125 0.7185354687500001 0.7079365078125 0.7162471390625 0.7142857140625 0.697940503125 0.6539682546875001 0.5377574375 0.6333333328124999 0.5400457671875001 0.6253968249999999 0.5560640734375 0.622222221875 0.574370709375 0.634920634375 0.58581235625 0.652380953125 0.6498855828125001 0.6698412703125001 0.66132723125
3 0.8301587296875 0.5766590390624999 0.8507936515625 0.6178489703125 0.8873015875 0.6224256296874999 0.8888888890625 0.6132723109375 0.8571428578125 0.5697940499999999 0.8365079359375001 0.5102974828125 0.8174603171875001 0.4942791765625 0.8222222218749999 0.5217391296875 0.8111111109375001 0.5537757437499999 0.815873015625 0.5720823796875 0.8301587296875 0.5766590390624999
3 0.903174603125 0.6178489703125 0.91904761875 0.61098398125 0.9126984125 0.5926773453124999 0.91904761875 0.5469107546875 0.909523809375 0.5057208234375 0.9111111109375001 0.4782608703125 0.89365079375 0.4782608703125 0.8888888890625 0.491990846875 0.8873015875 0.565217390625 0.896825396875 0.583524028125 0.8920634921874999 0.606407321875 0.903174603125 0.6178489703125
2 0.56825396875 0.20137299843749998 0.5698412703125 0.23112128125 0.60634920625 0.219679634375 0.5825396828125 0.2173913046875 0.56825396875 0.20137299843749998
2 0.052380953125 0.260869565625 0.0571428578125 0.23798627031250003 0.038095237500000004 0.24713958749999998 0.0365079359375 0.267734553125 0.019047618750000002 0.2837528609375 0.0111111109375 0.308924484375 0.0047619046875000005 0.33180777968749997 0.0079365078125 0.3409610984375 0.06825396875 0.28832951875 0.052380953125 0.260869565625
2 0.952380953125 0.6201373 0.9460317453125 0.5881006859375 0.9365079359375 0.5766590390624999 0.9269841265625001 0.49656750625 0.9142857140625 0.4622425625 0.9301587296875 0.6338672765625 0.9825396828124999 0.6338672765625 0.9825396828124999 0.6224256296874999 0.952380953125 0.6201373
2 0.7634920640625 0.09839816875 0.7523809531250001 0.0594965671875 0.7317460312499999 0.07551487343749999 0.6920634921875 0.070938215625 0.6857142859375001 0.09153318125 0.66825396875 0.0892448515625 0.665079365625 0.0800915328125 0.6555555562500001 0.09153318125 0.6555555562500001 0.1006864984375 0.6666666671875 0.09610983906250001 0.6761904765625 0.102974828125 0.7634920640625 0.09839816875
2 0.903174603125 0.0526315796875 0.9142857140625 0.0526315796875 0.9206349203125 0.036613271875 0.9126984125 0.025171624999999996 0.9142857140625 0.00915331875 0.890476190625 0.00915331875 0.8793650796874999 0.025171624999999996 0.8793650796874999 0.0434782609375 0.865079365625 0.0572082375 0.8634920640624999 0.09153318125 0.8698412703124999 0.09839816875 0.8730158734375 0.0823798625 0.903174603125 0.0526315796875
2 0.074603175 0.2906178484375 0.0825396828125 0.28832951875 0.08095238125000001 0.27002288281250003 0.10634920625 0.20366132656249997 0.090476190625 0.219679634375 0.058730159375 0.22654462187500002 0.055555556250000006 0.23112128125 0.06349206406249999 0.2448512578125 0.0603174609375 0.267734553125 0.074603175 0.2906178484375
2 0.6269841265625 0.39588100625 0.609523809375 0.38901601874999997 0.5793650796875001 0.4027459953125 0.5730158734375 0.4279176203125 0.59365079375 0.4370709375 0.61904761875 0.41876430156250005 0.6269841265625 0.39588100625
2 0.352380953125 0.1006864984375 0.3571428578125 0.09153318125 0.36984127031249997 0.09153318125 0.365079365625 0.0732265453125 0.3492063484375 0.070938215625 0.3460317453125 0.0823798625 0.315873015625 0.086956521875 0.309523809375 0.070938215625 0.3015873015625 0.070938215625 0.2825396828125 0.0892448515625 0.303174603125 0.09382151093749999 0.309523809375 0.086956521875 0.352380953125 0.1006864984375
2 0.63174603125 0.0732265453125 0.609523809375 0.0892448515625 0.6 0.1052631578125 0.6507936515625 0.102974828125 0.6412698406249999 0.09839816875 0.63174603125 0.0732265453125
2 0.6365079359375 0.219679634375 0.6238095234375 0.21510297500000003 0.622222221875 0.1876430203125 0.6 0.1876430203125 0.6 0.19450800937499998 0.6126984125 0.2173913046875 0.6365079359375 0.219679634375
2 0.055555556250000006 0.8695652171875 0.10634920625 0.922196796875 0.10634920625 0.90160183125 0.055555556250000006 0.8695652171875
2 0.803174603125 0.0732265453125 0.8015873015625001 0.09382151093749999 0.8142857140625 0.09839816875 0.8222222218749999 0.07551487343749999 0.803174603125 0.0732265453125
2 0.6174603171874999 0.0526315796875 0.6079365078125 0.0572082375 0.6142857140625 0.070938215625 0.634920634375 0.0572082375 0.6174603171874999 0.0526315796875
2 0.5793650796875001 0.19908466875 0.596825396875 0.1922196796875 0.5857142859375 0.1762013734375 0.5793650796875001 0.19908466875
2 0.009523809375000001 0.16247139531250002 0.009523809375000001 0.1830663609375 0.017460317187499998 0.178489703125 0.015873015625 0.16247139531250002 0.009523809375000001 0.16247139531250002
2 0.1079365078125 0.2745995421875 0.11428571406250002 0.3295194515625 0.11428571406250002 0.251716246875 0.1079365078125 0.2745995421875
2 0.547619046875 0.4805491984375 0.56825396875 0.4691075515625 0.5619047625 0.44164759687500005 0.547619046875 0.42105263125 0.5206349203125 0.409610984375 0.5 0.41418764374999995 0.4952380953125 0.41876430156250005 0.5015873015625 0.44622425625 0.5349206343749999 0.455377575 0.547619046875 0.4805491984375
2 0.3730158734375 0.5926773453124999 0.3888888890625 0.549199084375 0.3857142859375 0.533180778125 0.322222221875 0.5057208234375 0.309523809375 0.5102974828125 0.3015873015625 0.533180778125 0.33809523750000003 0.5995423343749999 0.3571428578125 0.60411899375 0.3730158734375 0.5926773453124999
2 0.4206349203125 0.5469107546875 0.4238095234375 0.5354691078125 0.4174603171875 0.5125858125 0.403174603125 0.49885583593750005 0.3619047625 0.52860411875 0.37619047656250004 0.5537757437499999 0.39206349218750003 0.558352403125 0.4206349203125 0.5469107546875
2 0.877777778125 0.43020595000000006 0.884126984375 0.46453089218750004 0.9047619046875001 0.44622425625 0.9 0.425629290625 0.88095238125 0.39588100625 0.8444444437499999 0.38901601874999997 0.8396825390625 0.3913043484375 0.841269840625 0.4324942796875 0.8460317453125 0.425629290625 0.877777778125 0.43020595000000006
2 0.91904761875 0.3867276890625 0.89365079375 0.3798627 0.8873015875 0.3913043484375 0.89365079375 0.41876430156250005 0.9142857140625 0.41876430156250005 0.91904761875 0.3867276890625
2 0 0 0 0.2951945078125 0.04444444375 0.2837528609375 0.053968254687499995 0.2631578953125 0.06825396875 0.25858123593750004 0.10476190468749999 0.2128146453125 0.1079365078125 0.1876430203125 0.1238095234375 0.1762013734375 0.12222222187500001 0.164759725 0.1507936515625 0.15560640781249999 0.1634920640625 0.1258581234375 0.171428571875 0.1258581234375 0.190476190625 0.102974828125 0.2428571421875 0.09839816875 0.3142857140625 0.0640732265625 0.33174603125 0.070938215625 0.4047619046875 0.0640732265625 0.44285714218749994 0.086956521875 0.5047619046875 0.07551487343749999 0.5126984125 0.086956521875 0.6 0.0549199078125 0.6253968249999999 0.06636155625 0.6539682546875001 0.061784896874999995 0.6761904765625 0.0800915328125 0.7460317453124999 0.077803203125 0.7666666671875 0.09610983906250001 0.8126984125 0.102974828125 0.8603174609375 0.09839816875 0.8603174609375 0.0640732265625 0.8857142859374999 0 0 0