1 0.075 0.7876106187499999 0.0645828125 0.7625376109374999 0.09375 0.7699115046875 0.1015625 0.7876106187499999 0.1109375 0.7676991156249999 0.10625 0.74336283125 0.1140625 0.7212389375 0.0984375 0.7035398234375 0.075 0.7057522125 0.0375 0.7256637171875 0.0171875 0.7522123890625 0.0203125 0.7920353984374999 0.0359375 0.8207964609375 0.04375 0.8207964609375 0.075 0.7876106187499999
0 0.1875 0.5331858406250001 0.1765625 0.5331858406250001 0.1671875 0.5442477875 0.165625 0.5641592921874999 0.1703125 0.5685840703125 0.2 0.5619469031250001 0.1875 0.5331858406250001
3 0.0609375 0.9424778765624999 0.0609375 0.9535398234375 0.0984375 0.9535398234375 0.0875 0.9314159296875 0.0609375 0.9424778765624999
0 0.1515625 0.7676991156249999 0.1484375 0.7300884953125 0.140625 0.7168141593749999 0.1203125 0.723451328125 0.1203125 0.7676991156249999 0.134375 0.7831858406250001 0.1453125 0.7809734515625 0.1515625 0.7676991156249999
1 0.5989578125 0.59586946875 0.60625 0.5420353984374999 0.6140625 0.52212389375 0.5984375 0.5132743359374999 0.5770828125 0.576696903125 0.571875 0.554573009375 0.575 0.5154867249999999 0.56875 0.5154867249999999 0.5625 0.526548671875 0.5635421875 0.5604712390625 0.5546875 0.6017699109375 0.5546875 0.6327433625000001 0.609375 0.6415929203124999 0.6125 0.6224181421874999 0.5989578125 0.59586946875
1 0.3609375 0.81637168125 0.3395828125 0.790559734375 0.346875 0.7522123890625 0.3328125 0.754424778125 0.309375 0.776548671875 0.2953125 0.805309734375 0.2953125 0.8650442484375 0.303125 0.8672566375 0.340625 0.84513274375 0.3609375 0.81637168125
3 0.1953125 0.90486725625 0.1875 0.8827433625 0.1734375 0.8805309734375 0.16875 0.8960176984375 0.1734375 0.9070796453125001 0.1890625 0.9115044250000001 0.1953125 0.90486725625
2 0.0953125 0.8628318578125 0.0921875 0.8761061953124999 0.11875 0.9026548671875 0.1078125 0.8650442484375 0.0953125 0.8628318578125
2 0.20625 0.7256637171875 0.1984375 0.7190265484375 0.1859375 0.7256637171875 0.1859375 0.754424778125 0.1984375 0.7588495578125001 0.2046875 0.75 0.20625 0.7256637171875
3 0.2125 0.8871681421875 0.1953125 0.8893805312499999 0.19375 0.9092920359375001 0.209375 0.9137168140625 0.2140625 0.9070796453125001 0.2125 0.8871681421875
2 0.1296875 0.6924778765624999 0.1234375 0.701327434375 0.121875 0.7168141593749999 0.1421875 0.7146017703124999 0.146875 0.6969026546875 0.1296875 0.6924778765624999
0 0.340625 0.7300884953125 0.33125 0.74336283125 0.3328125 0.754424778125 0.3640625 0.7610619468750001 0.353125 0.7345132750000001 0.340625 0.7300884953125
2 0.4 0.30752212343749996 0.3875 0.30530973437500003 0.3890625 0.32300885 0.396875 0.32964601718750003 0.4078125 0.3252212390625 0.4 0.30752212343749996
1 0.1552078125 0.6784668140625 0.1604171875 0.694690265625 0.1609375 0.7345132750000001 0.1802078125 0.72713938125 0.1921875 0.7212389375 0.1989578125 0.7212389375 0.225 0.7256637171875 0.225 0.6747787609375 0.21875 0.606194690625 0.2015625 0.59513274375 0.1875 0.6150442484374999 0.1796875 0.6150442484374999 0.16875 0.599557521875 0.1578125 0.6017699109375 0.15 0.6150442484374999 0.1302078125 0.6828915921875 0.1416671875 0.702064159375 0.1552078125 0.6784668140625
0 0.6109375 0.46460177031249994 0.6015625 0.451327434375 0.5890625 0.44911504375 0.5765625 0.46238938125000006 0.5765625 0.4756637171875 0.6015625 0.48893805312499994 0.6109375 0.484513275 0.6109375 0.46460177031249994