0 0.357143 0.3729504875 0.3914285 0.36437659375 0.407857 0.3504448609375 0.395 0.3472295578125 0.3785715 0.32472393125 0.3685715 0.31722205625 0.3557145 0.3140067515625 0.342857 0.3140067515625 0.3264285 0.327939234375 0.317857 0.34937284375 0.32 0.3804523625 0.321 0.3953488375 0.3264285 0.39545611406250003 0.357143 0.3729504875
3 0.442 0.7771942984375 0.454 0.7696924234375 0.45949999999999996 0.761440359375 0.44142849999999995 0.7351837953125 0.43550000000000005 0.7141785453125 0.4175 0.71192798125 0.4042855 0.7276819203125 0.40571450000000003 0.749115528125 0.4185715 0.7587614406250001 0.4242855 0.76947786875 0.442 0.7771942984375
3 0.4407145 0.9066549140625 0.43499999999999994 0.8745041265625 0.4215 0.8559639906250001 0.4165 0.8559639906250001 0.4092855 0.856285821875 0.40549999999999997 0.8649662421875 0.40049999999999997 0.8739684921875 0.3957145 0.904511628125 0.396 0.9242310578125 0.4 0.936662415625 0.4407145 0.9066549140625
2 0.4535 0.49287321874999995 0.45899999999999996 0.4763690921875 0.445 0.48762190624999996 0.42350000000000004 0.48837209374999996 0.4265 0.5198799703125 0.446 0.5161290328125 0.4505 0.50487621875 0.4535 0.49287321874999995
0 0.5825 0.29257314375 0.57375 0.2719429859375 0.563125 0.260690171875 0.5375 0.256939234375 0.5275000000000001 0.2653788453125 0.514375 0.30570142499999997 0.5037499999999999 0.312265565625 0.5815 0.3240810203125 0.585 0.31582895781250003 0.5825 0.29257314375
2 0.5714285 0.4485048765625 0.559643 0.44582595625000004 0.557857 0.453863465625 0.5732145 0.461900975 0.5642855 0.4645806453125 0.557857 0.46350862656249997 0.555893 0.46980495156249996 0.575268 0.4754313578125 0.574643 0.48480870156250006 0.584643 0.4857464359375 0.5910715 0.46297299374999995 0.582857 0.44207501875000005 0.580357 0.429214553125 0.5635715 0.4227839453125 0.5650000000000001 0.433501125 0.5589285 0.4351087765625 0.5607145 0.4442183046875 0.5710715000000001 0.44528957187499996 0.5760715000000001 0.44904050937499995 0.5714285 0.4485048765625
3 0.6075 0.7314328578125 0.6117855 0.70999925 0.6054999999999999 0.6856714171875 0.595 0.684813953125 0.5785715 0.689636909375 0.587857 0.7196444109375 0.5917855000000001 0.7325048765625 0.5974999999999999 0.7359339828125 0.6075 0.7314328578125
0 0.689091 0.36554613593749996 0.7327275 0.3532700671875 0.747 0.355588896875 0.745 0.3471320328125 0.747 0.33758439687499997 0.7413635000000001 0.3089407359375 0.733182 0.29734733750000003 0.7224999999999999 0.2828207046875 0.7 0.2775693921875 0.685909 0.28370742656250003 0.6763635 0.29734733750000003 0.671818 0.31712453125 0.665 0.3464501125 0.6522725 0.35668042031249997 0.671818 0.3614538640625 0.689091 0.36554613593749996
2 0.6777275 0.5810540140625 0.6839999999999999 0.5723930984375001 0.6795454999999999 0.5687786953125 0.675 0.558139534375 0.67 0.550364590625 0.6595 0.548387096875 0.645909 0.5374073515625 0.644091 0.5421807953125 0.6515 0.553638409375 0.659091 0.5728702171875 0.6636365 0.5844643656249999 0.6719999999999999 0.5986496625 0.6777275 0.5810540140625
3 0.634091 0.7924711171875 0.650909 0.7788312078125 0.6813635 0.7679189796875 0.6777275 0.7338199546874999 0.6725 0.7336834203125 0.67 0.7299324828125 0.6599999999999999 0.737911478125 0.6295455 0.7399579890625 0.6259089999999999 0.7570075015625 0.6122725 0.767237059375 0.6036365 0.7781492875 0.6045455 0.79042460625 0.6104545 0.7958807203125 0.621 0.796699175 0.634091 0.7924711171875
3 0.7536365 0.8770375093749999 0.7686365000000001 0.8729452359375 0.779 0.8612153031249999 0.7745455 0.8095206296875 0.7769999999999999 0.7824456109375 0.7672725 0.7863330828125 0.7464999999999999 0.7786946734375 0.7377275 0.78087696875 0.735 0.7944486125 0.731818 0.859987996875 0.74 0.8717179296875001 0.7459089999999999 0.8736271562500001 0.7536365 0.8770375093749999
3 0.545 0.71117779375 0.5429999999999999 0.6969242312499999 0.5410714999999999 0.6923158296875 0.532143 0.6853495875 0.5196430000000001 0.6880292578125 0.5175 0.7078552140625 0.5185715 0.7223233312499999 0.5275000000000001 0.7298252062499999 0.5342855 0.7271462859375 0.545 0.71117779375