6 0.528125 0.63984375 0.2375 0.47265625
6 0.35234375 0.5234375 0.1046875 0.14921875
6 0.79453125 0.6171875 0.38203125 0.740625
2 0.771875 0.35703125 0.15234375 0.21484375
2 0.54140625 0.496875 0.115625 0.18203125
4 0.3421875 0.5078125 0.046875 0.05390625
5 0.846875 0.6078125 0.26484375 0.45859375
7 0.53984375 0.6125 0.19609375 0.328125
5 0.3765625 0.53203125 0.059375 0.08203125
0 0.553125 0.82890625 0.10078125 0.07421875
3 0.80234375 0.9515625 0.15390625 0.096875
1 0.4609375 0.7015625 0.04296875 0.090625
1 0.49921875 0.73203125 0.0421875 0.0515625