6 0.12734375 0.3375 0.1203125 0.2296875
6 0.2390625 0.38046875 0.075 0.18671875
6 0.26328125 0.2890625 0.0421875 0.09765625
2 0.609375 0.11875 0.28046875 0.20078125
2 0.39921875 0.17578125 0.18203125 0.11953125
2 0.1390625 0.26796875 0.103125 0.059375
2 0.2640625 0.28046875 0.071875 0.0484375
7 0.75625 0.35703125 0.43984375 0.45703125
5 0.4171875 0.30234375 0.28515625 0.1859375
7 0.13203125 0.33125 0.14921875 0.11015625
7 0.24296875 0.34609375 0.109375 0.07734375
0 0.87890625 0.90546875 0.2421875 0.1109375
0 0.4125 0.56796875 0.24765625 0.06015625
6 0.40390625 0.3609375 0.23125 0.47109375
0 0.51328125 0.865625 0.29609375 0.13984375
1 0.60859375 0.51328125 0.1203125 0.10703125
1 0.14921875 0.33828125 0.046875 0.02265625
1 0.1515625 0.325 0.04140625 0.021875
1 0.50546875 0.38046875 0.0359375 0.02734375