6 0.3640625 0.57421875 0.43984375 0.67109375
6 0.69140625 0.58125 0.359375 0.62265625
6 0.83671875 0.49609375 0.3265625 0.9234375
2 0.38046875 0.35234375 0.221875 0.25859375
2 0.63125 0.371875 0.2109375 0.19140625
2 0.8390625 0.184375 0.2609375 0.26640625
3 0.215625 0.79296875 0.0984375 0.1328125
3 0.4328125 0.80625 0.14609375 0.11953125
3 0.90546875 0.87421875 0.1890625 0.1546875
7 0.95078125 0.36015625 0.0984375 0.3703125
7 0.384375 0.51875 0.2796875 0.25625
7 0.72265625 0.5 0.21875 0.25390625