6 0.08203125 0.64296875 0.1640625 0.7140625
6 0.228125 0.675 0.2125 0.65
6 0.43515625 0.68203125 0.18203125 0.5953125
6 0.70234375 0.65546875 0.434375 0.6890625
6 0.5921875 0.52109375 0.14765625 0.3765625
6 0.88515625 0.575 0.2296875 0.7515625
6 0.8203125 0.46796875 0.0765625 0.19765625
2 0.8828125 0.334375 0.215625 0.221875
2 0.71484375 0.434375 0.19140625 0.24296875
2 0.64375 0.4015625 0.0546875 0.1234375
2 0.82890625 0.44765625 0.0984375 0.13125
2 0.45 0.44609375 0.11328125 0.11953125
2 0.23515625 0.41328125 0.14296875 0.146875
2 0.07578125 0.4015625 0.1515625 0.15546875
5 0.0640625 0.565625 0.128125 0.2515625
5 0.22890625 0.58515625 0.1703125 0.259375
5 0.45390625 0.5765625 0.19765625 0.1875
5 0.6140625 0.5640625 0.1421875 0.1984375
5 0.68515625 0.759375 0.36796875 0.4109375
5 0.90859375 0.6640625 0.1828125 0.52265625
0 0.0875 0.96015625 0.134375 0.0796875
0 0.19375 0.928125 0.07890625 0.14140625
0 0.39296875 0.91015625 0.08671875 0.1078125
0 0.47578125 0.92265625 0.06875 0.09921875
0 0.27109375 0.92578125 0.12265625 0.1359375