6 0.140625 0.37265625 0.11171875 0.3265625
6 0.24453125 0.38125 0.121875 0.390625
6 0.265625 0.434375 0.17109375 0.29765625
6 0.42578125 0.421875 0.171875 0.60390625
6 0.4625 0.46953125 0.2109375 0.6296875
6 0.709375 0.63359375 0.534375 0.7328125
2 0.91171875 0.39453125 0.175 0.20546875
2 0.55 0.21484375 0.08984375 0.1265625
2 0.45546875 0.18984375 0.11640625 0.1015625
2 0.27734375 0.228125 0.0625 0.084375
2 0.31484375 0.31328125 0.06640625 0.0671875
2 0.17109375 0.25078125 0.071875 0.0515625
7 0.1515625 0.30625 0.1234375 0.09140625
7 0.7359375 0.49609375 0.2609375 0.3140625
7 0.259375 0.34375 0.09921875 0.096875
5 0.4734375 0.3265625 0.1578125 0.2
5 0.40390625 0.29140625 0.07578125 0.16796875
5 0.22890625 0.27265625 0.059375 0.0953125
0 0.5125 0.95625 0.1265625 0.0875
0 0.7703125 0.88359375 0.1265625 0.1484375
0 0.46015625 0.71171875 0.18828125 0.15546875
0 0.23671875 0.53203125 0.12890625 0.08984375
0 0.1390625 0.49296875 0.10859375 0.05546875
1 0.890625 0.68984375 0.078125 0.0921875