6 0.059375 0.51875 0.11796875 0.9625
6 0.171875 0.51484375 0.21484375 0.9703125
6 0.2578125 0.50703125 0.11171875 0.93046875
6 0.30859375 0.18203125 0.06953125 0.26484375
6 0.39765625 0.48359375 0.2 0.9515625
6 0.5359375 0.540625 0.1703125 0.890625
6 0.63515625 0.4609375 0.140625 0.890625
6 0.6765625 0.12421875 0.0796875 0.16484375
6 0.7296875 0.434375 0.14921875 0.86875
6 0.803125 0.5015625 0.14375 0.996875
6 0.91875 0.5078125 0.159375 0.984375
2 0.91796875 0.103125 0.14453125 0.190625
2 0.80625 0.07109375 0.11484375 0.1421875
2 0.73203125 0.0859375 0.06875 0.128125
2 0.66796875 0.11640625 0.06953125 0.13359375
2 0.61640625 0.1125 0.0875 0.134375
2 0.5265625 0.18125 0.1109375 0.146875
2 0.39765625 0.09296875 0.09453125 0.1578125
2 0.3203125 0.12578125 0.10234375 0.1296875
2 0.246875 0.1296875 0.08671875 0.1375
2 0.19375 0.15234375 0.12421875 0.2109375
2 0.07890625 0.1265625 0.11015625 0.16953125
7 0.07578125 0.33984375 0.13125 0.2765625
7 0.19140625 0.36484375 0.19765625 0.26796875
7 0.24140625 0.321875 0.115625 0.26875
7 0.2984375 0.315625 0.0890625 0.25625
7 0.39375 0.3015625 0.1546875 0.275
7 0.5328125 0.3515625 0.14609375 0.221875
7 0.61328125 0.303125 0.125 0.246875
7 0.66953125 0.20625 0.04453125 0.06875
7 0.71796875 0.2765625 0.1 0.228125
7 0.80234375 0.28046875 0.12265625 0.2671875
7 0.92265625 0.31484375 0.14453125 0.29296875
0 0.82109375 0.934375 0.08125 0.11875
0 0.7421875 0.8265625 0.1015625 0.121875
0 0.6390625 0.81640625 0.10859375 0.14296875
0 0.5890625 0.878125 0.0796875 0.11875
0 0.42109375 0.8671875 0.090625 0.128125
0 0.28125 0.91953125 0.0859375 0.0921875
0 0.04921875 0.94296875 0.0890625 0.1140625
0 0.49140625 0.85859375 0.06875 0.13046875
0 0.31953125 0.91015625 0.09140625 0.1046875
1 0.3640625 0.30390625 0.07109375 0.08828125