6 0.20390625 0.73515625 0.11875 0.4109375
6 0.30859375 0.73125 0.140625 0.3875
6 0.3546875 0.6875 0.11640625 0.41171875
6 0.45078125 0.565625 0.11015625 0.37890625
6 0.55078125 0.66484375 0.13515625 0.43359375
6 0.6953125 0.6796875 0.14296875 0.38515625
6 0.74296875 0.6546875 0.11015625 0.4375
6 0.8640625 0.7640625 0.0015625 0.003125
6 0.83125 0.63515625 0.1234375 0.3984375
6 0.64296875 0.29609375 0.08515625 0.1140625
6 0.5921875 0.28671875 0.06171875 0.1078125
6 0.53671875 0.27265625 0.08125 0.11796875
6 0.47890625 0.26640625 0.08828125 0.11796875
0 0.1734375 0.92421875 0.0390625 0.04765625
0 0.21015625 0.896875 0.04921875 0.04609375
0 0.2796875 0.89140625 0.0484375 0.04375
0 0.31015625 0.87109375 0.0578125 0.04921875
0 0.34609375 0.87265625 0.05 0.04921875
0 0.3921875 0.8703125 0.0671875 0.06171875
0 0.5296875 0.85703125 0.0453125 0.04453125
0 0.565625 0.84296875 0.05703125 0.053125
0 0.81171875 0.79765625 0.0625 0.06796875
0 0.74921875 0.84296875 0.0484375 0.0515625
0 0.72265625 0.8390625 0.0515625 0.05
7 0.20859375 0.67890625 0.0953125 0.1375
7 0.2953125 0.67734375 0.0875 0.1578125
7 0.36015625 0.603125 0.0734375 0.1171875
7 0.53203125 0.5796875 0.0953125 0.12265625
7 0.4453125 0.5015625 0.0640625 0.13046875
7 0.66796875 0.6203125 0.0828125 0.15078125
7 0.7390625 0.5859375 0.10390625 0.13515625
7 0.82578125 0.571875 0.0875 0.14609375
7 0.6375 0.31640625 0.0609375 0.0609375
7 0.53828125 0.29375 0.0703125 0.065625
7 0.47890625 0.2890625 0.0703125 0.0640625
5 0.58671875 0.29921875 0.0484375 0.053125
4 0.21015625 0.56875 0.04921875 0.059375
4 0.2953125 0.57421875 0.05625 0.0640625
4 0.36875 0.521875 0.05234375 0.065625
4 0.440625 0.40390625 0.06484375 0.05
4 0.540625 0.4828125 0.07265625 0.06328125
4 0.66875 0.51953125 0.05546875 0.06171875
4 0.72578125 0.4890625 0.05 0.0671875
4 0.815625 0.46796875 0.0640625 0.06796875
4 0.6390625 0.2625 0.0375 0.05
4 0.5859375 0.26171875 0.05 0.05703125
4 0.54375 0.2484375 0.05390625 0.0546875
4 0.48515625 0.2484375 0.05390625 0.05859375