6 0.46875 0.65859375 0.1828125 0.6796875
6 0.54375 0.6546875 0.1296875 0.64765625
6 0.64375 0.6484375 0.19375 0.703125
2 0.6 0.3953125 0.10859375 0.14140625
2 0.53671875 0.396875 0.08125 0.140625
4 0.48203125 0.38984375 0.1 0.1265625
3 0.43359375 0.95234375 0.096875 0.0953125
3 0.4875 0.94140625 0.0875 0.1171875
0 0.596875 0.9484375 0.08359375 0.103125
0 0.640625 0.93125 0.08046875 0.084375
0 0.51796875 0.91640625 0.059375 0.1015625
0 0.5609375 0.91484375 0.07734375 0.1140625
5 0.46953125 0.54921875 0.11015625 0.2359375
7 0.53984375 0.5625 0.071875 0.2375
7 0.62421875 0.5640625 0.11640625 0.240625
1 0.6046875 0.58203125 0.0640625 0.0609375
1 0.52578125 0.51875 0.0328125 0.0421875
1 0.5671875 0.5390625 0.02578125 0.0484375