6 0.24921875 0.58828125 0.19375 0.7078125
6 0.3703125 0.67734375 0.2171875 0.5140625
6 0.5375 0.58125 0.1640625 0.65703125
6 0.665625 0.65546875 0.18984375 0.5640625
2 0.63828125 0.4453125 0.1125 0.14375
2 0.54609375 0.33125 0.10625 0.125
2 0.27578125 0.32890625 0.078125 0.1109375
4 0.3671875 0.49296875 0.0921875 0.1109375
7 0.38046875 0.6375 0.13515625 0.215625
7 0.64375 0.5921875 0.11484375 0.20625
7 0.25390625 0.4796875 0.109375 0.19375
5 0.5328125 0.48125 0.1359375 0.22265625
0 0.6984375 0.8890625 0.0609375 0.078125
0 0.54453125 0.8484375 0.08125 0.0875
0 0.4875 0.86484375 0.08359375 0.11484375
0 0.4484375 0.9046875 0.0796875 0.09375
0 0.27109375 0.86796875 0.08125 0.0828125
0 0.2265625 0.8765625 0.0546875 0.10703125