6 0.53671875 0.57578125 0.1703125 0.44609375
6 0.659375 0.48984375 0.1875 0.46171875
6 0.75703125 0.66640625 0.14921875 0.54453125
2 0.79375 0.5171875 0.07578125 0.12578125
2 0.67734375 0.35078125 0.08203125 0.10546875
2 0.53984375 0.41484375 0.06640625 0.14609375
7 0.53046875 0.5359375 0.14453125 0.20859375
7 0.76328125 0.6234375 0.11640625 0.25703125
7 0.6671875 0.45703125 0.17578125 0.2296875
0 0.76953125 0.86640625 0.0640625 0.1109375
0 0.709375 0.78984375 0.05625 0.0671875
0 0.4921875 0.7125 0.06796875 0.11171875
0 0.57109375 0.75234375 0.07734375 0.103125
0 0.6328125 0.65390625 0.08984375 0.103125