6 0.77265625 0.5875 0.2671875 0.815625
6 0.26171875 0.57265625 0.18125 0.83671875
6 0.4484375 0.565625 0.159375 0.8
6 0.64296875 0.53203125 0.128125 0.79296875
6 0.53828125 0.496875 0.15234375 0.759375
2 0.7171875 0.26953125 0.0921875 0.1671875
2 0.6453125 0.21953125 0.07578125 0.16484375
2 0.52421875 0.20234375 0.0859375 0.1421875
2 0.45234375 0.253125 0.08359375 0.16015625
2 0.271875 0.24609375 0.075 0.15859375
5 0.26484375 0.42109375 0.140625 0.23984375
5 0.44140625 0.4171875 0.1234375 0.23203125
5 0.63828125 0.38203125 0.1046875 0.2203125
5 0.73671875 0.48203125 0.140625 0.3109375
5 0.5359375 0.3734375 0.11171875 0.23125
0 0.70234375 0.91953125 0.059375 0.1078125
0 0.67265625 0.80859375 0.071875 0.12734375
0 0.6234375 0.8734375 0.06171875 0.11953125
0 0.55859375 0.8140625 0.0609375 0.1125
0 0.525 0.8015625 0.04609375 0.11328125
0 0.47890625 0.90078125 0.078125 0.1140625
0 0.4125 0.8453125 0.05546875 0.10390625
0 0.28671875 0.90546875 0.09375 0.09921875
0 0.2328125 0.92890625 0.06953125 0.1234375