6 0.6234375 0.63828125 0.153125 0.6234375
6 0.521875 0.62890625 0.1375 0.5640625
6 0.378125 0.603125 0.12421875 0.54609375
6 0.26640625 0.61484375 0.12265625 0.57578125
6 0.18046875 0.63125 0.0765625 0.58515625
2 0.27265625 0.40078125 0.06328125 0.10703125
2 0.1828125 0.39296875 0.05390625 0.10546875
2 0.3640625 0.38984375 0.0609375 0.10234375
2 0.5265625 0.4046875 0.0765625 0.0953125
2 0.59453125 0.38515625 0.08046875 0.1015625
7 0.6140625 0.525 0.0921875 0.2140625
7 0.5296875 0.540625 0.09609375 0.1921875
7 0.3546875 0.521875 0.0859375 0.2
7 0.26171875 0.53125 0.0921875 0.2015625
7 0.1796875 0.53125 0.05859375 0.18125
0 0.61953125 0.9265625 0.07265625 0.071875
0 0.60625 0.88046875 0.05390625 0.05703125
0 0.54375 0.87578125 0.0484375 0.08359375
0 0.4828125 0.87421875 0.05703125 0.0890625
0 0.38125 0.8015625 0.05 0.08203125
0 0.34453125 0.81484375 0.04375 0.096875
0 0.17109375 0.84921875 0.04375 0.10390625
1 0.47265625 0.64765625 0.03046875 0.06875
1 0.57890625 0.64296875 0.028125 0.06640625
1 0.653125 0.65078125 0.040625 0.06015625
1 0.20390625 0.64296875 0.02890625 0.05859375
1 0.22734375 0.64375 0.0328125 0.04453125
1 0.30546875 0.65 0.03359375 0.05
1 0.403125 0.59921875 0.0234375 0.07109375