6 0.18515625 0.5140625 0.13125 0.4890625
6 0.41484375 0.5515625 0.1578125 0.54140625
6 0.48515625 0.525 0.13671875 0.5203125
6 0.60390625 0.53515625 0.15625 0.5234375
2 0.571875 0.3234375 0.07109375 0.0875
2 0.49140625 0.3265625 0.06953125 0.08359375
2 0.1875 0.33203125 0.07265625 0.08671875
5 0.1734375 0.4453125 0.096875 0.13984375
5 0.3921875 0.45625 0.0890625 0.18203125
5 0.478125 0.453125 0.103125 0.1765625
5 0.5765625 0.45078125 0.10546875 0.20546875
4 0.403125 0.3203125 0.06640625 0.10390625
0 0.146875 0.72265625 0.06171875 0.07109375
0 0.1875 0.709375 0.0484375 0.05703125
0 0.37265625 0.790625 0.05234375 0.04609375
0 0.43359375 0.79140625 0.05859375 0.05859375
0 0.4703125 0.74296875 0.02890625 0.0578125
0 0.49296875 0.74609375 0.0265625 0.0640625
0 0.61484375 0.7515625 0.06328125 0.0390625