6 0.78828125 0.5203125 0.2171875 0.67421875
6 0.23203125 0.58671875 0.20234375 0.3875
6 0.33046875 0.421875 0.0828125 0.53359375
6 0.3984375 0.46484375 0.109375 0.528125
2 0.80625 0.26171875 0.11484375 0.12578125
2 0.41875 0.2625 0.06796875 0.11953125
2 0.325 0.23046875 0.0546875 0.1140625
2 0.2625 0.453125 0.08046875 0.10703125
7 0.81796875 0.434375 0.15625 0.2546875
7 0.409375 0.39765625 0.09375 0.18828125
7 0.346875 0.3625 0.08984375 0.18125
7 0.2328125 0.5015625 0.115625 0.1796875
0 0.73828125 0.7921875 0.0703125 0.084375
0 0.81875 0.79609375 0.0765625 0.07578125
0 0.340625 0.6359375 0.0609375 0.0515625
0 0.3890625 0.6953125 0.05 0.06640625
0 0.40703125 0.671875 0.0359375 0.06953125
0 0.25390625 0.73359375 0.0796875 0.0578125