6 0.534375 0.72421875 0.2328125 0.5515625
6 0.3734375 0.44375 0.22265625 0.3359375
6 0.15390625 0.6 0.27578125 0.40390625
6 0.71328125 0.22265625 0.1796875 0.4453125
2 0.72578125 0.0734375 0.09765625 0.146875
2 0.39296875 0.34765625 0.10625 0.1359375
2 0.20078125 0.4828125 0.11484375 0.1515625
2 0.51328125 0.525 0.1171875 0.140625
5 0.565625 0.71015625 0.1796875 0.3296875
5 0.159375 0.56953125 0.2375 0.23125
5 0.6953125 0.234375 0.17578125 0.26796875
0 0.4546875 0.93671875 0.046875 0.1265625
0 0.346875 0.58828125 0.078125 0.0703125
1 0.69375 0.38671875 0.04609375 0.065625
1 0.46796875 0.490625 0.025 0.03125
1 0.43359375 0.56484375 0.03203125 0.0453125
1 0.48984375 0.43671875 0.02578125 0.03828125