6 0.11875 0.56796875 0.12890625 0.8640625
6 0.31953125 0.53515625 0.140625 0.8359375
6 0.20859375 0.53671875 0.1125 0.8515625
6 0.47734375 0.54375 0.125 0.8109375
6 0.56328125 0.52265625 0.09921875 0.76015625
6 0.67421875 0.53515625 0.12578125 0.74765625
6 0.6203125 0.50703125 0.06015625 0.725
2 0.121875 0.20625 0.06796875 0.1453125
2 0.20390625 0.19375 0.05390625 0.14453125
2 0.33046875 0.19296875 0.0546875 0.1390625
2 0.47265625 0.23203125 0.0578125 0.1453125
2 0.55703125 0.21171875 0.059375 0.14765625
2 0.62265625 0.2234375 0.053125 0.128125
2 0.675 0.2453125 0.05 0.134375
7 0.11796875 0.428125 0.10703125 0.26640625
7 0.21328125 0.3875 0.09609375 0.27734375
7 0.31640625 0.40234375 0.09453125 0.27265625
7 0.47109375 0.4484375 0.09453125 0.2828125
7 0.54921875 0.39609375 0.09296875 0.2609375
7 0.67734375 0.4328125 0.09296875 0.2671875
0 0.0921875 0.9515625 0.05859375 0.0765625
0 0.16171875 0.934375 0.05546875 0.096875
0 0.1953125 0.8984375 0.06015625 0.12890625
0 0.2296875 0.86328125 0.07109375 0.1125
0 0.2828125 0.9 0.05546875 0.125
0 0.35625 0.89765625 0.0546875 0.1234375
0 0.51171875 0.89296875 0.053125 0.13046875
0 0.65078125 0.85390625 0.05390625 0.090625
0 0.68984375 0.86484375 0.0453125 0.07890625
0 0.621875 0.78671875 0.0515625 0.19453125
0 0.5703125 0.840625 0.06640625 0.096875
0 0.5359375 0.84765625 0.04375 0.08671875