6 0.40546875 0.62890625 0.2359375 0.7421875
6 0.63515625 0.4828125 0.14765625 0.42265625
6 0.21171875 0.63203125 0.2484375 0.7359375
2 0.4109375 0.3265625 0.07578125 0.1234375
2 0.22109375 0.3671875 0.12421875 0.109375
2 0.6140625 0.3109375 0.0390625 0.065625
5 0.19765625 0.54375 0.18671875 0.2625
5 0.37734375 0.4703125 0.1015625 0.21875
5 0.66484375 0.3765625 0.10625 0.121875
0 0.61015625 0.6546875 0.096875 0.08203125
0 0.3234375 0.94453125 0.11796875 0.10390625
0 0.40546875 0.84765625 0.1015625 0.06171875
0 0.22421875 0.96328125 0.1125 0.07265625
1 0.4953125 0.50078125 0.03828125 0.0484375
1 0.63203125 0.46484375 0.02265625 0.04140625
1 0.621875 0.4515625 0.01953125 0.0359375
1 0.41015625 0.534375 0.0453125 0.0375
1 0.2140625 0.04296875 0.02109375 0.03359375