6 0.6828125 0.57265625 0.11796875 0.328125
6 0.6296875 0.55234375 0.05703125 0.275
6 0.5953125 0.54140625 0.03828125 0.27578125
2 0.67578125 0.446875 0.03828125 0.05625
2 0.625 0.43671875 0.02890625 0.040625
2 0.5984375 0.43125 0.03515625 0.0515625
5 0.68203125 0.52578125 0.0546875 0.109375
5 0.6234375 0.50625 0.0578125 0.1078125
5 0.59609375 0.50546875 0.0359375 0.09921875
0 0.6796875 0.721875 0.04609375 0.02578125
0 0.67109375 0.7078125 0.03671875 0.02421875
0 0.58203125 0.66953125 0.03125 0.0296875