1 0.247086246875 0.3607142859375 0.26107226093749997 0.33928571406249997 0.2890442890625 0.3607142859375 0.291375290625 0.371428571875 0.3053613046875 0.375 0.3123543125 0.35 0.310023309375 0.30357142812500004 0.26107226093749997 0.175 0.247086246875 0.15714285781249998 0.2253310015625 0.1297607140625 0.180263403125 0.11309642812500001 0.16705594375 0.194046428125 0.174825175 0.1892857140625 0.17871095625 0.2416678578125 0.172494171875 0.2607142859375 0.22377622343749998 0.34523928593750003 0.247086246875 0.3607142859375
2 0.152291375 0.2583321421875 0.154622378125 0.2726178578125 0.16705594375 0.27142857187499997 0.17093939375 0.2428571421875 0.1701631703125 0.2321428578125 0.1515151515625 0.23095357187499999 0.1476293703125 0.2428571421875 0.1491841484375 0.2571428578125 0.152291375 0.2583321421875
0 0.1216013984375 0.07916785781249999 0.12004662031249999 0.116071428125 0.123153846875 0.133928571875 0.1278158515625 0.1291678578125 0.1418018640625 0.125596428125 0.1573426578125 0.11845357187500001 0.17521445156249998 0.102975 0.1790979015625 0.1017857140625 0.1666666671875 0.0648821421875 0.1550116546875 0.05297500000000001 0.1355874125 0.056546428125000006 0.1216013984375 0.07916785781249999
3 0.317375290625 0.6675821421875 0.3613053609375 0.649725 0.344270396875 0.626375 0.3370979015625 0.570053571875 0.313787878125 0.600275 0.3227552453125 0.620878571875 0.3111002328125 0.6565928578125 0.317375290625 0.6675821421875
0 0.6876456875 0.24642857187499997 0.678321678125 0.1821428578125 0.65034965 0.171428571875 0.6270396265625 0.2 0.624708625 0.23571428593750002 0.64335664375 0.278571428125 0.6515151515625 0.2553571421875 0.6876456875 0.24642857187499997
3 0.709790209375 0.816071428125 0.6818181812499999 0.8232142859374999 0.678321678125 0.8642857140625001 0.684149184375 0.8678571421875001 0.7109557109375 0.8696428578125 0.7179487171875001 0.8571428578125 0.709790209375 0.816071428125
3 0.7272727265625 0.6732142859375 0.7144522140625 0.708928571875 0.7202797203125 0.7857142859375 0.73193473125 0.7928571421874999 0.7459207453125 0.778571428125 0.7435897437500001 0.721428571875 0.7272727265625 0.6732142859375
0 0.9114219109375 0.1482142859375 0.9172494171875 0.146428571875 0.9265734265625 0.153571428125 0.9195804203125 0.09285714218749999 0.8869463874999999 0.0857142859375 0.8729603734375001 0.11071428593749999 0.86829836875 0.1482142859375 0.8764568765625 0.183928571875 0.8846153843750001 0.1482142859375 0.9114219109375 0.1482142859375
3 0.8583916078125 0.73125 0.8648018640625 0.7017857140625 0.8543123546875 0.7017857140625 0.8344988343749999 0.703571428125 0.8327505828125 0.7419642859375 0.8251748250000001 0.7642857140625 0.8578088578124999 0.7607142859375 0.8583916078125 0.73125
3 0.25641025625 0.596428571875 0.25058275 0.5714285718750001 0.2272727265625 0.5696428578125 0.224941725 0.583928571875 0.21678321718750002 0.621428571875 0.25174825156249997 0.6267857140624999 0.25641025625 0.596428571875
2 0.615967365625 0.55625 0.6206293703125 0.5446428578125 0.6107226109375 0.5294642859375001 0.608974359375 0.5 0.60606060625 0.4892857140625 0.5955710953125 0.4928571421875 0.5879953375 0.5205357140625 0.58158508125 0.5357142859375 0.5856643359375 0.5714285718750001 0.6083916078125 0.575 0.615967365625 0.55625
2 0.8018648015625001 0.4142857140625 0.8041958046875 0.4142857140625 0.8135198140625001 0.4 0.8205128203125 0.4 0.8228438234375 0.39642857187499997 0.8228438234375 0.378571428125 0.8251748250000001 0.375 0.8275058281250001 0.346428571875 0.8251748250000001 0.3428571421875 0.8018648015625001 0.3428571421875 0.7995338000000001 0.346428571875 0.7925407921875001 0.378571428125 0.7925407921875001 0.39642857187499997 0.7948717953125 0.40357142812499996 0.8018648015625001 0.4142857140625
2 0.974358975 0.48214285781250005 0.9813519812499999 0.48214285781250005 0.9883449890625 0.47142857187500004 0.990675990625 0.47142857187500004 0.9953379953124999 0.4607142859375 0.9953379953124999 0.42142857187500005 0.9930069937500001 0.4178571421875 0.9836829843749999 0.4178571421875 0.9813519812499999 0.42142857187500005 0.972027971875 0.42142857187500005 0.9673659671875001 0.4178571421875 0.965034965625 0.428571428125 0.9696969703124999 0.44285714218749994 0.9696969703124999 0.46785714218749996 0.974358975 0.48214285781250005
2 0.9984375 0.540625 0.003125 0.003125
1 0.6343659671874999 0.3979607140625 0.64335664375 0.4892857140625 0.6620046625 0.5535714281249999 0.7389277390625 0.546428571875 0.7482517484375 0.5 0.76923076875 0.5071428578125 0.76923076875 0.4 0.734265734375 0.28571428593750003 0.689976690625 0.2642857140625 0.6386946390625 0.29285714218750003 0.634032634375 0.3107142859375 0.6127202796875 0.3290821421875 0.59440559375 0.428571428125 0.61105594375 0.492346428125 0.6343659671874999 0.3979607140625
1 0.8524801859375 0.33163214218750003 0.8424918421875001 0.41581785781249997 0.8508158515625001 0.47142857187500004 0.9440559437499999 0.45357142812499995 0.9510489515625 0.42142857187500005 0.9673659671875001 0.40357142812499996 0.9930069937500001 0.4178571421875 0.9930069937500001 0.325 0.9790209796875 0.2642857140625 0.9603729609375 0.2142857140625 0.9207459203124999 0.171428571875 0.9020979015625 0.1642857140625 0.8438228437499999 0.2 0.80652680625 0.3142857140625 0.8018648015625001 0.33928571406249997 0.8135198140625001 0.3571428578125 0.8251748250000001 0.35 0.8524801859375 0.33163214218750003