2 0.164658634375 0.3333333328125 0.1546184734375 0.3213333328125 0.1305220890625 0.33199999999999996 0.1325301203125 0.344 0.1465863453125 0.348 0.162650603125 0.3453333328125 0.164658634375 0.3333333328125
0 0.5602409640625 0.20400000000000001 0.6044176703125 0.1933333328125 0.6345381531250001 0.176 0.678714859375 0.11200000000000002 0.6867469875000001 0.07466666718750001 0.6807228921874999 0.05600000000000001 0.662650603125 0.0413333328125 0.6084337343749999 0.0226666671875 0.57228915625 0.02 0.514056225 0.030666667187500003 0.48192771093750003 0.061333332812499995 0.4678714859375 0.0866666671875 0.465863453125 0.1186666671875 0.5040160640625 0.1933333328125 0.5261044171875 0.2026666671875 0.5602409640625 0.20400000000000001
3 0.39959839375 0.5653333328125 0.39959839375 0.5613333328125 0.3734939765625 0.5573333328125 0.351405621875 0.5613333328125 0.34939759062500003 0.5746666671875 0.3674698796875 0.5786666671875 0.39156626562499997 0.5733333328125 0.39959839375 0.5653333328125
3 0.8975903609375001 0.9506666671874999 0.9297188750000001 0.9266666671875001 0.8995983937500001 0.9106666671875001 0.8373493968749999 0.9026666671875001 0.8132530125 0.9039999999999999 0.78714859375 0.9226666671875 0.7851405625 0.9373333328125 0.793172690625 0.9466666671875 0.8594377515625 0.9573333328125001 0.8975903609375001 0.9506666671874999
0 0.26305220937499996 0.2666666671875 0.24698795156250003 0.2653333328125 0.2389558234375 0.2706666671875 0.24297188749999998 0.2893333328125 0.26305220937499996 0.2893333328125 0.27309236875 0.284 0.26305220937499996 0.2666666671875
1 0.277108434375 0.36666666718749996 0.279116465625 0.3386666671875 0.27309236875 0.3186666671875 0.26305220937499996 0.3133333328125 0.2409638546875 0.30533333281249997 0.2108433734375 0.304 0.1967871484375 0.31066666718749997 0.1887550203125 0.3253333328125 0.19277108437499998 0.3653333328125 0.22489959843750001 0.36266666718749996 0.2570281125 0.37333333281250003 0.277108434375 0.36666666718749996
0 0.42369477968749997 0.1853333328125 0.4317269078125 0.1826666671875 0.42570281093749995 0.1546666671875 0.40361445781249994 0.13999999999999999 0.37148594375 0.1413333328125 0.3534136546875 0.1586666671875 0.351405621875 0.1786666671875 0.3835341359375 0.172 0.4096385546875 0.176 0.42369477968749997 0.1853333328125
1 0.592369478125 0.376 0.6104417671875 0.42800000000000005 0.6265060234375001 0.4453333328125 0.648594378125 0.4386666671875 0.6999417671875 0.3980946671875 0.6999417671875 0.31428533281250004 0.7200220890625 0.2723813328125 0.7544457828125 0.2571426671875 0.8032128515625001 0.24761866718749997 0.846242971875 0.27999999999999997 0.7974759031249999 0.43047599999999997 0.706827309375 0.4773333328125 0.6586345375 0.5186666671875 0.6445783125 0.576 0.6947791171875 0.5826666671875 0.777108434375 0.58 0.8755020078125 0.5559999999999999 0.9538152609375 0.5093333328125 0.979919678125 0.4813333328125 0.9819277109375 0.4693333328125 0.9116465859374999 0.268 0.8614457828125 0.196 0.7550200796875 0.1226666671875 0.7108433734374999 0.10933333281249999 0.7088353406250001 0.16 0.6566265062500001 0.2293333328125 0.6244979921875 0.3 0.606425703125 0.2946666671875 0.5963855421875001 0.2733333328125 0.5903614453125 0.2186666671875 0.564257028125 0.21600000000000003 0.5562249 0.22000000000000003 0.5602409640625 0.288 0.5742971890625 0.3173333328125 0.580321284375 0.364 0.592369478125 0.376
2 0.5963855421875001 0.5599999999999999 0.6084337343749999 0.5626666671875 0.6465863453125 0.54 0.6686746984374999 0.5013333328125 0.6305220890625 0.492 0.606425703125 0.4693333328125 0.6044176703125 0.4773333328125 0.58433735 0.484 0.5522088359375 0.532 0.5602409640625 0.5506666671875 0.580321284375 0.544 0.5963855421875001 0.5599999999999999
2 0.1686746984375 0.3186666671875 0.1445783125 0.31466666718749997 0.136546184375 0.32 0.1325301203125 0.3373333328125 0.15662650625000002 0.3453333328125 0.17068273125 0.3293333328125 0.1686746984375 0.3186666671875
2 0.51606425625 0.388 0.514056225 0.37066666718749997 0.48795180781249997 0.37066666718749997 0.48594377499999997 0.388 0.5 0.3946666671875 0.5100401609375 0.3933333328125 0.51606425625 0.388
1 0.1526104421875 0.3506666671875 0.17269076249999998 0.3213333328125 0.15662650625000002 0.2893333328125 0.11445783125 0.2773333328125 0.0883534140625 0.292 0.08634538124999999 0.3186666671875 0.098393575 0.3413333328125 0.1164658640625 0.3506666671875 0.1526104421875 0.3506666671875
0 0.1465863453125 0.24133333281249997 0.1305220890625 0.24133333281249997 0.120481928125 0.248 0.120481928125 0.2626666671875 0.1586345375 0.264 0.1586345375 0.24933333281249997 0.1465863453125 0.24133333281249997
3 0.45180722968750003 0.8653333328124999 0.5321285140625001 0.8986666671875 0.57228915625 0.9066666671875 0.592369478125 0.9 0.6024096390625 0.8826666671875 0.6024096390625 0.8586666671875 0.54417670625 0.844 0.5120481921875 0.8160000000000001 0.465863453125 0.8146666671875 0.4538152609375 0.8333333328125001 0.4397590359375 0.8373333328125 0.42570281093749995 0.8306666671875 0.41967871562500003 0.8146666671875 0.405622490625 0.8053333328125 0.3875502015625 0.8066666671875 0.37951807187500003 0.8226666671875 0.39558232968749996 0.8373333328125 0.4457831328125 0.8573333328125001 0.45180722968750003 0.8653333328124999