0 0.199294 0.28351951875000003 0.18823600000000001 0.3285645640625 0.20117600000000002 0.3621261265625 0.251764 0.33563063125000003 0.22929400000000003 0.289525525 0.199294 0.28351951875000003
0 0.588 0.08108108124999999 0.5599999999999999 0.072072071875 0.54 0.090090090625 0.538 0.13813813749999998 0.544616 0.16863063125 0.6 0.10210210156249999 0.588 0.08108108124999999
0 0.49000000000000005 0.48348348281250003 0.518 0.45045045000000006 0.548 0.390390390625 0.554 0.32432432499999997 0.54 0.3003003 0.484 0.2852852859375 0.45199999999999996 0.31831831875 0.438 0.36636636562499997 0.438 0.402402403125 0.454 0.459459459375 0.47000000000000003 0.48348348281250003 0.49000000000000005 0.48348348281250003
0 0.726924 0.15708108125 0.716154 0.15361561562499998 0.70477 0.16216216249999998 0.70477 0.1981981984375 0.72 0.1894204203125 0.7347699999999999 0.1741741734375 0.726924 0.15708108125
0 0.9746159999999999 0.170939940625 0.998 0.15361561562499998 0.998 0.11411411406250001 0.971538 0.1166546546875 0.9584619999999999 0.13860060000000002 0.954616 0.159390390625 0.9480000000000001 0.1771771765625 0.9623079999999999 0.17324925 0.9746159999999999 0.170939940625
3 0.348 0.8228228234375001 0.318 0.8198198203124999 0.32 0.83183183125 0.344 0.83183183125 0.348 0.8228228234375001
3 0.40599999999999997 0.9549549546874999 0.376 0.91891891875 0.37 0.8948948953125001 0.34199999999999997 0.8618618625 0.32 0.864864865625 0.346 0.9489489484375 0.374 0.984984984375 0.40199999999999997 0.9909909906250001 0.40599999999999997 0.9549549546874999
3 0.256 0.9459459453125 0.252 0.8828828828124999 0.22799999999999998 0.8768768765624999 0.2 0.8768768765624999 0.22400000000000003 0.996996996875 0.27 0.996996996875 0.256 0.9459459453125
2 0.732 0.45045045000000006 0.732 0.4084084078125 0.704 0.39939939999999996 0.692 0.4264264265625 0.6940000000000001 0.45045045000000006 0.714 0.459459459375 0.732 0.45045045000000006
0 0.5740000000000001 0.23123123125 0.5700000000000001 0.21921921875 0.55 0.21921921875 0.54 0.23723723749999998 0.536924 0.2598738734375 0.5599999999999999 0.2598738734375 0.572308 0.2621861859375 0.5740000000000001 0.23123123125
3 0.502 0.7867867875 0.49800000000000005 0.8168168171874999 0.516 0.8198198203124999 0.512 0.7897897890625 0.502 0.7867867875
3 0.488 0.909909909375 0.47400000000000003 0.984984984375 0.472 0.996996996875 0.518 0.996996996875 0.518 0.9129129125000001 0.488 0.909909909375
3 0.735 0.6681681687500001 0.734 0.6276276281250001 0.706 0.61861861875 0.701666 0.675675675 0.705 0.7207207203125 0.736 0.7237237234375 0.752 0.68168168125 0.735 0.6681681687500001
2 0.9199999999999999 0.4924924921875 0.9179999999999999 0.48048048125 0.9039999999999999 0.48048048125 0.868 0.5045045046875 0.866 0.53153153125 0.8880000000000001 0.5585585578125001 0.9119999999999999 0.534534534375 0.9199999999999999 0.4924924921875
3 0.716 0.7147147140625 0.732 0.7147147140625 0.754 0.68168168125 0.738 0.6546546546875 0.738 0.603603603125 0.716 0.5855855859375 0.706 0.603603603125 0.7 0.6426426421875 0.708 0.68168168125 0.704 0.6996997 0.716 0.7147147140625
0 0.793846 0.158234234375 0.836 0.21621621562499999 0.842 0.1321321328125 0.818 0.1201201203125 0.793846 0.158234234375
0 0.9030760000000001 0.2009699703125 0.91077 0.169783784375 0.892 0.11411411406250001 0.8560000000000001 0.1111111109375 0.8380000000000001 0.159159159375 0.836 0.20720720781250002 0.8607699999999999 0.227534534375 0.891538 0.21829429375 0.9030760000000001 0.2009699703125
2 0.352 0.753753753125 0.384 0.7417417421875 0.388 0.7207207203125 0.364 0.675675675 0.33799999999999997 0.6576576578125 0.32999999999999996 0.678678678125 0.316 0.678678678125 0.33399999999999996 0.7297297296874999 0.352 0.753753753125