0 0.9970326406250001 0.12222222187500001 0.970326409375 0.12 0.9228486640625 0.13333333281249998 0.91988130625 0.15111111093750001 0.9525222546875 0.2 0.9940652812499999 0.2 0.9970326406250001 0.12222222187500001
0 0.8872403562500001 0.1933333328125 0.8724035609375 0.1533333328125 0.8189910984375001 0.12444444375 0.777448071875 0.1266666671875 0.744807121875 0.13999999999999999 0.72106825 0.1711111109375 0.72106825 0.2133333328125 0.7626112765624999 0.24 0.8249258156250001 0.22444444375 0.8872403562500001 0.1933333328125
0 0.9347181015625001 0.1688888890625 0.8991097921875 0.1488888890625 0.8783382796874999 0.1488888890625 0.890207715625 0.22444444375 0.9465875374999999 0.22000000000000003 0.9554896140625001 0.2066666671875 0.9347181015625001 0.1688888890625
0 0.7329376859375001 0.30222222187500003 0.771513353125 0.32444444375 0.777448071875 0.317777778125 0.771513353125 0.2533333328125 0.7507418390625 0.2311111109375 0.7240356078125 0.22000000000000003 0.6498516328124999 0.222222221875 0.6172106828125 0.24666666718750002 0.593471809375 0.28444444375 0.59643916875 0.3111111109375 0.6112759640625 0.2888888890625 0.6290801187499999 0.2866666671875 0.7329376859375001 0.30222222187500003
4 0.545994065625 0.3066666671875 0.566765578125 0.3288888890625 0.5875370921874999 0.3333333328125 0.5816023734375 0.29555555624999996 0.6379821953125 0.222222221875 0.6439169140625001 0.1666666671875 0.6023738875 0.1266666671875 0.5548961421875 0.12444444375 0.516320475 0.142222221875 0.5014836796875 0.16 0.5044510390625 0.1933333328125 0.5370919875 0.23777777812499998 0.545994065625 0.3066666671875
0 0.6409495546875 0.157777778125 0.6023738875 0.1266666671875 0.545994065625 0.1266666671875 0.513353115625 0.14444444375 0.5014836796875 0.157777778125 0.51038575625 0.2 0.6498516328124999 0.1866666671875 0.6409495546875 0.157777778125
0 0.5311572703125 0.2733333328125 0.540059346875 0.26444444375 0.519287834375 0.21111111093749999 0.48071216562499997 0.1866666671875 0.4213649859375 0.18444444375 0.373887240625 0.2066666671875 0.3620178046875 0.24444444375000002 0.3798219578125 0.27555555625 0.459940653125 0.2666666671875 0.5311572703125 0.2733333328125
0 0.35905044531249997 0.2488888890625 0.31750741875 0.222222221875 0.2700296734375 0.22000000000000003 0.234421365625 0.2288888890625 0.20771513281249998 0.2488888890625 0.195845696875 0.2733333328125 0.18991097968749998 0.317777778125 0.373887240625 0.317777778125 0.3798219578125 0.3088888890625 0.35905044531249997 0.2488888890625
0 0 0.29111111093750003 0.0949554890625 0.29555555624999996 0.0741839765625 0.23555555625000002 0.0089020765625 0.21777777812500002 0 0.22000000000000003 0 0.29111111093750003
0 0.2729970328125 0.1933333328125 0.2581602375 0.157777778125 0.21958457031249998 0.137777778125 0.175074184375 0.137777778125 0.1305637984375 0.1711111109375 0.1335311578125 0.20888888906249997 0.2106824921875 0.197777778125 0.26706231406250003 0.2 0.2729970328125 0.1933333328125
0 0.31157270000000004 0.137777778125 0.28189910937499996 0.102222221875 0.23145400624999998 0.09555555624999999 0.195845696875 0.12 0.1928783375 0.13333333281249998 0.261127596875 0.15555555625 0.31157270000000004 0.1533333328125 0.31157270000000004 0.137777778125
0 0.1602373890625 0.14444444375 0.11869436250000001 0.13999999999999999 0.0771513359375 0.162222221875 0.0771513359375 0.21555555625 0.13649851562499998 0.22000000000000003 0.1275964390625 0.17333333281250002 0.1602373890625 0.14444444375
0 0.09198813125000001 0.0866666671875 0.08011869375 0.07555555625 0.0415430265625 0.0733333328125 0.0089020765625 0.0933333328125 0 0.1066666671875 0.0089020765625 0.11333333281249999 0.059347181250000006 0.12222222187500001 0.09198813125000001 0.0866666671875
0 0.17210682500000002 0.1311111109375 0.142433234375 0.08444444375 0.10385756718750001 0.0866666671875 0.0712166171875 0.102222221875 0.0652818984375 0.12222222187500001 0.083086053125 0.13999999999999999 0.16617210625 0.137777778125 0.17210682500000002 0.1311111109375
0 0 0.17555555625000002 0.06824925781249999 0.18222222187499998 0.08011869375 0.15555555625 0.0712166171875 0.13333333281249998 0.0089020765625 0.11555555625 0 0.12 0 0.17555555625000002
0 0.4718100890625 0.0866666671875 0.4213649859375 0.08 0.39169139531249997 0.09111111093749999 0.373887240625 0.1111111109375 0.373887240625 0.13999999999999999 0.4955489609375 0.1533333328125 0.492581603125 0.1066666671875 0.4718100890625 0.0866666671875
0 0.3798219578125 0.0266666671875 0.3531157265625 0.035555556249999995 0.3353115734375 0.055555556250000006 0.33234421406250003 0.07555555625 0.42433234375 0.0733333328125 0.41839762656249996 0.0488888890625 0.3798219578125 0.0266666671875
0 0.308605340625 0.13555555625 0.320474778125 0.137777778125 0.31454005937499996 0.1066666671875 0.29970326406250003 0.0933333328125 0.27893175000000003 0.082222221875 0.2433234421875 0.0866666671875 0.2373887234375 0.09555555624999999 0.261127596875 0.09555555624999999 0.29376854531249996 0.1111111109375 0.308605340625 0.13555555625
0 0.20771513281249998 0.0733333328125 0.17210682500000002 0.07555555625 0.1602373890625 0.102222221875 0.1839762609375 0.1266666671875 0.22848664687500003 0.09111111093749999 0.20771513281249998 0.0733333328125
0 0.7833827890625 0.055555556250000006 0.7537091984375001 0.02 0.7181008906249999 0.02 0.6943620171875 0.037777778125 0.6884273000000001 0.0688888890625 0.6973293765624999 0.07555555625 0.7626112765624999 0.0511111109375 0.7833827890625 0.055555556250000006
0 0.8486646890625 0.11777777812500001 0.8842729968749999 0.1066666671875 0.890207715625 0.082222221875 0.8694362015625 0.0488888890625 0.83382789375 0.04444444375 0.795252225 0.0533333328125 0.777448071875 0.0666666671875 0.777448071875 0.09111111093749999 0.795252225 0.1111111109375 0.8486646890625 0.11777777812500001
0 0.97329376875 0.08 0.949554896875 0.0711111109375 0.9139465875000001 0.0711111109375 0.890207715625 0.09111111093749999 0.8931750734374999 0.1266666671875 0.916913946875 0.11555555625 0.9792284859375 0.11333333281249999 0.97329376875 0.08
0 0.91988130625 0.04444444375 0.8872403562500001 0.042222221875 0.8753709203125 0.0533333328125 0.8931750734374999 0.082222221875 0.937685459375 0.0666666671875 0.91988130625 0.04444444375
0 0.7270029671875 0.1 0.691394659375 0.102222221875 0.6706231453125 0.11333333281249999 0.65578635 0.13333333281249998 0.7062314546875 0.1533333328125 0.76854599375 0.1266666671875 0.7270029671875 0.1
0 0.6943620171875 0.14666666718750002 0.6735905046874999 0.137777778125 0.632047478125 0.137777778125 0.6468842734375 0.202222221875 0.7062314546875 0.2066666671875 0.7121661718750001 0.177777778125 0.6943620171875 0.14666666718750002
0 0.7922848671875 0.12 0.765578634375 0.0866666671875 0.7270029671875 0.082222221875 0.7091988125 0.09111111093749999 0.7062314546875 0.097777778125 0.7418397624999999 0.102222221875 0.76854599375 0.12444444375 0.7922848671875 0.12
0 0.6231454000000001 0.08444444375 0.6468842734375 0.1266666671875 0.679525221875 0.1066666671875 0.6706231453125 0.077777778125 0.6231454000000001 0.08444444375
0 0.632047478125 0.13555555625 0.6409495546875 0.1311111109375 0.6350148375 0.1066666671875 0.6083086046874999 0.0866666671875 0.5875370921874999 0.0888888890625 0.605341246875 0.1 0.6142433234375 0.1266666671875 0.632047478125 0.13555555625
0 0.564967359375 0.1232 0.6142433234375 0.12579777812499998 0.6142433234375 0.11024222187499999 0.5905044515625 0.08802 0.5568367953125 0.09451555625 0.5138635015624999 0.09451555625 0.49411869375000006 0.102337778125 0.4964421359375 0.11885333281249999 0.5254777453125 0.13015333281250002 0.564967359375 0.1232
0 0.4747774484375 0.0266666671875 0.451038575 0.04444444375 0.451038575 0.06444444375 0.483679525 0.077777778125 0.513353115625 0.035555556249999995 0.4747774484375 0.0266666671875
0 0.5548961421875 0.035555556249999995 0.5252225515625 0.0333333328125 0.5014836796875 0.0466666671875 0.5044510390625 0.06444444375 0.57566765625 0.0711111109375 0.572700296875 0.0488888890625 0.5548961421875 0.035555556249999995
0 0.33827893124999997 0.082222221875 0.28189910937499996 0.07555555625 0.28189910937499996 0.0866666671875 0.31454005937499996 0.1066666671875 0.3531157265625 0.11333333281249999 0.33827893124999997 0.082222221875
0 0.26706231406250003 0.082222221875 0.2729970328125 0.08 0.2759643921875 0.07555555625 0.2759643921875 0.0666666671875 0.2700296734375 0.057777778125 0.261127596875 0.0511111109375 0.25222551875 0.0511111109375 0.24925816093750003 0.0488888890625 0.22848664687500003 0.0488888890625 0.222551928125 0.0533333328125 0.222551928125 0.06 0.2373887234375 0.082222221875 0.26706231406250003 0.082222221875
0 0.2255192875 0.08444444375 0.2255192875 0.0866666671875 0.234421365625 0.0866666671875 0.2373887234375 0.08 0.222551928125 0.055555556250000006 0.21661721093750003 0.0511111109375 0.195845696875 0.0511111109375 0.1928783375 0.055555556250000006 0.20474777500000002 0.06444444375 0.20771513281249998 0.0711111109375 0.2255192875 0.08444444375
0 0.20474777500000002 0.042222221875 0.222551928125 0.04 0.2255192875 0.037777778125 0.21958457031249998 0.0288888890625 0.21958457031249998 0.022222221875 0.20771513281249998 0.0111111109375 0.201780415625 0.008888889062499999 0.1810089015625 0.008888889062499999 0.17804154375 0.0111111109375 0.175074184375 0.01555555625 0.17804154375 0.022222221875 0.1810089015625 0.022222221875 0.20474777500000002 0.042222221875
0 0.15727002968749998 0.082222221875 0.1632047484375 0.077777778125 0.17210682500000002 0.077777778125 0.1810089015625 0.0733333328125 0.19881305625 0.0733333328125 0.201780415625 0.07555555625 0.2136498515625 0.07555555625 0.2106824921875 0.0711111109375 0.195845696875 0.06 0.175074184375 0.055555556250000006 0.16617210625 0.055555556250000006 0.148367953125 0.06 0.142433234375 0.062222221875 0.1335311578125 0.0711111109375 0.1305637984375 0.07555555625 0.142433234375 0.08 0.1543026703125 0.08 0.15727002968749998 0.082222221875
0 0.0712166171875 0.0688888890625 0.062314540625000005 0.062222221875 0.062314540625000005 0.057777778125 0.056379821875 0.0533333328125 0.0445103859375 0.0488888890625 0.029673590625000003 0.0488888890625 0.0207715140625 0.062222221875 0.0207715140625 0.077777778125 0.0712166171875 0.0733333328125 0.0712166171875 0.0688888890625
0 0.3353115734375 0.0666666671875 0.3353115734375 0.055555556250000006 0.341246290625 0.0511111109375 0.34718100937499996 0.04 0.34421365000000004 0.037777778125 0.320474778125 0.037777778125 0.31454005937499996 0.042222221875 0.31157270000000004 0.042222221875 0.28486646875 0.062222221875 0.28189910937499996 0.0688888890625 0.2908011875 0.0733333328125 0.3293768546875 0.0733333328125 0.3353115734375 0.0666666671875
0 0.545994065625 0.06444444375 0.507418396875 0.0688888890625 0.492581603125 0.082222221875 0.4955489609375 0.09555555624999999 0.572700296875 0.082222221875 0.545994065625 0.06444444375
3 0.1839762609375 0.8511111109374999 0.109792284375 0.8711111109375 0.109792284375 0.8933333328125 0.08605341250000001 0.9066666671875 0.062314540625000005 0.92444444375 0.08011869375 0.93555555625 0.1305637984375 0.937777778125 0.17804154375 0.9266666671875001 0.1839762609375 0.8511111109374999
3 0.00593471875 0.88444444375 0 0.942222221875 0.050445103125 0.93555555625 0.056379821875 0.9199999999999999 0.00593471875 0.88444444375
3 0.5816023734375 0.85555555625 0.519287834375 0.86 0.5044510390625 0.8711111109375 0.507418396875 0.88444444375 0.483679525 0.922222221875 0.483679525 0.9511111109374999 0.5786350140625001 0.9511111109374999 0.5905044515625 0.9400000000000001 0.5816023734375 0.85555555625
3 0.4718100890625 0.9466666671875 0.4658753703125 0.922222221875 0.4391691390625 0.8933333328125 0.3887240359375 0.9 0.3531157265625 0.8800000000000001 0.35905044531249997 0.922222221875 0.3857566765625 0.942222221875 0.4213649859375 0.9511111109374999 0.4718100890625 0.9466666671875
3 0.916913946875 0.942222221875 0.916913946875 0.922222221875 0.8367952515624999 0.8488888890625 0.8071216625 0.8488888890625 0.804154303125 0.9088888890625 0.8189910984375001 0.9400000000000001 0.8427299703125 0.9466666671875 0.916913946875 0.942222221875
3 0.9050445109374999 0.8977777781249999 0.9050445109374999 0.9111111109375001 0.9258160234374999 0.922222221875 0.9970326406250001 0.9333333328125001 0.9970326406250001 0.8488888890625 0.9643916906250001 0.8511111109374999 0.9614243328125 0.8711111109375 0.943620178125 0.88444444375 0.9228486640625 0.88444444375 0.9050445109374999 0.8977777781249999
4 0.0949554890625 0.8644444437500001 0.1216617203125 0.8711111109375 0.11572700312499999 0.8933333328125 0.0712166171875 0.92444444375 0.11275964375 0.937777778125 0.17210682500000002 0.92444444375 0.1839762609375 0.881482221875 0.3501483671875 0.8866666671875001 0.39169139531249997 0.942222221875 0.4658753703125 0.9466666671875 0.43323442187500005 0.8355555562499999 0.4391691390625 0.8 0.4658753703125 0.7666666671875 0.49851632031250004 0.6711111109375001 0.483679525 0.44888888906249996 0.45400593437500003 0.40888888906250004 0.37091988124999997 0.3866666671875 0.341246290625 0.3688888890625 0.3501483671875 0.33555555625 0.37685460000000004 0.3088888890625 0.35905044531249997 0.2533333328125 0.341246290625 0.23333333281250002 0.31454005937499996 0.222222221875 0.2729970328125 0.22000000000000003 0.234421365625 0.2288888890625 0.2136498515625 0.24444444375000002 0.18991097968749998 0.3 0.2106824921875 0.3688888890625 0.195845696875 0.3911111109375 0.11572700312499999 0.42444444375 0.0979228484375 0.457777778125 0.0652818984375 0.5666666671875 0.10385756718750001 0.6599999999999999 0.089020771875 0.8422222218750001 0.0949554890625 0.8644444437500001
4 0.492581603125 0.5533333328125 0.519287834375 0.6133333328125 0.48071216562499997 0.8044444437499999 0.507418396875 0.88444444375 0.486646884375 0.93555555625 0.5014836796875 0.9511111109374999 0.566765578125 0.9488888890625 0.572700296875 0.922222221875 0.5578635015625 0.8733333328124999 0.5697329375 0.862222221875 0.57566765625 0.7888888890625 0.6646884265625 0.777777778125 0.685459940625 0.777777778125 0.6943620171875 0.7866666671875 0.7566765578125 0.78444444375 0.7804154296875 0.8111111109375001 0.795252225 0.8711111109375 0.8249258156250001 0.89555555625 0.8160237390624999 0.91555555625 0.830860534375 0.942222221875 0.916913946875 0.93555555625 0.9139465875000001 0.922222221875 0.8753709203125 0.902222221875 0.83382789375 0.8577777781249999 0.8427299703125 0.8333333328125001 0.910979228125 0.82444444375 0.9258160234374999 0.8111111109375001 0.8694362015625 0.5666666671875 0.8694362015625 0.502222221875 0.8516320468749999 0.4911111109375 0.85459940625 0.45555555625000005 0.82195845625 0.41777777812499994 0.7804154296875 0.40222222187499995 0.74777448125 0.37333333281250003 0.777448071875 0.32444444375 0.76854599375 0.2511111109375 0.7240356078125 0.22000000000000003 0.6676557859375001 0.21777777812500002 0.6409495546875 0.2266666671875 0.6023738875 0.2666666671875 0.5905044515625 0.30222222187500003 0.605341246875 0.37555555625000003 0.48071216562499997 0.4311111109375 0.492581603125 0.5533333328125
4 0.3649851625 0.34444444375 0.35608308593750004 0.3711111109375 0.37091988124999997 0.38444444375 0.43620177968749996 0.397777778125 0.47774480781250006 0.4266666671875 0.59643916875 0.382222221875 0.572700296875 0.337777778125 0.5281899109375 0.317777778125 0.5370919875 0.2511111109375 0.5014836796875 0.19555555625 0.45400593437500003 0.18222222187499998 0.406528190625 0.1866666671875 0.373887240625 0.2066666671875 0.3620178046875 0.242222221875 0.37091988124999997 0.2711111109375 0.3976261125 0.28444444375 0.4094955484375 0.30222222187500003 0.3649851625 0.34444444375
4 0.175074184375 0.38444444375 0.1513353109375 0.3688888890625 0.0979228484375 0.36222222187500003 0.08011869375 0.34888888906250004 0.09198813125000001 0.32444444375 0.083086053125 0.2511111109375 0.0415430265625 0.222222221875 0.002967359375 0.22000000000000003 0 0.4688888890625 0.059347181250000006 0.5333333328125 0.11275964375 0.42222222187499997 0.175074184375 0.38444444375