0 0.8220000000000001 0.2609819125 0.8099999999999999 0.20671834687500001 0.782 0.1782945734375 0.74 0.173126615625 0.712 0.19379845 0.6799999999999999 0.2842377265625 0.734 0.2661498703125 0.8160000000000001 0.26873385 0.8220000000000001 0.2609819125
0 0.53 0.22997416093749998 0.506 0.240310078125 0.488 0.27390180937499997 0.49400000000000005 0.3178294578125 0.58 0.289405684375 0.558 0.24806201562500002 0.53 0.22997416093749998
0 0.39 0.3514211890625 0.41 0.40310077499999997 0.434 0.42894056875000003 0.41200000000000003 0.36175710625 0.434 0.3385012921875 0.462 0.34108527187500004 0.496 0.3255813953125 0.466 0.26356589218750004 0.43 0.2248062015625 0.374 0.240310078125 0.358 0.2661498703125 0.352 0.29974160156249996 0.348 0.3385012921875 0.356 0.37726098124999996 0.368 0.3850129203125 0.39 0.3514211890625
0 0.054000000000000006 0.4056847546875 0.072 0.408268734375 0.10200000000000001 0.4806201546875 0.13799999999999998 0.5142118859375 0.10200000000000001 0.449612403125 0.074 0.3643410859375 0.11200000000000002 0.3333333328125 0.194 0.2971576234375 0.16599999999999998 0.2842377265625 0.170406 0.2729948328125 0.142 0.24806201562500002 0.094 0.21447028437500001 0.036 0.23514211875000002 0.002 0.2790697671875 0.002 0.3850129203125 0.016 0.4521963828125 0.028000000000000004 0.4651162796875 0.054000000000000006 0.4056847546875
0 0.202 0.2790697671875 0.178 0.2532299734375 0.154 0.24289405625 0.146 0.255813953125 0.162 0.2790697671875 0.20400000000000001 0.30232558125 0.202 0.2790697671875
1 0.732 0.7958656328125 0.8019999999999999 0.7958656328125 0.8300000000000001 0.811369509375 0.86 0.790697675 0.89 0.7390180875000001 0.876 0.6072351421875 0.8880000000000001 0.5400516796875 0.876 0.550387596875 0.876 0.5865633078125 0.8560000000000001 0.6614987078125 0.8320000000000001 0.658914728125 0.77 0.6201550390625 0.742 0.5943152453125 0.744 0.5839793281250001 0.734 0.5710594312499999 0.716 0.5684754515625 0.708 0.5400516796875 0.6759999999999999 0.524547803125 0.6719999999999999 0.7493540046875 0.696 0.77260981875 0.71 0.7700258390625 0.732 0.7958656328125
1 0.82 0.5426356593749999 0.8220000000000001 0.509043928125 0.8560000000000001 0.44444444375 0.884 0.44444444375 0.892 0.5064599484375 0.8960000000000001 0.44186046562500003 0.8880000000000001 0.423772609375 0.8160000000000001 0.3798449609375 0.774 0.4186046515625 0.774 0.44444444375 0.75 0.50387596875 0.8 0.558139534375 0.82 0.5426356593749999
1 0.728 0.4134366921875 0.734 0.3927648578125 0.6900000000000001 0.4186046515625 0.688 0.4263565890625 0.736 0.5012919890624999 0.74 0.449612403125 0.728 0.4134366921875
1 0.18 0.56330749375 0.18 0.5865633078125 0.22599999999999998 0.6666666671875 0.188 0.5607235140625 0.18 0.56330749375
1 0.11000000000000001 0.6741317828125 0.16999999999999998 0.7516511625 0.18 0.7774909562500001 0.184 0.9325297156250001 0.23399999999999999 0.97128940625 0.246 0.97128940625 0.256 0.9118578812499999 0.248 0.7335633078125 0.238 0.7619870796875 0.24931399999999998 0.9057235140625 0.21600000000000003 0.7723229968750001 0.16799999999999998 0.656043928125 0.11200000000000002 0.57594056875 0.057999999999999996 0.5345969 0.004 0.5475167953125 0.004 0.570772609375 0.016 0.5578527125 0.044 0.56818863125 0.11000000000000001 0.6741317828125
1 0.462 0.6821705421875001 0.458254 0.711997415625 0.442 0.7338501296875 0.42000000000000004 0.744186046875 0.386 0.7416020671875 0.366 0.7209302328125 0.372 0.8036175703125 0.422 0.811369509375 0.49400000000000005 0.7984496125 0.516 0.8036175703125 0.532 0.65633075 0.48200000000000004 0.423772609375 0.46936799999999995 0.4206873390625 0.456032 0.458 0.501598 0.6703798453125 0.450474 0.54983979375 0.38934799999999997 0.44508268749999996 0.35823 0.4206873390625 0.33399999999999996 0.449612403125 0.32999999999999996 0.45736434062500003 0.36 0.48320413437500004 0.404 0.558139534375 0.462 0.6821705421875001
1 0.524 0.6046511625 0.534 0.6640826875 0.528 0.7002583984374999 0.5940000000000001 0.6950904390625 0.616 0.6821705421875001 0.622 0.6666666671875 0.602 0.4108527125 0.584 0.40051679531250006 0.572 0.408268734375 0.5700000000000001 0.4341085265625 0.57606 0.6158501296875001 0.532 0.4341085265625 0.504 0.382428940625 0.476 0.4108527125 0.476 0.4392764859375 0.496 0.50387596875 0.504 0.509043928125 0.524 0.6046511625
1 0.169294 0.5311834625 0.20374799999999998 0.6015012921875 0.22153 0.6474211890625 0.23486600000000002 0.6244599484375 0.23486600000000002 0.54983979375 0.250426 0.4823953484375 0.232644 0.4192532296875 0.19708 0.40346770000000004 0.210416 0.43934366875 0.20263599999999998 0.4780878546875 0.190412 0.4694780359375 0.182632 0.4867002578125 0.158182 0.503919896875 0.169294 0.5311834625
2 0.296 0.9018087859374999 0.282 0.8759689921874999 0.258 0.8837209296875 0.25 0.9767441859374999 0.264 0.9974160203125001 0.292 0.9974160203125001 0.296 0.9018087859374999
2 0.21600000000000003 0.9974160203125001 0.266 0.9974160203125001 0.22000000000000003 0.9689922484375 0.21600000000000003 0.9974160203125001
2 0.366 0.9819121453124999 0.39 0.9767441859374999 0.40599999999999997 0.9483204140625 0.40199999999999997 0.9069767437499999 0.376 0.8475452203125 0.354 0.8630490953125 0.33399999999999996 0.8630490953125 0.34199999999999997 0.9586563312499999 0.366 0.9819121453124999
2 0.532 0.7260981906249999 0.524 0.7260981906249999 0.52 0.7493540046875 0.518 0.8087855296875001 0.526 0.8217054265625 0.54 0.7958656328125 0.532 0.7260981906249999