0 0.192 0.40533333281250006 0.198 0.4 0.196 0.3946666671875 0.196 0.384 0.19 0.36266666718749996 0.184 0.3546666671875 0.172 0.3466666671875 0.16 0.3466666671875 0.158 0.344 0.154 0.344 0.142 0.352 0.128 0.384 0.126 0.392 0.13 0.3973333328125 0.186 0.4 0.192 0.40533333281250006
0 0.362 0.4346666671875 0.374 0.4346666671875 0.382 0.44266666718750003 0.386 0.44266666718750003 0.388 0.44000000000000006 0.388 0.4346666671875 0.386 0.43200000000000005 0.386 0.41600000000000004 0.376 0.40533333281250006 0.364 0.40533333281250006 0.354 0.4186666671875 0.352 0.42400000000000004 0.354 0.43200000000000005 0.36 0.43200000000000005 0.362 0.4346666671875
0 0.32999999999999996 0.49866666718749997 0.33199999999999996 0.496 0.33199999999999996 0.488 0.33399999999999996 0.4853333328125 0.33399999999999996 0.47466666718750006 0.33199999999999996 0.472 0.324 0.472 0.318 0.4773333328125 0.316 0.48266666718750006 0.316 0.4933333328125 0.318 0.49866666718749997 0.32999999999999996 0.49866666718749997
0 0.41200000000000003 0.4613333328125 0.414 0.45866666718750004 0.414 0.44266666718750003 0.40800000000000003 0.4346666671875 0.4 0.4346666671875 0.394 0.44266666718750003 0.394 0.45599999999999996 0.398 0.4613333328125 0.41200000000000003 0.4613333328125
0 0.504 0.42133333281249996 0.512 0.42400000000000004 0.512 0.40800000000000003 0.508 0.4 0.504 0.3973333328125 0.488 0.3973333328125 0.48600000000000004 0.4 0.484 0.40533333281250006 0.484 0.4186666671875 0.502 0.4186666671875 0.504 0.42133333281249996
0 0.508 0.52 0.514 0.504 0.514 0.488 0.512 0.48266666718750006 0.506 0.4773333328125 0.49800000000000005 0.4773333328125 0.496 0.48 0.49000000000000005 0.48 0.488 0.48266666718750006 0.48600000000000004 0.4933333328125 0.492 0.5093333328125 0.502 0.5226666671875 0.508 0.52
0 0.568 0.43200000000000005 0.5740000000000001 0.4266666671875 0.58 0.4266666671875 0.5820000000000001 0.42400000000000004 0.588 0.42400000000000004 0.5900000000000001 0.42133333281249996 0.588 0.41333333281250006 0.5780000000000001 0.4 0.572 0.4 0.568 0.4026666671875 0.558 0.41600000000000004 0.558 0.4266666671875 0.5599999999999999 0.43200000000000005 0.568 0.43200000000000005
0 0.592 0.41333333281250006 0.6 0.40800000000000003 0.5980000000000001 0.3946666671875 0.5940000000000001 0.3866666671875 0.58 0.3866666671875 0.5780000000000001 0.38933333281250004 0.576 0.3946666671875 0.5860000000000001 0.40800000000000003 0.5860000000000001 0.4106666671875 0.592 0.41333333281250006
0 0.6519999999999999 0.41333333281250006 0.6519999999999999 0.4 0.644 0.392 0.638 0.3946666671875 0.634 0.4 0.634 0.41333333281250006 0.65 0.41600000000000004 0.6519999999999999 0.41333333281250006
0 0.8380000000000001 0.5066666671875 0.844 0.5066666671875 0.8460000000000001 0.5093333328125 0.8539999999999999 0.5093333328125 0.8560000000000001 0.5066666671875 0.8560000000000001 0.48266666718750006 0.852 0.472 0.85 0.472 0.842 0.46399999999999997 0.828 0.46399999999999997 0.8240000000000001 0.46666666718750005 0.8140000000000001 0.48 0.8119999999999999 0.48 0.8099999999999999 0.48266666718750006 0.8099999999999999 0.488 0.8160000000000001 0.496 0.8380000000000001 0.5066666671875
3 0.852 0.8880000000000001 0.8640000000000001 0.8800000000000001 0.8640000000000001 0.8773333328125 0.868 0.8720000000000001 0.868 0.8640000000000001 0.8640000000000001 0.8586666671875 0.8640000000000001 0.8560000000000001 0.852 0.8560000000000001 0.8320000000000001 0.8746666671875 0.8300000000000001 0.8800000000000001 0.8300000000000001 0.8853333328125 0.8320000000000001 0.8880000000000001 0.852 0.8880000000000001
3 0.64994 0.597 0.642468 0.592112 0.637488 0.6062213328125 0.640532 0.6139706671875 0.6491100000000001 0.60696 0.64994 0.597
3 0.6399779999999999 0.59036 0.631402 0.5884213328125 0.629188 0.600688 0.633892 0.606592 0.638872 0.6010586671875 0.6399779999999999 0.59036
3 0.5780000000000001 0.7173333328125 0.5900000000000001 0.7173333328125 0.592 0.7146666671874999 0.592 0.704 0.5820000000000001 0.704 0.576 0.6986666671874999 0.564 0.704 0.5599999999999999 0.7066666671874999 0.5599999999999999 0.7173333328125 0.5700000000000001 0.712 0.5780000000000001 0.7173333328125
3 0.198 0.952 0.20600000000000002 0.9626666671875 0.22000000000000003 0.9626666671875 0.22400000000000003 0.9573333328125001 0.22400000000000003 0.944 0.22000000000000003 0.9279999999999999 0.21600000000000003 0.9386666671875 0.20600000000000002 0.9386666671875 0.20400000000000001 0.9359999999999999 0.198 0.9359999999999999 0.188 0.9226666671875 0.186 0.9173333328125001 0.182 0.9199999999999999 0.18 0.9359999999999999 0.186 0.9466666671875 0.194 0.952 0.198 0.952
3 0.354 0.728 0.368 0.728 0.37 0.7253333328125 0.37 0.7173333328125 0.362 0.7066666671874999 0.358 0.704 0.34199999999999997 0.704 0.33999999999999997 0.7066666671874999 0.33799999999999997 0.7146666671874999 0.33999999999999997 0.72 0.344 0.7226666671875 0.354 0.728
3 0.414 0.6586666671875 0.414 0.6506666671875 0.404 0.6453333328124999 0.4 0.6453333328124999 0.398 0.6506666671875 0.396 0.6746666671875 0.398 0.6773333328125 0.40599999999999997 0.6773333328125 0.414 0.6586666671875
3 0.484 0.6746666671875 0.484 0.6693333328125 0.48200000000000004 0.6693333328125 0.47800000000000004 0.6639999999999999 0.47800000000000004 0.6613333328125 0.472 0.6613333328125 0.47000000000000003 0.6639999999999999 0.46399999999999997 0.6639999999999999 0.462 0.6613333328125 0.45999999999999996 0.6666666671875 0.46399999999999997 0.6719999999999999 0.47000000000000003 0.6746666671875 0.484 0.6746666671875