0 0.27599999999999997 0.5795795796875 0.318 0.5825825828125 0.33999999999999997 0.5585585578125001 0.35 0.5285285281250001 0.35 0.4984984984375 0.32599999999999996 0.46846846875 0.318 0.44744744687500004 0.302 0.4264264265625 0.27799999999999997 0.4144144140625 0.252 0.4144144140625 0.238 0.4234234234375 0.22000000000000003 0.453453453125 0.21200000000000002 0.4924924921875 0.21000000000000002 0.522522521875 0.21800000000000003 0.54354354375 0.242 0.5675675671875 0.27599999999999997 0.5795795796875
0 0.15 0.2792792796875 0.19 0.2762762765625 0.192 0.27327327343749996 0.2 0.27327327343749996 0.20600000000000002 0.2672672671875 0.20600000000000002 0.2552552546875 0.2 0.24624624687500002 0.198 0.23723723749999998 0.186 0.21921921875 0.182 0.21621621562499999 0.176 0.2132132125 0.174 0.21621621562499999 0.16599999999999998 0.21621621562499999 0.154 0.22522522500000003 0.148 0.23723723749999998 0.148 0.2552552546875 0.146 0.2582582578125 0.146 0.26426426406250003 0.15 0.2792792796875
0 0.33599999999999997 0.4264264265625 0.33799999999999997 0.4294294296875 0.33999999999999997 0.41741741718750003 0.356 0.384384384375 0.364 0.37837837812499997 0.374 0.372372371875 0.386 0.372372371875 0.39 0.375375375 0.396 0.3873873875 0.4 0.3873873875 0.404 0.38138138125 0.404 0.375375375 0.40199999999999997 0.372372371875 0.38 0.3543543546875 0.366 0.3393393390625 0.354 0.3393393390625 0.346 0.3453453453125 0.32999999999999996 0.36936936875000004 0.32599999999999996 0.38138138125 0.32599999999999996 0.41741741718750003 0.32999999999999996 0.4294294296875 0.33599999999999997 0.4264264265625
0 0.41200000000000003 0.2552552546875 0.41200000000000003 0.23723723749999998 0.41 0.234234234375 0.40199999999999997 0.23723723749999998 0.398 0.24324324375 0.396 0.24924925 0.396 0.26426426406250003 0.404 0.26426426406250003 0.41200000000000003 0.2552552546875
0 0.462 0.2612612609375 0.46399999999999997 0.26426426406250003 0.47400000000000003 0.26426426406250003 0.47800000000000004 0.2702702703125 0.48200000000000004 0.2702702703125 0.472 0.23723723749999998 0.466 0.23123123125 0.462 0.23123123125 0.45999999999999996 0.234234234375 0.45999999999999996 0.24924925 0.462 0.2522522515625 0.462 0.2612612609375
0 0.514 0.27327327343749996 0.516 0.2702702703125 0.524 0.2702702703125 0.524 0.2522522515625 0.516 0.240240240625 0.502 0.240240240625 0.49800000000000005 0.24624624687500002 0.496 0.2552552546875 0.496 0.2672672671875 0.49800000000000005 0.27327327343749996 0.514 0.27327327343749996
0 0.528 0.27327327343749996 0.53 0.2762762765625 0.534 0.2792792796875 0.5519999999999999 0.2792792796875 0.558 0.27327327343749996 0.558 0.2552552546875 0.5519999999999999 0.23723723749999998 0.54 0.23123123125 0.528 0.240240240625 0.526 0.24624624687500002 0.526 0.2582582578125 0.528 0.2612612609375 0.528 0.27327327343749996
0 0.5940000000000001 0.2522522515625 0.608 0.2522522515625 0.614 0.24924925 0.618 0.24624624687500002 0.626 0.23123123125 0.624 0.22822822812500002 0.624 0.2132132125 0.622 0.2132132125 0.616 0.20420420468749997 0.604 0.20420420468749997 0.592 0.2132132125 0.592 0.234234234375 0.5900000000000001 0.23723723749999998 0.5900000000000001 0.24624624687500002 0.5940000000000001 0.2522522515625
0 0.636 0.234234234375 0.644 0.240240240625 0.646 0.23723723749999998 0.646 0.21621621562499999 0.64 0.2102102109375 0.632 0.2102102109375 0.626 0.21921921875 0.626 0.22822822812500002 0.63 0.234234234375 0.636 0.234234234375
0 0.64 0.38138138125 0.6519999999999999 0.37837837812499997 0.6559999999999999 0.375375375 0.6639999999999999 0.36336336406249997 0.6639999999999999 0.3573573578125 0.658 0.3483483484375 0.658 0.3453453453125 0.646 0.3333333328125 0.634 0.3303303296875 0.628 0.3393393390625 0.626 0.3483483484375 0.626 0.36336336406249997 0.632 0.375375375 0.64 0.38138138125
0 0.564 0.390390390625 0.5780000000000001 0.41141141093750005 0.584 0.41141141093750005 0.5860000000000001 0.4144144140625 0.5900000000000001 0.41141141093750005 0.5980000000000001 0.41141141093750005 0.602 0.4144144140625 0.606 0.41141141093750005 0.606 0.4084084078125 0.616 0.402402403125 0.62 0.396396396875 0.62 0.384384384375 0.618 0.375375375 0.606 0.3513513515625 0.5980000000000001 0.3453453453125 0.5820000000000001 0.3453453453125 0.576 0.3483483484375 0.5700000000000001 0.3573573578125 0.572 0.3603603609375 0.572 0.36936936875000004 0.5740000000000001 0.372372371875 0.564 0.390390390625
0 0.508 0.3573573578125 0.518 0.3573573578125 0.52 0.3543543546875 0.522 0.3423423421875 0.528 0.3393393390625 0.528 0.32732732656249997 0.514 0.309309309375 0.508 0.309309309375 0.49800000000000005 0.321321321875 0.49800000000000005 0.32432432499999997 0.49400000000000005 0.3303303296875 0.49400000000000005 0.3423423421875 0.508 0.3573573578125
0 0.532 0.3363363359375 0.54 0.3513513515625 0.55 0.3603603609375 0.5599999999999999 0.3603603609375 0.562 0.3573573578125 0.568 0.3573573578125 0.572 0.3483483484375 0.572 0.3423423421875 0.568 0.32732732656249997 0.562 0.31831831875 0.554 0.3123123125 0.548 0.309309309375 0.54 0.3123123125 0.528 0.3303303296875 0.528 0.3363363359375 0.53 0.3393393390625 0.532 0.3363363359375
0 0.975708 0.21707207187500002 0.9727049453125 0.2287291890625 0.973752 0.2282792796875 0.9726929406249999 0.2287757890625 0.9724 0.22991291249999998 0.9725029859375001 0.228864846875 0.970908 0.22961261249999998 0.972686 0.232015015625 0.982644 0.23628528593749998 0.9908239999999999 0.23441741718750003 0.9878 0.21867267343750002 0.98051 0.213603603125 0.975708 0.21707207187500002
3 0.976 0.39339339375 0.984 0.384384384375 0.984 0.37837837812499997 0.982 0.375375375 0.9720000000000001 0.375375375 0.968 0.37837837812499997 0.966 0.38138138125 0.966 0.3873873875 0.97 0.39339339375 0.976 0.39339339375
3 0.944 0.54354354375 0.9480000000000001 0.54354354375 0.95 0.540540540625 0.962 0.540540540625 0.962 0.5285285281250001 0.95 0.525525525 0.9480000000000001 0.5285285281250001 0.942 0.5285285281250001 0.942 0.540540540625 0.944 0.54354354375
3 0.8380000000000001 0.98198198125 0.844 0.984984984375 0.8480000000000001 0.9909909906250001 0.8560000000000001 0.996996996875 0.8880000000000001 0.996996996875 0.8720000000000001 0.9759759765625 0.8720000000000001 0.9699699703125001 0.868 0.9579579578124999 0.868 0.9489489484375 0.836 0.9519519515624999 0.8300000000000001 0.9609609609374999 0.8300000000000001 0.9729729734375001 0.8320000000000001 0.9729729734375001 0.8380000000000001 0.98198198125
3 0.738 0.939939940625 0.786 0.9669669671875001 0.8 0.9669669671875001 0.8039999999999999 0.9609609609374999 0.8039999999999999 0.9489489484375 0.786 0.939939940625 0.782 0.9339339343749999 0.774 0.927927928125 0.762 0.909909909375 0.762 0.903903903125 0.738 0.903903903125 0.732 0.90690690625 0.726 0.9159159156250001 0.726 0.921921921875 0.728 0.927927928125 0.738 0.939939940625
3 0.67 0.75075075 0.6719999999999999 0.753753753125 0.686 0.753753753125 0.688 0.7567567562499999 0.718 0.7567567562499999 0.726 0.75075075 0.714 0.75075075 0.692 0.7267267265624999 0.674 0.7327327328125001 0.6719999999999999 0.7357357359375001 0.666 0.7357357359375001 0.662 0.7417417421875 0.662 0.7477477484375 0.6639999999999999 0.75075075 0.67 0.75075075
3 0.6519999999999999 0.5885885890625 0.6519999999999999 0.5765765765624999 0.648 0.5735735734375 0.64 0.5735735734375 0.634 0.5825825828125 0.632 0.5825825828125 0.63 0.5885885890625 0.634 0.5945945953125 0.65 0.5945945953125 0.6519999999999999 0.5885885890625