0 0.546 0.5013123359375 0.55 0.4645669296875 0.536 0.44881889687500004 0.516 0.446194225 0.502 0.4645669296875 0.5 0.4908136484375 0.508 0.5118110234375 0.526 0.5144356953125 0.546 0.5013123359375
4 0.258 0.48556430468749995 0.286 0.47506561718749996 0.29 0.40157480312500005 0.242 0.391076115625 0.236 0.39895013125 0.238 0.4698162734375 0.246 0.46719160156250006 0.258 0.48556430468749995
4 0.4902 0.62519685 0.49820000000000003 0.648818896875 0.5062 0.648818896875 0.5122 0.6330708656249999 0.5248579999999999 0.583178478125 0.551126 0.577874015625 0.5822 0.601574803125 0.5962 0.564829396875 0.5642 0.47296587968750003 0.5242 0.44409448749999997 0.5022 0.4650918640625 0.5002 0.4992125984375 0.47220000000000006 0.5517060375 0.4902 0.580577428125 0.4902 0.62519685
4 0.294 0.5748031499999999 0.31 0.58005249375 0.324 0.5748031499999999 0.33599999999999997 0.5459317578125 0.354 0.5459317578125 0.364 0.5328083984374999 0.374 0.4829396328125 0.354 0.44881889687500004 0.308 0.40944881874999994 0.294 0.406824146875 0.284 0.422572178125 0.286 0.5039370078125 0.302 0.5485564296875001 0.302 0.566929134375 0.294 0.5748031499999999
4 0.422 0.38582677187500003 0.41600000000000004 0.359580053125 0.382 0.32808398906249997 0.366 0.33595800468750003 0.368 0.36745406875 0.356 0.39632545937499997 0.40599999999999997 0.40944881874999994 0.422 0.38582677187500003
0 0.316 0.41994750625000005 0.306 0.406824146875 0.2858 0.4179133859375 0.28500000000000003 0.4494094484375 0.2952 0.42762467187500003 0.3034 0.42080052500000004 0.316 0.41994750625000005
0 0.384 0.3347112859375 0.378 0.3315616796875 0.369 0.33287401562499996 0.368 0.354330709375 0.3734 0.35282152187500004 0.378 0.34416010468749997 0.384 0.3347112859375
0 0.24180000000000001 0.391076115625 0.2358 0.39895013125 0.2398 0.43307086562499997 0.24980000000000002 0.43307086562499997 0.2598 0.39632545937499997 0.24180000000000001 0.391076115625
2 0.49720000000000003 0.6494094484375 0.5064 0.6567585296875 0.5147999999999999 0.640223096875 0.5088 0.61660105 0.502 0.6131233593750001 0.495 0.6152887140625001 0.4934 0.6310367453125 0.49400000000000005 0.6433727031250001 0.49720000000000003 0.6494094484375
2 0.5344 0.5651574796875 0.5469999999999999 0.5593832015625 0.5422 0.537795275 0.5326 0.545997375 0.5202 0.5488845140625 0.5344 0.5651574796875
3 0.595 0.6053149609374999 0.5932000000000001 0.5906167984375 0.5882 0.5837926515625 0.5876 0.58300525 0.5700000000000001 0.5948162734375 0.5796 0.6074146984375 0.5896 0.612926509375 0.595 0.6053149609374999
3 0.29359999999999997 0.5879921265625 0.3 0.5906167984375 0.3196 0.5832677171875 0.3282 0.5599081359375 0.3202 0.5431102359375 0.30179999999999996 0.5496719156250001 0.3016 0.564370078125 0.286 0.5756561687499999 0.29359999999999997 0.5879921265625
2 0.2466 0.4827427828125 0.24700000000000003 0.46410761093749997 0.23879999999999998 0.4629921265625 0.2394 0.466469815625 0.24020000000000002 0.478280840625 0.2466 0.4827427828125
2 0.2596 0.49271653593750003 0.2612 0.48615485625000004 0.2562 0.4776902890625 0.24900000000000003 0.48615485625000004 0.2532 0.4942913390625 0.2596 0.49271653593750003
1 0.3902 0.3780183734375 0.3962 0.3851049875 0.413 0.3893044625 0.42160000000000003 0.38326771718749997 0.41559999999999997 0.36253280781249997 0.4058 0.34494750625 0.3914 0.33786089218750004 0.3834 0.3556430453125 0.392 0.35964566875 0.39580000000000004 0.365419946875 0.3902 0.3780183734375
3 0.40659999999999996 0.41345144375 0.40359999999999996 0.40190288750000003 0.3948 0.3927165359375 0.3896 0.39475065625 0.3894 0.40242782187500004 0.38079999999999997 0.40715223125 0.388 0.413976378125 0.40659999999999996 0.41345144375