0 0.322 0.24251497031249997 0.324 0.2395209578125 0.324 0.22455089843749998 0.32 0.20958083906249997 0.318 0.2035928140625 0.308 0.1916167671875 0.292 0.1916167671875 0.284 0.197604790625 0.274 0.21556886249999999 0.272 0.22155688593749998 0.274 0.2395209578125 0.318 0.24251497031249997 0.322 0.24251497031249997
0 0.426 0.25748502968750003 0.426 0.24251497031249997 0.42400000000000004 0.23353293437499997 0.42000000000000004 0.22754491093749998 0.42000000000000004 0.22455089843749998 0.418 0.22455089843749998 0.414 0.218562875 0.40199999999999997 0.21556886249999999 0.394 0.22155688593749998 0.388 0.23353293437499997 0.388 0.24850299374999998 0.386 0.2544910171875 0.39 0.2604790421875 0.426 0.25748502968750003
0 0.488 0.266467065625 0.49000000000000005 0.26347305312499997 0.506 0.26347305312499997 0.508 0.25748502968750003 0.504 0.24251497031249997 0.5 0.23652694687500003 0.492 0.23053892187499997 0.484 0.23053892187499997 0.476 0.2395209578125 0.47400000000000003 0.2395209578125 0.472 0.24550898281250003 0.47000000000000003 0.266467065625 0.47400000000000003 0.27245508906250004 0.48200000000000004 0.266467065625 0.488 0.266467065625
0 0.616 0.26946107812500003 0.622 0.26946107812500003 0.624 0.266467065625 0.638 0.266467065625 0.638 0.2544910171875 0.634 0.24251497031249997 0.628 0.23353293437499997 0.614 0.23353293437499997 0.61 0.23652694687500003 0.604 0.24850299374999998 0.602 0.266467065625 0.606 0.2754491015625 0.614 0.27245508906250004 0.616 0.26946107812500003
0 0.742 0.29041916093750003 0.768 0.2784431140625 0.77 0.2754491015625 0.77 0.26347305312499997 0.766 0.25748502968750003 0.766 0.2544910171875 0.764 0.2544910171875 0.76 0.24850299374999998 0.76 0.24550898281250003 0.756 0.24251497031249997 0.748 0.24251497031249997 0.742 0.24550898281250003 0.736 0.2544910171875 0.734 0.27245508906250004 0.736 0.2754491015625 0.736 0.28443113750000004 0.742 0.29041916093750003
0 0.844 0.31736526875000004 0.8426 0.3029820359375 0.8400000000000001 0.2934131734375 0.8320000000000001 0.28443113750000004 0.8220000000000001 0.28443113750000004 0.8160000000000001 0.28742515 0.8099999999999999 0.29640718593750004 0.808 0.3113772453125 0.8119999999999999 0.32335329375 0.8380000000000001 0.32335329375 0.844 0.31736526875000004
3 0.8160000000000001 0.6347305390625 0.828 0.6377245515625 0.8300000000000001 0.6407185625 0.8400000000000001 0.6377245515625 0.838096 0.6291886234375 0.8351219999999999 0.626107784375 0.831692 0.62542215625 0.828 0.622754490625 0.8140000000000001 0.622754490625 0.8140000000000001 0.6317365265625 0.8160000000000001 0.6347305390625
3 0.778458 0.6557784437499999 0.802458 0.6557784437499999 0.802458 0.64979041875 0.796458 0.6408083828125 0.788458 0.634820359375 0.784458 0.634820359375 0.7684580000000001 0.6438023953124999 0.766458 0.6467964078125 0.7684580000000001 0.65278443125 0.776458 0.65278443125 0.778458 0.6557784437499999
3 0.734228 0.659113771875 0.738228 0.6561197609375 0.740228 0.6411496999999999 0.726228 0.6411496999999999 0.724228 0.6381556890625 0.720228 0.6381556890625 0.720228 0.647137725 0.7182280000000001 0.6531257484374999 0.722228 0.659113771875 0.734228 0.659113771875
3 0.654 0.6586826343750001 0.666 0.6586826343750001 0.666 0.6556886234375 0.6599999999999999 0.6467065875 0.654 0.643712575 0.65 0.6377245515625 0.642 0.6377245515625 0.63 0.643712575 0.63 0.6467065875 0.634 0.6526946109375 0.654 0.6586826343750001
3 0.610914 0.6583413171875 0.618914 0.6583413171875 0.622914 0.6553473046875 0.622914 0.64935928125 0.618914 0.6433712578125 0.618914 0.6403772453125 0.612914 0.634389221875 0.598914 0.634389221875 0.598914 0.6433712578125 0.606914 0.6553473046875 0.610914 0.6583413171875
3 0.476 0.6497005984374999 0.48 0.643712575 0.48 0.6407185625 0.47400000000000003 0.6347305390625 0.46399999999999997 0.6347305390625 0.462 0.6407185625 0.46399999999999997 0.6526946109375 0.473524 0.653173653125 0.476 0.6497005984374999
3 0.522 0.6497005984374999 0.532 0.6497005984374999 0.534 0.6467065875 0.534 0.6377245515625 0.52976 0.6363592812500001 0.524 0.6317365265625 0.52 0.6317365265625 0.518 0.6347305390625 0.51 0.6347305390625 0.504 0.6377245515625 0.51 0.643712575 0.515768 0.644613771875 0.522 0.6497005984374999
3 0.438 0.664670659375 0.442 0.6616766468749999 0.442 0.6526946109375 0.43600000000000005 0.643712575 0.43 0.6407185625 0.422484 0.6506317359375 0.40800000000000003 0.6526946109375 0.42400000000000004 0.664670659375 0.438 0.664670659375
3 0.40599999999999997 0.67664670625 0.41200000000000003 0.6706586828125001 0.414 0.6616766468749999 0.41200000000000003 0.6556886234375 0.40599999999999997 0.6526946109375 0.398 0.6526946109375 0.39 0.6586826343750001 0.378 0.6586826343750001 0.374 0.6556886234375 0.372 0.6586826343750001 0.378 0.6706586828125001 0.39 0.67664670625 0.40599999999999997 0.67664670625
3 0.358 0.7395209578124999 0.374834 0.7355479046875 0.4 0.733532934375 0.404 0.730538921875 0.404 0.7245508984375 0.4 0.718562875 0.392642 0.7180808390625 0.38564600000000004 0.7190359281250001 0.38 0.7155688625 0.376 0.71257485 0.37 0.7215568859375 0.36 0.7215568859375 0.358 0.7275449109375 0.348 0.730538921875 0.346 0.736526946875 0.35 0.7425149703125 0.356 0.7425149703125 0.358 0.7395209578124999
3 0.32999999999999996 0.7754491015625 0.33399999999999996 0.769461078125 0.33399999999999996 0.766467065625 0.32799999999999996 0.7574850296875 0.322 0.7544910171875 0.318 0.7485029937500001 0.3 0.7485029937500001 0.288 0.7544910171875 0.29 0.763473053125 0.308 0.7754491015625 0.32999999999999996 0.7754491015625