0 0.542 0.2762762765625 0.536 0.240240240625 0.518 0.21921921875 0.49800000000000005 0.222222221875 0.48200000000000004 0.2582582578125 0.48 0.2762762765625 0.492 0.2852852859375 0.534 0.2852852859375 0.542 0.2762762765625
0 0.434 0.234234234375 0.404 0.2582582578125 0.404 0.291291290625 0.454 0.2822822828125 0.44800000000000006 0.24924925 0.434 0.234234234375
4 0.33999999999999997 0.6486486484375 0.346 0.6216216218749999 0.34199999999999997 0.5930930937500001 0.392 0.31831831875 0.404 0.3123123125 0.404 0.2582582578125 0.43600000000000005 0.23123123125 0.43600000000000005 0.21621621562499999 0.418 0.1921921921875 0.394 0.1951951953125 0.378 0.222222221875 0.36 0.22822822812500002 0.322 0.2702702703125 0.286 0.3573573578125 0.296 0.4984984984375 0.282 0.678678678125 0.32799999999999996 0.6696696703125 0.33999999999999997 0.6486486484375
3 0.372 0.45645645625000003 0.322 0.48048048125 0.316 0.48648648593750005 0.322 0.5045045046875 0.36 0.49549549531250003 0.372 0.45645645625000003
0 0.438 0.23123123125 0.43600000000000005 0.2132132125 0.418 0.1921921921875 0.39 0.1981981984375 0.39 0.21621621562499999 0.418 0.2012012015625 0.43 0.23123123125 0.438 0.23123123125
3 0.398 0.7927927921875 0.374 0.783783784375 0.37 0.85585585625 0.388 0.864864865625 0.396 0.846846846875 0.398 0.7927927921875
3 0.41600000000000004 0.828828828125 0.40199999999999997 0.828828828125 0.40599999999999997 0.8828828828124999 0.42000000000000004 0.8918918921874999 0.43 0.858858859375 0.41600000000000004 0.828828828125
3 0.5860000000000001 0.708708709375 0.576 0.6876876875 0.5599999999999999 0.690690690625 0.558 0.7207207203125 0.5660000000000001 0.7417417421875 0.5780000000000001 0.7447447453125 0.5860000000000001 0.708708709375
3 0.298 0.6126126125 0.282 0.6486486484375 0.282 0.68168168125 0.314 0.6366366359375 0.31 0.61861861875 0.298 0.6126126125
4 0.466 0.6516516515624999 0.48200000000000004 0.6306306312500001 0.496 0.6396396390625 0.518 0.5795795796875 0.528 0.5735735734375 0.544 0.6006006 0.544 0.6366366359375 0.5599999999999999 0.684684684375 0.564 0.7447447453125 0.5700000000000001 0.7447447453125 0.58 0.708708709375 0.576 0.609609609375 0.5980000000000001 0.5495495499999999 0.5980000000000001 0.5165165171874999 0.5820000000000001 0.465465465625 0.596 0.402402403125 0.614 0.36936936875000004 0.654 0.3393393390625 0.6559999999999999 0.3123123125 0.63 0.26426426406250003 0.5780000000000001 0.2702702703125 0.5559999999999999 0.29429429375 0.542 0.2882882890625 0.53 0.26426426406250003 0.528 0.22822822812500002 0.506 0.21921921875 0.49000000000000005 0.23723723749999998 0.48200000000000004 0.27327327343749996 0.492 0.3003003 0.49000000000000005 0.3363363359375 0.502 0.3603603609375 0.47000000000000003 0.384384384375 0.476 0.46846846875 0.49800000000000005 0.5045045046875 0.454 0.6456456453125 0.466 0.6516516515624999
4 0.41 0.8888888890625 0.42000000000000004 0.8888888890625 0.45 0.702702703125 0.45199999999999996 0.5765765765624999 0.48 0.46846846875 0.49400000000000005 0.45645645625000003 0.502 0.3873873875 0.5 0.3483483484375 0.45199999999999996 0.3123123125 0.45199999999999996 0.2672672671875 0.438 0.23723723749999998 0.422 0.23723723749999998 0.40800000000000003 0.2522522515625 0.40199999999999997 0.2792792796875 0.40800000000000003 0.309309309375 0.382 0.3453453453125 0.374 0.40540540468749997 0.38 0.453453453125 0.36 0.540540540625 0.37 0.846846846875 0.374 0.8618618625 0.394 0.85585585625 0.41 0.8888888890625