0 0.40444444375 0.2066666671875 0.382222221875 0.09 0.3703533328125 0.055193332812499996 0.33555555625 0.0266666671875 0.297777778125 0.03 0.262222221875 0.0566666671875 0.24 0.0866666671875 0.22000000000000003 0.1566666671875 0.21555555625 0.19 0.26 0.18 0.38444444375 0.2133333328125 0.40444444375 0.2066666671875
1 0.20444444375 0.7166666671875 0.2711111109375 0.6633333328125001 0.31555555625 0.6833333328125 0.34888888906250004 0.7266666671875 0.44666666718750003 0.7033333328125 0.4533333328125 0.6599999999999999 0.44888888906249996 0.6 0.4266666671875 0.4766666671875 0.40222222187499995 0.44000000000000006 0.3466666671875 0.4066666671875 0.342222221875 0.4566666671875 0.33618000000000003 0.5333833328125 0.31567777812500003 0.6462166671875 0.2891933328125 0.5680033328125 0.27466888906250003 0.50261 0.263562221875 0.46927333281249994 0.26 0.4566666671875 0.24666666718750002 0.3933333328125 0.22000000000000003 0.3466666671875 0.13333333281249998 0.38 0.11777777812500001 0.3966666671875 0.137777778125 0.4733333328125 0.15111111093750001 0.5866666671874999 0.14444444375 0.74 0.20444444375 0.7166666671875
2 0.2651266671875 0.8264099999999999 0.3117933328125 0.7397433328125 0.34290444375 0.72641 0.320682221875 0.69641 0.2651266671875 0.6597433328125 0.16290444375 0.75641 0.15401555625000002 0.7930766671875 0.16290444375 0.8364100000000001 0.1895711109375 0.8497433328125 0.2651266671875 0.8264099999999999
2 0.45999999999999996 0.9766666671875001 0.48444444375 0.9533333328125 0.49555555625 0.9166666671874999 0.48444444375 0.8566666671875 0.4511111109375 0.8300000000000001 0.43555555625000003 0.8466666671875 0.37555555625000003 0.8400000000000001 0.3466666671875 0.8699999999999999 0.34444444375 0.9066666671875 0.36 0.9333333328125001 0.41555555625 0.9666666671874999 0.45999999999999996 0.9766666671875001
0 0.597777778125 0.5166666671875 0.6066666671875 0.5166666671875 0.6088888890625 0.52 0.6133333328125 0.5166666671875 0.6266666671875 0.5166666671875 0.6266666671875 0.51 0.6333333328124999 0.5 0.6266666671875 0.4766666671875 0.617777778125 0.46333333281250005 0.6111111109375 0.45999999999999996 0.602222221875 0.45999999999999996 0.5911111109375 0.46666666718750005 0.58444444375 0.48333333281249996 0.58 0.51 0.5822222218750001 0.5166666671875 0.5888888890625 0.5233333328125 0.597777778125 0.5166666671875
1 0.597777778125 0.64 0.5866666671874999 0.6566666671875 0.58444444375 0.6733333328125 0.58392444375 0.6958966671875 0.5866666671874999 0.7133333328125 0.59555555625 0.7266666671875 0.6133333328125 0.7266666671875 0.61555555625 0.73 0.6488888890625 0.7266666671875 0.6555555562500001 0.72 0.66444444375 0.6933333328125 0.6666666671875 0.6266666671875 0.662222221875 0.5566666671875 0.6466666671875 0.54 0.6288888890625 0.5333333328125 0.6111111109375 0.55 0.6088888890625 0.5566666671875 0.61555555625 0.5666666671875 0.61555555625 0.6166666671875001 0.6066666671875 0.6333333328124999 0.597777778125 0.64
0 0.8088888890625 0.58 0.8133333328125 0.5733333328125 0.81555555625 0.5666666671875 0.81555555625 0.55 0.8133333328125 0.5466666671875 0.8133333328125 0.5366666671875 0.8111111109375001 0.5333333328125 0.802222221875 0.5266666671875 0.7888888890625 0.5266666671875 0.782222221875 0.5366666671875 0.78 0.5566666671875 0.79555555625 0.5666666671875 0.8066666671875 0.58 0.8088888890625 0.58
1 0.7755555562499999 0.73 0.78 0.7233333328125 0.78 0.7133333328125 0.777777778125 0.7066666671874999 0.7688888890625 0.6966666671875 0.7666666671875 0.6866666671874999 0.762222221875 0.6799999999999999 0.76 0.6666666671875 0.7597066671875 0.6566066671875 0.7530377781250001 0.6541066671875 0.75220444375 0.63451 0.7563733328125 0.6065766671875 0.76859555625 0.5944833328125 0.7769288890625 0.6011566671875 0.78 0.65 0.78444444375 0.6533333328125 0.7888888890625 0.6466666671875 0.7866666671875 0.6166666671875001 0.786097778125 0.6053233328125 0.782222221875 0.5900000000000001 0.777777778125 0.58 0.7688888890625 0.5733333328125 0.7511111109375 0.5833333328125 0.74444444375 0.5933333328125 0.742222221875 0.6133333328125 0.74 0.6166666671875001 0.74 0.6333333328124999 0.737777778125 0.6366666671875 0.7333333328125 0.71 0.73555555625 0.7233333328125 0.74444444375 0.7333333328125 0.7755555562499999 0.73
1 0.8288888890624999 0.7933333328125001 0.8355555562499999 0.79 0.8400000000000001 0.7833333328125 0.8422222218750001 0.7666666671875 0.8488888890625 0.75 0.8733333328124999 0.7133333328125 0.8988888890625001 0.7 0.9111111109375001 0.7 0.9066666671875 0.6900000000000001 0.8933333328125 0.6799999999999999 0.8511111109374999 0.6833333328125 0.8488888890625 0.6900000000000001 0.8355555562499999 0.6900000000000001 0.8288888890624999 0.6966666671875 0.8246911109375 0.71636 0.8312844437500001 0.7290833328125 0.8288888890624999 0.7666666671875 0.8288888890624999 0.7933333328125001
3 0.8466666671875 0.9766666671875001 0.85555555625 0.9766666671875001 0.86 0.97 0.8577777781249999 0.9566666671874999 0.8511111109374999 0.9466666671875 0.8466666671875 0.9433333328125 0.8355555562499999 0.9433333328125 0.8333333328125001 0.95 0.8333333328125001 0.97 0.8400000000000001 0.97 0.8466666671875 0.9766666671875001
3 0.9 0.9766666671875001 0.9044444437499999 0.9733333328124999 0.9088888890625 0.9633333328125 0.9088888890625 0.95 0.9066666671875 0.9433333328125 0.9044444437499999 0.9400000000000001 0.89555555625 0.9400000000000001 0.8911111109375 0.9466666671875 0.8866666671875001 0.96 0.8866666671875001 0.9733333328124999 0.8888888890625 0.9766666671875001 0.9 0.9766666671875001