0 0.196875 0.32578125 0.0375 0.06484375
0 0.796875 0.41640625 0.02890625 0.05078125
0 0.06796875 0.33515625 0.0375 0.05546875
0 0.92578125 0.41171875 0.0421875 0.06015625
0 0.3375 0.34453125 0.03984375 0.06484375
0 0.29765625 0.42578125 0.0265625 0.0421875
0 0.5703125 0.4140625 0.03359375 0.05546875
0 0.69921875 0.3859375 0.03359375 0.07421875
0 0.45 0.3671875 0.0375 0.05546875
0 0.4 0.42109375 0.0265625 0.05078125
0 0.48984375 0.3859375 0.02890625 0.046875
0 0.5359375 0.44453125 0.0265625 0.05078125
0 0.653125 0.4 0.03125 0.06484375
0 0.37578125 0.73515625 0.01796875 0.05546875
0 0.62890625 0.38359375 0.0265625 0.05078125
2 0.296875 0.6953125 0.0203125 0.07890625
3 0.35546875 0.92578125 0.021875 0.028125
3 0.90859375 0.85546875 0.01328125 0.05546875
3 0.1859375 0.91171875 0.02890625 0.046875
3 0.9375 0.8765625 0.021875 0.0328125
3 0.49296875 0.9046875 0.01796875 0.0328125
3 0.45859375 0.92578125 0.02890625 0.0375
3 0.5578125 0.88125 0.021875 0.05078125
3 0.21640625 0.890625 0.0203125 0.06015625
3 0.58984375 0.88125 0.015625 0.0328125
3 0.0765625 0.91171875 0.0203125 0.0375
3 0.315625 0.92109375 0.03125 0.028125
3 0.528125 0.85078125 0.015625 0.028125
3 0.06640625 0.9046875 0.00859375 0.0328125