0 0.422 0.36336336406249997 0.41200000000000003 0.32432432499999997 0.372 0.2762762765625 0.344 0.2792792796875 0.302 0.31831831875 0.306 0.3393393390625 0.374 0.45045045000000006 0.396 0.471471471875 0.422 0.36336336406249997
0 0.584 0.5075075078125 0.588 0.5075075078125 0.64 0.44444444375 0.638 0.4324324328125 0.632 0.4234234234375 0.614 0.4084084078125 0.6 0.4084084078125 0.5940000000000001 0.41141141093750005 0.584 0.42042042031250004 0.584 0.4234234234375 0.5740000000000001 0.4354354359375 0.572 0.44444444375 0.572 0.47747747812499997 0.5780000000000001 0.4984984984375 0.584 0.5075075078125
0 0.704 0.4264264265625 0.716 0.41741741718750003 0.716 0.41141141093750005 0.708 0.402402403125 0.702 0.402402403125 0.692 0.41141141093750005 0.6900000000000001 0.42042042031250004 0.6940000000000001 0.4324324328125 0.7 0.4324324328125 0.704 0.4264264265625
0 0.778 0.32432432499999997 0.782 0.31831831875 0.782 0.309309309375 0.78 0.303303303125 0.778 0.3003003 0.768 0.3003003 0.764 0.30630630625 0.764 0.3123123125 0.77 0.3123123125 0.778 0.32432432499999997
0 0.86312 0.3661621625 0.8628 0.3724324328125 0.8684 0.37169069062500004 0.8676 0.364240240625 0.86312 0.3661621625
2 0.5599999999999999 0.7237237234375 0.568 0.708708709375 0.572 0.696696696875 0.572 0.690690690625 0.564 0.6726726734375 0.562 0.6696696703125 0.554 0.6696696703125 0.5519999999999999 0.6726726734375 0.546 0.6726726734375 0.538 0.68168168125 0.536 0.6876876875 0.536 0.702702703125 0.55 0.7207207203125 0.5599999999999999 0.7237237234375
2 0.5559999999999999 0.6696696703125 0.5599999999999999 0.6636636640625 0.554 0.6516516515624999 0.548 0.6486486484375 0.54 0.6546546546875 0.538 0.6576576578125 0.538 0.6726726734375 0.54 0.678678678125 0.5559999999999999 0.6696696703125
3 0.722 0.8828828828124999 0.732 0.8888888890625 0.744 0.8888888890625 0.752 0.8828828828124999 0.75 0.8708708703125 0.754 0.8678678671875 0.752 0.828828828125 0.746 0.8168168171874999 0.74 0.8138138140625 0.736 0.8138138140625 0.732 0.8198198203124999 0.704 0.8168168171874999 0.6900000000000001 0.8228228234375001 0.6719999999999999 0.8228228234375001 0.646 0.8378378375000001 0.636 0.84984985 0.632 0.864864865625 0.638 0.8738738734375 0.6639999999999999 0.8858858859375 0.722 0.8828828828124999
3 0.716 0.8078078078125 0.72 0.8108108109375 0.73 0.8048048046874999 0.734 0.7987987984375 0.734 0.7867867875 0.73 0.777777778125 0.73 0.76876876875 0.728 0.765765765625 0.71 0.771771771875 0.708 0.774774775 0.712 0.783783784375 0.712 0.7957957953125 0.716 0.8078078078125
2 0.346 0.927927928125 0.358 0.9459459453125 0.388 0.9369369375 0.39 0.9339339343749999 0.39 0.909909909375 0.386 0.8978978984375001 0.382 0.84384384375 0.38 0.8348348343750001 0.372 0.8198198203124999 0.368 0.8168168171874999 0.366 0.828828828125 0.33599999999999997 0.85585585625 0.33199999999999996 0.852852853125 0.32599999999999996 0.858858859375 0.322 0.8738738734375 0.32799999999999996 0.8978978984375001 0.33599999999999997 0.90690690625 0.346 0.927927928125
2 0.396 0.7447447453125 0.41200000000000003 0.7567567562499999 0.422 0.76876876875 0.426 0.777777778125 0.43600000000000005 0.777777778125 0.43600000000000005 0.765765765625 0.43 0.7267267265624999 0.422 0.7147147140625 0.40800000000000003 0.6996997 0.392 0.690690690625 0.37 0.7117117109375 0.368 0.7147147140625 0.368 0.7207207203125 0.378 0.7357357359375001 0.396 0.7447447453125
2 0.784 0.41888288281249997 0.78016 0.41672072031249996 0.7766 0.41987987968749996 0.77808 0.42969669687499995 0.784 0.43017717656250004 0.784 0.41888288281249997
3 0.7686 0.522690690625 0.7722800000000001 0.5166816812499999 0.7729199999999999 0.49024925 0.7636000000000001 0.48834834843749997 0.7638 0.50899399375 0.7614 0.5157207203125 0.7686 0.522690690625