0 0.8019999999999999 0.40540540468749997 0.8300000000000001 0.402402403125 0.85 0.42042042031250004 0.874 0.42042042031250004 0.874 0.40540540468749997 0.8779999999999999 0.39939939999999996 0.882 0.39939939999999996 0.8859999999999999 0.390390390625 0.874 0.3483483484375 0.86 0.32732732656249997 0.844 0.31831831875 0.82 0.321321321875 0.796 0.3333333328125 0.782 0.3513513515625 0.772 0.3873873875 0.768 0.41741741718750003 0.77 0.42042042031250004 0.782 0.42042042031250004 0.8019999999999999 0.40540540468749997
0 0.688 0.42042042031250004 0.6900000000000001 0.41741741718750003 0.71 0.41141141093750005 0.724 0.39339339375 0.73 0.390390390625 0.746 0.372372371875 0.748 0.36636636562499997 0.748 0.3573573578125 0.744 0.3513513515625 0.742 0.3423423421875 0.732 0.32732732656249997 0.72 0.31531531562500004 0.706 0.31531531562500004 0.6940000000000001 0.321321321875 0.6900000000000001 0.32432432499999997 0.6900000000000001 0.32732732656249997 0.682 0.3363363359375 0.6799999999999999 0.3423423421875 0.6759999999999999 0.3603603609375 0.6759999999999999 0.41741741718750003 0.682 0.42042042031250004 0.688 0.42042042031250004
0 0.588 0.222222221875 0.5940000000000001 0.22822822812500002 0.604 0.22822822812500002 0.61 0.222222221875 0.62 0.222222221875 0.622 0.21921921875 0.628 0.21921921875 0.628 0.20720720781250002 0.626 0.20420420468749997 0.626 0.1771771765625 0.622 0.171171171875 0.622 0.16816816875 0.618 0.165165165625 0.618 0.16216216249999998 0.606 0.16216216249999998 0.596 0.16816816875 0.5900000000000001 0.1771771765625 0.5860000000000001 0.18918918906249999 0.584 0.1981981984375 0.584 0.2132132125 0.588 0.21921921875 0.588 0.222222221875
2 0.696 0.7357357359375001 0.6980000000000001 0.7387387390625 0.6980000000000001 0.7477477484375 0.702 0.75075075 0.714 0.75075075 0.718 0.7417417421875 0.72 0.7267267265624999 0.728 0.7147147140625 0.73 0.7147147140625 0.73 0.6996997 0.722 0.684684684375 0.716 0.6666666671875 0.708 0.6666666671875 0.702 0.675675675 0.7 0.675675675 0.692 0.6876876875 0.692 0.708708709375 0.696 0.7207207203125 0.696 0.7357357359375001
2 0.74 0.7447447453125 0.74 0.7417417421875 0.744 0.7357357359375001 0.746 0.7357357359375001 0.752 0.7237237234375 0.752 0.702702703125 0.75 0.702702703125 0.746 0.696696696875 0.728 0.6996997 0.72 0.7057057062500001 0.718 0.7357357359375001 0.716 0.7447447453125 0.736 0.7477477484375 0.74 0.7447447453125
2 0.6980000000000001 0.603603603125 0.686 0.6126126125 0.686 0.624624625 0.688 0.6276276281250001 0.692 0.6306306312500001 0.6980000000000001 0.6306306312500001 0.7 0.633633634375 0.702 0.6306306312500001 0.71 0.6306306312500001 0.716 0.6216216218749999 0.732 0.6126126125 0.736 0.60660660625 0.736 0.5945945953125 0.734 0.5915915921875 0.734 0.5825825828125 0.732 0.5795795796875 0.708 0.5765765765624999 0.704 0.5765765765624999 0.702 0.5795795796875 0.7 0.5855855859375 0.702 0.5945945953125 0.6980000000000001 0.6006006 0.6980000000000001 0.603603603125
2 0.6980000000000001 0.5945945953125 0.702 0.5945945953125 0.71 0.5825825828125 0.714 0.5825825828125 0.708 0.5645645640625 0.696 0.5645645640625 0.6799999999999999 0.5765765765624999 0.6759999999999999 0.5825825828125 0.688 0.5915915921875 0.696 0.5915915921875 0.6980000000000001 0.5945945953125
2 0.592 0.38138138125 0.5940000000000001 0.37837837812499997 0.5940000000000001 0.36636636562499997 0.5900000000000001 0.3603603609375 0.5820000000000001 0.36336336406249997 0.5780000000000001 0.36936936875000004 0.58 0.37837837812499997 0.5820000000000001 0.38138138125 0.592 0.38138138125
3 0.51 0.5135135140625 0.516 0.5135135140625 0.518 0.5015015015625 0.516 0.4984984984375 0.5 0.4924924921875 0.49800000000000005 0.48348348281250003 0.484 0.48348348281250003 0.484 0.4894894890625 0.5 0.5075075078125 0.51 0.5135135140625
4 0.7 0.7267267265624999 0.714 0.7297297296874999 0.724 0.702702703125 0.75 0.69369369375 0.768 0.7477477484375 0.78 0.75075075 0.794 0.777777778125 0.796 0.7987987984375 0.8400000000000001 0.8708708703125 0.868 0.8948948953125001 0.8880000000000001 0.8978978984375001 0.908 0.8798798796874999 0.9099999999999999 0.846846846875 0.974 0.846846846875 0.998 0.8198198203124999 0.998 0.6426426421875 0.976 0.534534534375 0.942 0.48048048125 0.874 0.4324324328125 0.8800000000000001 0.375375375 0.8720000000000001 0.3483483484375 0.85 0.32432432499999997 0.8019999999999999 0.3303303296875 0.776 0.375375375 0.77 0.41741741718750003 0.78 0.4234234234375 0.788 0.4624624625 0.8099999999999999 0.4924924921875 0.8019999999999999 0.525525525 0.778 0.53153153125 0.734 0.5795795796875 0.706 0.5795795796875 0.696 0.6126126125 0.716 0.6216216218749999 0.726 0.6546546546875 0.696 0.684684684375 0.7 0.7267267265624999
4 0.706 0.6276276281250001 0.74 0.61861861875 0.78 0.5735735734375 0.788 0.5585585578125001 0.786 0.540540540625 0.8099999999999999 0.49549549531250003 0.768 0.4084084078125 0.77 0.3873873875 0.76 0.3873873875 0.73 0.32432432499999997 0.6980000000000001 0.31831831875 0.678 0.3513513515625 0.686 0.5330330328125 0.6759999999999999 0.5795795796875 0.7 0.60660660625 0.706 0.6276276281250001
4 0.568 0.459459459375 0.58 0.5585585578125001 0.602 0.5585585578125001 0.61 0.4354354359375 0.62 0.39939939999999996 0.646 0.36936936875000004 0.6519999999999999 0.3393393390625 0.648 0.2852852859375 0.616 0.16216216249999998 0.596 0.16816816875 0.5860000000000001 0.18918918906249999 0.5900000000000001 0.22822822812500002 0.5780000000000001 0.2702702703125 0.572 0.3393393390625 0.518 0.41741741718750003 0.504 0.4624624625 0.49800000000000005 0.4924924921875 0.512 0.5105105109375 0.536 0.4624624625 0.568 0.459459459375
1 0.584 0.3543543546875 0.5940000000000001 0.36636636562499997 0.6 0.38138138125 0.616 0.384384384375 0.618 0.3873873875 0.638 0.38138138125 0.646 0.3603603609375 0.646 0.3453453453125 0.648 0.3423423421875 0.648 0.30630630625 0.646 0.303303303125 0.646 0.2822822828125 0.642 0.2672672671875 0.628 0.24624624687500002 0.618 0.24924925 0.616 0.2552552546875 0.5940000000000001 0.2552552546875 0.592 0.24924925 0.5860000000000001 0.24924925 0.58 0.26426426406250003 0.58 0.2762762765625 0.5780000000000001 0.2792792796875 0.5780000000000001 0.3363363359375 0.584 0.3543543546875
0 0.24948800000000002 0.5784534531250001 0.23965999999999998 0.5600030031250001 0.22516600000000003 0.567384384375 0.22233999999999998 0.595384384375 0.223936 0.5969039031250001 0.233272 0.5862042046875 0.24948800000000002 0.5784534531250001