0 0.4833702875 0.2766666671875 0.4833702875 0.24666666718750002 0.47006651875000005 0.22000000000000003 0.45454545468749996 0.2166666671875 0.4301552109375 0.24 0.4301552109375 0.27 0.4434589796875 0.29 0.4722838140625 0.29333333281249996 0.4833702875 0.2766666671875
0 0.21951219531250002 0.19 0.19733924687499999 0.1966666671875 0.18403547656250002 0.2166666671875 0.18403547656250002 0.24 0.2328159640625 0.24333333281249997 0.23059867031249998 0.2033333328125 0.21951219531250002 0.19
0 0.41241685156249996 0.30333333281249997 0.40133037656250004 0.25666666718750003 0.3880266078125 0.2533333328125 0.36807095312500004 0.2766666671875 0.3636363640625 0.3 0.37028824843749997 0.3066666671875 0.3968957875 0.29 0.41241685156249996 0.30333333281249997
0 0.6319290468750001 0.24666666718750002 0.6141906875 0.2066666671875 0.6008869171875 0.2066666671875 0.585365853125 0.2266666671875 0.5806984484375 0.2544933328125 0.58980044375 0.27 0.6297117515624999 0.26 0.6319290468750001 0.24666666718750002
0 0.74221064375 0.15622 0.72190465625 0.1405266671875 0.6997317078124999 0.1605266671875 0.6997317078124999 0.20719333281250002 0.7356740578125 0.21659 0.7485121953125 0.1871933328125 0.74221064375 0.15622
1 0.1574279375 0.5466666671875 0.2616407984375 0.5433333328125001 0.26607538750000004 0.5133333328125 0.25277161875 0.4066666671875 0.26385809375 0.37333333281250003 0.26385809375 0.32 0.23059867031249998 0.30333333281249997 0.22838137500000003 0.3466666671875 0.21659423437499997 0.40049999999999997 0.2017738359375 0.37666666718749997 0.1796008875 0.30333333281249997 0.1485587578125 0.3233333328125 0.1419068734375 0.33999999999999997 0.1574279375 0.3933333328125 0.1485587578125 0.45 0.1574279375 0.5466666671875
1 0.4833702875 0.32 0.48115299375 0.36666666718749996 0.47006651875000005 0.3966666671875 0.45898004375 0.3966666671875 0.43680709531249995 0.32999999999999996 0.41019955625 0.3466666671875 0.4079822609375 0.5333333328125 0.5077605328125 0.5433333328125001 0.5166297125 0.3466666671875 0.4833702875 0.32
1 0.6740576500000001 0.44333333281250004 0.656319290625 0.3466666671875 0.662971175 0.3 0.6363636359375 0.29 0.6341463421875 0.3433333328125 0.628310421875 0.3850566671875 0.6119733921875 0.36 0.5942350328125 0.31 0.57871396875 0.3233333328125 0.572062084375 0.3533333328125 0.6008869171875 0.49000000000000005 0.6740576500000001 0.49000000000000005 0.6740576500000001 0.44333333281250004
1 0.691796009375 0.45999999999999996 0.7339246125 0.45 0.7694013296875 0.46333333281250005 0.778270509375 0.4166666671875 0.753880265625 0.3266666671875 0.7494456765625 0.24666666718750002 0.7405764968749999 0.25 0.7339246125 0.2866666671875 0.7310066515625 0.33171 0.70953436875 0.3 0.7006651890625 0.25666666718750003 0.6740576500000001 0.2766666671875 0.6718403546875 0.3 0.68736141875 0.3333333328125 0.691796009375 0.37333333281250003 0.691796009375 0.45999999999999996
3 0.22838137500000003 0.8633333328124999 0.2328159640625 0.9066666671875 0.26829268281249996 0.8866666671875001 0.2616407984375 0.86 0.22838137500000003 0.8633333328124999
3 0.18847006718749998 0.8633333328124999 0.16851441250000002 0.8633333328124999 0.1796008875 0.9 0.1951219515625 0.8733333328124999 0.18847006718749998 0.8633333328124999
3 0.37028824843749997 0.77 0.3636363640625 0.7833333328125 0.3636363640625 0.7966666671875 0.392461196875 0.7933333328125001 0.390243903125 0.77 0.37028824843749997 0.77
3 0.4345898 0.8300000000000001 0.4301552109375 0.8666666671875 0.45232815937500004 0.8633333328124999 0.45676275000000005 0.8366666671875 0.4345898 0.8300000000000001
3 0.47006651875000005 0.76 0.47006651875000005 0.8066666671875 0.4900221734375 0.8133333328125 0.4900221734375 0.7633333328125 0.47006651875000005 0.76
3 0.6541019953125 0.7033333328125 0.6518847 0.7533333328125 0.6651884703125 0.7566666671875 0.669623059375 0.7066666671874999 0.6541019953125 0.7033333328125
2 0.5521064296875 0.58 0.5498891359375 0.52 0.52993348125 0.52 0.525498890625 0.5666666671875 0.5343680703125 0.5933333328125 0.54323725 0.5933333328125 0.5521064296875 0.58
2 0.34859423437500003 0.45445 0.3592350328125 0.4475933328125 0.3636363640625 0.4066666671875 0.36141906874999996 0.4 0.3525498890625 0.3866666671875 0.343680709375 0.4 0.3414634140625 0.4 0.3392461203125 0.4033333328125 0.3392461203125 0.4266666671875 0.3458980046875 0.43666666718749997 0.34859423437500003 0.45445
2 0.75353436875 0.3342033328125 0.749252771875 0.3430166671875 0.75353436875 0.3538633328125 0.76052328125 0.3589466671875 0.7720177390625 0.36402999999999996 0.7774279374999999 0.3504733328125 0.7724700671875 0.34335333281249997 0.7582682921874999 0.33488 0.75353436875 0.3342033328125
2 0.6834634140625 0.52244 0.70033259375 0.53011 0.699547671875 0.5118199999999999 0.6991552109375 0.49530333281249994 0.6956252765625 0.4823233328125 0.6818935703125 0.48468333281250003 0.68287583125 0.4876333328125 0.6803259421875001 0.5047433328125 0.6834634140625 0.52244
2 0.58534368125 0.5186533328125 0.5793525500000001 0.4959866671875 0.574328159375 0.49249666718749996 0.5656297125 0.4968566671875 0.5646651890625 0.5203966671875 0.5712350328125 0.53086 0.57877161875 0.5337666671875 0.58534368125 0.5186533328125
2 0.38499113125 0.44467999999999996 0.406733925 0.45816666718750004 0.408909090625 0.42792333281249995 0.4197804875 0.4009466671875 0.41733481093749997 0.3829633328125 0.4026585359375 0.3846 0.3934168515625 0.38787 0.3896119734375 0.3993133328125 0.3898824828125 0.41157333281249997 0.38390465625000003 0.42424333281250004 0.38499113125 0.44467999999999996