3 0.874 0.891566265625 0.788 0.9277108437500001 0.792 0.9548192765625 0.898 0.9457831328124999 0.8960000000000001 0.9126506031250001 0.874 0.891566265625
3 0.25 0.90662650625 0.21600000000000003 0.8885542171875 0.194 0.900602409375 0.192 0.9126506031250001 0.21400000000000002 0.9457831328124999 0.25 0.9457831328124999 0.25 0.90662650625
2 0.38 0.46987951875 0.394 0.4307228921875 0.39 0.41566264999999997 0.37 0.40662650625 0.352 0.41566264999999997 0.344 0.42771084375 0.35 0.457831325 0.372 0.4759036140625 0.38 0.46987951875
3 0.466 0.9277108437500001 0.45 0.9036144578125 0.404 0.9307228921874999 0.40599999999999997 0.9548192765625 0.49000000000000005 0.9518072296875 0.488 0.9367469875 0.466 0.9277108437500001
2 0.454 0.6475903609375 0.45199999999999996 0.6234939765624999 0.47000000000000003 0.6234939765624999 0.466 0.5692771078125001 0.438 0.5512048187499999 0.422 0.5903614453125 0.40599999999999997 0.5963855421875001 0.414 0.650602409375 0.454 0.6475903609375
2 0.35 0.234939759375 0.33399999999999996 0.23192771093750003 0.324 0.27409638593749996 0.34199999999999997 0.28915662656249996 0.354 0.27409638593749996 0.35 0.234939759375
3 0.10600000000000001 0.900602409375 0.096 0.921686746875 0.10200000000000001 0.9457831328124999 0.21200000000000002 0.9457831328124999 0.182 0.8945783125 0.10600000000000001 0.900602409375
3 0.97 0.9036144578125 0.9099999999999999 0.9126506031250001 0.9019999999999999 0.9367469875 0.908 0.9518072296875 0.97 0.9518072296875 0.976 0.91566265 0.97 0.9036144578125
0 0.722 0.5090361453125001 0.746 0.421686746875 0.766 0.3825301203125 0.736 0.36445783125000003 0.704 0.3674698796875 0.6759999999999999 0.41867469843749994 0.674 0.4457831328125 0.6900000000000001 0.484939759375 0.706 0.5060240968749999 0.722 0.5090361453125001
0 0.348 0.1054216875 0.32599999999999996 0.042168675 0.31 0.0240963859375 0.272 0.027108434375 0.254 0.0602409640625 0.248 0.099397590625 0.256 0.1054216875 0.268 0.09638554218749999 0.348 0.1054216875
0 0.54 0.286144578125 0.546 0.22289156562499998 0.528 0.1837349390625 0.49400000000000005 0.17771084374999999 0.476 0.19578313281249998 0.46799999999999997 0.2108433734375 0.47000000000000003 0.234939759375 0.524 0.286144578125 0.54 0.286144578125
2 0.706 0.78012048125 0.712 0.7560240968749999 0.6719999999999999 0.7530120484375 0.6759999999999999 0.8012048187499999 0.6980000000000001 0.8162650609375 0.71 0.8102409640625 0.706 0.78012048125
4 0.21600000000000003 0.879518071875 0.202 0.86445783125 0.20600000000000002 0.8072289156249999 0.256 0.5783132531249999 0.266 0.5481927703125 0.29 0.5512048187499999 0.3 0.515060240625 0.3 0.39156626562499997 0.31 0.37048192812499997 0.354 0.337349396875 0.35 0.28313252968749997 0.308 0.28012048125 0.296 0.2048192765625 0.322 0.1536144578125 0.33599999999999997 0.09638554218749999 0.32799999999999996 0.051204818750000006 0.316 0.030120481249999997 0.286 0.0240963859375 0.258 0.0481927703125 0.252 0.07831325312500001 0.258 0.150602409375 0.21600000000000003 0.19277108437499998 0.198 0.24698795156250003 0.198 0.337349396875 0.162 0.4397590359375 0.11599999999999999 0.7469879515625 0.098 0.9337349390625 0.2 0.9337349390625 0.21600000000000003 0.90662650625 0.21600000000000003 0.879518071875
4 0.718 0.49698795156250003 0.744 0.5481927703125 0.688 0.692771084375 0.6719999999999999 0.7560240968749999 0.674 0.7891566265625001 0.696 0.7981927703125 0.738 0.8614457828125 0.706 0.91566265 0.72 0.9578313250000001 0.746 0.9578313250000001 0.764 0.9126506031250001 0.874 0.9367469875 0.9019999999999999 0.9578313250000001 0.97 0.9487951812500001 0.974 0.8945783125 0.9640000000000001 0.8674698796874999 0.998 0.8162650609375 0.998 0.620481928125 0.9880000000000001 0.6024096390625 0.9359999999999999 0.5180722890625 0.8720000000000001 0.442771084375 0.786 0.41867469843749994 0.754 0.3734939765625 0.708 0.3674698796875 0.688 0.3885542171875 0.6759999999999999 0.4246987953125 0.6759999999999999 0.45180722968750003 0.6900000000000001 0.48192771093750003 0.704 0.5 0.718 0.49698795156250003
4 0.238 0.792168675 0.22200000000000003 0.88554216875 0.23199999999999998 0.900602409375 0.27 0.900602409375 0.27999999999999997 0.7981927703125 0.346 0.6807228921874999 0.372 0.67771084375 0.386 0.7530120484375 0.40199999999999997 0.9518072296875 0.484 0.9578313250000001 0.49000000000000005 0.9427710843750001 0.44800000000000006 0.9036144578125 0.438 0.67771084375 0.42000000000000004 0.5933734937499999 0.382 0.4759036140625 0.352 0.4608433734375 0.34199999999999997 0.43373493906249994 0.344 0.41566264999999997 0.376 0.40060240937499997 0.372 0.3765060234375 0.362 0.37048192812499997 0.36 0.3524096390625 0.314 0.3765060234375 0.32799999999999996 0.4397590359375 0.282 0.5963855421875001 0.272 0.67771084375 0.238 0.792168675
4 0.44000000000000006 0.5903614453125 0.45199999999999996 0.6174698796875 0.47000000000000003 0.6234939765624999 0.466 0.5662650609375001 0.512 0.41566264999999997 0.49400000000000005 0.33433735000000003 0.516 0.3102409640625 0.528 0.28012048125 0.536 0.28012048125 0.542 0.2108433734375 0.528 0.18674698750000002 0.49400000000000005 0.18072289218749998 0.47000000000000003 0.2108433734375 0.458 0.26204819218750003 0.43600000000000005 0.27409638593749996 0.384 0.265060240625 0.374 0.277108434375 0.41 0.4548192765625 0.43600000000000005 0.5361445781249999 0.44000000000000006 0.5903614453125
2 0.368 0.2710843375 0.344 0.292168675 0.33999999999999997 0.2981927703125 0.36 0.32831325312500004 0.384 0.307228915625 0.368 0.2710843375
2 0.748 0.8614457828125 0.72 0.8765060234375 0.706 0.9096385546875 0.708 0.9608433734374999 0.766 0.9578313250000001 0.764 0.900602409375 0.748 0.8614457828125