0 0.28794642812500004 0.2508361203125 0.2633928578125 0.2441471578125 0.25 0.260869565625 0.24330357187499999 0.2976588625 0.2946428578125 0.3076923078125 0.296875 0.270903009375 0.28794642812500004 0.2508361203125
0 0.3571428578125 0.30434782656250003 0.34821428593750003 0.2909699 0.33705357187499996 0.2909699 0.328125 0.30100334375000004 0.3258928578125 0.3076923078125 0.3258928578125 0.324414715625 0.3571428578125 0.317725753125 0.3571428578125 0.30434782656250003
0 0.6138392859375 0.26755852812500003 0.6160714281249999 0.264214046875 0.65625 0.260869565625 0.6584821421875 0.257525084375 0.6517857140625 0.2173913046875 0.6383928578125 0.207357859375 0.6160714281249999 0.207357859375 0.6071428578125 0.2140468234375 0.6026785718750001 0.2207357859375 0.5959821421875 0.2474916390625 0.5959821421875 0.257525084375 0.59375 0.260869565625 0.5959821421875 0.26755852812500003 0.6138392859375 0.26755852812500003
0 0.5357142859375 0.501672240625 0.5401785718750001 0.48829431406249996 0.5401785718750001 0.468227425 0.5379464281249999 0.4615384609375 0.5334821421875 0.4548494984375 0.5267857140625 0.4548494984375 0.5223214281249999 0.46488294375 0.5200892859375 0.4749163875 0.5200892859375 0.501672240625 0.5267857140625 0.505016721875 0.5357142859375 0.501672240625
0 0.703125 0.30100334375000004 0.7075892859375 0.2909699 0.7053571421875 0.2842809359375 0.7053571421875 0.2742474921875 0.7075892859375 0.270903009375 0.7053571421875 0.260869565625 0.7008928578125 0.2508361203125 0.6919642859375 0.2441471578125 0.6830357140625 0.2441471578125 0.6763392859375 0.2474916390625 0.6651785718750001 0.264214046875 0.6629464281249999 0.2742474921875 0.6629464281249999 0.2909699 0.6674107140625 0.2976588625 0.703125 0.30100334375000004
0 0.738515625 0.308772575 0.7433035718750001 0.3143812703125 0.7455357140625 0.3143812703125 0.7477678578125 0.3076923078125 0.7477678578125 0.2842809359375 0.7433035718750001 0.2775919734375 0.7366071421875 0.2742474921875 0.7299107140625 0.2775919734375 0.7254464281249999 0.2842809359375 0.7232142859375 0.2909699 0.7232142859375 0.30434782656250003 0.7291205359374999 0.30552508437500003 0.738515625 0.308772575
0 0.7842991078125 0.306772575 0.7924107140625 0.30434782656250003 0.7946428578125 0.30100334375000004 0.7946428578125 0.28762541875 0.7879464281249999 0.270903009375 0.7745535718750001 0.270903009375 0.7700892859375 0.2742474921875 0.765625 0.2809364546875 0.765625 0.3076923078125 0.7767857140625 0.3076923078125 0.7842991078125 0.306772575
0 0.8705357140625001 0.30434782656250003 0.8794642859374999 0.30434782656250003 0.8816964281249999 0.3076923078125 0.8928571421875 0.3076923078125 0.8950892859374999 0.30434782656250003 0.9107142859374999 0.30434782656250003 0.9151785718750001 0.2976588625 0.9151785718750001 0.2775919734375 0.9084821421875 0.2508361203125 0.8995535718750001 0.23745819375 0.8772321421875 0.23745819375 0.8727678578125 0.240802675 0.8638392859374999 0.257525084375 0.8616071421875 0.2775919734375 0.8571428578125 0.28762541875 0.8571428578125 0.2976588625 0.8705357140625001 0.30434782656250003
3 0.26116071406249997 0.9598662203125 0.27232142812500004 0.9498327765625 0.27455357187499996 0.93979933125 0.27232142812500004 0.93645485 0.27232142812500004 0.9230769234375 0.265625 0.9197324421875 0.25 0.9197324421875 0.2477678578125 0.9264214046875001 0.2477678578125 0.9464882937500001 0.2455357140625 0.9498327765625 0.25 0.9598662203125 0.26116071406249997 0.9598662203125
3 0.41071428593750003 0.8729096984375 0.41964285781250005 0.8561872906250001 0.41741071406249997 0.849498328125 0.40625 0.8428093640625001 0.39508928593750003 0.8428093640625001 0.3883928578125 0.8561872906250001 0.38616071406249997 0.8695652171875 0.390625 0.87625418125 0.40401785781250005 0.87625418125 0.41071428593750003 0.8729096984375
3 0.430803571875 0.9230769234375 0.4375 0.9264214046875001 0.44196428593750003 0.9331103671875001 0.446428571875 0.93645485 0.462053571875 0.93645485 0.46875 0.9297658859375 0.46875 0.9130434781250001 0.462053571875 0.9030100328125 0.462053571875 0.8996655515624999 0.45535714218749995 0.9063545156249999 0.453125 0.9030100328125 0.43526785781250005 0.9030100328125 0.430803571875 0.8963210703125 0.430803571875 0.9063545156249999 0.428571428125 0.909698996875 0.430803571875 0.9130434781250001 0.430803571875 0.9230769234375
3 0.6026785718750001 0.909698996875 0.6205357140625 0.9030100328125 0.6272321421875 0.8963210703125 0.6339285718750001 0.8963210703125 0.6361607140625 0.8929765890624999 0.6361607140625 0.8862876249999999 0.6339285718750001 0.88294314375 0.609375 0.87625418125 0.59375 0.88963210625 0.5915178578125 0.8963210703125 0.5915178578125 0.9063545156249999 0.59375 0.909698996875 0.6026785718750001 0.909698996875
3 0.6629464281249999 0.9197324421875 0.6696428578125 0.9130434781250001 0.6696428578125 0.8996655515624999 0.6629464281249999 0.8795986625 0.6495535718750001 0.8795986625 0.6450892859375 0.8862876249999999 0.6428571421875 0.8862876249999999 0.640625 0.8929765890624999 0.6450892859375 0.9130434781250001 0.6495535718750001 0.9197324421875 0.6629464281249999 0.9197324421875
3 0.8549107140625001 0.8428093640625001 0.8549107140625001 0.8628762546875001 0.859375 0.8695652171875 0.8705357140625001 0.8695652171875 0.8772321421875 0.8662207359374999 0.8816964281249999 0.859531771875 0.8794642859374999 0.8561872906250001 0.8794642859374999 0.8394648828125 0.8816964281249999 0.8327759203125 0.8794642859374999 0.8294314375 0.875 0.8294314375 0.8727678578125 0.8327759203125 0.8526785718750001 0.8327759203125 0.8526785718750001 0.8394648828125 0.8549107140625001 0.8428093640625001
3 0.887671875 0.7505986625000001 0.8950892859374999 0.7792642140625 0.8950892859374999 0.8026755859374999 0.9040178578125 0.81939799375 0.9129464281249999 0.81939799375 0.9151785718750001 0.8160535109374999 0.9174107140625001 0.8093645484374999 0.9174107140625001 0.795986621875 0.9196428578125 0.792642140625 0.9174107140625001 0.7892976593750001 0.9174107140625001 0.7792642140625 0.9136986609375001 0.7625953171875001 0.9084821421875 0.7725752515625001 0.8970156250000001 0.7505986625000001 0.8930111609375 0.7261036796875 0.889006696875 0.7316020062499999 0.887671875 0.7505986625000001
3 0.5089285718750001 0.735785953125 0.515625 0.735785953125 0.5200892859375 0.732441471875 0.5223214281249999 0.7257525078125 0.5223214281249999 0.70568561875 0.5178571421875 0.6923076921875 0.5066964281249999 0.6923076921875 0.49553571406249997 0.6989966562500001 0.49553571406249997 0.70568561875 0.5022321421875 0.729096990625 0.5089285718750001 0.735785953125
3 0.36383928593750003 0.6989966562500001 0.36383928593750003 0.6856187296875 0.3571428578125 0.6688963203125 0.35491071406249997 0.6655518390624999 0.34821428593750003 0.6655518390624999 0.34375 0.675585284375 0.33928571406249997 0.6923076921875 0.33928571406249997 0.70568561875 0.359375 0.70568561875 0.36383928593750003 0.6989966562500001