0 0.618 0.6486486484375 0.622 0.6606606609375001 0.626 0.6636636640625 0.632 0.6636636640625 0.634 0.6666666671875 0.638 0.6636636640625 0.65 0.6636636640625 0.654 0.6606606609375001 0.6639999999999999 0.6456456453125 0.666 0.6366366359375 0.6639999999999999 0.624624625 0.658 0.6126126125 0.658 0.609609609375 0.65 0.597597596875 0.638 0.5885885890625 0.634 0.5885885890625 0.628 0.5915915921875 0.62 0.603603603125 0.616 0.615615615625 0.616 0.6306306312500001 0.618 0.633633634375 0.618 0.6486486484375
0 0.542 0.6726726734375 0.542 0.6486486484375 0.54 0.6426426421875 0.53 0.6276276281250001 0.514 0.6276276281250001 0.506 0.6366366359375 0.502 0.6486486484375 0.5 0.6726726734375 0.506 0.68168168125 0.536 0.68168168125 0.542 0.6726726734375
0 0.426 0.6996997 0.43600000000000005 0.6996997 0.43600000000000005 0.696696696875 0.446 0.678678678125 0.446 0.6726726734375 0.442 0.6696696703125 0.42800000000000005 0.6696696703125 0.42400000000000004 0.675675675 0.422 0.675675675 0.422 0.69369369375 0.426 0.6996997
0 0.322 0.68168168125 0.324 0.678678678125 0.344 0.675675675 0.348 0.678678678125 0.35 0.675675675 0.356 0.6486486484375 0.352 0.6396396390625 0.352 0.6306306312500001 0.35 0.624624625 0.344 0.615615615625 0.33999999999999997 0.6126126125 0.32999999999999996 0.6126126125 0.324 0.615615615625 0.32 0.61861861875 0.312 0.633633634375 0.312 0.6456456453125 0.31 0.6486486484375 0.31 0.6546546546875 0.322 0.68168168125
0 0.21000000000000002 0.7207207203125 0.22799999999999998 0.7117117109375 0.236 0.702702703125 0.236 0.6876876875 0.23199999999999998 0.68168168125 0.22999999999999998 0.6726726734375 0.22000000000000003 0.6606606609375001 0.21200000000000002 0.6606606609375001 0.198 0.6696696703125 0.194 0.68168168125 0.192 0.690690690625 0.192 0.7117117109375 0.194 0.7177177171875 0.21000000000000002 0.7207207203125
0 0.366 0.5015015015625 0.376 0.5015015015625 0.378 0.4984984984375 0.378 0.4894894890625 0.372 0.48048048125 0.36 0.48048048125 0.356 0.48348348281250003 0.354 0.4894894890625 0.352 0.4984984984375 0.356 0.5075075078125 0.362 0.5075075078125 0.366 0.5015015015625
2 0.25196 0.9381111109375 0.259 0.930903903125 0.26539999999999997 0.9152822828125 0.26316 0.9054294296875 0.24828 0.9047087093749999 0.24028 0.9123994 0.24284 0.9325855859375001 0.25196 0.9381111109375
2 0.376636 0.9205795796875 0.388166 0.9163994000000001 0.386774 0.8960960968749999 0.38458800000000004 0.8829609609375 0.370672 0.8841561562500001 0.37007599999999996 0.8984864859374999 0.369082 0.9128168171875 0.376636 0.9205795796875
2 0.559018 0.9140420421875 0.572344 0.90445045 0.574288 0.8886036031250001 0.572066 0.8752612609374999 0.56096 0.8777627625 0.562904 0.8981951953125 0.5573520000000001 0.9077867875000001 0.559018 0.9140420421875
2 0.698382 0.9061081078125 0.7016899999999999 0.9170900906250001 0.715446 0.913690690625 0.7206699999999999 0.8995705703124999 0.722236 0.885447446875 0.7206699999999999 0.8702792796875001 0.704476 0.8674024031249999 0.7041280000000001 0.8702792796875001 0.70082 0.885447446875 0.698382 0.9061081078125
2 0.610556 0.9303603609375 0.61464 0.9151891890625 0.616788 0.8935615609375 0.610556 0.8832342343749999 0.597232 0.8971141140625001 0.595942 0.9184174171875 0.604324 0.9332642640625 0.610556 0.9303603609375
2 0.47801 0.8932402406250001 0.480374 0.8835555562499999 0.479086 0.8570870875000001 0.467696 0.8609609609375 0.46554599999999996 0.8758108109375 0.471564 0.8925945953125 0.47801 0.8932402406250001
3 0.3688 0.6943543546875001 0.36924 0.7102462468749999 0.38588 0.708084084375 0.37804000000000004 0.6970300296875 0.3688 0.6943543546875001
0 0.908 0.14205405468750001 0.8995200000000001 0.134603603125 0.8912000000000001 0.1341231234375 0.8832000000000001 0.142774775 0.88272 0.148303303125 0.892 0.1531081078125 0.9044800000000001 0.16776876875 0.90784 0.1574354359375 0.908 0.14205405468750001
2 0.91152 0.2235705703125 0.9068799999999999 0.217324325 0.9014 0.21327327343750002 0.8971199999999999 0.22693693750000002 0.9041600000000001 0.2353483484375 0.9092800000000001 0.2331831828125 0.91152 0.2235705703125
2 0.92896 0.2449609609375 0.91856 0.2415945953125 0.9131199999999999 0.2512072078125 0.9236800000000001 0.25769669687499996 0.92864 0.257216215625 0.92896 0.2449609609375