2 0.9578374999999999 0.576790625 0.9605609375 0.5696671875 0.9609796875000001 0.553325 0.9519718749999999 0.5547921875 0.9492484375 0.5721812500000001 0.9526 0.576790625 0.9578374999999999 0.576790625
2 0.9210375000000001 0.5311625 0.91875 0.521875 0.912478125 0.5260265625 0.909375 0.534375 0.9128203125000001 0.5383515625 0.9210375000000001 0.5311625
2 0.7830109375000001 0.574275 0.7854125 0.5555703125 0.78125 0.5515625 0.7754609375 0.562434375 0.775 0.5703125 0.776490625 0.5737593750000001 0.7830109375000001 0.574275
1 0.328125 0.7796875 0.359375 0.7734375 0.4078125 0.7859375 0.46875 0.771875 0.475 0.7515625 0.4796875 0.5859375 0.459375 0.53046875 0.478125 0.34375 0.4453125 0.34375 0.428125 0.3328125 0.421875 0.3359375 0.3671875 0.5390625 0.346875 0.540625 0.3421875 0.51875 0.3421875 0.3609375 0.325 0.3609375 0.2984375 0.3765625 0.2859375 0.4046875 0.2875 0.5984375 0.2953125 0.6171875 0.29375 0.7734375 0.328125 0.7796875
1 0.9435437500000001 0.55184375 0.9611750000000001 0.5497890625 0.9678515624999999 0.54619375 0.9769234375 0.5374640625 0.968878125 0.497234375 0.9606609374999999 0.47583593750000003 0.9568671875 0.47210156249999996 0.9411468749999999 0.48730624999999994 0.9404625 0.49843281250000004 0.9423453125 0.53695 0.9435437500000001 0.55184375
3 0.9609375 0.6546875 0.9765625 0.6546875 0.978125 0.653125 0.9765625 0.6453125 0.9734375 0.640625 0.96875 0.6390625 0.9625 0.64375 0.9625 0.6453125 0.9578125 0.65 0.9578125 0.653125 0.9609375 0.6546875
3 0.9265625 0.653125 0.928125 0.6484375 0.928125 0.640625 0.9265625 0.6375 0.9234375 0.6359375 0.9171875 0.6359375 0.9125 0.6375 0.9109375 0.6390625 0.9109375 0.64375 0.9234375 0.653125 0.9265625 0.653125
2 0.8135046875 0.5603265625 0.8108062500000001 0.54823125 0.806434375 0.5567921874999999 0.8095281249999999 0.562978125 0.8135046875 0.5603265625
1 0.8375 0.5140625 0.8296875 0.5234375 0.8171875 0.553125 0.8171875 0.5640625 0.825 0.565625 0.8421875 0.5625 0.85 0.553125 0.85 0.5484375 0.853125 0.54375 0.853125 0.5171875 0.8484375 0.475 0.8453125 0.4703125 0.834375 0.4671875 0.83125 0.46875 0.828125 0.4765625 0.828125 0.48125 0.8375 0.4890625 0.840625 0.50625 0.8375 0.5140625
3 0.840625 0.6734375 0.8453125 0.6734375 0.846875 0.6703125 0.8453125 0.6671875 0.8453125 0.6625 0.84375 0.6609375 0.8328125 0.6609375 0.825 0.66875 0.8234375 0.671875 0.8265625 0.675 0.8390625 0.675 0.840625 0.6734375
3 0.8256375 0.6677203125 0.8350640625000001 0.6588828125 0.8327078125 0.651075 0.824225 0.6499546875 0.8119375 0.6633015624999999 0.8123796875 0.67125625 0.81915625 0.6696359375000001 0.8256375 0.6677203125
1 0.8053812499999999 0.48535312499999994 0.8000624999999999 0.48655468749999997 0.7859906249999999 0.513153125 0.7832453125 0.5291125 0.784103125 0.5701265624999999 0.801434375 0.5715 0.8163640624999999 0.5678953124999999 0.8172218750000001 0.5366640625 0.8201390625 0.519675 0.8197953124999999 0.50165625 0.81173125 0.485525 0.8053812499999999 0.48535312499999994
3 0.781015625 0.6496125 0.7789421875 0.6486890625 0.7623109375 0.6580203124999999 0.7715765625000001 0.6607671875000001 0.7818734375 0.659565625 0.781015625 0.6496125
1 0.6922796875 0.5776656250000001 0.727496875 0.5694078124999999 0.731625 0.5545921875000001 0.7270109375 0.49727187500000003 0.7277390625 0.470553125 0.7226390625 0.46229531250000006 0.713409375 0.46375312500000004 0.6985953125 0.4720109375 0.696165625 0.4822125 0.7034515625 0.4766265625 0.7097671875 0.4722546875 0.710253125 0.5152453125 0.6956796875 0.51743125 0.6849937500000001 0.5662499999999999 0.6922796875 0.5776656250000001
1 0.72846875 0.5261750000000001 0.7304109375000001 0.5669796875 0.738425 0.56649375 0.751540625 0.5596921874999999 0.751784375 0.5103875 0.7457125 0.4894984375 0.7304406250000001 0.4805265625 0.735996875 0.48804218749999995 0.7376968749999999 0.5001859375000001 0.735996875 0.5205875 0.72846875 0.5261750000000001
2 0.682321875 0.5676687499999999 0.685721875 0.566453125 0.6869375 0.5533375 0.6811078125 0.5511515625000001 0.675521875 0.554309375 0.675521875 0.5591671875 0.682321875 0.5676687499999999
3 0.7019953125 0.6579421875 0.699809375 0.6414265625 0.6939796874999999 0.6511421875 0.6898515625 0.651384375 0.6903374999999999 0.6581859375 0.7019953125 0.6579421875
3 0.746440625 0.6649859375 0.7648984375000001 0.6577 0.7588265625 0.6467703124999999 0.751540625 0.64895625 0.7500828125 0.658428125 0.7432828125000001 0.662071875 0.746440625 0.6649859375
3 0.7391546875 0.6448265625 0.7347828125 0.6428843750000001 0.72846875 0.65065625 0.732596875 0.669115625 0.7391546875 0.6562421875 0.7391546875 0.6448265625
3 0.713653125 0.6734875 0.7117093750000001 0.66474375 0.70078125 0.6640140625 0.6973796875 0.6696015625 0.6847515625 0.6734875 0.6922796875 0.6778593749999999 0.713653125 0.6734875