0 0.124 0.46268656718749995 0.10400000000000001 0.46268656718749995 0.098 0.471641790625 0.10200000000000001 0.4985074625 0.132 0.48955223906249995 0.124 0.46268656718749995
0 0.398 0.2358208953125 0.39 0.16119402968750002 0.352 0.1134328359375 0.306 0.1373134328125 0.286 0.17910447812500002 0.282 0.21492537343749998 0.312 0.20298507500000001 0.348 0.20597015000000002 0.398 0.2358208953125
0 0.48 0.41492537343749997 0.458 0.3820895515625 0.446 0.3820895515625 0.426 0.40597015000000003 0.42800000000000005 0.44179104531249996 0.442 0.420895521875 0.47000000000000003 0.40895522343749996 0.48 0.41492537343749997
0 0.514 0.4955223875 0.514 0.5164179109375 0.54 0.5134328359375 0.534 0.4865671640625 0.514 0.4955223875
0 0.614 0.4925373140625 0.61 0.525373134375 0.634 0.5134328359375 0.626 0.4925373140625 0.614 0.4925373140625
0 0.778 0.3432835828125 0.742 0.32835820937500004 0.726 0.35223880625000004 0.728 0.40597015000000003 0.74 0.3820895515625 0.768 0.37611940312500003 0.778 0.3432835828125
0 0.658 0.46268656718749995 0.6559999999999999 0.477611940625 0.6940000000000001 0.477611940625 0.678 0.44776119375 0.658 0.46268656718749995
0 0.646 0.4597014921875 0.648 0.474626865625 0.6719999999999999 0.44776119375 0.6599999999999999 0.44179104531249996 0.646 0.4597014921875
2 0.702 0.573134328125 0.704 0.5820895515625 0.71 0.5820895515625 0.712 0.579104478125 0.722 0.579104478125 0.73 0.5701492531250001 0.732 0.5701492531250001 0.736 0.5611940296875 0.736 0.5343283578125 0.732 0.525373134375 0.72 0.528358209375 0.716 0.525373134375 0.708 0.525373134375 0.6980000000000001 0.54626865625 0.696 0.55522388125 0.6980000000000001 0.5582089546875 0.6980000000000001 0.5671641796875 0.702 0.573134328125
2 0.6900000000000001 0.6089552234375 0.6900000000000001 0.6119402984375 0.702 0.602985075 0.702 0.6 0.706 0.59402985 0.708 0.579104478125 0.6940000000000001 0.55522388125 0.688 0.5582089546875 0.678 0.573134328125 0.678 0.5970149250000001 0.682 0.602985075 0.6900000000000001 0.6089552234375
2 0.6289480000000001 0.6214417906249999 0.635954 0.6406208953125 0.653472 0.6441074625 0.660088 0.61562985 0.645584909375 0.601850271875 0.6289480000000001 0.6214417906249999
2 0.499892 0.654358209375 0.504636 0.636480596875 0.49221000000000004 0.628050746875 0.48227000000000003 0.6233283578125 0.47797799999999996 0.62265373125 0.46600400000000003 0.6391791046875 0.473234 0.654358209375 0.49017799999999995 0.6563820890625001 0.499892 0.654358209375
2 0.5466 0.6334626859375 0.53972 0.62414626875 0.5323599999999999 0.6370477609375 0.5394 0.6456477609375 0.54644 0.641585075 0.5466 0.6334626859375
2 0.5514 0.62573134375 0.54372 0.6258179109374999 0.54516 0.644211940625 0.55284 0.6425402984375 0.5514 0.62573134375
2 0.34199999999999997 0.8388059703125 0.356 0.880597015625 0.356 0.8865671640624999 0.372 0.8835820890624999 0.378 0.874626865625 0.386 0.8716417906249999 0.392 0.84776119375 0.39 0.8179104484374999 0.364 0.770149253125 0.356 0.7671641796875 0.34199999999999997 0.7880597015624999 0.34199999999999997 0.7910447765625 0.33399999999999996 0.8 0.32599999999999996 0.820895521875 0.32599999999999996 0.8298507468749999 0.324 0.8328358203124999 0.32599999999999996 0.8417910453124999 0.34199999999999997 0.8388059703125
2 0.45655799999999996 0.7175522390625 0.43628799999999995 0.6862059703125001 0.43049600000000005 0.7207940296875 0.44027000000000005 0.7543014921875 0.463798 0.7278208953124999 0.45655799999999996 0.7175522390625
3 0.438 0.9611940296875 0.442 0.9850746265625 0.45 0.9940298500000001 0.45999999999999996 0.9940298500000001 0.462 0.997014925 0.466 0.9940298500000001 0.47400000000000003 0.9940298500000001 0.46799999999999997 0.9343283578125 0.466 0.9313432828125 0.466 0.9074626859375 0.454 0.9014925375 0.438 0.9014925375 0.43600000000000005 0.9074626859375 0.43600000000000005 0.9343283578125 0.438 0.9373134328124999 0.438 0.9611940296875
3 0.604 0.877611940625 0.612 0.8925373140625 0.612 0.8985074624999999 0.616 0.8955223875 0.626 0.8955223875 0.636 0.8895522390625 0.638 0.8865671640624999 0.638 0.8626865671875 0.634 0.8119402984375 0.616 0.797014925 0.604 0.79402985 0.602 0.797014925 0.604 0.826865671875 0.606 0.8298507468749999 0.604 0.877611940625
3 0.686 0.8716417906249999 0.6900000000000001 0.8865671640624999 0.712 0.9044776125 0.712 0.8597014921874999 0.708 0.84776119375 0.708 0.8298507468749999 0.704 0.826865671875 0.696 0.8328358203124999 0.686 0.8328358203124999 0.6839999999999999 0.8358208953125 0.682 0.8417910453124999 0.682 0.85074626875 0.686 0.8597014921874999 0.686 0.8716417906249999
3 0.522586 0.633988059375 0.5131 0.6305880593750001 0.5108240000000001 0.6487134328125 0.52562 0.6572089546875 0.53776 0.645880596875 0.522586 0.633988059375
3 0.104024 0.67783880625 0.10217000000000001 0.6619283578124999 0.085952 0.65846865625 0.08549 0.671614925 0.091976 0.685450746875 0.104024 0.67783880625