0 0.67857 0.33274205 0.6825 0.31095406406250004 0.71 0.29328621875 0.7224999999999999 0.29328621875 0.7625 0.26501766718750003 0.7849999999999999 0.2579505296875 0.805 0.26501766718750003 0.8099999999999999 0.2579505296875 0.8 0.2438162546875 0.8 0.23321554843749998 0.775 0.1872791515625 0.7525000000000001 0.1660777390625 0.72 0.1660777390625 0.6950000000000001 0.1802120140625 0.67 0.212014134375 0.67 0.222614840625 0.665 0.23321554843749998 0.6656625 0.30746643125 0.658215 0.32922968125 0.66616 0.33484805624999997 0.67857 0.33274205
1 0.885 0.99646643125 0.9 0.9045936390625 0.8875 0.5971731453125 0.925 0.44522968125 0.8324999999999999 0.4028268546875 0.74 0.5441696109375 0.7335575000000001 0.55709540625 0.7224999999999999 0.5477031796875 0.6875 0.4664310953125 0.6725 0.4805653703125 0.655 0.5371024734375001 0.6599999999999999 0.770318021875 0.6475 0.932862190625 0.6599999999999999 0.99646643125 0.885 0.99646643125
1 0 0.8904593640625 0.034999999999999996 0.8833922265625 0.06 0.85159010625 0.05 0.6643109546875 0.08 0.6219081265625 0.10500000000000001 0.6113074203125 0.11750000000000001 0.6148409890625001 0.1324375 0.6280353359374999 0.13999999999999999 0.653710246875 0.1375 0.6784452296875 0.14750000000000002 0.6643109546875 0.1525 0.636042403125 0.15 0.5936395765625 0.1160525 0.53324735 0.1041375 0.494628975 0.103145 0.46584098906250004 0.08249999999999999 0.4558303890625 0.06 0.4593639578125 0.015 0.508833921875 0 0.5371024734375001 0 0.8904593640625
1 0.1675 0.636042403125 0.1575 0.6961130734375 0.18 0.7420494703125 0.20750000000000002 0.7597173140625 0.21749999999999997 0.7455830390625 0.22749999999999998 0.69964664375 0.29500000000000004 0.57597173125 0.2975 0.5335689046875001 0.27999999999999997 0.5265017671875001 0.26749999999999996 0.5300353359375001 0.24638 0.5734275625 0.24241000000000001 0.5965971734375 0.223045 0.6239823328125 0.2031875 0.6457491171874999 0.20750000000000002 0.5618374562499999 0.21000000000000002 0.5300353359375001 0.205 0.5229681984375001 0.19 0.5512367484375 0.16499999999999998 0.5653710249999999 0.16 0.5795053 0.155 0.6042402828125 0.1625 0.6042402828125 0.1675 0.6113074203125 0.1675 0.636042403125
2 0.2211475 0.8290212015625 0.2311475 0.8148869265625001 0.2211475 0.8078197875 0.2211475 0.8042862187500001 0.2111475 0.7936855125 0.2086475 0.7936855125 0.20364749999999998 0.8007526500000001 0.1986475 0.79721908125 0.1886475 0.8078197875 0.1861475 0.8148869265625001 0.20114749999999998 0.8325547703125 0.2161475 0.8325547703125 0.2211475 0.8290212015625
0 0.18837500000000001 0.5152544171875 0.20837500000000003 0.5187879859375 0.21837499999999999 0.5117208484375 0.21837499999999999 0.486985865625 0.22087500000000002 0.483452296875 0.21837499999999999 0.4304487625 0.22087500000000002 0.42691519375000003 0.21587499999999998 0.40924734999999995 0.203375 0.3951130734375 0.18837500000000001 0.38451236718750004 0.1817875 0.38163604218749997 0.170875 0.3774452296875 0.158375 0.3774452296875 0.135875 0.40924734999999995 0.133375 0.41984805625000005 0.120875 0.4375159015625 0.133375 0.46931802187500005 0.18837500000000001 0.5152544171875
0 0.1105825 0.4080106 0.12308250000000001 0.4080106 0.12808250000000002 0.41154417031249996 0.1380825 0.4009434625 0.1380825 0.39034275625000003 0.1405825 0.38680918750000004 0.1380825 0.38327561875 0.1380825 0.3656077734375 0.1305825 0.35500706718749997 0.1205825 0.3479399296875 0.1080825 0.3479399296875 0.09808249999999999 0.35500706718749997 0.09808249999999999 0.35854063593749996 0.0905825 0.3691413421875 0.0880825 0.37974205 0.0880825 0.393876325 0.10308250000000001 0.40447703125 0.1105825 0.4080106
0 0.16999999999999998 0.3816254421875 0.1925 0.3816254421875 0.21000000000000002 0.4028268546875 0.21749999999999997 0.4028268546875 0.21749999999999997 0.3851590109375 0.2125 0.3780918734375 0.2125 0.374558303125 0.20249999999999999 0.360424028125 0.1925 0.35335689062500003 0.175 0.35335689062500003 0.1625 0.360424028125 0.1575 0.367491165625 0.155 0.3816254421875 0.16 0.3780918734375 0.1675 0.3780918734375 0.16999999999999998 0.3816254421875
0 0.23127749999999997 0.5193356890625 0.23798499999999997 0.5189257953124999 0.2527475 0.5242049468750001 0.2802475 0.5242049468750001 0.2927475 0.510070671875 0.2952475 0.5030035328125 0.2952475 0.47473498281250004 0.2977475 0.46766784375 0.293965 0.4574876328125 0.2872575 0.45254063593750005 0.2852475 0.43233215625000004 0.27274750000000003 0.4146643109375 0.26524749999999997 0.4111307421875 0.2502475 0.4111307421875 0.2452475 0.4075971734375 0.2352475 0.4146643109375 0.22274750000000001 0.43233215625000004 0.2202475 0.4924028265625 0.22274750000000001 0.513604240625 0.22778 0.5164487624999999 0.23127749999999997 0.5193356890625
0 0.3020175 0.4408409890625 0.3095175 0.43024028281250004 0.307775 0.42018727968749997 0.30697 0.408491165625 0.30112 0.396795053125 0.2920175 0.391371025 0.2845175 0.39490459375000003 0.2770175 0.4055053 0.2745175 0.4125724375 0.2770175 0.41963957656249995 0.2920175 0.4443745578125 0.3020175 0.4408409890625
0 0.3275 0.4416961125 0.3375 0.4487632515625 0.34245000000000003 0.4449929328125 0.34750000000000003 0.43109540625 0.34500000000000003 0.4204947 0.34045000000000003 0.4133144875 0.335 0.4098939921875 0.32665 0.41246643125000004 0.31945 0.420385159375 0.3175 0.4275618375 0.32105 0.43424381562500003 0.3275 0.4416961125
0 0.35350000000000004 0.491166078125 0.361 0.501766784375 0.3685 0.505300353125 0.3735 0.512367490625 0.3835 0.512367490625 0.386 0.515901059375 0.39849999999999997 0.505300353125 0.40099999999999997 0.498233215625 0.39805 0.4854169609375 0.39905 0.46420494687499997 0.3935 0.4487632515625 0.386 0.43462897500000003 0.3785 0.43109540625 0.36845 0.42715194375000004 0.35350000000000004 0.43109540625 0.3435 0.44522968125 0.341 0.44522968125 0.341 0.4487632515625 0.33599999999999997 0.4558303890625 0.3335 0.4664310953125 0.33599999999999997 0.47703180156249997 0.341 0.48409894062500003 0.35350000000000004 0.491166078125
0 0.4252925 0.49490105937499995 0.44098499999999996 0.5066925796875 0.445985 0.5137597171875 0.450985 0.5102261484375 0.450985 0.5066925796875 0.45848500000000003 0.49255830312500004 0.45848500000000003 0.48195759687499995 0.455985 0.47135689062499997 0.443485 0.45368904531250004 0.438485 0.45015547656250005 0.42848499999999995 0.45015547656250005 0.41598499999999994 0.45722261406250003 0.41598499999999994 0.460756184375 0.410985 0.464289753125 0.405985 0.47842402812499996 0.413485 0.49255830312500004 0.418395 0.4962932859375 0.4252925 0.49490105937499995
0 0.48600000000000004 0.4801413421875 0.49349999999999994 0.49074205 0.49349999999999994 0.49427561875 0.49850000000000005 0.49780918749999997 0.50255 0.4985017671875 0.50615 0.48549116562499994 0.5135 0.4766077734375 0.5135 0.45540636093750003 0.51235 0.4393886921875 0.5085 0.430671378125 0.5035000000000001 0.427137809375 0.49415 0.42524734999999997 0.4885 0.427137809375 0.481 0.430671378125 0.476 0.437738515625 0.476 0.44833922187499997 0.48055000000000003 0.45975265 0.48600000000000004 0.4801413421875
0 0.5274 0.4713498234375 0.5282 0.463148409375 0.5263 0.4473462890625 0.5238 0.4402791515625 0.5163 0.4402791515625 0.514 0.4481554765625 0.5134000000000001 0.478137809375 0.5192 0.47955123750000006 0.5242 0.47587632500000004 0.5274 0.4713498234375
0 0.5353 0.4799681984375 0.5439 0.490318021875 0.5488999999999999 0.490318021875 0.5488999999999999 0.48678445156250005 0.5564 0.47971731406250007 0.5564 0.4691166078125 0.5495 0.4581908125 0.5439 0.4549823328125 0.5314 0.4549823328125 0.5288999999999999 0.4620494703125 0.5288999999999999 0.47265017656249997 0.5275000000000001 0.4771413421875 0.5353 0.4799681984375
0 0.58 0.4805653703125 0.5825 0.47703180156249997 0.5825 0.4664310953125 0.5775 0.4593639578125 0.5725 0.4558303890625 0.5599999999999999 0.4593639578125 0.5575 0.4664310953125 0.5625 0.4734982328125 0.575 0.4805653703125 0.58 0.4805653703125
0 0.5964 0.4628975265625 0.5989 0.4593639578125 0.5989 0.44522968125 0.5939 0.4416961125 0.5839000000000001 0.4416961125 0.5789 0.4487632515625 0.5789 0.4558303890625 0.5841999999999999 0.460385159375 0.5964 0.4628975265625
0 0.6408 0.4811307421875 0.6458 0.4775971734375 0.6483 0.46346289687500003 0.6433 0.456395759375 0.6396 0.4544452296875 0.6333 0.456395759375 0.6283000000000001 0.46346289687500003 0.6283000000000001 0.46699646718750004 0.6342 0.4748091875 0.6408 0.4811307421875
0 0.607 0.505865725 0.612 0.4987985859375 0.612 0.4846643109375 0.6096 0.4745265015625 0.6045 0.47053003593750004 0.597 0.47053003593750004 0.5945 0.4775971734375 0.5945 0.4881978796875 0.602 0.5023321562499999 0.607 0.505865725
0 0.5431275 0.5497773859375 0.54966 0.547975265625 0.5506274999999999 0.539176678125 0.5531275 0.5285759718749999 0.5581275 0.521508834375 0.5581275 0.5109081265625 0.5542675 0.5038268546875 0.5481275 0.5003074203125 0.5456274999999999 0.5003074203125 0.5381275 0.5109081265625 0.5356275 0.5109081265625 0.5306275 0.517975265625 0.5306275 0.525042403125 0.5381275 0.546243815625 0.5431275 0.5497773859375
1 0.415325 0.6036925796875 0.4209275 0.6085653703125 0.43342749999999997 0.619166078125 0.4398025 0.617289753125 0.44635749999999996 0.5876219078125 0.4568475 0.5721696109375001 0.4607825 0.5622791515625 0.46602499999999997 0.5567173140625 0.46952249999999995 0.55115194375 0.47433 0.5480636046875 0.487005 0.5369363953125 0.491375 0.5270459359374999 0.48744249999999995 0.5159222609375 0.48744249999999995 0.5177773859375 0.4834275 0.5096254421874999 0.4784275 0.502558303125 0.4709275 0.502558303125 0.43342749999999997 0.5343604234375 0.4309275 0.54496113125 0.421445 0.550537103125 0.4144525 0.5696961125 0.41183 0.5944204953125001 0.415325 0.6036925796875
0 0.635 0.3816254421875 0.6425 0.3816254421875 0.65951 0.3626395765625 0.67 0.356890459375 0.67 0.35335689062500003 0.675 0.349823321875 0.675 0.3356890453125 0.6675 0.3356890453125 0.665 0.3321554765625 0.655 0.3321554765625 0.6525000000000001 0.3356890453125 0.6425 0.3356890453125 0.635 0.3392226140625 0.635 0.346289753125 0.6275000000000001 0.356890459375 0.6275000000000001 0.371024734375 0.635 0.3816254421875
2 0.4375 0.6836254421875 0.445 0.658890459375 0.4425 0.651823321875 0.44000000000000006 0.651823321875 0.43499999999999994 0.644756184375 0.43499999999999994 0.6412226140625 0.425 0.655356890625 0.425 0.658890459375 0.42000000000000004 0.662424028125 0.4175 0.669491165625 0.4225 0.6836254421875 0.4325 0.6906925796875 0.4375 0.6836254421875