0 0.942 0.3841642234375 0.9560000000000001 0.3988269796875 0.962 0.395894428125 0.968 0.38709677343750004 0.9720000000000001 0.37536656874999996 0.974 0.3489736078125 0.97 0.33431085 0.958 0.3167155421875 0.9460000000000001 0.313782990625 0.944 0.310850440625 0.9359999999999999 0.310850440625 0.93 0.313782990625 0.9119999999999999 0.33431085 0.9099999999999999 0.3431085046875 0.9039999999999999 0.3519061578125 0.906 0.3607038125 0.942 0.3841642234375
0 0.8220000000000001 0.3841642234375 0.828 0.3929618765625 0.828 0.3988269796875 0.8300000000000001 0.40175953125 0.852 0.41348973593749994 0.86 0.41348973593749994 0.868 0.3988269796875 0.8720000000000001 0.3988269796875 0.874 0.395894428125 0.874 0.34604105625 0.868 0.3372434015625 0.868 0.33431085 0.86 0.325513196875 0.8480000000000001 0.31964809375000003 0.836 0.31964809375000003 0.818 0.33431085 0.8119999999999999 0.3431085046875 0.806 0.3607038125 0.806 0.3724340171875 0.8119999999999999 0.381231671875 0.8220000000000001 0.3841642234375
0 0.62 0.49266862187499993 0.624 0.498533725 0.638 0.5014662750000001 0.64 0.5043988265625 0.644 0.5014662750000001 0.6519999999999999 0.5014662750000001 0.658 0.4956011734375 0.6639999999999999 0.4809384171875 0.6679999999999999 0.44281525000000005 0.6639999999999999 0.425219940625 0.648 0.410557184375 0.642 0.40762463281250005 0.638 0.410557184375 0.63 0.410557184375 0.602 0.4398826984375 0.6 0.4457478 0.608 0.45747800625 0.62 0.4838709671875 0.62 0.49266862187499993
0 0.5599999999999999 0.41348973593749994 0.584 0.4193548390625 0.612 0.42228739062500004 0.618 0.410557184375 0.618 0.381231671875 0.616 0.3724340171875 0.606 0.354838709375 0.5980000000000001 0.3489736078125 0.5860000000000001 0.3489736078125 0.584 0.34604105625 0.576 0.3489736078125 0.568 0.3577712609375 0.568 0.3607038125 0.562 0.369501465625 0.558 0.381231671875 0.558 0.390029325 0.554 0.3988269796875 0.5559999999999999 0.40762463281250005 0.5599999999999999 0.41348973593749994
0 0.47000000000000003 0.390029325 0.47400000000000003 0.3841642234375 0.48666600000000004 0.3841642234375 0.52 0.390029325 0.526 0.3782991203125 0.518 0.3431085046875 0.508 0.32844574843749996 0.48600000000000004 0.32844574843749996 0.48 0.3313782984375 0.476 0.3372434015625 0.47400000000000003 0.3372434015625 0.466 0.3519061578125 0.462 0.381231671875 0.462 0.3841642234375 0.466 0.390029325 0.47000000000000003 0.390029325
2 0.438 0.76539589375 0.442 0.76246334375 0.446 0.7536656890625 0.44800000000000006 0.73607038125 0.454 0.721407625 0.45999999999999996 0.689149559375 0.47400000000000003 0.6422287390625 0.47000000000000003 0.6392961875000001 0.45999999999999996 0.6392961875000001 0.458 0.6363636359375 0.442 0.6363636359375 0.43 0.6832844578125 0.418 0.7184750734375001 0.41600000000000004 0.7448680359375001 0.42000000000000004 0.7595307921875001 0.42800000000000005 0.76539589375 0.438 0.76539589375
2 0.558 0.8064516125000001 0.558 0.8093841640624999 0.562 0.8093841640624999 0.568 0.797653959375 0.568 0.7536656890625 0.5660000000000001 0.7507331374999999 0.5660000000000001 0.7331378296875 0.564 0.7243401765625 0.558 0.7243401765625 0.55 0.7302052781249999 0.548 0.73607038125 0.548 0.782991203125 0.5519999999999999 0.797653959375 0.558 0.8064516125000001
2 0.786 0.7947214078125 0.794 0.79178885625 0.794 0.7800586515625 0.796 0.7771261 0.794 0.7741935484375 0.794 0.76539589375 0.792 0.76246334375 0.788 0.76246334375 0.786 0.76539589375 0.778 0.7595307921875001 0.776 0.76246334375 0.776 0.7771261 0.78 0.7888563046875 0.786 0.7947214078125
2 0.674 0.8064516125000001 0.6799999999999999 0.797653959375 0.682 0.7888563046875 0.6839999999999999 0.7448680359375001 0.686 0.741935484375 0.686 0.7302052781249999 0.688 0.7272727265625 0.688 0.715542521875 0.6900000000000001 0.7126099703125 0.6900000000000001 0.70674486875 0.686 0.70674486875 0.6839999999999999 0.70967741875 0.674 0.70967741875 0.6719999999999999 0.7126099703125 0.6719999999999999 0.721407625 0.6679999999999999 0.7302052781249999 0.6679999999999999 0.7478005859375 0.666 0.7507331374999999 0.666 0.8064516125000001 0.674 0.8064516125000001
1 0.51 0.6011730203125001 0.48200000000000004 0.604105571875 0.48 0.6275659828125 0.544 0.6275659828125 0.5559999999999999 0.533724340625 0.554 0.48680351875000005 0.544 0.4692082109375 0.54 0.48680351875000005 0.526 0.48680351875000005 0.512 0.4838709671875 0.492 0.45454545468749996 0.47800000000000004 0.45747800625 0.472 0.46627565937500004 0.508 0.5043988265625 0.516 0.577712609375 0.51 0.6011730203125001
1 0.9400000000000001 0.5865102640625001 0.942 0.6129032265625 0.978 0.618768328125 0.976 0.5923753671875 0.9400000000000001 0.5865102640625001