0 0.506 0.852852853125 0.51 0.84384384375 0.51 0.8348348343750001 0.512 0.83183183125 0.51 0.8108108109375 0.508 0.8078078078125 0.49400000000000005 0.8078078078125 0.49000000000000005 0.8108108109375 0.484 0.8198198203124999 0.484 0.84384384375 0.48600000000000004 0.852852853125 0.506 0.852852853125
0 0.296 0.84384384375 0.312 0.84384384375 0.32 0.8348348343750001 0.318 0.828828828125 0.318 0.8198198203124999 0.314 0.8138138140625 0.314 0.8108108109375 0.31 0.8078078078125 0.3 0.8078078078125 0.294 0.8138138140625 0.29 0.8258258265625 0.29 0.8348348343750001 0.294 0.846846846875 0.296 0.84384384375
0 0.122472 0.5419429421874999 0.12745 0.547015015625 0.131006 0.5534204203125 0.13669599999999998 0.5536876875 0.143808 0.54915015 0.146654 0.5414084078125 0.143096 0.532066065625 0.138296 0.523522521875 0.13313999999999998 0.5189849843750001 0.1278 0.5186516515624999 0.12282599999999999 0.5240570578125 0.120694 0.5296636640625 0.120694 0.5371381375000001 0.122472 0.5419429421874999
0 0.22275 0.434702703125 0.225772 0.44030630625 0.232884 0.43950750781250003 0.23893 0.43843843906249996 0.24319799999999997 0.43203303281250005 0.24053 0.42375675625 0.23715199999999997 0.41841741718750003 0.2352 0.413846846875 0.229506 0.41308108125 0.22417199999999998 0.41895195156250004 0.22275 0.4264264265625 0.22275 0.434702703125
0 0.342322 0.46486486562499996 0.35014599999999996 0.46646546562499996 0.353702 0.46673273281250005 0.36206 0.4632642640625 0.360636 0.4547207203125 0.357436 0.4440450453125 0.35388000000000003 0.43950750781250003 0.3478 0.43516816875000003 0.341966 0.44084084062500006 0.339834 0.45018318281249997 0.3393 0.45979279218749997 0.342322 0.46486486562499996
0 0.501992 0.610909909375 0.509814 0.6114444437500001 0.513016 0.6031711718749999 0.51266 0.5892882890625 0.5117700000000001 0.5794114109375 0.5080359999999999 0.5754084078124999 0.499146 0.575675675 0.496 0.5751081078125 0.489722 0.58315015 0.49096799999999996 0.59409309375 0.49559 0.6045045046874999 0.501992 0.610909909375
0 0.5645 0.5887417421875 0.56654 0.6009939937500001 0.574446 0.6009939937500001 0.578272 0.6009939937500001 0.5792919999999999 0.581852853125 0.5806 0.567303303125 0.574192 0.562324325 0.565266 0.564240240625 0.56297 0.5761081078125 0.5645 0.5887417421875
0 0.33566799999999997 0.8162402406249999 0.33872800000000003 0.8162402406249999 0.34117600000000003 0.8058258265625 0.350356 0.8058258265625 0.358518 0.8027627624999999 0.358722 0.79724925 0.35382600000000003 0.7889789796875 0.350152 0.7840780781250001 0.346532 0.7818948953125 0.33872800000000003 0.7886726734375 0.33628 0.7957177171875001 0.33628 0.8049069062499999 0.33566799999999997 0.8162402406249999
3 0.13030999999999998 0.6888828828125 0.1288 0.673759759375 0.118922 0.666153153125 0.11244000000000001 0.6771621624999999 0.11093 0.68548048125 0.11395 0.6934174171875 0.13030999999999998 0.6888828828125
3 0.162714 0.6718708703125 0.153654 0.668846846875 0.147614 0.686234234375 0.155918 0.6964414421875 0.165482 0.6866126125 0.162714 0.6718708703125
3 0.23249399999999998 0.6349759765625 0.222238 0.6396426421875 0.22500599999999998 0.6634594593750001 0.23784200000000003 0.65551951875 0.23249399999999998 0.6349759765625
3 0.26301 0.650228228125 0.26074600000000003 0.6301921921875 0.251936 0.6313273265625 0.248412 0.635864865625 0.248162 0.64909309375 0.26301 0.650228228125
3 0.347324 0.676690690625 0.356888 0.6732882890624999 0.354372 0.6532522515625 0.345438 0.6524534531249999 0.345814 0.6611921921875 0.341788 0.66875075 0.347324 0.676690690625
3 0.38683999999999996 0.6785795796875 0.392376 0.6751771765625 0.393384 0.6653483484375 0.38835000000000003 0.662702703125 0.384762 0.655759759375 0.376772 0.6577897890625 0.377276 0.6698858859375 0.38683999999999996 0.6785795796875