0 0.0375 0.47000000000000003 0.0375 0.4566666671875 0.0325 0.45 0.0325 0.44666666718750003 0.027500000000000004 0.44333333281250004 0.02 0.4533333328125 0.02 0.47000000000000003 0.025 0.4766666671875 0.0375 0.47000000000000003
0 0.04 0.4566666671875 0.04 0.45999999999999996 0.042499999999999996 0.45999999999999996 0.042499999999999996 0.4566666671875 0.0475 0.45 0.065 0.45 0.0675 0.44666666718750003 0.075 0.44666666718750003 0.075 0.43666666718749997 0.0675 0.4266666671875 0.06 0.4233333328125 0.0475 0.4233333328125 0.04 0.4266666671875 0.034999999999999996 0.43333333281249997 0.0325 0.44000000000000006 0.0325 0.45 0.034999999999999996 0.45 0.04 0.4566666671875
0 0.13999999999999999 0.54 0.14250000000000002 0.5466666671875 0.14750000000000002 0.5466666671875 0.1525 0.5366666671875 0.1525 0.5166666671875 0.15 0.51 0.1375 0.5 0.125 0.5033333328125 0.11499999999999999 0.5166666671875 0.11750000000000001 0.52 0.1275 0.5233333328125 0.13999999999999999 0.54
0 0.2725 0.4766666671875 0.275 0.48 0.28250000000000003 0.4766666671875 0.27999999999999997 0.4566666671875 0.27749999999999997 0.4533333328125 0.26 0.4533333328125 0.255 0.45999999999999996 0.255 0.4733333328125 0.2575 0.4766666671875 0.2725 0.4766666671875
0 0.3125 0.5166666671875 0.325 0.5166666671875 0.3275 0.5133333328125 0.35 0.5133333328125 0.3525 0.5166666671875 0.35750000000000004 0.5166666671875 0.3675 0.5066666671875 0.3675 0.48666666718749996 0.355 0.47000000000000003 0.34500000000000003 0.46333333281250005 0.3325 0.46333333281250005 0.3225 0.47000000000000003 0.32 0.48 0.3075 0.4966666671875 0.3075 0.5133333328125 0.3125 0.5166666671875
0 0.465 0.5700000000000001 0.46749999999999997 0.5733333328125 0.4875 0.5833333328125 0.495 0.5833333328125 0.49749999999999994 0.58 0.5 0.5733333328125 0.5 0.5566666671875 0.495 0.5433333328125001 0.49000000000000005 0.54 0.48250000000000004 0.5266666671875 0.47750000000000004 0.5266666671875 0.4725 0.5333333328125 0.45499999999999996 0.5466666671875 0.44749999999999995 0.5599999999999999 0.44749999999999995 0.5666666671875 0.45 0.5700000000000001 0.465 0.5700000000000001
2 0.5119024999999999 0.7295533328125 0.522345 0.7165366671875 0.526725 0.6994766671875 0.508465 0.6903833328125 0.49607 0.71474 0.49269999999999997 0.72237 0.5001125 0.7277566671875 0.5119024999999999 0.7295533328125
2 0.182815 0.5763866671875 0.175405 0.57863 0.1723925 0.5878333328124999 0.175405 0.60332 0.1841625 0.5997266671875 0.18888 0.5916466671875 0.182815 0.5763866671875
2 0.5286725 0.6460233328125 0.5304525 0.6344966671875001 0.5240925 0.6253433328125 0.5157 0.6192433328125 0.5144225 0.62166 0.51163 0.63653 0.513155 0.6436499999999999 0.5220575000000001 0.6439866671875001 0.5286725 0.6460233328125
3 0.13 0.7966666671875 0.135 0.7933333328125001 0.155 0.77 0.155 0.76 0.145 0.76 0.14250000000000002 0.7633333328125 0.1325 0.7633333328125 0.13 0.76 0.11499999999999999 0.7666666671875 0.11750000000000001 0.7933333328125001 0.12 0.7966666671875 0.13 0.7966666671875
3 0.3775 0.9666666671874999 0.42000000000000004 0.9533333328125 0.42750000000000005 0.9433333328125 0.43 0.9433333328125 0.4325 0.9366666671875 0.4325 0.93 0.4225 0.9199999999999999 0.4225 0.9166666671874999 0.3875 0.93 0.3775 0.9233333328125 0.3725 0.9233333328125 0.37 0.9266666671875001 0.3675 0.9333333328125001 0.37 0.9366666671875 0.37 0.96 0.3775 0.9666666671874999
3 0.2831575 0.8469233328125 0.26594 0.8423333328125 0.2575225 0.85355 0.24185500000000001 0.8403833328125 0.2406875 0.8652766671875 0.2624975 0.8688466671875 0.27895 0.8591599999999999 0.2831575 0.8469233328125
3 0.07652250000000001 0.7939333328125 0.069465 0.7864099999999999 0.0505525 0.7852833328125 0.050835 0.7661 0.032382499999999995 0.7639166671875001 0.0310775 0.79732 0.044625 0.80597 0.056482500000000005 0.8037133328125 0.07652250000000001 0.7939333328125
3 0.045755000000000004 0.7653466671875 0.049425000000000004 0.7792633328125 0.0734175 0.78152 0.0869675 0.7773833328124999 0.0875325 0.7706133328125 0.07624 0.76986 0.0683375 0.76986 0.0657975 0.7638433328125 0.065085 0.7524866671875 0.06495 0.7529333328125001 0.048295 0.7518066671875 0.045755000000000004 0.7653466671875