0 0.462 0.42517006874999996 0.47400000000000003 0.42517006874999996 0.476 0.42346938749999996 0.47800000000000004 0.42006802656250003 0.47800000000000004 0.406462584375 0.47400000000000003 0.40306122499999997 0.47400000000000003 0.40136054374999997 0.466 0.397959184375 0.462 0.397959184375 0.454 0.40136054374999997 0.454 0.40306122499999997 0.45 0.406462584375 0.44800000000000006 0.41156462656250004 0.44800000000000006 0.41836734687500005 0.45 0.42006802656250003 0.462 0.42517006874999996
0 0.5134380000000001 0.4906921765625 0.526 0.48979591874999995 0.542 0.48469387812500003 0.542 0.48129251718750005 0.538 0.4744897953125 0.532 0.4693877546875 0.514 0.4693877546875 0.504 0.47789115625 0.502 0.48299319687500003 0.502 0.48979591874999995 0.508 0.4982993203125 0.5134380000000001 0.4906921765625
0 0.272 0.40136054374999997 0.279126 0.399336734375 0.286 0.397959184375 0.286 0.3894557828125 0.284 0.3877551015625 0.27599999999999997 0.38435374218749996 0.268 0.386054421875 0.262 0.3911564625 0.262 0.3996598640625 0.266 0.40306122499999997 0.272 0.40136054374999997
3 0.422 0.591836734375 0.427348 0.5926632656249999 0.427614 0.5872465984375 0.42400000000000004 0.58673469375 0.41407999999999995 0.58386054375 0.40532399999999996 0.5852142859375 0.40028199999999997 0.5863435375 0.398 0.5850340140625 0.398 0.5901360546875 0.4 0.591836734375 0.422 0.591836734375
3 0.442 0.6088435375000001 0.458 0.602040815625 0.462 0.59863945625 0.462 0.5952380953125 0.458 0.591836734375 0.44565599999999994 0.592437075 0.43982 0.5965 0.43600000000000005 0.603741496875 0.438 0.6071428578125 0.442 0.6088435375000001
3 0.488 0.6377551015625 0.496 0.6224489796875 0.49000000000000005 0.6224489796875 0.484 0.6173469390624999 0.48 0.6173469390624999 0.476 0.624149659375 0.476 0.636054421875 0.484 0.6394557828125 0.488 0.6377551015625
3 0.638 0.6887755109375 0.638 0.6938775515625 0.648 0.6938775515625 0.654 0.6921768703125 0.654 0.6870748296875 0.6559999999999999 0.68367346875 0.6519999999999999 0.6768707484375 0.650376 0.6715272109375 0.6471899999999999 0.6638537421875 0.642414 0.6620476187500001 0.63127 0.6640799312500001 0.634 0.6768707484375 0.636 0.6785714281249999 0.636 0.6870748296875 0.638 0.6887755109375
3 0.866 0.809523809375 0.8720000000000001 0.809523809375 0.874 0.8112244890625 0.908 0.8112244890625 0.9099999999999999 0.809523809375 0.924 0.809523809375 0.93 0.8044217687499999 0.9259999999999999 0.797619046875 0.9179999999999999 0.797619046875 0.914 0.8010204078125 0.908 0.799319728125 0.9 0.8027210890625 0.8880000000000001 0.797619046875 0.8800000000000001 0.79251700625 0.866 0.7942176875 0.858 0.797619046875 0.8560000000000001 0.8010204078125 0.858 0.8044217687499999 0.8619999999999999 0.8078231296875 0.866 0.809523809375
3 0.866 0.79251700625 0.868 0.7942176875 0.874 0.79251700625 0.876 0.787414965625 0.871846 0.78567346875 0.859834 0.783835034375 0.84734 0.7781139453125 0.841816 0.7725952375 0.842 0.7687074828125 0.834 0.7704081625 0.8320000000000001 0.77210884375 0.834 0.782312925 0.86 0.79251700625 0.866 0.79251700625
3 0.275874 0.5366683671875 0.28562 0.5319948984375 0.282076 0.52882993125 0.274 0.5306122453125 0.268786 0.53320238125 0.265064 0.53485884375 0.262 0.537414965625 0.262 0.54251700625 0.272506 0.5413418375 0.275874 0.5366683671875
3 0.27999999999999997 0.5459183671875001 0.288 0.5459183671875001 0.292 0.5442176875 0.292 0.5357142859375 0.286152 0.5339557828125 0.282 0.5357142859375 0.282 0.537414965625 0.280304 0.5422448984375 0.28065799999999996 0.5443554421875 0.27999999999999997 0.5459183671875001