0 0.682 0.370607028125 0.6900000000000001 0.37699680468749996 0.6900000000000001 0.35782747656249997 0.6799999999999999 0.34185303437500003 0.6759999999999999 0.338658146875 0.6639999999999999 0.338658146875 0.6559999999999999 0.3482428109375 0.654 0.35782747656249997 0.654 0.37699680468749996 0.6599999999999999 0.3738019171875 0.682 0.370607028125
0 0.606 0.37699680468749996 0.608 0.3738019171875 0.606 0.3482428109375 0.602 0.335463259375 0.5980000000000001 0.32907348281250004 0.5900000000000001 0.32268370625 0.5820000000000001 0.32268370625 0.58 0.32587859375 0.572 0.32587859375 0.5660000000000001 0.3322683703125 0.5599999999999999 0.3514377 0.5599999999999999 0.3738019171875 0.564 0.37699680468749996 0.606 0.37699680468749996
0 0.558 0.3929712453125 0.5599999999999999 0.38977635781250003 0.5599999999999999 0.38019169375 0.5559999999999999 0.3610223640625 0.546 0.3514377 0.532 0.3514377 0.522 0.364217253125 0.522 0.37699680468749996 0.518 0.3865814703125 0.52 0.396166134375 0.558 0.3929712453125
0 0.48200000000000004 0.3865814703125 0.484 0.38338658125 0.492 0.38338658125 0.49400000000000005 0.38019169375 0.5 0.38019169375 0.51 0.3738019171875 0.51 0.35782747656249997 0.5 0.34185303437500003 0.5 0.338658146875 0.496 0.335463259375 0.48 0.335463259375 0.472 0.34185303437500003 0.466 0.3546325875 0.466 0.38019169375 0.46399999999999997 0.38338658125 0.47000000000000003 0.3929712453125 0.48200000000000004 0.3865814703125
0 0.41200000000000003 0.3514377 0.414 0.3482428109375 0.42000000000000004 0.3482428109375 0.418 0.32907348281250004 0.41200000000000003 0.3162939296875 0.40199999999999997 0.309904153125 0.398 0.309904153125 0.396 0.3130990421875 0.396 0.32907348281250004 0.394 0.3322683703125 0.396 0.3514377 0.41200000000000003 0.3514377
0 0.392 0.338658146875 0.394 0.3322683703125 0.394 0.306709265625 0.392 0.3003194890625 0.378 0.277955271875 0.374 0.2747603828125 0.362 0.2747603828125 0.358 0.277955271875 0.354 0.28434504843749997 0.352 0.28434504843749997 0.344 0.306709265625 0.34199999999999997 0.32587859375 0.344 0.335463259375 0.348 0.34185303437500003 0.392 0.338658146875
0 0.256 0.335463259375 0.27 0.32587859375 0.304 0.3130990421875 0.306 0.3162939296875 0.314 0.3162939296875 0.316 0.3130990421875 0.308 0.2875399359375 0.298 0.2715654953125 0.286 0.26517571875 0.274 0.26517571875 0.268 0.26837060625000003 0.258 0.277955271875 0.254 0.2875399359375 0.246 0.3194888171875 0.246 0.32907348281250004 0.252 0.335463259375 0.256 0.335463259375
0 0.192 0.37699680468749996 0.20800000000000002 0.37699680468749996 0.21000000000000002 0.3738019171875 0.21000000000000002 0.3610223640625 0.20800000000000002 0.3546325875 0.198 0.34185303437500003 0.186 0.34185303437500003 0.182 0.3450479234375 0.176 0.35782747656249997 0.174 0.370607028125 0.176 0.3738019171875 0.19 0.3738019171875 0.192 0.37699680468749996
0 0.028000000000000004 0.309904153125 0.046 0.2939297125 0.052000000000000005 0.2939297125 0.054000000000000006 0.29073482500000003 0.086 0.2875399359375 0.10600000000000001 0.29073482500000003 0.10600000000000001 0.281150159375 0.08199999999999999 0.2396166140625 0.066 0.23003194843750002 0.05 0.23003194843750002 0.048 0.2332268375 0.036 0.23642172499999997 0.032 0.2428115015625 0.026000000000000002 0.26837060625000003 0.026000000000000002 0.277955271875 0.024 0.281150159375 0.024 0.309904153125 0.028000000000000004 0.309904153125
0 0 0.2875399359375 0.002 0.2875399359375 0.004 0.281150159375 0.026000000000000002 0.26198083125 0.03 0.2460063890625 0.034 0.2396166140625 0.034 0.2332268375 0.028000000000000004 0.22683706093749997 0.016 0.22683706093749997 0.01 0.23003194843750002 0.002 0.2428115015625 0 0.2428115015625 0 0.2875399359375
3 0.32599999999999996 0.9968051125 0.34199999999999997 0.9968051125 0.348 0.9840255593749999 0.348 0.9456869015624999 0.32599999999999996 0.9488817890625001 0.322 0.96805111875 0.322 0.9840255593749999 0.324 0.9936102234374999 0.32599999999999996 0.9968051125
3 0.38 0.9488817890625001 0.39 0.9552715656249999 0.4 0.96805111875 0.40599999999999997 0.97124600625 0.418 0.97124600625 0.422 0.96805111875 0.42400000000000004 0.958466453125 0.42000000000000004 0.9456869015624999 0.40800000000000003 0.926517571875 0.40599999999999997 0.926517571875 0.398 0.9329073484375 0.376 0.9361022359375 0.376 0.9424920125 0.38 0.9488817890625001
3 0.43 0.8881789140624999 0.43600000000000005 0.8881789140624999 0.438 0.8913738015625 0.44400000000000006 0.884984025 0.442 0.8690095843750001 0.438 0.8594249203125001 0.426 0.8594249203125001 0.42400000000000004 0.865814696875 0.418 0.865814696875 0.41600000000000004 0.8626198078125 0.41200000000000003 0.865814696875 0.41 0.8690095843750001 0.41200000000000003 0.8722044734375001 0.422 0.8785942484374999 0.43 0.8881789140624999
3 0.462 0.929712459375 0.47000000000000003 0.929712459375 0.47800000000000004 0.9201277953125 0.48200000000000004 0.9041533546875 0.48200000000000004 0.8913738015625 0.45999999999999996 0.894568690625 0.458 0.9009584671875001 0.45599999999999996 0.9105431312500001 0.45599999999999996 0.9201277953125 0.458 0.926517571875 0.462 0.929712459375
3 0.524 0.9073482421874999 0.53 0.9073482421874999 0.536 0.9009584671875001 0.536 0.8913738015625 0.532 0.884984025 0.532 0.8817891375 0.53 0.8817891375 0.526 0.8753993609374999 0.516 0.8753993609374999 0.496 0.8817891375 0.496 0.884984025 0.508 0.897763578125 0.524 0.9073482421874999
3 0.532 0.85303514375 0.542 0.85303514375 0.548 0.8466453671874999 0.55 0.8370607031249999 0.55 0.8210862625 0.548 0.8178913734375 0.546 0.8210862625 0.528 0.8210862625 0.528 0.8434504796875 0.532 0.85303514375
3 0.564 0.958466453125 0.568 0.9552715656249999 0.5740000000000001 0.9456869015624999 0.576 0.9361022359375 0.58 0.929712459375 0.58 0.926517571875 0.5740000000000001 0.926517571875 0.5599999999999999 0.9105431312500001 0.5599999999999999 0.9169329078124999 0.5519999999999999 0.926517571875 0.55 0.9329073484375 0.55 0.9520766765625 0.554 0.958466453125 0.564 0.958466453125
3 0.63 0.9840255593749999 0.64 0.9840255593749999 0.644 0.9776357828125001 0.644 0.9488817890625001 0.642 0.9456869015624999 0.62 0.9456869015624999 0.62 0.96805111875 0.626 0.9808306703125 0.63 0.9840255593749999
3 0.5980000000000001 0.8466453671874999 0.5980000000000001 0.8370607031249999 0.5900000000000001 0.8306709265625001 0.5860000000000001 0.8306709265625001 0.5860000000000001 0.8466453671874999 0.588 0.84984025625 0.5980000000000001 0.8466453671874999
3 0.64 0.7891373796875001 0.646 0.7891373796875001 0.648 0.7859424921875 0.65 0.7795527156250001 0.65 0.7667731625 0.64 0.7507987218750001 0.636 0.7507987218750001 0.634 0.7539936109375 0.634 0.7859424921875 0.638 0.79233226875 0.64 0.7891373796875001
3 0.678 0.8210862625 0.686 0.8210862625 0.6900000000000001 0.8146964859375 0.6900000000000001 0.8051118203125001 0.692 0.7987220453125 0.688 0.79233226875 0.686 0.79552715625 0.674 0.79552715625 0.674 0.8178913734375 0.678 0.8210862625