0 0.6519999999999999 0.1321321328125 0.666 0.084084084375 0.654 0.0420420421875 0.608 0.0210210203125 0.576 0.0330330328125 0.5599999999999999 0.06906906874999999 0.568 0.165165165625 0.5900000000000001 0.18918918906249999 0.634 0.159159159375 0.6519999999999999 0.1321321328125
0 0.11200000000000002 0.3423423421875 0.098 0.32432432499999997 0.06 0.32432432499999997 0.046 0.3603603609375 0.04 0.39939939999999996 0.05600000000000001 0.41141141093750005 0.126 0.39339339375 0.11200000000000002 0.3423423421875
0 0.562 0.3573573578125 0.5519999999999999 0.30630630625 0.536 0.29429429375 0.514 0.303303303125 0.5 0.32732732656249997 0.49400000000000005 0.3483483484375 0.5 0.36336336406249997 0.506 0.3543543546875 0.562 0.3573573578125
0 0.596 0.3483483484375 0.5980000000000001 0.3453453453125 0.596 0.3423423421875 0.596 0.31831831875 0.588 0.31531531562500004 0.58 0.321321321875 0.5780000000000001 0.3303303296875 0.576 0.3423423421875 0.576 0.3603603609375 0.596 0.3573573578125 0.596 0.3483483484375
0 0.366 0.3363363359375 0.372 0.3303303296875 0.372 0.309309309375 0.368 0.30630630625 0.358 0.30630630625 0.354 0.309309309375 0.352 0.3123123125 0.352 0.3303303296875 0.356 0.3363363359375 0.366 0.3363363359375
0 0.40599999999999997 0.37837837812499997 0.41 0.36936936875000004 0.40800000000000003 0.3513513515625 0.404 0.3453453453125 0.398 0.3453453453125 0.398 0.36936936875000004 0.4 0.37837837812499997 0.40599999999999997 0.37837837812499997
3 0.8859999999999999 0.3603603609375 0.9039999999999999 0.3603603609375 0.906 0.36336336406249997 0.916 0.36336336406249997 0.9199999999999999 0.3603603609375 0.916 0.2762762765625 0.914 0.2702702703125 0.9099999999999999 0.26426426406250003 0.908 0.26426426406250003 0.9 0.2762762765625 0.89 0.2762762765625 0.8880000000000001 0.2792792796875 0.868 0.2792792796875 0.866 0.2882882890625 0.876 0.321321321875 0.884 0.3573573578125 0.8859999999999999 0.3603603609375
2 0.8140000000000001 0.5675675671875 0.8240000000000001 0.5675675671875 0.8380000000000001 0.5555555562500001 0.844 0.5585585578125001 0.85 0.5465465468749999 0.85 0.525525525 0.852 0.522522521875 0.85 0.5135135140625 0.852 0.5045045046875 0.8480000000000001 0.48648648593750005 0.8460000000000001 0.43843843906249996 0.8400000000000001 0.4324324328125 0.806 0.4294294296875 0.8 0.4324324328125 0.8 0.44744744687500004 0.796 0.459459459375 0.79 0.5015015015625 0.79 0.53153153125 0.792 0.540540540625 0.8140000000000001 0.5675675671875
2 0.592 0.5495495499999999 0.6 0.5465465468749999 0.614 0.5705705703125 0.62 0.5675675671875 0.624 0.5615615609375 0.626 0.5555555562500001 0.626 0.54354354375 0.632 0.525525525 0.636 0.51951951875 0.636 0.5135135140625 0.628 0.48048048125 0.63 0.47747747812499997 0.632 0.465465465625 0.596 0.471471471875 0.5900000000000001 0.48348348281250003 0.5900000000000001 0.5015015015625 0.588 0.5045045046875 0.588 0.54354354375 0.592 0.5495495499999999
3 0.774 0.9579579578124999 0.806 0.9579579578124999 0.826 0.9489489484375 0.828 0.927927928125 0.8240000000000001 0.909909909375 0.818 0.846846846875 0.8119999999999999 0.83183183125 0.8099999999999999 0.828828828125 0.768 0.828828828125 0.766 0.83183183125 0.768 0.852852853125 0.758 0.9129129125000001 0.732 0.9369369375 0.724 0.939939940625 0.722 0.9579579578124999 0.736 0.9639639640625 0.772 0.9609609609374999 0.774 0.9579579578124999
3 0.718 0.9459459453125 0.744 0.924924925 0.75 0.9159159156250001 0.756 0.9129129125000001 0.766 0.8948948953125001 0.764 0.828828828125 0.744 0.8168168171874999 0.72 0.8138138140625 0.718 0.8168168171874999 0.718 0.8408408406250001 0.72 0.84384384375 0.71 0.8828828828124999 0.704 0.8888888890625 0.688 0.8918918921874999 0.678 0.8978978984375001 0.6719999999999999 0.90690690625 0.67 0.9129129125000001 0.674 0.921921921875 0.714 0.9459459453125 0.718 0.9459459453125
2 0.438 0.41141141093750005 0.44000000000000006 0.41741741718750003 0.442 0.42042042031250004 0.446 0.42042042031250004 0.45199999999999996 0.4294294296875 0.458 0.4294294296875 0.476 0.39939939999999996 0.46399999999999997 0.390390390625 0.45999999999999996 0.375375375 0.454 0.375375375 0.45199999999999996 0.372372371875 0.43600000000000005 0.372372371875 0.43600000000000005 0.396396396875 0.438 0.39939939999999996 0.438 0.41141141093750005
2 0.426 0.5675675671875 0.42800000000000005 0.5705705703125 0.44400000000000006 0.5705705703125 0.442 0.5675675671875 0.442 0.5495495499999999 0.44400000000000006 0.5465465468749999 0.442 0.534534534375 0.438 0.5285285281250001 0.43 0.5285285281250001 0.42400000000000004 0.534534534375 0.41600000000000004 0.5585585578125001 0.41600000000000004 0.5645645640625 0.418 0.5675675671875 0.426 0.5675675671875
2 0.3512 0.44360360312499997 0.352622 0.4403994 0.351556 0.42224324375 0.344798 0.42491291249999996 0.341242 0.42544744687499997 0.346578 0.4438708703125 0.3512 0.44360360312499997
2 0.10200000000000001 0.7387387390625 0.06999999999999999 0.7387387390625 0.06999999999999999 0.8228228234375001 0.098 0.8378378375000001 0.10800000000000001 0.8018018015624999 0.10200000000000001 0.7387387390625