2 0.471618534375 0.0926969234375 0.4626896546875 0.10048923125 0.4538857765625 0.10897538437500001 0.481045259375 0.11501076875 0.4855086203125 0.10474000000000001 0.48154094843750006 0.0902169234375 0.471618534375 0.0926969234375
2 0.590517240625 0.1523076921875 0.6185344828125 0.153846153125 0.6185344828125 0.13999999999999999 0.5926724140624999 0.13384615312499998 0.575431034375 0.13384615312499998 0.5711206890625 0.1369230765625 0.5689655171875 0.1369230765625 0.5689655171875 0.1384615390625 0.590517240625 0.1523076921875
2 0.5625 0.1584615390625 0.5689655171875 0.153846153125 0.5711206890625 0.153846153125 0.57758620625 0.144615384375 0.58836206875 0.1384615390625 0.58836206875 0.1369230765625 0.5840517234375 0.13384615312499998 0.57758620625 0.13384615312499998 0.575431034375 0.13538461562499998 0.5625 0.13384615312499998 0.5581896546875 0.13538461562499998 0.5517241375 0.13999999999999999 0.5517241375 0.1584615390625 0.5560344828125 0.16 0.5625 0.1584615390625
0 0.596982759375 0.12 0.601293103125 0.11384615312499999 0.6077586203124999 0.10923076875 0.612068965625 0.10923076875 0.612068965625 0.10769230781250001 0.6163793109375 0.104615384375 0.6314655171875 0.104615384375 0.6336206890625 0.10769230781250001 0.648706896875 0.1169230765625 0.648706896875 0.11384615312499999 0.6422413796875001 0.10769230781250001 0.6422413796875001 0.106153846875 0.64008620625 0.106153846875 0.637931034375 0.1030769234375 0.6357758625 0.1030769234375 0.6314655171875 0.1 0.6314655171875 0.0984615390625 0.6185344828125 0.0923076921875 0.60991379375 0.0923076921875 0.6034482765625 0.093846153125 0.5948275859375001 0.0984615390625 0.5926724140624999 0.1015384609375 0.5926724140624999 0.11846153906250001 0.5948275859375001 0.12 0.596982759375 0.12
3 0.6077586203124999 0.4 0.60991379375 0.4 0.6142241375 0.40307692343749996 0.64008620625 0.40307692343749996 0.6422413796875001 0.4 0.64008620625 0.395384615625 0.6336206890625 0.39076923125 0.6206896546875 0.38923076874999996 0.6056034484375 0.39076923125 0.6077586203124999 0.3923076921875 0.6056034484375 0.3969230765625 0.6077586203124999 0.4
3 0.435344828125 0.3923076921875 0.4439655171875 0.3923076921875 0.4461206890625 0.39384615312500004 0.4806034484375 0.395384615625 0.497844828125 0.395384615625 0.5 0.39384615312500004 0.497844828125 0.38769230781249997 0.461206896875 0.37230769218750004 0.4461206890625 0.3784615390625 0.4310344828125 0.375384615625 0.4310344828125 0.386153846875 0.435344828125 0.3923076921875
3 0.3663793109375 0.3923076921875 0.3814655171875 0.3923076921875 0.3836206890625 0.39384615312500004 0.4181034484375 0.39384615312500004 0.42025862031249994 0.3923076921875 0.42672413750000004 0.3923076921875 0.4288793109375 0.38923076874999996 0.42672413750000004 0.386153846875 0.398706896875 0.3784615390625 0.3836206890625 0.37076923125 0.3793103453125 0.37230769218750004 0.3706896546875 0.37076923125 0.3685344828125 0.37230769218750004 0.35991379375 0.37230769218750004 0.35991379375 0.39076923125 0.3663793109375 0.3923076921875
0 0.42210129375000005 0.08956923125 0.438219828125 0.083075384375 0.4216875 0.07805846093749999 0.39647629375000004 0.07658307656249999 0.3791163796875 0.08012461562499999 0.374568965625 0.09163538437499999 0.3753965515625 0.11140923124999999 0.3890366375 0.10462 0.3977155171875 0.0984230765625 0.42210129375000005 0.08956923125
0 0.3125 0.52923076875 0.3125 0.524615384375 0.3038793109375 0.5169230765624999 0.2931034484375 0.515384615625 0.28017241406250004 0.5215384609375 0.278017240625 0.524615384375 0.278017240625 0.5323076921875 0.299568965625 0.524615384375 0.3125 0.52923076875
3 0.2909482765625 0.7430769234375 0.3017241375 0.7430769234375 0.3038793109375 0.7446153843750001 0.31034482812499997 0.7430769234375 0.3017241375 0.733846153125 0.3017241375 0.7261538468750001 0.2909482765625 0.7230769234375 0.28663793125 0.7230769234375 0.28232758593749996 0.7246153843750001 0.28232758593749996 0.735384615625 0.28663793125 0.7415384609375 0.2909482765625 0.7430769234375
3 0.3556034484375 0.7430769234375 0.37715517187500003 0.7430769234375 0.375 0.7369230765625 0.37284482812499997 0.7369230765625 0.3577586203125 0.7261538468750001 0.3556034484375 0.7230769234375 0.340517240625 0.7230769234375 0.33836206875 0.7369230765625 0.34482758593749996 0.7415384609375 0.3534482765625 0.7415384609375 0.3556034484375 0.7430769234375