0 0.1 0.7215568859375 0.10400000000000001 0.7275449109375 0.11399999999999999 0.7215568859375 0.122 0.7095808390625 0.126 0.694610778125 0.126 0.6736526953124999 0.122 0.6586826343750001 0.11399999999999999 0.6467065875 0.10400000000000001 0.6407185625 0.1 0.643712575 0.09 0.643712575 0.086 0.6467065875 0.08399999999999999 0.6526946109375 0.08399999999999999 0.6616766468749999 0.094 0.7035928140625 0.1 0.7215568859375
0 0.124 0.6616766468749999 0.144 0.6586826343750001 0.144 0.6497005984374999 0.136 0.6317365265625 0.13 0.628742515625 0.11599999999999999 0.628742515625 0.11000000000000001 0.6317365265625 0.10600000000000001 0.6377245515625 0.10600000000000001 0.6407185625 0.118 0.6497005984374999 0.124 0.6616766468749999
0 0.154 0.7065868265625 0.158 0.7095808390625 0.162 0.700598803125 0.16 0.6856287421875 0.152 0.6736526953124999 0.146 0.6736526953124999 0.142 0.6856287421875 0.144 0.7035928140625 0.146 0.7065868265625 0.154 0.7065868265625
0 0.196 0.6886227546875 0.198 0.6856287421875 0.198 0.6706586828125001 0.196 0.6676646703125 0.192 0.6676646703125 0.19 0.6706586828125001 0.19 0.6856287421875 0.192 0.6886227546875 0.196 0.6886227546875
0 0.20800000000000002 0.67664670625 0.21000000000000002 0.6736526953124999 0.21800000000000003 0.6736526953124999 0.22000000000000003 0.6706586828125001 0.23399999999999999 0.6706586828125001 0.23399999999999999 0.6556886234375 0.22999999999999998 0.6407185625 0.22599999999999998 0.6347305390625 0.22000000000000003 0.6317365265625 0.21200000000000002 0.6317365265625 0.20400000000000001 0.6377245515625 0.198 0.6497005984374999 0.198 0.6586826343750001 0.196 0.664670659375 0.2 0.67664670625 0.20800000000000002 0.67664670625
0 0.44000000000000006 0.6826347312500001 0.4434 0.6825089828124999 0.446 0.6826347312500001 0.44800000000000006 0.6736526953124999 0.44644000000000006 0.66022155625 0.442 0.6526946109375 0.434 0.6497005984374999 0.43 0.6556886234375 0.42800000000000005 0.664670659375 0.43 0.67664670625 0.434 0.6826347312500001 0.44000000000000006 0.6826347312500001
0 0.46952 0.6822694609375 0.47128 0.6840688625 0.47736 0.6829880234375 0.48128000000000004 0.68107485 0.48128000000000004 0.6720928140625 0.47728000000000004 0.6571227546875 0.46728 0.6601167671875 0.46327999999999997 0.669098803125 0.46376 0.67435928125 0.46616 0.6808323359374999 0.46952 0.6822694609375
0 0.528 0.6706586828125001 0.528 0.6467065875 0.526 0.6407185625 0.518 0.628742515625 0.504 0.625748503125 0.496 0.6317365265625 0.492 0.6377245515625 0.48600000000000004 0.6586826343750001 0.522 0.6736526953124999 0.526 0.6736526953124999 0.528 0.6706586828125001
0 0.622 0.6497005984374999 0.632 0.6497005984374999 0.632 0.628742515625 0.63 0.6197604796875 0.628 0.6137724546875 0.626 0.6137724546875 0.622 0.60778443125 0.616 0.6047904187500001 0.608 0.6047904187500001 0.604 0.60778443125 0.5940000000000001 0.622754490625 0.592 0.628742515625 0.592 0.643712575 0.614 0.643712575 0.622 0.6497005984374999
0 0.54504 0.668787425 0.5519999999999999 0.6676646703125 0.5532 0.6584820359375 0.5519999999999999 0.6497005984374999 0.55 0.6467065875 0.544 0.6467065875 0.53864 0.6520119765625 0.536 0.6586826343750001 0.5423199999999999 0.6644730531249999 0.54504 0.668787425
0 0.786 0.6377245515625 0.79 0.6407185625 0.798 0.6526946109375 0.796 0.6377245515625 0.788 0.622754490625 0.7782020000000001 0.61986526875 0.768 0.622754490625 0.766 0.625748503125 0.762 0.6377245515625 0.762 0.6526946109375 0.77062 0.6387035921875001 0.786 0.6377245515625
0 0.8320000000000001 0.664670659375 0.836 0.6586826343750001 0.836 0.6407185625 0.8320000000000001 0.6317365265625 0.828 0.628742515625 0.818 0.628742515625 0.8119999999999999 0.6347305390625 0.8119999999999999 0.6377245515625 0.808 0.643712575 0.808 0.6526946109375 0.8320000000000001 0.664670659375
0 0.8400000000000001 0.6886227546875 0.842 0.6916167671875 0.868 0.7035928140625 0.8720000000000001 0.7095808390625 0.8800000000000001 0.71257485 0.8800000000000001 0.6826347312500001 0.8779999999999999 0.6736526953124999 0.868 0.6616766468749999 0.8619999999999999 0.6586826343750001 0.85 0.6586826343750001 0.8400000000000001 0.664670659375 0.836 0.6706586828125001 0.834 0.6706586828125001 0.8320000000000001 0.67664670625 0.8320000000000001 0.6856287421875 0.8300000000000001 0.6886227546875 0.834 0.6916167671875 0.8400000000000001 0.6886227546875
0 0.9914799999999999 0.6412724546875 0.9934799999999999 0.63528443125 0.9934799999999999 0.6203143718749999 0.98948 0.6083383234374999 0.97948 0.6023503 0.96348 0.6023503 0.9614800000000001 0.6053443109375001 0.9534800000000001 0.6233083828125 0.9534800000000001 0.6292964078125001 0.95548 0.63229041875 0.9914799999999999 0.6412724546875