3 0.078 0.8759689921874999 0.09 0.8759689921874999 0.092 0.8733850125 0.092 0.8682170546875 0.08 0.852713178125 0.054000000000000006 0.8449612406250001 0.048 0.8475452203125 0.048 0.8630490953125 0.05 0.8656330750000001 0.078 0.8759689921874999
2 0.08913 0.7198475453125 0.08458 0.7326459953125 0.08699 0.7464832046875001 0.089398 0.75824289375 0.103316 0.7547855296875 0.102514 0.7388733843749999 0.10064 0.7257286828125 0.08913 0.7198475453125
2 0.175852 0.662428940625 0.16460999999999998 0.6724599484375 0.173176 0.68249095625 0.16702 0.6914857875 0.163272 0.6980568468749999 0.177726 0.6935607234375001 0.19084 0.70947286875 0.204424 0.6895503875 0.195658 0.6797235140625 0.183346 0.6596614984375 0.175852 0.662428940625
2 0.24897200000000003 0.648689921875 0.23679 0.6462196375 0.231296 0.659186046875 0.240612 0.6770930234375 0.253512 0.667832040625 0.259722 0.6554832046875 0.24897200000000003 0.648689921875
2 0.158198 0.5464573640625 0.14076 0.55294056875 0.141716 0.5609664078125001 0.16441 0.5760956078125 0.17205399999999998 0.557263565625 0.158198 0.5464573640625
0 0.282 0.44444444375 0.286 0.44444444375 0.292 0.4392764859375 0.294 0.4341085265625 0.294 0.4134366921875 0.286 0.40310077499999997 0.27 0.4056847546875 0.264 0.4108527125 0.262 0.4134366921875 0.262 0.4315245484375 0.264 0.4341085265625 0.282 0.44444444375
0 0.368 0.48320413437500004 0.372 0.48578811406250005 0.378 0.48320413437500004 0.382 0.478036175 0.382 0.45478036250000003 0.38 0.449612403125 0.372 0.44186046562500003 0.354 0.44186046562500003 0.34199999999999997 0.45478036250000003 0.33999999999999997 0.4625323 0.34199999999999997 0.47286821718749994 0.356 0.48320413437500004 0.368 0.48320413437500004
0 0.49000000000000005 0.4134366921875 0.5 0.4263565890625 0.512 0.4263565890625 0.516 0.42118863125 0.52 0.408268734375 0.52 0.3927648578125 0.51 0.382428940625 0.502 0.382428940625 0.49000000000000005 0.3875969 0.49000000000000005 0.390180878125 0.48600000000000004 0.3953488375 0.48600000000000004 0.4108527125 0.49000000000000005 0.4134366921875
2 0.366 0.5710594312499999 0.376 0.5710594312499999 0.378 0.5684754515625 0.378 0.56330749375 0.366 0.5478036171875 0.362 0.5478036171875 0.352 0.5529715765625001 0.348 0.558139534375 0.354 0.558139534375 0.362 0.5684754515625 0.366 0.5710594312499999
2 0.315288 0.473100775 0.306406 0.483080103125 0.308014 0.492121446875 0.318502 0.48643669218749996 0.319178 0.482937984375 0.315288 0.473100775
2 0.491802 0.5231266156250001 0.495156 0.5343979328125 0.506112 0.541043928125 0.508124 0.5289069765625001 0.500298 0.5185038765625001 0.491802 0.5231266156250001
3 0.46184000000000003 0.6060568468749999 0.462958 0.6072118859375 0.466312 0.62137209375 0.47928 0.597677003125 0.47413800000000006 0.5933410859375 0.46184000000000003 0.6060568468749999
2 0.566148 0.474240309375 0.55944 0.46643669218749995 0.5408820000000001 0.4649922484375 0.542222 0.46788372031250003 0.539092 0.4811757109375 0.551166 0.48088630468750004 0.555192 0.490423771875 0.566148 0.474240309375
0 0.6031500000000001 0.297310078125 0.591552 0.2985581390625 0.585658 0.3181472875 0.609722 0.3225400515625 0.612814 0.306302325 0.6031500000000001 0.297310078125
3 0.690998 0.41514728749999996 0.688678 0.42413953437499996 0.705688 0.4301369515625 0.709168 0.42289147343750005 0.702402 0.418144703125 0.702836 0.41397932812500005 0.703368 0.41414987031250006 0.702982 0.413648578125 0.690998 0.41514728749999996
0 0.784 0.27131782968749996 0.784 0.2609819125 0.782 0.255813953125 0.776 0.2506459953125 0.766 0.2506459953125 0.758 0.2583979328125 0.756 0.2661498703125 0.774 0.2790697671875 0.782 0.2764857875 0.784 0.27131782968749996
0 0.8 0.2790697671875 0.8220000000000001 0.2764857875 0.8240000000000001 0.27131782968749996 0.8240000000000001 0.26356589218750004 0.8220000000000001 0.2583979328125 0.8160000000000001 0.2532299734375 0.806 0.2532299734375 0.8 0.2609819125 0.8 0.26873385 0.798 0.27131782968749996 0.798 0.2764857875 0.8 0.2790697671875
2 0.787714 0.20995607187499998 0.7884599999999999 0.201671834375 0.778554 0.2019715765625 0.776636 0.21133074999999998 0.787714 0.20995607187499998
2 0.857746 0.2333565890625 0.847308 0.2316020671875 0.845604 0.2388630484375 0.85732 0.2418914734375 0.858812 0.2377622734375 0.857746 0.2333565890625
2 0.845978 0.291834625 0.851996 0.2924625328125 0.8513080000000001 0.28357364375 0.8448880000000001 0.28297932812500004 0.845978 0.291834625
2 0.7477159999999999 0.358576228125 0.73963 0.3475813953125 0.7317400000000001 0.355772609375 0.738248 0.3664780359375 0.743968 0.368263565625 0.7477159999999999 0.358576228125
2 0.822986 0.19965116249999998 0.819346 0.2118501296875 0.8289839999999999 0.212126615625 0.8274839999999999 0.1980103359375 0.822986 0.19965116249999998