2 0.8189134812500001 0.575757575 0.8490945671875 0.5575757578125 0.8611670015625 0.48181818125 0.8390342046875 0.46363636406250003 0.79879275625 0.4696969703125 0.78470825 0.48181818125 0.7786720328125 0.509090909375 0.7645875249999999 0.509090909375 0.7605633796875 0.5272727265625 0.7806841046875 0.5606060609375 0.8048289734375 0.578787878125 0.8189134812500001 0.575757575
0 0.63179074375 0.4 0.6700201203125 0.384848484375 0.6807987921875001 0.40111515156250005 0.688128771875 0.4303030296875 0.694164990625 0.39393939375000003 0.688128771875 0.378787878125 0.6759617703125 0.3735727265625 0.6592977875 0.3565636359375 0.6378269624999999 0.3545454546875 0.6116700203125001 0.3878787875 0.605633803125 0.415151515625 0.605633803125 0.45454545468749996 0.615694165625 0.4696969703125 0.6177062375 0.4303030296875 0.63179074375 0.4
0 0.496981890625 0.415151515625 0.50503018125 0.421212121875 0.50503018125 0.409090909375 0.5090543265624999 0.4 0.517102615625 0.39393939375000003 0.5231388328125 0.39393939375000003 0.5251509046875 0.390909090625 0.537223340625 0.390909090625 0.5392354125 0.39393939375000003 0.551307846875 0.396969696875 0.551307846875 0.390909090625 0.5452716296875 0.36969697031250004 0.537223340625 0.36060606093750003 0.527162978125 0.3545454546875 0.5130784703125 0.3545454546875 0.5010060359375 0.3727272734375 0.4979034203125 0.39358181875 0.492957746875 0.403030303125 0.492957746875 0.409090909375 0.496981890625 0.415151515625
0 0.42655935625 0.478787878125 0.43259557343750005 0.475757575 0.438631790625 0.46666666718750005 0.4426559359375 0.46666666718750005 0.45070422499999996 0.4575757578125 0.46076458750000004 0.4575757578125 0.46277665937499995 0.45454545468749996 0.46277665937499995 0.4454545453125 0.4567404421875 0.43636363593749994 0.448692153125 0.4303030296875 0.4426559359375 0.4272727265625 0.4305835015625 0.4272727265625 0.424547284375 0.43333333281249997 0.42052313906250005 0.4575757578125 0.42253521093749996 0.46060606093749995 0.42253521093749996 0.4727272734375 0.42655935625 0.478787878125
0 0.3762575453125 0.4515151515625 0.380281690625 0.46666666718750005 0.384305834375 0.4727272734375 0.38631790781249997 0.4696969703125 0.38631790781249997 0.46363636406250003 0.3903420515625 0.4515151515625 0.4020020125 0.4430666671875 0.41046277656249996 0.44242424218750004 0.4084507046875 0.43636363593749994 0.40643863125 0.43636363593749994 0.4004024140625 0.4272727265625 0.392354125 0.421212121875 0.384305834375 0.421212121875 0.3762575453125 0.4272727265625 0.3762575453125 0.4303030296875 0.37561368281249996 0.43561212187500004 0.3762575453125 0.43636363593749994 0.3762575453125 0.4515151515625
0 0.380281690625 0.478787878125 0.380281690625 0.4696969703125 0.3742454734375 0.46060606093749995 0.3641851109375 0.46060606093749995 0.360160965625 0.46666666718750005 0.35814889375000003 0.4727272734375 0.360160965625 0.48484848437499994 0.3722334 0.48484848437499994 0.380281690625 0.478787878125
0 0.346076459375 0.478787878125 0.350100603125 0.4727272734375 0.34665191093750003 0.4653363640625 0.3420523140625 0.46363636406250003 0.3340040234375 0.46363636406250003 0.32997987968750003 0.4696969703125 0.32997987968750003 0.475757575 0.3339758546875 0.4793060609375 0.346076459375 0.478787878125
2 0.5352112671875 0.5575757578125 0.5392354125 0.5606060609375 0.5573440640625 0.5606060609375 0.5593561375 0.5575757578125 0.5593561375 0.5484848484375 0.561368209375 0.5454545453125 0.561368209375 0.51818181875 0.551307846875 0.5121212125 0.5392354125 0.5121212125 0.5311871234375001 0.521212121875 0.52917505 0.5363636359374999 0.5311871234375001 0.5393939390625 0.5311871234375001 0.5515151515625 0.5352112671875 0.5575757578125
2 0.561368209375 0.5454545453125 0.561368209375 0.5878787875 0.5653923546875 0.59393939375 0.5774647890625 0.603030303125 0.58350100625 0.603030303125 0.5915492953125 0.59393939375 0.5915492953125 0.5848484843749999 0.6016096578125001 0.5606060609375 0.6016096578125001 0.5545454546874999 0.5955734406250001 0.5484848484375 0.5975855125 0.5333333328125 0.5915492953125 0.524242425 0.5794768609375 0.5151515156250001 0.5653923546875 0.5151515156250001 0.561368209375 0.521212121875 0.56338028125 0.524242425 0.56338028125 0.5424242421875001 0.561368209375 0.5454545453125
2 0.4700925546875 0.5628212125000001 0.47484909531249997 0.5484848484375 0.4788732390625 0.5454545453125 0.4808853125 0.5393939390625 0.4808853125 0.5333333328125 0.4768611671875 0.5272727265625 0.4768611671875 0.524242425 0.4688128765625 0.524242425 0.4621106640625 0.5289696968750001 0.45875251562499997 0.5303030296875 0.4567404421875 0.5363636359374999 0.4547283703125 0.5515151515625 0.45875251562499997 0.5545454546874999 0.46329376250000004 0.5605939390625 0.4700925546875 0.5628212125000001
2 0.3903420515625 0.5545454546874999 0.40241448750000003 0.5484848484375 0.40241448750000003 0.5363636359374999 0.4004024140625 0.5333333328125 0.3883299796875 0.5303030296875 0.380281690625 0.5363636359374999 0.380281690625 0.5484848484375 0.384305834375 0.5545454546874999 0.3903420515625 0.5545454546874999
3 0.43661971875 0.9 0.438631790625 0.896969696875 0.44466800781250004 0.896969696875 0.45070422499999996 0.8878787875 0.45070422499999996 0.8696969703124999 0.44668008124999997 0.8636363640625 0.428571428125 0.8727272734374999 0.424547284375 0.878787878125 0.42052313906250005 0.89393939375 0.42253521093749996 0.89393939375 0.42139235468749997 0.90263939375 0.43661971875 0.9
3 0.4516539234375 0.9165818187499999 0.4597022125 0.9165818187499999 0.46171428593749997 0.919612121875 0.46573843125 0.9135515156249999 0.467750503125 0.90446060625 0.46573843125 0.895369696875 0.46171428593749997 0.8893090906250001 0.45366599531249996 0.8862787875 0.44561770625 0.8984 0.44561770625 0.907490909375 0.44762977812500004 0.9135515156249999 0.4516539234375 0.9165818187499999
3 0.41977665937499997 0.8307787875000001 0.4117283703125 0.8216878781249999 0.40569215312500007 0.827748484375 0.3996559359375 0.827748484375 0.3976438625 0.8338090906250001 0.40569215312500007 0.839869696875 0.41977665937499997 0.83683939375 0.41977665937499997 0.8307787875000001
3 0.36820925625 0.7363636359375 0.36820925625 0.7303030296874999 0.3661971828125 0.7272727265625 0.35814889375000003 0.7272727265625 0.3561368203125 0.724242425 0.346076459375 0.7303030296874999 0.346076459375 0.7363636359375 0.34808853125 0.7393939390625001 0.36820925625 0.7363636359375