0 0.572 0.3761467890625 0.554 0.357798165625 0.524 0.3639143734375 0.506 0.40061162031249997 0.51 0.4617737 0.554 0.4220183484375 0.5900000000000001 0.42813455625 0.572 0.3761467890625
0 0.78 0.5871559640624999 0.792 0.5871559640624999 0.796 0.584097859375 0.798 0.5779816515625 0.798 0.56269113125 0.792 0.550458715625 0.782 0.550458715625 0.774 0.559633028125 0.772 0.5657492359375 0.772 0.574923546875 0.776 0.584097859375 0.78 0.5871559640624999
0 0.344 0.391437309375 0.354 0.3883792046875 0.354 0.37003058125 0.35 0.36085626875 0.33999999999999997 0.357798165625 0.33599999999999997 0.36085626875 0.33199999999999996 0.37003058125 0.32999999999999996 0.382262996875 0.33399999999999996 0.3883792046875 0.34199999999999997 0.3883792046875 0.344 0.391437309375
0 0.244 0.2844036703125 0.248 0.27828746249999997 0.248 0.2660550453125 0.242 0.2538226296875 0.238 0.2507645265625 0.23199999999999998 0.2507645265625 0.22599999999999998 0.2599388375 0.22400000000000003 0.272171253125 0.22599999999999998 0.281345565625 0.22999999999999998 0.2874617734375 0.244 0.2844036703125
0 0.21000000000000002 0.171253821875 0.21800000000000003 0.171253821875 0.22200000000000003 0.1651376140625 0.22000000000000003 0.15902140625 0.22000000000000003 0.1498470953125 0.21600000000000003 0.14373088750000002 0.20800000000000002 0.1406727828125 0.20400000000000001 0.14373088750000002 0.20400000000000001 0.16819571875 0.20800000000000002 0.1743119265625 0.21000000000000002 0.171253821875
0 0.302 0.2415902140625 0.302 0.22018348593749998 0.298 0.2171253828125 0.292 0.22018348593749998 0.29 0.22324159062499999 0.29 0.238532109375 0.294 0.2415902140625 0.302 0.2415902140625
2 0.6599999999999999 0.4464831796875 0.7 0.4434250765625 0.704 0.43730886875 0.718 0.42813455625 0.718 0.425076453125 0.712 0.4128440359375 0.704 0.406727828125 0.686 0.406727828125 0.6839999999999999 0.4097859328125 0.6759999999999999 0.4097859328125 0.666 0.4189602453125 0.6599999999999999 0.41590214062499997 0.658 0.4189602453125 0.65 0.4189602453125 0.644 0.4220183484375 0.64 0.42813455625 0.64 0.43730886875 0.638 0.44036697187499996 0.64 0.4464831796875 0.6599999999999999 0.4464831796875
2 0.49400000000000005 0.9418960249999999 0.492 0.9113149843749999 0.488 0.886850153125 0.48200000000000004 0.877675840625 0.48200000000000004 0.8746177375 0.48 0.8746177375 0.47800000000000004 0.9327217125 0.48200000000000004 0.9449541281249999 0.49000000000000005 0.9449541281249999 0.49400000000000005 0.9418960249999999
2 0.942 0.8318042812499999 0.9460000000000001 0.8287461781250001 0.95 0.8165137609374999 0.954 0.8134556578125001 0.954 0.8012232421875 0.952 0.7981651375000001 0.952 0.785932721875 0.95 0.7798165140625 0.9460000000000001 0.7737003062500001 0.9460000000000001 0.7706422015625 0.9400000000000001 0.76452599375 0.924 0.76452599375 0.924 0.8134556578125001 0.9259999999999999 0.8226299687499999 0.942 0.8318042812499999
2 0.7730159999999999 0.674562690625 0.7750060000000001 0.690519878125 0.7812979999999999 0.6896177375 0.782086 0.6754954125 0.7730159999999999 0.674562690625
2 0.8233980000000001 0.6222232421875 0.8192679999999999 0.6225229359375 0.8208420000000001 0.6330397546875 0.826348 0.6330397546875 0.8281180000000001 0.6267308875000001 0.8233980000000001 0.6222232421875
2 0.193928 0.3914006109375 0.19281600000000002 0.4128379203125 0.199034 0.41333639218749996 0.20361400000000002 0.3948379203125 0.193928 0.3914006109375
2 0.252806 0.40602752343750004 0.254654 0.42433639218749997 0.261524 0.4183363921875 0.259888 0.4058379203125 0.252806 0.40602752343750004
2 0.17589 0.23004587187499997 0.179636 0.229727828125 0.1813 0.21478287499999998 0.17904199999999998 0.20562996875 0.17152 0.20619571875 0.17256 0.21796024531249997 0.17589 0.23004587187499997
3 0.7846599999999999 0.6929724765625 0.77522 0.6955504593749999 0.771848 0.715645259375 0.7816259999999999 0.718737003125 0.787358 0.713067278125 0.7846599999999999 0.6929724765625
3 0.819034 0.6974831796875 0.810168 0.702437309375 0.814578 0.711103975 0.8337960000000001 0.7128073390624999 0.8318479999999999 0.7042935781249999 0.819034 0.6974831796875
3 0.724 0.844036696875 0.73 0.844036696875 0.732 0.8409785937500001 0.738 0.8409785937500001 0.748 0.8348623859375 0.76 0.8256880734375001 0.764 0.8165137609374999 0.764 0.8134556578125001 0.758 0.8042813453125 0.738 0.8042813453125 0.738 0.8134556578125001 0.73 0.8256880734375001 0.718 0.8318042812499999 0.724 0.844036696875
3 0.394 0.8165137609374999 0.396 0.8134556578125001 0.396 0.8042813453125 0.398 0.7981651375000001 0.396 0.795107034375 0.39 0.795107034375 0.384 0.7889908250000001 0.382 0.7828746171875001 0.378 0.7828746171875001 0.374 0.7889908250000001 0.376 0.8042813453125 0.39 0.8165137609374999 0.394 0.8165137609374999
3 0.43200000000000005 0.8348623859375 0.426 0.8165137609374999 0.42400000000000004 0.819571865625 0.41600000000000004 0.8165137609374999 0.414 0.8226299687499999 0.418 0.8348623859375 0.422 0.8379204890624999 0.43200000000000005 0.8348623859375
3 0.362 0.6574923546875 0.364 0.65443425 0.364 0.63914373125 0.36 0.6330275234375 0.356 0.6330275234375 0.354 0.6360856265625 0.354 0.65443425 0.356 0.6574923546875 0.362 0.6574923546875