4 0.182 0.49266862187499993 0.192 0.49266862187499993 0.192 0.4750733140625 0.202 0.46627565937500004 0.192 0.40469208281249996 0.19 0.40175953125 0.184 0.3988269796875 0.18 0.40469208281249996 0.16799999999999998 0.451612903125 0.16599999999999998 0.4604105578125 0.16799999999999998 0.4633431078125 0.172 0.4633431078125 0.182 0.49266862187499993
4 0.39 0.44281525000000005 0.394 0.44868035156249997 0.394 0.4692082109375 0.398 0.4750733140625 0.40199999999999997 0.4750733140625 0.40599999999999997 0.47214076250000003 0.40599999999999997 0.45454545468749996 0.41 0.4457478 0.40800000000000003 0.390029325 0.41 0.38709677343750004 0.41 0.3782991203125 0.40800000000000003 0.37536656874999996 0.40199999999999997 0.37536656874999996 0.394 0.3988269796875 0.394 0.4193548390625 0.388 0.43401759531249995 0.388 0.44281525000000005 0.39 0.44281525000000005
4 0.414 0.4633431078125 0.41600000000000004 0.46627565937500004 0.41600000000000004 0.4750733140625 0.418 0.47800586562499997 0.42800000000000005 0.47800586562499997 0.43200000000000005 0.4809384171875 0.434 0.47800586562499997 0.434 0.4193548390625 0.43 0.40762463281250005 0.42800000000000005 0.3841642234375 0.426 0.3782991203125 0.422 0.37536656874999996 0.41200000000000003 0.390029325 0.41 0.395894428125 0.41 0.41348973593749994 0.41200000000000003 0.4164222875 0.414 0.4633431078125
0 0.296 0.6510263921874999 0.302 0.6510263921874999 0.316 0.633431084375 0.318 0.633431084375 0.322 0.6275659828125 0.33599999999999997 0.6158357765625 0.348 0.6158357765625 0.348 0.6070381234375 0.346 0.6011730203125001 0.33799999999999997 0.589442815625 0.33799999999999997 0.5865102640625001 0.32999999999999996 0.577712609375 0.32599999999999996 0.574780059375 0.32 0.574780059375 0.318 0.5718475078125 0.316 0.574780059375 0.31 0.574780059375 0.302 0.5806451609375001 0.296 0.589442815625 0.292 0.6011730203125001 0.29 0.62463343125 0.292 0.6275659828125 0.292 0.6363636359375 0.296 0.6510263921874999
0 0.24 0.6392961875000001 0.248 0.633431084375 0.256 0.633431084375 0.264 0.6275659828125 0.262 0.604105571875 0.254 0.5865102640625001 0.25 0.5835777125 0.236 0.5835777125 0.22799999999999998 0.589442815625 0.22400000000000003 0.5953079171875 0.22000000000000003 0.6129032265625 0.22000000000000003 0.633431084375 0.22400000000000003 0.6392961875000001 0.24 0.6392961875000001
0 0.16 0.6832844578125 0.162 0.686217009375 0.172 0.686217009375 0.176 0.6715542515624999 0.176 0.6656891500000001 0.172 0.6510263921874999 0.16399999999999998 0.645161290625 0.158 0.645161290625 0.154 0.6510263921874999 0.152 0.6510263921874999 0.15 0.6598240468750001 0.15 0.6774193546875 0.154 0.6832844578125 0.16 0.6832844578125
2 0.314 0.90322580625 0.318 0.90322580625 0.318 0.9002932546875 0.32799999999999996 0.8885630499999999 0.33199999999999996 0.87390029375 0.33199999999999996 0.8680351906249999 0.324 0.8445747796875 0.318 0.8445747796875 0.318 0.8475073312499999 0.31 0.8563049859375 0.308 0.8651026390625001 0.308 0.8768328453124999 0.314 0.894428153125 0.314 0.90322580625
0 0.47800000000000004 0.838709678125 0.48 0.8357771265625 0.48 0.8152492671875 0.476 0.8093841640624999 0.466 0.8093841640624999 0.45999999999999996 0.81818181875 0.45999999999999996 0.8357771265625 0.462 0.838709678125 0.47800000000000004 0.838709678125
2 0.17924400000000001 0.7759061578125 0.17502 0.7870058656250001 0.182388 0.7967565984375 0.18688 0.7848973609375001 0.17924400000000001 0.7759061578125
2 0.21600000000000003 0.6656891500000001 0.22200000000000003 0.6510263921874999 0.22200000000000003 0.645161290625 0.21600000000000003 0.6392961875000001 0.20400000000000001 0.6392961875000001 0.2 0.645161290625 0.2 0.65395894375 0.20400000000000001 0.6656891500000001 0.21600000000000003 0.6656891500000001
2 0.254 0.8445747796875 0.256 0.841642228125 0.256 0.8240469203125 0.254 0.8240469203125 0.25 0.81818181875 0.242 0.81818181875 0.24 0.8269794718749999 0.242 0.838709678125 0.246 0.8445747796875 0.254 0.8445747796875
2 0.458042 0.9261554249999999 0.45867399999999997 0.9187478 0.45309799999999995 0.9112199406249999 0.44562999999999997 0.9172052781250001 0.44394600000000006 0.92553665625 0.45383399999999996 0.9298563046874999 0.458042 0.9261554249999999
3 0.708 0.882697946875 0.71 0.8856304984375001 0.722 0.8856304984375001 0.726 0.8797653953125 0.73 0.8680351906249999 0.73 0.8592375359375 0.728 0.8563049859375 0.728 0.832844575 0.73 0.8299120234374999 0.728 0.8093841640624999 0.724 0.797653959375 0.714 0.79178885625 0.704 0.79178885625 0.7 0.785923753125 0.7 0.7888563046875 0.6940000000000001 0.797653959375 0.692 0.8064516125000001 0.6900000000000001 0.8592375359375 0.692 0.8768328453124999 0.702 0.882697946875 0.708 0.882697946875
2 0.868 0.7126099703125 0.8720000000000001 0.715542521875 0.882 0.7302052781249999 0.884 0.7390029328125001 0.8880000000000001 0.7390029328125001 0.8939999999999999 0.7478005859375 0.8960000000000001 0.7478005859375 0.9 0.756598240625 0.9039999999999999 0.7595307921875001 0.922 0.7595307921875001 0.93 0.7507331374999999 0.932 0.741935484375 0.9279999999999999 0.7302052781249999 0.916 0.7126099703125 0.8800000000000001 0.6920821109374999 0.876 0.6920821109374999 0.876 0.6950146625 0.8699999999999999 0.7038123171875 0.868 0.7038123171875 0.868 0.7126099703125
0 0.842 0.46627565937500004 0.8460000000000001 0.46627565937500004 0.8480000000000001 0.4633431078125 0.85 0.4457478 0.8560000000000001 0.42815249218749996 0.8539999999999999 0.425219940625 0.8539999999999999 0.40469208281249996 0.85 0.3929618765625 0.842 0.381231671875 0.8300000000000001 0.37536656874999996 0.806 0.37536656874999996 0.786 0.40175953125 0.784 0.4164222875 0.788 0.42228739062500004 0.8099999999999999 0.436950146875 0.842 0.46627565937500004
2 0.8220000000000001 0.5601173015625001 0.8220000000000001 0.563049853125 0.8320000000000001 0.5542522 0.834 0.5278592375 0.8320000000000001 0.5190615828125 0.828 0.51319648125 0.8160000000000001 0.5102639296875 0.8119999999999999 0.5161290328125 0.8119999999999999 0.5219941343750001 0.818 0.5542522 0.8220000000000001 0.5601173015625001
0 0.782072 0.3573343109375 0.771586 0.35758357812499997 0.771924 0.373627565625 0.781904 0.37966275625 0.784948 0.367753665625 0.782072 0.3573343109375