0 0.502 0.3123123125 0.48600000000000004 0.297297296875 0.46399999999999997 0.309309309375 0.462 0.3363363359375 0.472 0.36636636562499997 0.502 0.3363363359375 0.502 0.3123123125
0 0.268432 0.2707987984375 0.262884 0.26024925 0.254298 0.25156156093750004 0.24288400000000002 0.2632522515625 0.23839800000000003 0.2674834828125 0.238884 0.2872762765625 0.266884 0.2872762765625 0.268432 0.2707987984375
0 0.20400000000000001 0.3333333328125 0.23399999999999999 0.3333333328125 0.238 0.321321321875 0.236 0.3003003 0.23399999999999999 0.29429429375 0.22799999999999998 0.2882882890625 0.22000000000000003 0.2882882890625 0.21800000000000003 0.2852852859375 0.202 0.2852852859375 0.198 0.2882882890625 0.19 0.3003003 0.186 0.31531531562500004 0.186 0.32732732656249997 0.188 0.3303303296875 0.20400000000000001 0.3333333328125
0 0.118 0.3003003 0.122 0.2852852859375 0.118 0.2792792796875 0.118 0.2762762765625 0.11000000000000001 0.2672672671875 0.10200000000000001 0.2672672671875 0.096 0.2702702703125 0.09 0.2822822828125 0.09 0.29429429375 0.088 0.297297296875 0.09 0.3003003 0.118 0.3003003
3 0.134 0.7987987984375 0.13 0.7987987984375 0.13 0.8078078078125 0.136 0.8138138140625 0.144 0.8138138140625 0.146 0.8168168171874999 0.15 0.8168168171874999 0.152 0.8138138140625 0.16 0.8138138140625 0.16799999999999998 0.8048048046874999 0.16799999999999998 0.7387387390625 0.16599999999999998 0.7357357359375001 0.16599999999999998 0.7267267265624999 0.162 0.7207207203125 0.152 0.7207207203125 0.148 0.7177177171875 0.142 0.7207207203125 0.13999999999999999 0.7297297296874999 0.13999999999999999 0.7477477484375 0.142 0.75075075 0.13999999999999999 0.7867867875 0.134 0.7987987984375
3 0.24 0.76876876875 0.248 0.774774775 0.258 0.771771771875 0.26 0.76876876875 0.26 0.759759759375 0.256 0.7267267265624999 0.254 0.7237237234375 0.254 0.7117117109375 0.25 0.696696696875 0.248 0.69369369375 0.244 0.69369369375 0.22799999999999998 0.7117117109375 0.22400000000000003 0.7177177171875 0.22400000000000003 0.7207207203125 0.236 0.7627627625 0.24 0.76876876875
3 0.6839999999999999 0.4984984984375 0.692 0.4894894890625 0.6900000000000001 0.48048048125 0.67 0.48048048125 0.666 0.48348348281250003 0.666 0.4894894890625 0.67 0.4984984984375 0.6839999999999999 0.4984984984375
3 0.71 0.4984984984375 0.71 0.4924924921875 0.708 0.4894894890625 0.692 0.4894894890625 0.6900000000000001 0.4924924921875 0.6839999999999999 0.4924924921875 0.682 0.49549549531250003 0.692 0.5015015015625 0.704 0.5015015015625 0.71 0.4984984984375
3 0.732 0.5165165171874999 0.74 0.5075075078125 0.74 0.5045045046875 0.728 0.4984984984375 0.718 0.4984984984375 0.714 0.5015015015625 0.712 0.5045045046875 0.712 0.5135135140625 0.714 0.5165165171874999 0.732 0.5165165171874999
2 0.5728500000000001 0.341765765625 0.5780000000000001 0.3333333328125 0.5780000000000001 0.31831831875 0.576 0.3123123125 0.566694 0.322246246875 0.5559999999999999 0.32432432499999997 0.564 0.3483483484375 0.5700000000000001 0.3483483484375 0.5728500000000001 0.341765765625
2 0.53 0.4924924921875 0.534 0.5015015015625 0.538 0.5015015015625 0.542 0.48648648593750005 0.54 0.48048048125 0.54 0.465465465625 0.528 0.4624624625 0.524 0.465465465625 0.524 0.48048048125 0.528 0.4924924921875 0.53 0.4924924921875
2 0.120722 0.4123483484375 0.11324399999999998 0.4087267265625 0.10769599999999999 0.42973873906250004 0.11927399999999999 0.43372372343750004 0.123858 0.42575375312499997 0.120722 0.4123483484375
2 0.081646 0.366627628125 0.090088 0.3669879875 0.087918 0.3535855859375 0.07863573125 0.3466142890625 0.074894 0.3601051046875 0.081646 0.366627628125
3 0.11122399999999999 0.5116366359375 0.096358 0.5119639640625 0.09592 0.5438138140625 0.10772600000000002 0.5470990984374999 0.11122399999999999 0.5116366359375
3 0.12215400000000001 0.5076546546875 0.12456 0.5352762765625 0.134398 0.528708709375 0.130244 0.507366365625 0.12215400000000001 0.5076546546875
2 0.273096 0.4751831828125 0.271658 0.44101801875 0.258124 0.43885585625 0.250926 0.4591831828125 0.255822 0.47388588593750003 0.273096 0.4751831828125
3 0.45199999999999996 0.633633634375 0.45599999999999996 0.6366366359375 0.466 0.633633634375 0.46799999999999997 0.6306306312500001 0.46799999999999997 0.61861861875 0.47000000000000003 0.615615615625 0.47000000000000003 0.6006006 0.466 0.597597596875 0.45599999999999996 0.597597596875 0.45199999999999996 0.603603603125 0.45199999999999996 0.615615615625 0.45 0.61861861875 0.45199999999999996 0.624624625 0.45199999999999996 0.633633634375