0 0.914 0.30275229375 0.922 0.26911315 0.9119999999999999 0.2171253828125 0.898 0.19877675781249998 0.874 0.1957186546875 0.85 0.23241590156249997 0.844 0.2660550453125 0.8619999999999999 0.30275229375 0.876 0.31192660625 0.914 0.30275229375
0 0.8119999999999999 0.19877675781249998 0.8140000000000001 0.137614678125 0.8039999999999999 0.113149846875 0.776 0.0948012234375 0.74 0.1070336390625 0.724 0.155963303125 0.704 0.16819571875 0.79 0.2018348625 0.8119999999999999 0.19877675781249998
0 0.592 0.146788990625 0.562 0.146788990625 0.542 0.1834862390625 0.534 0.2171253828125 0.618 0.22324159062499999 0.612 0.171253821875 0.592 0.146788990625
0 0.43 0.1498470953125 0.398 0.15902140625 0.386 0.1865443421875 0.384 0.22629969375 0.45599999999999996 0.22324159062499999 0.45 0.171253821875 0.43 0.1498470953125
0 0.318 0.1498470953125 0.284 0.155963303125 0.266 0.19266054999999999 0.266 0.2415902140625 0.352 0.22629969375 0.33999999999999997 0.1743119265625 0.318 0.1498470953125
0 0.244 0.2018348625 0.19 0.15902140625 0.174 0.15902140625 0.146 0.180428134375 0.126 0.22018348593749998 0.128 0.2660550453125 0.156 0.3180428140625 0.20600000000000002 0.27828746249999997 0.244 0.2018348625
4 0 0.9969418953125 0.10200000000000001 0.9969418953125 0.092 0.8715596328125 0.1 0.6574923546875 0.074 0.5810397546875 0.072 0.550458715625 0.11200000000000002 0.48012232343749994 0.152 0.4464831796875 0.156 0.4220183484375 0.146 0.406727828125 0.096 0.41590214062499997 0.094 0.43425076406249996 0.064 0.4770642203125 0.044 0.44036697187499996 0.034 0.3883792046875 0.034 0.3180428140625 0.054000000000000006 0.3088685015625 0.06 0.272171253125 0.08399999999999999 0.24770642187499997 0.08399999999999999 0.2171253828125 0.1 0.1957186546875 0.10200000000000001 0.14373088750000002 0.09 0.0978593265625 0.06999999999999999 0.0825688078125 0.04 0.07645260000000001 0.01 0.088685015625 0 0.0978593265625 0 0.9969418953125
0 0.10400000000000001 0.1406727828125 0.094 0.0978593265625 0.057999999999999996 0.0733944953125 0.024 0.0733944953125 0.002 0.088685015625 0 0.1865443421875 0.072 0.20795107031249999 0.10200000000000001 0.20489296562499998 0.10400000000000001 0.1406727828125
4 0.834 0.4220183484375 0.8460000000000001 0.5474006109375 0.86 0.5993883796875 0.86 0.7155963296875 0.8460000000000001 0.7461773703125 0.852 0.8593272171875 0.8460000000000001 0.9633027515625001 0.852 0.9969418953125 0.962 0.9969418953125 0.966 0.954128440625 0.9460000000000001 0.7400611625 0.968 0.7003058109375 0.978 0.709480121875 0.984 0.685015290625 0.984 0.48012232343749994 0.9560000000000001 0.382262996875 0.9039999999999999 0.3425076453125 0.9199999999999999 0.27828746249999997 0.9119999999999999 0.2171253828125 0.8880000000000001 0.1957186546875 0.866 0.2018348625 0.8460000000000001 0.25688073437500003 0.858 0.3333333328125 0.8480000000000001 0.3669724765625 0.834 0.37920489218750003 0.834 0.4220183484375
4 0.712 0.4097859328125 0.712 0.4770642203125 0.6900000000000001 0.608562690625 0.708 0.8807339453124999 0.728 0.9969418953125 0.782 0.9969418953125 0.806 0.9113149843749999 0.828 0.90825688125 0.836 0.6666666671875 0.818 0.5810397546875 0.836 0.5351681953125 0.836 0.47094801249999996 0.828 0.3516819578125 0.792 0.25688073437500003 0.8099999999999999 0.2018348625 0.8140000000000001 0.146788990625 0.8019999999999999 0.11009174375 0.758 0.0948012234375 0.736 0.1162079515625 0.726 0.1498470953125 0.706 0.1651376140625 0.718 0.1743119265625 0.736 0.281345565625 0.726 0.305810396875 0.712 0.4097859328125
4 0.54 0.550458715625 0.538 0.709480121875 0.5740000000000001 0.9938837921875001 0.688 0.9969418953125 0.682 0.7461773703125 0.67 0.6330275234375 0.6980000000000001 0.5045871562500001 0.686 0.391437309375 0.6599999999999999 0.3333333328125 0.604 0.2844036703125 0.618 0.20795107031249999 0.604 0.15902140625 0.5660000000000001 0.146788990625 0.55 0.1651376140625 0.536 0.211009175 0.544 0.2966360859375 0.518 0.391437309375 0.518 0.5168195718749999 0.54 0.550458715625
4 0.382 0.8532110093749999 0.378 0.8807339453124999 0.376 0.9969418953125 0.492 0.9969418953125 0.49800000000000005 0.6636085625 0.488 0.617737003125 0.49000000000000005 0.5045871562500001 0.48 0.3761467890625 0.438 0.324159021875 0.438 0.339449540625 0.4184 0.3669724765625 0.372 0.3669724765625 0.36 0.3975535171875 0.376 0.651376146875 0.39 0.69724770625 0.4 0.8256880734375001 0.382 0.8532110093749999
4 0.454 0.2660550453125 0.45 0.171253821875 0.42800000000000005 0.1498470953125 0.41200000000000003 0.1498470953125 0.392 0.16819571875 0.386 0.2018348625 0.386 0.2507645265625 0.404 0.305810396875 0.438 0.3180428140625 0.454 0.2660550453125
4 0.27999999999999997 0.7400611625 0.27 0.7828746171875001 0.298 0.7981651375000001 0.302 0.8165137609374999 0.306 0.9510703359375 0.288 0.9969418953125 0.35 0.9969418953125 0.358 0.7635076453125 0.372 0.69724770625 0.354 0.40061162031249997 0.368 0.3669724765625 0.394 0.34556575 0.42000000000000004 0.34556575 0.42000000000000004 0.324159021875 0.404 0.3211009171875 0.372 0.3425076453125 0.348 0.3425076453125 0.32999999999999996 0.327217125 0.346 0.2752293578125 0.348 0.20795107031249999 0.32599999999999996 0.15902140625 0.3 0.1498470953125 0.282 0.15902140625 0.268 0.1834862390625 0.266 0.290519878125 0.23199999999999998 0.314984709375 0.21600000000000003 0.34556575 0.21400000000000002 0.403669725 0.23399999999999999 0.46483180468749996 0.25 0.6238532109375 0.27999999999999997 0.7400611625
4 0.11399999999999999 0.785932721875 0.122 0.80733945 0.16 0.8409785937500001 0.152 0.9969418953125 0.22799999999999998 0.9969418953125 0.242 0.7431192656250001 0.256 0.7217125375 0.268 0.7492354734375 0.27599999999999997 0.7217125375 0.244 0.6146788984375 0.23399999999999999 0.4770642203125 0.202 0.348623853125 0.21600000000000003 0.339449540625 0.22799999999999998 0.305810396875 0.23199999999999998 0.22018348593749998 0.202 0.171253821875 0.178 0.15902140625 0.148 0.180428134375 0.126 0.22324159062499999 0.134 0.281345565625 0.126 0.5474006109375 0.10800000000000001 0.6911314984375 0.11399999999999999 0.785932721875
0 0.622 0.2293577984375 0.614 0.2415902140625 0.606 0.2874617734375 0.646 0.31192660625 0.642 0.24770642187499997 0.622 0.2293577984375