0 0.2822666671875 0.446331103125 0.2883111109375 0.44526087031249995 0.3 0.44816053437500003 0.30444444375 0.44816053437500003 0.3088888890625 0.441471571875 0.3088888890625 0.42809364531250005 0.3 0.41137123750000004 0.290977778125 0.408317725 0.28444444375 0.41137123750000004 0.27777777812500004 0.41806020000000005 0.27555555625 0.4247491640625 0.27555555625 0.444816053125 0.27777777812500004 0.44816053437500003 0.2822666671875 0.446331103125
0 0.48355555624999996 0.540585284375 0.48444444375 0.5451505015625 0.49555555625 0.5451505015625 0.49555555625 0.5384615390625 0.502222221875 0.52842809375 0.5066666671875 0.52842809375 0.5111111109375 0.5217391296875 0.5111111109375 0.5183946484375 0.5093333328125 0.5135484953125 0.5034666671875 0.5114046828125 0.5006222218749999 0.504444815625 0.497777778125 0.501672240625 0.4888888890625 0.501672240625 0.48 0.5117056859375 0.47964444375 0.51782943125 0.479822221875 0.5231839468749999 0.480177778125 0.5325551843749999 0.48355555624999996 0.540585284375
0 0.50684444375 0.46260869531250004 0.5112888890625 0.46260869531250004 0.5203111109375 0.45179933125 0.5290666671875 0.44588628750000003 0.5312888890624999 0.43250836093749995 0.5268444437500001 0.42581939843749994 0.5206666671875 0.42101337812499995 0.518 0.421816053125 0.5135111109375 0.42247491562499995 0.50684444375 0.42247491562499995 0.5024 0.42916387968749997 0.5012888890625 0.44162541875 0.5024 0.4525752515625 0.50684444375 0.46260869531250004
0 0.80684444375 0.483387959375 0.8112888890625 0.4809765890625 0.8169777781249999 0.472411371875 0.8226666671875 0.4708060203125 0.834577778125 0.4690301 0.8390222218750001 0.4623411375 0.8390222218750001 0.4489632109375 0.8301333328125 0.435585284375 0.8210666671875 0.433327759375 0.81235555625 0.435585284375 0.8034666671874999 0.4489632109375 0.8039999999999999 0.4665217390625 0.8023999999999999 0.47616053437500006 0.80684444375 0.483387959375
3 0.84260444375 0.8283913046875 0.8470488890625001 0.8283913046875 0.8580488890625 0.82031438125 0.8670333328125001 0.818301003125 0.866842221875 0.8134080265625 0.8537155562500001 0.815013378125 0.8458133328124999 0.8119665546875 0.84260444375 0.8083244140625 0.8337155562499999 0.8083244140625 0.8314933328125 0.8116688968749999 0.8314933328125 0.8183578593749999 0.835937778125 0.8250468234375001 0.84260444375 0.8283913046875
3 0.8151999999999999 0.8062943140625001 0.8166222218750001 0.809240803125 0.823377778125 0.8108461531250001 0.8287111109374999 0.8108461531250001 0.832977778125 0.8081672234375 0.83635555625 0.8073645484374999 0.842577778125 0.8044214046875 0.84684444375 0.8030836125 0.8463111109374999 0.8009397999999999 0.8384888890625 0.8009397999999999 0.8338666671875 0.7993344484375 0.83155555625 0.796387959375 0.828 0.7967224078124999 0.82284444375 0.7974615390625 0.8176888890624999 0.799869565625 0.8151999999999999 0.804153846875 0.8151999999999999 0.8062943140625001
3 0.541597778125 0.7371237453124999 0.541802221875 0.749474915625 0.542417778125 0.7550334453125 0.5411866671875 0.7630602 0.53544444375 0.7630602 0.53052444375 0.770782609375 0.52970444375 0.775411371875 0.5348311109375 0.7766488296875 0.5428266671875 0.775411371875 0.55144 0.775411371875 0.559642221875 0.7763377921875 0.5641533328125 0.7732508359375 0.5641533328125 0.7646053515625 0.5625111109375001 0.7565785953125 0.5623066671875 0.7389765890625 0.5616911109375 0.722612040625 0.5623066671875 0.7105685625 0.561077778125 0.6954381265625 0.559642221875 0.6926588625 0.5518488890625 0.6929699 0.545902221875 0.6932775921875 0.5390333328125 0.6940602 0.53667555625 0.6963645484375001 0.53503555625 0.708100334375 0.53852 0.7232307687499999 0.541597778125 0.7371237453124999
3 0.283117778125 0.7638929765625 0.2844711109375 0.7603979937500001 0.28756444375 0.7560334453124999 0.2856311109375 0.750501671875 0.27886666718750003 0.750501671875 0.272682221875 0.7510836125 0.26794666718750004 0.7531438125000001 0.26784888906250004 0.758070234375 0.27113555625 0.7603979937500001 0.27848 0.764183946875 0.283117778125 0.7638929765625
3 0.29645555625000003 0.7629398000000001 0.3028333328125 0.7652675578125 0.31153111093749997 0.76614046875 0.32042444375 0.7664314375 0.32312888906250004 0.7664314375 0.325062221875 0.76323076875 0.324482221875 0.7600301 0.3208088890625 0.75828428125 0.318297778125 0.7568260875 0.31462444375 0.7568260875 0.313077778125 0.7539163875 0.31172444375 0.749842809375 0.3063133328125 0.751297659375 0.300322221875 0.7527525078124999 0.298002221875 0.7504247484375 0.2925888890625 0.7509632109375 0.291817778125 0.7579933109375 0.29104444375 0.7620668890625 0.29394222187499996 0.7641036796875 0.29645555625000003 0.7629398000000001
2 0.2462311109375 0.5780066890625 0.24684 0.5865618734375 0.24907111093749998 0.59817056875 0.24886888906250001 0.605501671875 0.24846222187499997 0.6143612046875 0.24846222187499997 0.62199665625 0.25211555625000004 0.6278026750000001 0.25576666718749996 0.631160534375 0.25921555625 0.632384615625 0.2618511109375 0.631160534375 0.26306888906250003 0.62474581875 0.26306888906250003 0.6186387953125 0.26306888906250003 0.611 0.2616488890625 0.5929765890625001 0.26205555625 0.5847290968750001 0.26205555625 0.5764782609375 0.26266444375 0.5728127093750001 0.259417778125 0.569498328125 0.25475111093749997 0.5676220734374999 0.24785333281250002 0.56945485 0.2446088890625 0.5715919734375 0.2462311109375 0.5780066890625
2 0.538362221875 0.656040134375 0.539782221875 0.6587892984375 0.5440422218750001 0.6597056859375 0.5476933328125 0.6542073578125 0.55094 0.649016721875 0.551142221875 0.641073578125 0.5503311109375 0.6349632109375001 0.5446511109375 0.636183946875 0.541657778125 0.6343779265625 0.5414044437500001 0.640157190625 0.53795555625 0.6453478265625 0.53795555625 0.652070234375 0.538362221875 0.656040134375
2 0.8287866671874999 0.6838193984375 0.834177778125 0.6799364546875 0.8437866671875 0.6725250843749999 0.8545688890625 0.6146521734375 0.8376933328125 0.6044180609375001 0.823862221875 0.6577056859375 0.8240977781250001 0.669702340625 0.8287866671874999 0.6838193984375
2 0.5177777781249999 0.6688963203125 0.5177777781249999 0.6588628765625 0.5111111109375 0.6588628765625 0.50444444375 0.6655518390624999 0.502222221875 0.678929765625 0.5066666671875 0.6822742468749999 0.51555555625 0.675585284375 0.5177777781249999 0.6688963203125
2 0.37555555625000003 0.5719063546875 0.38 0.565217390625 0.38 0.5484949828125 0.357777778125 0.531772575 0.342222221875 0.5250836125 0.337777778125 0.5418060203125 0.342222221875 0.5451505015625 0.34444444375 0.551839465625 0.37555555625000003 0.5719063546875