0 0.13799999999999998 0.28125 0.146 0.28125 0.14796199999999998 0.27673295468750003 0.148 0.2698863640625 0.14796199999999998 0.2675710234375 0.147466 0.2577017046875 0.146 0.247159090625 0.13999999999999999 0.2357954546875 0.134 0.2329545453125 0.122 0.2329545453125 0.11200000000000002 0.24431818125000002 0.11000000000000001 0.25 0.10876999999999999 0.262284090625 0.11000000000000001 0.2698863640625 0.13799999999999998 0.28125
0 0.348 0.28693181874999996 0.366 0.3011363640625 0.38 0.29545454531250004 0.386 0.25568181874999996 0.386 0.2329545453125 0.38 0.2102272734375 0.37 0.1960227265625 0.362 0.19034090937499998 0.349564 0.1881732953125 0.33799999999999997 0.19034090937499998 0.33199999999999996 0.19318181875 0.32 0.2073863640625 0.31 0.2272727265625 0.308 0.24431818125000002 0.314 0.25568181874999996 0.32799999999999996 0.26420454531250004 0.348 0.28693181874999996
0 0.546 0.2073863640625 0.5519999999999999 0.2073863640625 0.554 0.2102272734375 0.566792 0.2141960234375 0.576 0.2102272734375 0.586884 0.2067954546875 0.5980000000000001 0.1960227265625 0.5980000000000001 0.18465909062500002 0.602 0.1761363640625 0.602 0.17045454531249998 0.599286 0.1507585234375 0.592 0.1363636359375 0.5820000000000001 0.125 0.576 0.12215909062500001 0.5599999999999999 0.12215909062500001 0.55 0.12784090937499998 0.542 0.13920454531249998 0.538 0.15056818125 0.538 0.1761363640625 0.542 0.1988636359375 0.546 0.2073863640625
0 0.6559999999999999 0.2301136359375 0.692 0.247159090625 0.697514 0.24599431875 0.708 0.247159090625 0.717606 0.24211931875 0.717854 0.230840909375 0.716 0.22443181874999998 0.71463 0.21956250000000002 0.711156 0.2163892046875 0.71 0.2007585234375 0.708 0.15909090937499998 0.6900000000000001 0.125 0.6759999999999999 0.1164772734375 0.654 0.1136363640625 0.63 0.125 0.61 0.15340909062500002 0.6 0.18465909062500002 0.6 0.2017045453125 0.608 0.215909090625 0.6559999999999999 0.2301136359375
2 0.804546 0.52305681875 0.796 0.53125 0.796 0.5369318187500001 0.8 0.5426136359375 0.8 0.5454545453125 0.8119999999999999 0.5539772734375 0.818 0.5539772734375 0.834 0.5426136359375 0.844 0.5426136359375 0.844 0.53125 0.83701 0.5189857953125 0.8327120000000001 0.5101676140625 0.833906 0.499653409375 0.8320000000000001 0.49431818125 0.8240000000000001 0.48579545468749996 0.8160000000000001 0.48579545468749996 0.8140000000000001 0.48295454531250004 0.8099999999999999 0.48579545468749996 0.8119999999999999 0.48863636406250005 0.8119999999999999 0.5 0.810274 0.511184659375 0.804546 0.52305681875
2 0.702 0.53125 0.716 0.53125 0.724 0.5198863640625 0.724 0.5142045453125 0.704 0.5 0.696 0.5 0.688 0.49431818125 0.6839999999999999 0.497159090625 0.682 0.5198863640625 0.6900000000000001 0.5284090906250001 0.7 0.5284090906250001 0.702 0.53125
2 0.46799999999999997 0.46875 0.47400000000000003 0.46875 0.48 0.46306818125 0.48200000000000004 0.45738636406250005 0.48200000000000004 0.44602272656249997 0.48 0.44318181875 0.47000000000000003 0.4375 0.466 0.43181818125 0.458 0.44318181875 0.45199999999999996 0.46875 0.454 0.47443181875 0.462 0.47443181875 0.46799999999999997 0.46875
2 0.354 0.45738636406250005 0.358 0.46306818125 0.382 0.465909090625 0.382 0.45170454531250004 0.376 0.434659090625 0.37 0.42613636406250005 0.35 0.440340909375 0.348 0.44886363593749995 0.352 0.45454545468749996 0.352 0.45738636406250005 0.354 0.45738636406250005
2 0.334984 0.46771874999999996 0.31609 0.463372159375 0.29755 0.5042301140625 0.326044 0.517721590625 0.342248 0.503434659375 0.334984 0.46771874999999996
2 0.06135 0.4718039765625 0.06178399999999999 0.45333238593749997 0.044851999999999996 0.4474261359375 0.043146000000000004 0.47673011406250004 0.049648 0.4804232953125 0.06135 0.4718039765625
2 0.14024 0.46133806875000005 0.14414 0.44409659062499995 0.129192 0.44811931875 0.124634 0.45641193125 0.12897 0.463184659375 0.14024 0.46133806875000005