0 0.8539999999999999 0.2951807234375 0.842 0.26204819218750003 0.8119999999999999 0.24698795156250003 0.78 0.28012048125 0.772 0.307228915625 0.782 0.32228915625 0.8539999999999999 0.34939759062500003 0.8539999999999999 0.2951807234375
0 0.766 0.213855421875 0.748 0.1837349390625 0.722 0.18072289218749998 0.7 0.21686747031250003 0.7 0.25903614531249997 0.752 0.2710843375 0.772 0.26204819218750003 0.766 0.213855421875
0 0.418 0.35843373437500003 0.42000000000000004 0.3102409640625 0.40599999999999997 0.28012048125 0.384 0.277108434375 0.366 0.30421686718749996 0.364 0.337349396875 0.372 0.35542168749999997 0.394 0.37048192812499997 0.418 0.35843373437500003
0 0.42400000000000004 0.12349397656250001 0.42000000000000004 0.09638554218749999 0.41 0.08433735 0.386 0.099397590625 0.38 0.11445783125 0.386 0.13554216875 0.418 0.13554216875 0.42400000000000004 0.12349397656250001
0 0.36 0.042168675 0.348 0.027108434375 0.32999999999999996 0.0331325296875 0.32 0.0542168671875 0.324 0.0753012046875 0.352 0.07831325312500001 0.36 0.0662650609375 0.36 0.042168675
0 0.238 0.20783132499999998 0.22999999999999998 0.19879518125 0.21000000000000002 0.19277108437499998 0.198 0.2108433734375 0.196 0.23795180781249997 0.20400000000000001 0.24698795156250003 0.236 0.24698795156250003 0.238 0.20783132499999998
0 0.21000000000000002 0.0481927703125 0.20400000000000001 0.015060240624999999 0.188 0.0120481921875 0.174 0.030120481249999997 0.172 0.051204818750000006 0.18 0.0602409640625 0.202 0.0602409640625 0.21000000000000002 0.0481927703125
0 0.052000000000000005 0.18674698750000002 0.044 0.1686746984375 0.01 0.1686746984375 0 0.2048192765625 0.028000000000000004 0.22289156562499998 0.05 0.21686747031250003 0.052000000000000005 0.18674698750000002
0 0.22599999999999998 0.37951807187500003 0.21000000000000002 0.35843373437500003 0.188 0.35542168749999997 0.16799999999999998 0.38554216874999997 0.174 0.42771084375 0.198 0.442771084375 0.22799999999999998 0.4307228921875 0.22599999999999998 0.37951807187500003
0 0.646 0.442771084375 0.634 0.442771084375 0.622 0.4608433734375 0.624 0.5210843374999999 0.648 0.5512048187499999 0.67 0.4608433734375 0.646 0.442771084375
1 0.78 0.5180722890625 0.784 0.37951807187500003 0.776 0.34939759062500003 0.764 0.337349396875 0.704 0.3765060234375 0.6559999999999999 0.5 0.648 0.542168675 0.658 0.557228915625 0.764 0.5692771078125001 0.78 0.5180722890625
1 0.696 0.37048192812499997 0.72 0.35843373437500003 0.732 0.3253012046875 0.706 0.30421686718749996 0.692 0.265060240625 0.642 0.33433735000000003 0.638 0.3524096390625 0.636 0.4397590359375 0.67 0.457831325 0.682 0.4367469875 0.696 0.37048192812499997
1 0.32599999999999996 0.5481927703125 0.346 0.5512048187499999 0.386 0.542168675 0.388 0.5180722890625 0.426 0.4457831328125 0.46799999999999997 0.442771084375 0.472 0.4246987953125 0.426 0.3765060234375 0.388 0.39457831250000003 0.37 0.3825301203125 0.36 0.35542168749999997 0.32 0.3765060234375 0.282 0.4307228921875 0.282 0.4608433734375 0.318 0.4608433734375 0.314 0.5180722890625 0.32599999999999996 0.5481927703125
1 0.422 0.337349396875 0.434 0.35542168749999997 0.442 0.20783132499999998 0.43 0.1686746984375 0.422 0.15662650625000002 0.388 0.162650603125 0.368 0.21987951875 0.368 0.292168675 0.384 0.27409638593749996 0.418 0.2951807234375 0.422 0.337349396875
1 0.36 0.265060240625 0.382 0.150602409375 0.376 0.11445783125 0.36 0.09337349375000001 0.33399999999999996 0.108433734375 0.322 0.09337349375000001 0.302 0.18975903593750001 0.304 0.2409638546875 0.33199999999999996 0.265060240625 0.346 0.25301204843749997 0.36 0.265060240625
2 0.172 0.620481928125 0.174 0.5933734937499999 0.146 0.5662650609375001 0.13799999999999998 0.5692771078125001 0.13 0.58433735 0.144 0.61445783125 0.15 0.6234939765624999 0.172 0.620481928125
2 0.026000000000000002 0.36445783125000003 0.006 0.3734939765625 0.004 0.40060240937499997 0.022 0.40361445781249994 0.034 0.3825301203125 0.026000000000000002 0.36445783125000003
2 0.47400000000000003 0.4246987953125 0.47400000000000003 0.4457831328125 0.484 0.46385542187500006 0.502 0.4397590359375 0.47400000000000003 0.4246987953125
2 0.177162 0.2493433734375 0.175582 0.23607831250000003 0.172874 0.220774096875 0.170616 0.20717168749999998 0.16361799999999999 0.207849396875 0.162262 0.2275783125 0.16700399999999999 0.23948192812500002 0.177162 0.2493433734375
3 0.087146 0.6400843375 0.098368 0.6253614453125 0.094386 0.5882801203125 0.07665 0.5850060234375001 0.069772 0.5839156625 0.06941 0.6008222890625 0.07846 0.6079096390625 0.07122 0.6269969875 0.058550000000000005 0.6411746984375 0.070496 0.6526265062500001 0.087146 0.6400843375
3 0.057102 0.618271084375 0.053391999999999995 0.593668675 0.03466 0.599183734375 0.035384 0.6106385546875 0.05094800000000001 0.6204518078125 0.057102 0.618271084375
3 0.6641060000000001 0.9140030124999999 0.659284 0.8864036140625 0.647714 0.8457289156250001 0.642892 0.7992469875 0.608182 0.81812951875 0.613966 0.8631596390625 0.64 0.9328855421875 0.6641060000000001 0.9140030124999999
3 0.661814 0.7447138546875001 0.6383639999999999 0.722144578125 0.61361 0.7770963859375 0.64553 0.79083735 0.658556 0.7780783125 0.661814 0.7447138546875001
3 0.753498 0.8997379515624999 0.734606 0.8820753015625 0.72158 0.8840361453125001 0.710506 0.8565602406249999 0.673376 0.8604849390625 0.67077 0.9252530125 0.697478 0.9331024093750001 0.753498 0.9291777109374999 0.753498 0.8997379515624999
3 0.19893 0.86575 0.200494 0.851605421875 0.195018 0.82921084375 0.185628 0.835105421875 0.17311 0.832349396875 0.18093399999999998 0.867518071875 0.187194 0.8745903609375001 0.19658199999999998 0.8740030125 0.19893 0.86575
3 0.274824 0.8362831328125001 0.27013 0.8244969875000001 0.26230600000000004 0.8144759031250001 0.25291600000000003 0.82037048125 0.23609399999999997 0.8197801203124999 0.226314 0.818602409375 0.241962 0.8303885546875 0.255264 0.8457138546875 0.259568 0.8498373499999999 0.274824 0.8362831328125001