0 0.282 0.4457831328125 0.284 0.4397590359375 0.282 0.4367469875 0.282 0.42771084375 0.27999999999999997 0.421686746875 0.27599999999999997 0.41566264999999997 0.27 0.412650603125 0.264 0.41566264999999997 0.258 0.4246987953125 0.258 0.4367469875 0.27 0.4457831328125 0.282 0.4457831328125
0 0.44000000000000006 0.3614457828125 0.446 0.35843373437500003 0.446 0.34337349375000004 0.44800000000000006 0.3403614453125 0.44800000000000006 0.31927710781249996 0.446 0.3162650609375 0.446 0.30421686718749996 0.44000000000000006 0.292168675 0.42000000000000004 0.28313252968749997 0.414 0.28313252968749997 0.41200000000000003 0.286144578125 0.404 0.286144578125 0.4 0.28915662656249996 0.39 0.307228915625 0.388 0.3162650609375 0.388 0.32831325312500004 0.396 0.32831325312500004 0.44000000000000006 0.3614457828125
0 0.564 0.48192771093750003 0.572 0.48192771093750003 0.5740000000000001 0.4759036140625 0.5740000000000001 0.44879518125000006 0.576 0.4457831328125 0.576 0.4307228921875 0.5700000000000001 0.421686746875 0.558 0.412650603125 0.548 0.41566264999999997 0.544 0.421686746875 0.538 0.4246987953125 0.534 0.4307228921875 0.534 0.442771084375 0.5559999999999999 0.4759036140625 0.564 0.48192771093750003
0 0.5820000000000001 0.3614457828125 0.608 0.3825301203125 0.61 0.39457831250000003 0.614 0.39156626562499997 0.616 0.36445783125000003 0.61 0.35542168749999997 0.596 0.3463855421875 0.584 0.3524096390625 0.58 0.35843373437500003 0.5780000000000001 0.35843373437500003 0.58 0.36445783125000003 0.5820000000000001 0.3614457828125
0 0.638 0.4608433734375 0.64 0.46385542187500006 0.644 0.4608433734375 0.644 0.44879518125000006 0.64 0.442771084375 0.628 0.442771084375 0.624 0.44879518125000006 0.624 0.457831325 0.63 0.4608433734375 0.638 0.4608433734375
0 0.6759999999999999 0.48795180781249997 0.6759999999999999 0.46686747031250003 0.674 0.4608433734375 0.6719999999999999 0.457831325 0.662 0.457831325 0.6559999999999999 0.46686747031250003 0.6559999999999999 0.47891566250000006 0.6719999999999999 0.48795180781249997 0.6759999999999999 0.48795180781249997
0 0.6980000000000001 0.48192771093750003 0.7 0.47891566250000006 0.7 0.46385542187500006 0.6980000000000001 0.4608433734375 0.692 0.4608433734375 0.688 0.46385542187500006 0.688 0.472891565625 0.6940000000000001 0.48192771093750003 0.6980000000000001 0.48192771093750003
0 0.792 0.4367469875 0.806 0.4307228921875 0.808 0.42771084375 0.808 0.41867469843749994 0.8019999999999999 0.40662650625 0.792 0.40662650625 0.788 0.4096385546875 0.784 0.41566264999999997 0.784 0.4307228921875 0.786 0.4367469875 0.792 0.4367469875
0 0.8140000000000001 0.412650603125 0.8160000000000001 0.4096385546875 0.834 0.4096385546875 0.836 0.40662650625 0.8380000000000001 0.39457831250000003 0.8320000000000001 0.3765060234375 0.8240000000000001 0.37048192812499997 0.8220000000000001 0.3734939765625 0.8160000000000001 0.3734939765625 0.808 0.37951807187500003 0.8039999999999999 0.39156626562499997 0.8039999999999999 0.40662650625 0.808 0.412650603125 0.8140000000000001 0.412650603125
0 0.675202 0.45487349374999997 0.673334 0.4467228921875 0.666238 0.443066265625 0.661008 0.44587951875 0.654844 0.456560240625 0.6621279999999999 0.4590903609375 0.675202 0.4638674703125 0.675202 0.45487349374999997
0 0.7022999999999999 0.4855120484375 0.706968 0.48495180781249997 0.70865 0.4793283125 0.708464 0.47455120468749995 0.705848 0.47033433750000003 0.7018 0.4680753015625 0.7013659999999999 0.468647590625 0.698938 0.479891565625 0.7022999999999999 0.4855120484375
0 0.71033 0.5046265062499999 0.70865 0.49703915624999995 0.702674 0.48972891562500004 0.696136 0.488605421875 0.69128 0.4967560234375 0.698004 0.5046265062499999 0.705662 0.5186837343749999 0.71033 0.5046265062499999
0 0.7239639999999999 0.5155903609375 0.728634 0.5082831328124999 0.726766 0.5035030125 0.72303 0.49478915625 0.7191080000000001 0.4916957828125 0.711078 0.49788252968749996 0.712946 0.5006927703125 0.720416 0.5105301203125 0.7239639999999999 0.5155903609375
0 0.74787 0.48748192812499996 0.743388 0.4838253015625 0.740772 0.48691867499999997 0.741894 0.49703915624999995 0.74843 0.4984427703125 0.749178 0.4922590359375 0.74787 0.48748192812499996
0 0.732774 0.52062650625 0.733664 0.5142018078125 0.733486 0.508581325 0.7264 0.504400603125 0.726372 0.511524096875 0.730818 0.513397590625 0.732774 0.52062650625
0 0.7404200000000001 0.4914518078125 0.734552 0.4938614453125 0.7352000000000001 0.4998825296875 0.741664 0.503228915625 0.741664 0.49841265 0.7404200000000001 0.4914518078125
1 0.43600000000000005 0.599397590625 0.41200000000000003 0.5391566265625001 0.414 0.5090361453125001 0.422 0.457831325 0.44400000000000006 0.412650603125 0.39 0.37048192812499997 0.35 0.38554216874999997 0.33799999999999997 0.4096385546875 0.344 0.6054216875 0.388 0.6325301203125 0.422 0.6234939765624999 0.43600000000000005 0.599397590625
3 0.398 0.870481928125 0.40199999999999997 0.8674698796874999 0.40800000000000003 0.849397590625 0.41600000000000004 0.83433735 0.426 0.8042168671875001 0.414 0.7981927703125 0.40199999999999997 0.7831325296875 0.4 0.777108434375 0.392 0.777108434375 0.386 0.7861445781249999 0.366 0.8524096390624999 0.366 0.8614457828125 0.364 0.86445783125 0.366 0.870481928125 0.398 0.870481928125
3 0.286 0.8554216875 0.302 0.858433734375 0.304 0.8614457828125 0.312 0.8614457828125 0.316 0.8554216875 0.33399999999999996 0.7891566265625001 0.33199999999999996 0.7861445781249999 0.312 0.7861445781249999 0.308 0.78012048125 0.302 0.78012048125 0.292 0.8012048187499999 0.292 0.8102409640625 0.286 0.828313253125 0.286 0.8403614453125 0.284 0.84337349375 0.284 0.8524096390624999 0.286 0.8554216875
3 0.454 0.765060240625 0.46799999999999997 0.765060240625 0.46799999999999997 0.7530120484375 0.47000000000000003 0.75 0.47000000000000003 0.7168674703125 0.466 0.7108433734374999 0.466 0.707831325 0.45999999999999996 0.707831325 0.45599999999999996 0.7108433734374999 0.45199999999999996 0.7168674703125 0.45199999999999996 0.7259036140624999 0.45 0.7289156625000001 0.45 0.75 0.44800000000000006 0.7530120484375 0.45 0.7620481921875 0.454 0.765060240625
3 0.546 0.75 0.554 0.7379518078125 0.5559999999999999 0.7289156625000001 0.5559999999999999 0.7108433734374999 0.54 0.7108433734374999 0.538 0.707831325 0.53 0.7048192765625 0.526 0.7138554218750001 0.524 0.7560240968749999 0.526 0.7620481921875 0.53 0.7620481921875 0.546 0.75
2 0.23664800000000003 0.5675060234375 0.23771599999999998 0.560816265625 0.23984999999999998 0.5565331328124999 0.2292 0.55229216875 0.228824 0.5640271078125 0.22918 0.5704487953124999 0.23664800000000003 0.5675060234375
2 0.300664 0.5262891562500001 0.303508 0.5214728921875 0.301908 0.515852409375 0.29515199999999997 0.5204006031249999 0.29497399999999996 0.5204006031249999 0.29586199999999996 0.5270933734375001 0.300664 0.5262891562500001
3 0.279012 0.6333644578125 0.287014 0.63737951875 0.288258 0.6304216874999999 0.28559199999999996 0.6239969875 0.28239000000000003 0.6231957828125 0.282 0.6149427703125 0.277412 0.613560240625 0.27599 0.6285481921875 0.279012 0.6333644578125
2 0.524384 0.599021084375 0.530076 0.5968825296875 0.534876 0.5901897593750001 0.536298 0.5845692765625 0.533454 0.57841265 0.5288299999999999 0.573060240625 0.52403 0.56904518125 0.51081 0.574189759375 0.512116 0.59179518125 0.5149600000000001 0.5968825296875 0.524384 0.599021084375
2 0.46174400000000004 0.4969728921875 0.46545 0.5077981921875 0.47417 0.5114096390625 0.483762 0.5114096390625 0.48834 0.5071445781249999 0.49051999999999996 0.4969728921875 0.48943000000000003 0.4841746984375 0.472208 0.47170783125 0.472208 0.470066265625 0.46566799999999997 0.4825361453125 0.46174400000000004 0.4969728921875
2 0.578764 0.509650603125 0.58792 0.5103072296875 0.588138 0.4988222890625 0.586176 0.48865060312499997 0.577416 0.4846927703125 0.569608 0.49029216875000003 0.567646 0.5040722890625 0.578764 0.509650603125
2 0.645856 0.5338674703125 0.6492359999999999 0.5255722890625 0.6472800000000001 0.5180783124999999 0.642834 0.51620481875 0.6373219999999999 0.5215572296875 0.634654 0.5285150609375 0.64159 0.53520481875 0.645856 0.5338674703125
2 0.626958 0.481439759375 0.624648 0.483581325 0.62358 0.49348493906249996 0.619846 0.48893373437500004 0.619 0.4974728921875 0.62678 0.506599396875 0.630338 0.49990963906249997 0.630338 0.492147590625 0.626958 0.481439759375
3 0.60874 0.623439759375 0.608558 0.6254216875 0.609144 0.652231928125 0.620822 0.653141565625 0.619414 0.6195 0.60874 0.623439759375
3 0.660196 0.6128012046875 0.660338 0.6395030125 0.673426 0.6391987953125 0.6738299999999999 0.610102409375 0.660196 0.6128012046875
3 0.25989 0.6629156625 0.26583199999999996 0.67445481875 0.273882 0.6721475906250001 0.273882 0.6583012046875 0.271198 0.64733735 0.26793999999999996 0.63608735 0.250116 0.6288765062499999 0.247432 0.634644578125 0.25241600000000003 0.6467620484375 0.25989 0.6629156625