0 0.774 0.1921921921875 0.746 0.2102102109375 0.744 0.24624624687500002 0.792 0.22822822812500002 0.788 0.20720720781250002 0.774 0.1921921921875
0 0.6839999999999999 0.24624624687500002 0.674 0.2612612609375 0.6719999999999999 0.2852852859375 0.708 0.2792792796875 0.6980000000000001 0.24624624687500002 0.6839999999999999 0.24624624687500002
0 0.5940000000000001 0.240240240625 0.584 0.2522522515625 0.5820000000000001 0.2822822828125 0.622 0.2882882890625 0.614 0.24324324375 0.5940000000000001 0.240240240625
0 0.492 0.24624624687500002 0.47400000000000003 0.24924925 0.46399999999999997 0.2702702703125 0.466 0.3003003 0.506 0.2882882890625 0.504 0.26426426406250003 0.492 0.24624624687500002
0 0.378 0.22822822812500002 0.364 0.22822822812500002 0.346 0.2522522515625 0.346 0.2822822828125 0.394 0.2792792796875 0.394 0.24624624687500002 0.378 0.22822822812500002
0 0.10800000000000001 0.135135134375 0.08 0.14414414375 0.068 0.1771771765625 0.072 0.1981981984375 0.142 0.2102102109375 0.136 0.16216216249999998 0.10800000000000001 0.135135134375
3 0.794 0.7117117109375 0.782 0.7207207203125 0.78 0.7387387390625 0.8220000000000001 0.75075075 0.82 0.7297297296874999 0.794 0.7117117109375
3 0.74 0.7327327328125001 0.74 0.753753753125 0.772 0.7627627625 0.764 0.7387387390625 0.74 0.7327327328125001
3 0.6559999999999999 0.6306306312500001 0.6599999999999999 0.6546546546875 0.6900000000000001 0.6546546546875 0.6759999999999999 0.624624625 0.6559999999999999 0.6306306312500001
3 0.616 0.68168168125 0.618 0.684684684375 0.628 0.684684684375 0.63 0.6876876875 0.638 0.6876876875 0.64 0.684684684375 0.64 0.678678678125 0.636 0.6726726734375 0.634 0.6726726734375 0.628 0.6576576578125 0.622 0.6576576578125 0.62 0.6546546546875 0.616 0.6546546546875 0.614 0.6576576578125 0.606 0.6546546546875 0.602 0.6666666671875 0.606 0.678678678125 0.61 0.68168168125 0.616 0.68168168125
3 0.5940000000000001 0.696696696875 0.5980000000000001 0.690690690625 0.5980000000000001 0.675675675 0.596 0.6726726734375 0.5820000000000001 0.6726726734375 0.58 0.675675675 0.58 0.684684684375 0.5780000000000001 0.690690690625 0.5820000000000001 0.696696696875 0.5940000000000001 0.696696696875
3 0.49800000000000005 0.7447447453125 0.506 0.7447447453125 0.512 0.7417417421875 0.512 0.7237237234375 0.51 0.7177177171875 0.49400000000000005 0.7177177171875 0.492 0.7207207203125 0.492 0.7387387390625 0.49400000000000005 0.7417417421875 0.49800000000000005 0.7447447453125
3 0.442 0.7387387390625 0.454 0.7387387390625 0.45999999999999996 0.7357357359375001 0.46399999999999997 0.7327327328125001 0.46799999999999997 0.7237237234375 0.47000000000000003 0.7237237234375 0.466 0.7147147140625 0.454 0.7057057062500001 0.44800000000000006 0.708708709375 0.44800000000000006 0.7117117109375 0.438 0.7237237234375 0.438 0.7327327328125001 0.442 0.7387387390625
3 0.396 0.765765765625 0.396 0.759759759375 0.394 0.7567567562499999 0.382 0.753753753125 0.372 0.7447447453125 0.346 0.759759759375 0.344 0.7627627625 0.346 0.76876876875 0.392 0.76876876875 0.396 0.765765765625
3 0.356 0.783783784375 0.35 0.774774775 0.34199999999999997 0.76876876875 0.33399999999999996 0.76876876875 0.33199999999999996 0.771771771875 0.318 0.771771771875 0.304 0.7897897890625 0.31 0.7957957953125 0.36 0.7957957953125 0.358 0.783783784375 0.356 0.783783784375
3 0.052000000000000005 0.9789789796875 0.054000000000000006 0.98198198125 0.052000000000000005 0.996996996875 0.126 0.996996996875 0.128 0.99399399375 0.134 0.99399399375 0.13999999999999999 0.9879879875 0.13999999999999999 0.9759759765625 0.136 0.9699699703125001 0.132 0.9669669671875001 0.126 0.9669669671875001 0.12 0.9609609609374999 0.1 0.9519519515624999 0.062 0.9729729734375001 0.05600000000000001 0.9729729734375001 0.052000000000000005 0.9699699703125001 0.052000000000000005 0.9789789796875
3 0.096 0.9369369375 0.10200000000000001 0.9489489484375 0.11000000000000001 0.9489489484375 0.11200000000000002 0.9459459453125 0.128 0.9429429421875 0.13999999999999999 0.9339339343749999 0.142 0.927927928125 0.13799999999999998 0.91891891875 0.11000000000000001 0.9129129125000001 0.096 0.903903903125 0.096 0.9129129125000001 0.094 0.9159159156250001 0.096 0.921921921875 0.096 0.9369369375