0 0.58 0.22822822812500002 0.5660000000000001 0.22822822812500002 0.558 0.240240240625 0.557778 0.26860059999999997 0.5900000000000001 0.24924925 0.58 0.22822822812500002
0 0.296 0.24924925 0.291666 0.2602612609375 0.318 0.24624624687500002 0.304 0.23723723749999998 0.296 0.24924925
0 0.51 0.18918918906249999 0.496666 0.2052042046875 0.494444 0.23023123124999997 0.518888 0.23523423437500002 0.538888 0.22689489531249998 0.532222 0.2018678671875 0.51 0.18918918906249999
0 0.5900000000000001 0.2672672671875 0.6077779999999999 0.2702702703125 0.614 0.2522522515625 0.602 0.24324324375 0.5900000000000001 0.2672672671875
0 0.619112 0.24624624687500002 0.616666 0.26860059999999997 0.653334 0.2652642640625 0.637112 0.234234234375 0.619112 0.24624624687500002
0 0.06999999999999999 0.21921921875 0.06833399999999999 0.25275375312500004 0.11833400000000001 0.2427417421875 0.092 0.20720720781250002 0.06999999999999999 0.21921921875
0 0.33999999999999997 0.20720720781250002 0.33799999999999997 0.23723723749999998 0.39166599999999996 0.2177177171875 0.362 0.18918918906249999 0.33999999999999997 0.20720720781250002
0 0.725556 0.23799399375000002 0.716 0.240240240625 0.708 0.2522522515625 0.7098359999999999 0.2644414421875 0.73499 0.26633032968750003 0.734 0.24924925 0.725556 0.23799399375000002
0 0.665556 0.2035375375 0.6599999999999999 0.22689489531249998 0.7 0.23023123124999997 0.7 0.21621621562499999 0.686 0.1981981984375 0.665556 0.2035375375
0 0.23399999999999999 0.24324324375 0.21800000000000003 0.22822822812500002 0.194 0.240240240625 0.192 0.2822822828125 0.227996 0.288072071875 0.24 0.2612612609375 0.23399999999999999 0.24324324375
0 0.238 0.22522522500000003 0.238334 0.25775675625 0.26666599999999996 0.25024925 0.254 0.21921921875 0.238 0.22522522500000003
0 0.93387 0.237525525 0.93574 0.1923603609375 0.9237399999999999 0.1743423421875 0.90574 0.1743423421875 0.88574 0.198366365625 0.87974 0.21037837812500002 0.8942500000000001 0.21769069062500002 0.9156319999999999 0.21485585624999998 0.93387 0.237525525
0 0.468398 0.23314414375 0.459024 0.2323393390625 0.44617000000000007 0.234753753125 0.442956 0.26009309375 0.474826 0.2588858859375 0.47321799999999997 0.2452102109375 0.468398 0.23314414375
0 0.489154 0.2657237234375 0.49451 0.25245045 0.49076000000000003 0.2367627625 0.472014 0.2375675671875 0.470406 0.2536576578125 0.472014 0.26009309375 0.489154 0.2657237234375
0 0.43701999999999996 0.270090090625 0.43747600000000003 0.2621861859375 0.430612 0.254624625 0.42077200000000003 0.25909309375 0.41917 0.2776516515625 0.418484 0.27868168125000004 0.436562 0.277309309375 0.43701999999999996 0.270090090625
3 0.1 0.6996997 0.10800000000000001 0.6996997 0.11000000000000001 0.69369369375 0.11000000000000001 0.6696696703125 0.10800000000000001 0.6606606609375001 0.10200000000000001 0.6606606609375001 0.098 0.6726726734375 0.098 0.684684684375 0.096 0.6876876875 0.098 0.696696696875 0.1 0.6996997
3 0.134 0.7357357359375001 0.132 0.7327327328125001 0.132 0.7177177171875 0.11599999999999999 0.7177177171875 0.11399999999999999 0.7147147140625 0.11200000000000002 0.7177177171875 0.11000000000000001 0.7477477484375 0.11399999999999999 0.753753753125 0.126 0.75075075 0.134 0.7357357359375001
3 0.22000000000000003 0.783783784375 0.22799999999999998 0.777777778125 0.23199999999999998 0.771771771875 0.23199999999999998 0.753753753125 0.22999999999999998 0.75075075 0.21600000000000003 0.75075075 0.21200000000000002 0.753753753125 0.21200000000000002 0.7567567562499999 0.20800000000000002 0.7627627625 0.20800000000000002 0.771771771875 0.20600000000000002 0.774774775 0.20800000000000002 0.783783784375 0.22000000000000003 0.783783784375
3 0.274 0.7207207203125 0.282 0.7207207203125 0.284 0.7147147140625 0.284 0.690690690625 0.282 0.6876876875 0.27 0.6876876875 0.268 0.690690690625 0.268 0.7117117109375 0.27 0.7177177171875 0.274 0.7207207203125
3 0.346 0.7147147140625 0.348 0.702702703125 0.344 0.6876876875 0.33999999999999997 0.684684684375 0.33399999999999996 0.684684684375 0.33399999999999996 0.708708709375 0.33599999999999997 0.7147147140625 0.346 0.7147147140625
3 0.358 0.753753753125 0.364 0.7627627625 0.37 0.765765765625 0.378 0.765765765625 0.38 0.753753753125 0.376 0.7357357359375001 0.372 0.7327327328125001 0.362 0.7387387390625 0.352 0.7387387390625 0.356 0.7447447453125 0.358 0.753753753125
3 0.254 0.609609609375 0.254 0.603603603125 0.25 0.5945945953125 0.24 0.5945945953125 0.236 0.6006006 0.23399999999999999 0.6006006 0.23199999999999998 0.603603603125 0.23199999999999998 0.6216216218749999 0.24 0.6216216218749999 0.254 0.609609609375
3 0.45999999999999996 0.6366366359375 0.46399999999999997 0.6306306312500001 0.46399999999999997 0.61861861875 0.466 0.615615615625 0.466 0.609609609375 0.458 0.603603603125 0.45199999999999996 0.60660660625 0.45 0.615615615625 0.45 0.6276276281250001 0.44800000000000006 0.633633634375 0.45 0.6366366359375 0.45999999999999996 0.6366366359375
3 0.5 0.7627627625 0.506 0.759759759375 0.518 0.7357357359375001 0.502 0.7237237234375 0.49800000000000005 0.7237237234375 0.496 0.7267267265624999 0.488 0.75075075 0.488 0.759759759375 0.49000000000000005 0.7627627625 0.5 0.7627627625
3 0.542 0.7207207203125 0.548 0.7207207203125 0.55 0.7177177171875 0.55 0.702702703125 0.548 0.6996997 0.548 0.690690690625 0.544 0.684684684375 0.544 0.68168168125 0.532 0.684684684375 0.532 0.702702703125 0.534 0.708708709375 0.542 0.7207207203125
3 0.622 0.6996997 0.626 0.702702703125 0.634 0.702702703125 0.638 0.6996997 0.638 0.684684684375 0.636 0.675675675 0.626 0.675675675 0.618 0.6606606609375001 0.618 0.6876876875 0.622 0.6996997
3 0.6980000000000001 0.7477477484375 0.708 0.7477477484375 0.71 0.7447447453125 0.71 0.7357357359375001 0.704 0.7177177171875 0.682 0.7177177171875 0.682 0.7297297296874999 0.686 0.7387387390625 0.6980000000000001 0.7477477484375
3 0.734 0.6216216218749999 0.734 0.6126126125 0.732 0.60660660625 0.728 0.603603603125 0.724 0.603603603125 0.722 0.60660660625 0.72 0.6216216218749999 0.728 0.6306306312500001 0.732 0.6276276281250001 0.734 0.6216216218749999
3 0.774 0.6576576578125 0.776 0.6546546546875 0.776 0.6486486484375 0.766 0.6306306312500001 0.754 0.6306306312500001 0.752 0.6396396390625 0.756 0.6516516515624999 0.766 0.6576576578125 0.774 0.6576576578125
3 0.9359999999999999 0.759759759375 0.9099999999999999 0.771771771875 0.908 0.7987987984375 0.914 0.8048048046874999 0.962 0.7957957953125 0.9359999999999999 0.759759759375
3 0.828 0.7177177171875 0.8220000000000001 0.75075075 0.8400000000000001 0.7627627625 0.8460000000000001 0.7267267265624999 0.828 0.7177177171875
3 0.8699999999999999 0.6876876875 0.874 0.7237237234375 0.8939999999999999 0.7327327328125001 0.8960000000000001 0.690690690625 0.8699999999999999 0.6876876875