3 0.33599999999999997 0.552552553125 0.318 0.5645645640625 0.322 0.633633634375 0.35 0.6396396390625 0.346 0.5615615609375 0.33599999999999997 0.552552553125
3 0.514 0.7117117109375 0.526 0.6996997 0.528 0.5945945953125 0.49800000000000005 0.597597596875 0.504 0.6636636640625 0.49400000000000005 0.696696696875 0.49800000000000005 0.708708709375 0.514 0.7117117109375
3 0.37 0.5765765765624999 0.37 0.5075075078125 0.354 0.4924924921875 0.33399999999999996 0.4984984984375 0.33599999999999997 0.54354354375 0.348 0.5855855859375 0.37 0.5765765765624999
0 0.16399999999999998 0.3393393390625 0.148 0.3333333328125 0.142 0.3453453453125 0.15 0.3873873875 0.16799999999999998 0.3573573578125 0.16399999999999998 0.3393393390625
0 0.13799999999999998 0.384384384375 0.13 0.3333333328125 0.11000000000000001 0.3423423421875 0.10400000000000001 0.3603603609375 0.10800000000000001 0.396396396875 0.134 0.40540540468749997 0.13799999999999998 0.384384384375
0 0.33599999999999997 0.18918918906249999 0.33399999999999996 0.165165165625 0.314 0.14414414375 0.294 0.14414414375 0.274 0.1771771765625 0.272 0.2012012015625 0.284 0.21921921875 0.318 0.21621621562499999 0.33599999999999997 0.18918918906249999
0 0.42800000000000005 0.38138138125 0.41200000000000003 0.3423423421875 0.398 0.3303303296875 0.37 0.3423423421875 0.368 0.4084084078125 0.4 0.42042042031250004 0.418 0.4144144140625 0.42800000000000005 0.38138138125
3 0.45599999999999996 0.6996997 0.44800000000000006 0.6876876875 0.414 0.696696696875 0.42800000000000005 0.75075075 0.458 0.7357357359375001 0.45599999999999996 0.6996997
0 0.47400000000000003 0.20720720781250002 0.47000000000000003 0.1861861859375 0.44400000000000006 0.16816816875 0.42400000000000004 0.171171171875 0.40800000000000003 0.18918918906249999 0.404 0.24324324375 0.414 0.2522522515625 0.44400000000000006 0.24924925 0.47400000000000003 0.20720720781250002
2 0.312 0.45045045000000006 0.312 0.47447447499999995 0.32599999999999996 0.47747747812499997 0.32799999999999996 0.453453453125 0.312 0.45045045000000006
0 0.182 0.41141141093750005 0.162 0.40540540468749997 0.152 0.42042042031250004 0.162 0.48048048125 0.192 0.47447447499999995 0.194 0.44744744687500004 0.182 0.41141141093750005
2 0.228016 0.4628168171875 0.22553800000000002 0.4423543546875 0.21563 0.42560960937500003 0.204894 0.4194084078125 0.19870000000000002 0.43429129062499994 0.204482 0.4522762765625 0.218932 0.4683994 0.228016 0.4628168171875
3 0.16594 0.7387987984375 0.189286 0.7474294296874999 0.195032 0.72423123125 0.17851 0.716141140625 0.16881200000000002 0.67898198125 0.15588200000000002 0.6940240234374999 0.161628 0.732324325 0.16594 0.7387987984375
2 0.22816200000000003 0.5036666671875001 0.2204 0.4933543546875 0.20666600000000002 0.492009009375 0.198904 0.4933543546875 0.20009800000000003 0.5229489484375 0.21890800000000002 0.5224984984375001 0.231744 0.52115615625 0.22816200000000003 0.5036666671875001