0 0.264 0.4294294296875 0.264 0.4084084078125 0.26 0.402402403125 0.256 0.39939939999999996 0.248 0.39939939999999996 0.244 0.402402403125 0.24 0.41141141093750005 0.238 0.42042042031250004 0.238 0.4264264265625 0.24 0.4294294296875 0.264 0.4294294296875
0 0.384 0.4264264265625 0.384 0.41741741718750003 0.382 0.41141141093750005 0.372 0.396396396875 0.368 0.396396396875 0.36 0.40540540468749997 0.358 0.41141141093750005 0.358 0.4294294296875 0.382 0.4294294296875 0.384 0.4264264265625
0 0.422 0.4144144140625 0.426 0.402402403125 0.42400000000000004 0.396396396875 0.41600000000000004 0.384384384375 0.41 0.384384384375 0.40199999999999997 0.396396396875 0.40199999999999997 0.40540540468749997 0.40599999999999997 0.41141141093750005 0.422 0.4144144140625
0 0.47800000000000004 0.4234234234375 0.48 0.42042042031250004 0.488 0.42042042031250004 0.49000000000000005 0.4234234234375 0.49400000000000005 0.4234234234375 0.496 0.42042042031250004 0.496 0.41141141093750005 0.49000000000000005 0.396396396875 0.48200000000000004 0.39339339375 0.47800000000000004 0.39939939999999996 0.476 0.39939939999999996 0.47000000000000003 0.4084084078125 0.47000000000000003 0.42042042031250004 0.472 0.4234234234375 0.47800000000000004 0.4234234234375
0 0.54 0.4324324328125 0.542 0.4354354359375 0.55 0.4354354359375 0.554 0.43843843906249996 0.558 0.4294294296875 0.5559999999999999 0.41741741718750003 0.548 0.4084084078125 0.544 0.4084084078125 0.534 0.41741741718750003 0.532 0.4234234234375 0.532 0.4294294296875 0.534 0.4324324328125 0.54 0.4324324328125
0 0.614 0.4234234234375 0.634 0.4234234234375 0.636 0.42042042031250004 0.638 0.4084084078125 0.636 0.40540540468749997 0.636 0.396396396875 0.632 0.3873873875 0.62 0.384384384375 0.61 0.396396396875 0.608 0.40540540468749997 0.608 0.4144144140625 0.61 0.42042042031250004 0.614 0.4234234234375
0 0.674 0.4324324328125 0.6799999999999999 0.4324324328125 0.682 0.4264264265625 0.6799999999999999 0.41741741718750003 0.6719999999999999 0.4084084078125 0.666 0.4084084078125 0.658 0.42042042031250004 0.6559999999999999 0.4264264265625 0.658 0.4294294296875 0.6719999999999999 0.4294294296875 0.674 0.4324324328125
3 0.6644 0.677552553125 0.6642 0.6919669671875 0.6756 0.6901651656250001 0.6796 0.6793543546875 0.6776 0.6646396390625 0.6808 0.6259009015625 0.6664 0.6231981984375 0.665 0.6397147140625 0.6664 0.6664414421875 0.6644 0.677552553125
3 0.6412 0.6526276281250001 0.6394 0.665540540625 0.6458 0.678153153125 0.6519999999999999 0.6670420421875 0.654 0.6313063062500001 0.6436 0.63160660625 0.6428 0.6301051046875 0.6446 0.6451201203125 0.6412 0.6526276281250001
3 0.6397999999999999 0.728003003125 0.6396 0.716291290625 0.6396 0.7003753749999999 0.6402 0.665240240625 0.623549309375 0.6617517234375 0.6204 0.6730480484375 0.622 0.6952702703125 0.6246 0.7114864859375001 0.624 0.7271021015625 0.631 0.7325075078125 0.6397999999999999 0.728003003125
3 0.5958 0.7141891890625 0.593 0.7256006 0.5988 0.73190690625 0.6113999999999999 0.728603603125 0.621 0.721396396875 0.6188 0.6667417421875 0.6022000000000001 0.6730480484375 0.6058 0.6994744749999999 0.6052 0.7075825828125 0.5958 0.7141891890625
3 0.5309999999999999 0.6997747750000001 0.542 0.696471471875 0.5464 0.6901651656250001 0.5472 0.671246246875 0.545 0.65593093125 0.5466 0.627402403125 0.5328 0.6253002999999999 0.5322 0.6622372375000001 0.529 0.678753753125 0.5309999999999999 0.6997747750000001
3 0.5528 0.6916666671875 0.5614 0.6955705703125 0.5646 0.6832582578124999 0.5616 0.6676426421875 0.5656 0.64451951875 0.553 0.6385135140625 0.5496000000000001 0.659834834375 0.549 0.677552553125 0.5528 0.6916666671875
3 0.4826 0.697372371875 0.48819999999999997 0.7021771765625 0.495 0.700075075 0.49560000000000004 0.68175675625 0.49560000000000004 0.649924925 0.4856 0.6448198203125 0.4854 0.665840840625 0.48319999999999996 0.6823573578125 0.4826 0.697372371875
3 0.47000000000000003 0.6886636640625 0.46399999999999997 0.6997747750000001 0.47240000000000004 0.70698198125 0.48019999999999996 0.703678678125 0.4814 0.6898648656249999 0.48040000000000005 0.6730480484375 0.48200000000000004 0.6490240234375 0.46959999999999996 0.649324325 0.4706 0.6637387390625 0.472 0.6766516515625 0.47000000000000003 0.6886636640625
3 0.41580000000000006 0.6592342343750001 0.42380000000000007 0.6739489484375001 0.4286 0.6646396390625 0.426 0.6514264265625 0.42380000000000007 0.6385135140625 0.42779999999999996 0.6042792796875001 0.41580000000000006 0.6018768765625 0.4164 0.6228978984375 0.41580000000000006 0.6367117109375 0.41580000000000006 0.6592342343750001
3 0.4008 0.66914414375 0.40940000000000004 0.6760510515625 0.4152 0.665240240625 0.4154 0.6478228234375 0.4144 0.6048798796875 0.39980000000000004 0.6078828828125 0.4032 0.633708709375 0.4032 0.650225225 0.4008 0.66914414375
3 0.3488 0.6994744749999999 0.341 0.722297296875 0.3466 0.734309309375 0.3564 0.728603603125 0.35819999999999996 0.7111861859374999 0.3592 0.672147146875 0.3482 0.6718468468750001 0.3432 0.6718468468750001 0.3452 0.6841591593749999 0.3488 0.6994744749999999
3 0.3658 0.7201951953125 0.3668 0.7355105109375 0.3778 0.74451951875 0.382 0.7388138140625 0.382 0.7283033031249999 0.3782 0.7168918921875 0.379 0.6985735734375 0.3796 0.6727477484375 0.365 0.6708708703124999 0.3654 0.6730480484375 0.36619999999999997 0.6928678671874999 0.3658 0.7201951953125
3 0.2366 0.7237987984375 0.23079999999999998 0.73070570625 0.23020000000000002 0.7454204203125 0.2432 0.7514264265625 0.25 0.740615615625 0.2492 0.715390390625 0.25179999999999997 0.6745495499999999 0.2366 0.67575075 0.2364 0.69376876875 0.2386 0.715390390625 0.2366 0.7237987984375
3 0.265 0.7334084078124999 0.2702 0.74331831875 0.2786 0.7418168171875 0.281 0.7262012015625 0.277 0.7132882890625 0.2814 0.6745495499999999 0.2644 0.67484985 0.2662 0.6907657656249999 0.26680000000000004 0.7189939937500001 0.265 0.7334084078124999
2 0.21636000000000002 0.6486486484375 0.22435999999999998 0.6486486484375 0.22835999999999998 0.6366366359375 0.22835999999999998 0.6276276281250001 0.22635999999999998 0.624624625 0.22635999999999998 0.6126126125 0.22435999999999998 0.603603603125 0.22035999999999997 0.6006006 0.21236000000000002 0.603603603125 0.21036000000000002 0.60660660625 0.21036000000000002 0.633633634375 0.21636000000000002 0.6456456453125 0.21636000000000002 0.6486486484375