0 0.21000000000000002 0.1171171171875 0.221 0.1171171171875 0.254 0.141141140625 0.254 0.14414414375 0.258 0.15015015 0.262 0.147147146875 0.262 0.13813813749999998 0.26 0.135135134375 0.26 0.1171171171875 0.258 0.11411411406250001 0.258 0.10210210156249999 0.25 0.08708708750000001 0.248 0.08708708750000001 0.24 0.078078078125 0.23399999999999999 0.078078078125 0.23199999999999998 0.075075075 0.22200000000000003 0.075075075 0.20800000000000002 0.08708708750000001 0.198 0.1171171171875 0.2 0.12312312343750001 0.20400000000000001 0.12312312343750001 0.21000000000000002 0.1171171171875
0 0.296 0.23723723749999998 0.298 0.22522522500000003 0.306 0.2132132125 0.324 0.2132132125 0.32799999999999996 0.22522522500000003 0.33199999999999996 0.21621621562499999 0.33199999999999996 0.20420420468749997 0.32999999999999996 0.1951951953125 0.32599999999999996 0.18918918906249999 0.312 0.1771771765625 0.306 0.1771771765625 0.302 0.1801801796875 0.296 0.1951951953125 0.296 0.20420420468749997 0.29 0.222222221875 0.294 0.23723723749999998 0.296 0.23723723749999998
0 0.41600000000000004 0.135135134375 0.418 0.13813813749999998 0.426 0.13813813749999998 0.42400000000000004 0.1321321328125 0.42400000000000004 0.12312312343750001 0.41600000000000004 0.10810810781249999 0.404 0.10810810781249999 0.4 0.1111111109375 0.394 0.12312312343750001 0.392 0.141141140625 0.396 0.141141140625 0.4 0.135135134375 0.41600000000000004 0.135135134375
0 0.554 0.21921921875 0.5559999999999999 0.2132132125 0.5519999999999999 0.1921921921875 0.542 0.1801801796875 0.532 0.18318318281249998 0.522 0.1951951953125 0.522 0.20720720781250002 0.52 0.2132132125 0.524 0.21621621562499999 0.554 0.21921921875
0 0.818 0.36336336406249997 0.8140000000000001 0.3543543546875 0.8099999999999999 0.3513513515625 0.8019999999999999 0.3573573578125 0.8 0.36336336406249997 0.8 0.372372371875 0.818 0.372372371875 0.818 0.36336336406249997
0 0.748 0.3603603609375 0.752 0.36936936875000004 0.756 0.36636636562499997 0.756 0.3573573578125 0.752 0.3453453453125 0.748 0.3423423421875 0.74 0.3423423421875 0.734 0.3513513515625 0.732 0.3573573578125 0.732 0.36636636562499997 0.736682 0.3623363359375 0.748 0.3603603609375
2 0.194 0.4084084078125 0.198 0.40540540468749997 0.20400000000000001 0.4084084078125 0.21200000000000002 0.39939939999999996 0.21400000000000002 0.39939939999999996 0.21800000000000003 0.375375375 0.21000000000000002 0.36636636562499997 0.191026 0.3579699703125 0.184 0.3513513515625 0.178 0.3513513515625 0.176 0.3483483484375 0.174 0.3483483484375 0.172 0.3543543546875 0.16399999999999998 0.3603603609375 0.162 0.36936936875000004 0.16999999999999998 0.37837837812499997 0.182 0.3873873875 0.194 0.4084084078125
2 0.272 0.49549549531250003 0.274 0.5015015015625 0.27999999999999997 0.5105105109375 0.27999999999999997 0.5135135140625 0.284 0.5165165171874999 0.292 0.5135135140625 0.306 0.49549549531250003 0.304 0.48048048125 0.298 0.471471471875 0.298 0.465465465625 0.296 0.465465465625 0.286 0.453453453125 0.286 0.45045045000000006 0.282 0.44744744687500004 0.27799999999999997 0.453453453125 0.272 0.45645645625000003 0.27 0.4624624625 0.27 0.48048048125 0.272 0.48348348281250003 0.272 0.49549549531250003
3 0.198 0.84984985 0.2 0.846846846875 0.21800000000000003 0.846846846875 0.22599999999999998 0.8408408406250001 0.22799999999999998 0.8348348343750001 0.22799999999999998 0.828828828125 0.22400000000000003 0.8258258265625 0.22000000000000003 0.8168168171874999 0.21000000000000002 0.8108108109375 0.20600000000000002 0.8108108109375 0.2 0.8198198203124999 0.198 0.8168168171874999 0.194 0.8228228234375001 0.178 0.8228228234375001 0.174 0.8168168171874999 0.162 0.8168168171874999 0.16 0.83183183125 0.16599999999999998 0.8408408406250001 0.184 0.84984985 0.198 0.84984985
3 0.21800000000000003 0.8018018015624999 0.252 0.7987987984375 0.26 0.7927927921875 0.26 0.78078078125 0.256 0.774774775 0.23199999999999998 0.771771771875 0.22400000000000003 0.7627627625 0.22400000000000003 0.765765765625 0.21000000000000002 0.78078078125 0.20800000000000002 0.7897897890625 0.21000000000000002 0.7987987984375 0.21600000000000003 0.7987987984375 0.21800000000000003 0.8018018015624999
3 0.3 0.7117117109375 0.3 0.7057057062500001 0.29 0.69369369375 0.282 0.696696696875 0.274 0.7057057062500001 0.272 0.7117117109375 0.27799999999999997 0.7177177171875 0.296 0.7177177171875 0.3 0.7117117109375
2 0.45 0.771771771875 0.45599999999999996 0.7627627625 0.458 0.753753753125 0.458 0.7387387390625 0.45599999999999996 0.7357357359375001 0.45599999999999996 0.7267267265624999 0.44400000000000006 0.7057057062500001 0.442 0.7057057062500001 0.438 0.6996997 0.434 0.6996997 0.42800000000000005 0.7207207203125 0.43600000000000005 0.765765765625 0.44000000000000006 0.771771771875 0.45 0.771771771875
2 0.48200000000000004 0.7357357359375001 0.49800000000000005 0.7357357359375001 0.504 0.7237237234375 0.504 0.7117117109375 0.49800000000000005 0.702702703125 0.49800000000000005 0.6996997 0.49400000000000005 0.696696696875 0.492 0.690690690625 0.48200000000000004 0.690690690625 0.48 0.69369369375 0.47800000000000004 0.6996997 0.47800000000000004 0.7267267265624999 0.48200000000000004 0.7327327328125001 0.48200000000000004 0.7357357359375001
3 0.516 0.7207207203125 0.526 0.7207207203125 0.526 0.6996997 0.516 0.6576576578125 0.514 0.6606606609375001 0.506 0.6606606609375001 0.504 0.6696696703125 0.502 0.702702703125 0.504 0.708708709375 0.512 0.7147147140625 0.516 0.7207207203125
3 0.54826 0.696696696875 0.55026 0.6996997 0.56026 0.6996997 0.56226 0.696696696875 0.57626 0.696696696875 0.57226 0.690690690625 0.56626 0.6876876875 0.55426 0.6726726734375 0.53826 0.675675675 0.5322600000000001 0.6696696703125 0.53026 0.6726726734375 0.53026 0.690690690625 0.5322600000000001 0.696696696875 0.54826 0.696696696875
2 0.382 0.3873873875 0.388 0.390390390625 0.39 0.3873873875 0.398 0.3873873875 0.4 0.384384384375 0.4 0.372372371875 0.398 0.36336336406249997 0.39 0.3513513515625 0.386 0.3513513515625 0.378 0.3573573578125 0.376 0.36336336406249997 0.376 0.375375375 0.38 0.390390390625 0.382 0.3873873875
3 0.7432719999999999 0.6317237234374999 0.7512719999999999 0.6377297296875 0.769272 0.6377297296875 0.767272 0.6257177171875 0.7572720000000001 0.6107027031250001 0.7512719999999999 0.6076997000000001 0.737272 0.6076997000000001 0.7352719999999999 0.6197117109375 0.737272 0.6257177171875 0.7392719999999999 0.6257177171875 0.7432719999999999 0.6317237234374999