0 0.6890130359375 0.35 0.661080075 0.30333333281249997 0.6256983234375 0.32 0.60707635 0.37 0.6033519546874999 0.39 0.6089385468749999 0.3966666671875 0.6927374296875 0.4066666671875 0.6890130359375 0.35
0 0.67411545625 0.27 0.6573556796875 0.2066666671875 0.6350093109375 0.1866666671875 0.6108007453125001 0.1966666671875 0.59404096875 0.2366666671875 0.5921787703125 0.3066666671875 0.5996275609375 0.32 0.6592178765625001 0.3 0.67411545625 0.27
0 0.1266294234375 0.3533333328125 0.10614525156250001 0.3366666671875 0.0856610796875 0.3433333328125 0.078212290625 0.3566666671875 0.0800744875 0.43333333281249997 0.1433892 0.42000000000000004 0.1266294234375 0.3533333328125
0 0.9478584734375 0.25 0.96461825 0.25 0.9981378031249999 0.27 0.9981378031249999 0.15 0.9664804468750001 0.1633333328125 0.944134078125 0.2166666671875 0.9255121046875001 0.22000000000000003 0.92364990625 0.22999999999999998 0.9385474859375 0.24333333281249997 0.9422718812499999 0.2633333328125 0.9478584734375 0.25
0 0.9013035374999999 0.3266666671875 0.8789571687500001 0.3166666671875 0.85288640625 0.33999999999999997 0.8435754187500001 0.37 0.92364990625 0.4033333328125 0.912476721875 0.3466666671875 0.9013035374999999 0.3266666671875
0 0.54934823125 0.29333333281249996 0.5232774671875 0.25666666718750003 0.5009310984375 0.25666666718750003 0.4729981375 0.3 0.4729981375 0.3433333328125 0.482309125 0.3566666671875 0.5586592171875 0.33999999999999997 0.54934823125 0.29333333281249996
0 0.3891992546875 0.36666666718749996 0.3761638734375 0.3233333328125 0.327746740625 0.3266666671875 0.3128491625 0.36666666718749996 0.30912476718750004 0.4 0.31657355625 0.4066666671875 0.39292365 0.41333333281250006 0.3891992546875 0.36666666718749996
0 0.17690875156250002 0.3133333328125 0.15642458125 0.3633333328125 0.158286778125 0.44000000000000006 0.2588454375 0.37 0.2141527 0.30333333281249997 0.17690875156250002 0.3133333328125
0 0.06890130312500001 0.3266666671875 0.0484171328125 0.3066666671875 0.0148975796875 0.3166666671875 0.0037243953125 0.35 0 0.4033333328125 0.035381750000000003 0.37 0.0800744875 0.38333333281250004 0.06890130312500001 0.3266666671875
0 0.7988826812500001 0.27999999999999997 0.82122905 0.2633333328125 0.806331471875 0.2066666671875 0.7802607078125 0.16999999999999998 0.7467411546875 0.17333333281250002 0.7225325890625001 0.2166666671875 0.716945996875 0.2633333328125 0.7057728125 0.2833333328125 0.70949720625 0.29333333281249996 0.7988826812500001 0.27999999999999997
0 0.4916201125 0.24 0.4729981375 0.24333333281249997 0.45251396718750003 0.29 0.45065176874999996 0.3433333328125 0.4767225328125 0.3433333328125 0.48603352031249997 0.3133333328125 0.4916201125 0.24
0 0.3556797015625 0.2866666671875 0.3445065171875 0.24 0.324022346875 0.2166666671875 0.2960893859375 0.2233333328125 0.2774674109375 0.27 0.2756052140625 0.3233333328125 0.28677839843749997 0.3366666671875 0.3202979515625 0.3333333328125 0.3556797015625 0.2866666671875