2 0.48666666718749996 0.4966666671875 0.46666666718750005 0.48333333281249996 0.457777778125 0.49000000000000005 0.44888888906249996 0.5066666671875 0.457777778125 0.5466666671875 0.4933333328125 0.53 0.48666666718749996 0.4966666671875
1 0.502222221875 0.51 0.52444444375 0.3933333328125 0.49555555625 0.31 0.5 0.25666666718750003 0.52444444375 0.22999999999999998 0.5088888890625001 0.1866666671875 0.44444444375 0.1066666671875 0.382222221875 0.0966666671875 0.337777778125 0.1166666671875 0.31555555625 0.1933333328125 0.3111111109375 0.24333333281249997 0.357777778125 0.51 0.4688888890625 0.49000000000000005 0.502222221875 0.51
3 0.432402221875 0.6966666671875 0.45018 0.6799999999999999 0.45759555625 0.65852 0.44084888906249997 0.6054700000000001 0.41684666718749996 0.6066666671875 0.3835133328125 0.6166666671875001 0.37906888906249997 0.6266666671875 0.39462444375 0.6533333328125 0.3990688890625 0.6900000000000001 0.432402221875 0.6966666671875
0 0.457777778125 0.24666666718750002 0.4533333328125 0.1633333328125 0.4266666671875 0.13 0.41111111093749997 0.1266666671875 0.37333333281250003 0.15 0.35555555625 0.2 0.3466666671875 0.2866666671875 0.38444444375 0.3266666671875 0.43333333281249997 0.32 0.457777778125 0.24666666718750002
0 0.6288888890625 0.2233333328125 0.6111111109375 0.1933333328125 0.57555555625 0.19 0.5533333328125 0.2133333328125 0.54444444375 0.22999999999999998 0.5866666671874999 0.29333333281249996 0.6288888890625 0.2866666671875 0.6288888890625 0.2233333328125
2 0.50444444375 0.5599999999999999 0.482222221875 0.5633333328125001 0.48 0.5866666671874999 0.4933333328125 0.61 0.50444444375 0.5933333328125 0.50444444375 0.5599999999999999
2 0.3933333328125 0.3366666671875 0.4 0.37666666718749997 0.43333333281249997 0.3633333328125 0.40888888906250004 0.3366666671875 0.3933333328125 0.3366666671875
3 0.6266666671875 0.8166666671874999 0.6133333328125 0.76 0.6044444437500001 0.7733333328125 0.5866666671874999 0.7633333328125 0.5711111109375 0.7166666671875 0.5555555562500001 0.7333333328125 0.5533333328125 0.7766666671875 0.562222221875 0.7933333328125001 0.6066666671875 0.8266666671875 0.6266666671875 0.8166666671874999
3 0.73555555625 0.76 0.717777778125 0.7333333328125 0.69555555625 0.74 0.69555555625 0.86 0.737777778125 0.8566666671875 0.74444444375 0.8300000000000001 0.73555555625 0.76
3 0.8066666671875 0.7233333328125 0.802222221875 0.6900000000000001 0.7866666671875 0.7033333328125 0.757777778125 0.6766666671875 0.7266666671875 0.6933333328125 0.717777778125 0.7233333328125 0.7288888890624999 0.7333333328125 0.7977777781250001 0.7366666671875 0.8066666671875 0.7233333328125
3 0.8666666671875 0.6433333328125 0.82444444375 0.6233333328125 0.8088888890625 0.6599999999999999 0.8222222218749999 0.6799999999999999 0.8488888890625 0.6733333328125 0.8666666671875 0.6433333328125
3 0.16444444375 0.12 0.18 0.12 0.18 0.0933333328125 0.177777778125 0.0866666671875 0.17555555625000002 0.08333333281250001 0.1666666671875 0.08333333281250001 0.16444444375 0.0866666671875 0.16444444375 0.10333333281249998 0.162222221875 0.1066666671875 0.162222221875 0.1166666671875 0.16444444375 0.12
3 0.19555555625 0.1266666671875 0.197777778125 0.1233333328125 0.19555555625 0.1166666671875 0.19555555625 0.1066666671875 0.1933333328125 0.0966666671875 0.1888888890625 0.09 0.18 0.09 0.18 0.1166666671875 0.18444444375 0.1266666671875 0.19555555625 0.1266666671875
3 0.262222221875 0.1533333328125 0.2666666671875 0.15 0.2711111109375 0.1433333328125 0.262222221875 0.13333333281249998 0.2488888890625 0.13333333281249998 0.2488888890625 0.15 0.2511111109375 0.1533333328125 0.262222221875 0.1533333328125
3 0.322222221875 0.1533333328125 0.32444444375 0.1433333328125 0.32 0.1266666671875 0.317777778125 0.1266666671875 0.30444444375 0.1366666671875 0.30444444375 0.14666666718750002 0.317777778125 0.1566666671875 0.322222221875 0.1533333328125
3 0.37333333281250003 0.0933333328125 0.38 0.0866666671875 0.38 0.0733333328125 0.377777778125 0.06999999999999999 0.3688888890625 0.06999999999999999 0.36444444374999996 0.07666666718750001 0.36222222187500003 0.07666666718750001 0.36 0.08333333281250001 0.36 0.09 0.36222222187500003 0.0933333328125 0.37333333281250003 0.0933333328125
3 0.41111111093749997 0.08333333281250001 0.40888888906250004 0.08 0.397777778125 0.08 0.39555555625 0.08333333281250001 0.397777778125 0.0933333328125 0.41111111093749997 0.0933333328125 0.41111111093749997 0.08333333281250001
3 0.48666666718749996 0.0933333328125 0.48444444375 0.07666666718750001 0.47555555624999996 0.07666666718750001 0.4733333328125 0.0866666671875 0.47555555624999996 0.10333333281249998 0.482222221875 0.10333333281249998 0.48666666718749996 0.0933333328125
3 0.45555555625000005 0.09 0.45555555625000005 0.08333333281250001 0.4533333328125 0.08 0.44000000000000006 0.08333333281250001 0.43777777812499996 0.09 0.44000000000000006 0.0966666671875 0.4511111109375 0.0966666671875 0.45555555625000005 0.09