0 0.83125 0.65838509375 0.8333333328125001 0.6552795031249999 0.83125 0.6335403734375 0.825 0.6211180125 0.8208333328125 0.6180124218749999 0.8145833328125001 0.6180124218749999 0.80625 0.6273291921874999 0.8041666671875 0.6273291921874999 0.7979166671875 0.6366459625 0.7979166671875 0.6552795031249999 0.8020833328125001 0.6614906828125 0.83125 0.65838509375
0 0.6916666671875 0.20807453437499998 0.6916666671875 0.1987577640625 0.6854166671875 0.18944099375 0.6770833328125 0.18944099375 0.675 0.192546584375 0.6729166671875 0.1987577640625 0.6729166671875 0.2142857140625 0.6854166671875 0.2142857140625 0.6916666671875 0.20807453437499998
0 0.575 0.30434782656250003 0.5770833328125 0.29503105625 0.5770833328125 0.28571428593750003 0.575 0.27950310625 0.5666666671875 0.27950310625 0.5625 0.28571428593750003 0.5604166671875 0.29503105625 0.5645833328125 0.3012422359375 0.5645833328125 0.30434782656250003 0.575 0.30434782656250003
0 0.3770833328125 0.5776397515625 0.3875 0.5776397515625 0.3875 0.5745341609375 0.39375 0.5714285718750001 0.3958333328125 0.5745341609375 0.4 0.5683229812499999 0.39791666718749996 0.549689440625 0.3916666671875 0.5465838515625 0.3875 0.5403726703125 0.3791666671875 0.5403726703125 0.375 0.5434782609375 0.36875 0.55279503125 0.36875 0.5745341609375 0.3729166671875 0.5807453421875 0.3770833328125 0.5776397515625
0 0.28958333281250004 0.6645962734374999 0.30416666718749996 0.6645962734374999 0.3104166671875 0.65838509375 0.3125 0.6521739125 0.3104166671875 0.6490683234375 0.3166666671875 0.639751553125 0.3166666671875 0.6335403734375 0.3125 0.6180124218749999 0.30625 0.6086956515625 0.2958333328125 0.6086956515625 0.2916666671875 0.6118012421875 0.2833333328125 0.624223603125 0.28125 0.6304347828125 0.28125 0.6459627328125 0.2854166671875 0.6614906828125 0.28958333281250004 0.6645962734374999
0 0.22291666718749997 0.5683229812499999 0.22916666718749998 0.555900621875 0.22916666718749998 0.5434782609375 0.22291666718749997 0.5310558999999999 0.22291666718749997 0.5279503109375 0.21458333281250003 0.518633540625 0.2 0.518633540625 0.1979166671875 0.5217391296875 0.1979166671875 0.53726708125 0.21458333281250003 0.565217390625 0.22291666718749997 0.5683229812499999
0 0.13333333281249998 0.5341614906250001 0.14375 0.5279503109375 0.1520833328125 0.51552795 0.15 0.5124223609375 0.15 0.5031055906249999 0.14791666718750002 0.496894409375 0.1395833328125 0.4906832296875 0.13125 0.4906832296875 0.1270833328125 0.49378882031250004 0.11875 0.5062111796875 0.11875 0.5217391296875 0.125 0.5341614906250001 0.13333333281249998 0.5341614906250001
2 0.1406041671875 0.62817701875 0.1417916671875 0.6186242234375 0.14345416718749998 0.6019937890625 0.1213666671875 0.5959813671874999 0.11376666718749999 0.611546584375 0.1144791671875 0.6207453421875 0.1261166671875 0.6246397515625 0.1406041671875 0.62817701875
2 0.6986479171875 0.2906987578125 0.69613125 0.30257453437500004 0.7024229171874999 0.3053881984375 0.70368125 0.2963260875 0.6986479171875 0.2906987578125
2 0.3620541671875 0.7369627328125 0.37265625 0.732841615625 0.37380833281250003 0.7242577640625 0.3613625 0.7218540375 0.36110625 0.7228571421875001 0.3516833328125 0.7242577640625 0.3461520828125 0.7280341609375001 0.3503 0.73352795 0.3620541671875 0.7369627328125
2 0.32771249999999996 0.7379937890625 0.3175708328125 0.7355900625 0.31665 0.7506987578125 0.32195 0.754130434375 0.32725208281249996 0.7524130437500001 0.32771249999999996 0.7379937890625