0 0.7975 0.4596491234375 0.8175000000000001 0.4736842109375 0.8699999999999999 0.49473684218749997 0.8724999999999999 0.4912280703125 0.8875 0.4912280703125 0.9025000000000001 0.4771929828125 0.9075 0.4596491234375 0.9102824999999999 0.41876842031250006 0.9025000000000001 0.39298245625 0.8875 0.371929825 0.865 0.361403509375 0.8474999999999999 0.361403509375 0.8150000000000001 0.382456140625 0.7925 0.3859649125 0.7858674999999999 0.4154947375 0.7875 0.42456140312499996 0.7875 0.438596490625 0.7975 0.4596491234375
0 0.7975 0.1192982453125 0.8099999999999999 0.1192982453125 0.8125 0.1228070171875 0.8525 0.1192982453125 0.865 0.1122807015625 0.875 0.0982456140625 0.8699999999999999 0.0561403515625 0.86 0.042105262500000004 0.8425 0.031578946875 0.8175000000000001 0.042105262500000004 0.8074999999999999 0.0561403515625 0.8025 0.0771929828125 0.795 0.08771929843750001 0.7925 0.08771929843750001 0.79 0.0947368421875 0.79 0.1052631578125 0.7925 0.1122807015625 0.7975 0.1192982453125
0 0.24 0.389473684375 0.2725 0.389473684375 0.2925 0.375438596875 0.305 0.3578947375 0.315 0.3192982453125 0.315 0.2666666671875 0.305 0.2561403515625 0.29500000000000004 0.23157894687499997 0.27749999999999997 0.210526315625 0.27 0.203508771875 0.255 0.2 0.225 0.210526315625 0.20249999999999999 0.2526315796875 0.2 0.3087719296875 0.205 0.3298245609375 0.21749999999999997 0.3578947375 0.24 0.389473684375
2 0.275 0.5298245609375 0.29500000000000004 0.5438596484375 0.3 0.5403508765625 0.3075 0.5403508765625 0.3175 0.5298245609375 0.3225 0.5122807015624999 0.3225 0.4877192984375 0.325 0.4807017546875 0.3125 0.4736842109375 0.27999999999999997 0.4771929828125 0.2725 0.4877192984375 0.26749999999999996 0.5017543859375 0.26749999999999996 0.5122807015624999 0.27 0.5228070171875 0.275 0.5298245609375
2 0.2875 0.417543859375 0.29 0.417543859375 0.30964 0.439038596875 0.3175 0.46315789531249996 0.325 0.47017543906250003 0.325 0.4736842109375 0.335 0.46666666718750005 0.33999999999999997 0.4561403515625 0.33999999999999997 0.4421052625 0.3375 0.43157894687500004 0.315 0.39298245625 0.31 0.37894736875 0.3025 0.368421053125 0.28250000000000003 0.382456140625 0.27999999999999997 0.389473684375 0.275 0.39298245625 0.27999999999999997 0.40701754375 0.2875 0.417543859375
2 0.64 0.6771929828125 0.645 0.6982456140625 0.6525000000000001 0.7122807015625 0.6625 0.7122807015625 0.665 0.7157894734375 0.7075 0.7157894734375 0.7125 0.7122807015625 0.72 0.6912280703125 0.72 0.6771929828125 0.7125 0.6666666671875 0.675 0.6421052625 0.6675 0.6421052625 0.665 0.638596490625 0.6575 0.6421052625 0.6525000000000001 0.638596490625 0.64 0.6561403515625 0.635 0.6561403515625 0.635 0.6701754390625 0.64 0.6771929828125
2 0.76041 0.3707649125 0.757425 0.3749578953125 0.7383975 0.3728596484375 0.7375 0.37894736875 0.7424999999999999 0.3859649125 0.745 0.3859649125 0.75 0.39298245625 0.7775000000000001 0.40701754375 0.7875 0.39298245625 0.79 0.39298245625 0.795 0.37894736875 0.79 0.371929825 0.79 0.368421053125 0.7875 0.368421053125 0.7849999999999999 0.361403509375 0.7725 0.3438596484375 0.77 0.3368421046875 0.755 0.3368421046875 0.7525000000000001 0.34035087656249996 0.7424999999999999 0.34035087656249996 0.7375 0.3438596484375 0.7375 0.3473684203125 0.7325 0.35087719375000004 0.746605 0.3571403515625 0.76041 0.3707649125
1 0.82 0.23157894687499997 0.865 0.2 0.89 0.22105263125 0.8675 0.1578947375 0.8025 0.22105263125 0.7849999999999999 0.2 0.79 0.17894736875 0.78 0.15087719375 0.7675 0.171929825 0.765 0.2982456140625 0.7775000000000001 0.3122807015625 0.7975 0.2982456140625 0.82 0.23157894687499997
1 0.08249999999999999 0.2736842109375 0.08249999999999999 0.2596491234375 0.1 0.245614034375 0.18 0.3333333328125 0.1775 0.29473684218749996 0.1779175 0.23478596562499998 0.1853725 0.1975578953125 0.2243125 0.173126315625 0.25 0.1859649125 0.2925 0.21403508750000003 0.31 0.245614034375 0.31 0.21403508750000003 0.29 0.1578947375 0.2475 0.1052631578125 0.1275 0.0947368421875 0.065 0.1368421046875 0.045 0.171929825 0.045 0.203508771875 0.075 0.2631578953125 0.08249999999999999 0.2736842109375
2 0.6825 0.2631578953125 0.6900000000000001 0.2631578953125 0.71 0.24912280625 0.7224999999999999 0.23157894687499997 0.7224999999999999 0.224561403125 0.71 0.210526315625 0.6950000000000001 0.210526315625 0.6849999999999999 0.217543859375 0.6775 0.23508771875 0.6775 0.245614034375 0.675 0.24912280625 0.6775 0.2561403515625 0.6825 0.2631578953125
3 0.22000000000000003 0.596491228125 0.2225 0.6 0.25 0.6140350875 0.2625 0.6140350875 0.265 0.617543859375 0.27 0.6140350875 0.27999999999999997 0.6140350875 0.3 0.603508771875 0.3 0.59298245625 0.29 0.5859649124999999 0.28500000000000003 0.5859649124999999 0.27749999999999997 0.575438596875 0.22749999999999998 0.5403508765625 0.22000000000000003 0.5368421046875 0.20750000000000002 0.5368421046875 0.20249999999999999 0.5438596484375 0.2125 0.57894736875 0.22000000000000003 0.5894736843749999 0.22000000000000003 0.596491228125
3 0.39249999999999996 0.171929825 0.4 0.196491228125 0.40499999999999997 0.203508771875 0.40499999999999997 0.224561403125 0.41 0.23157894687499997 0.41 0.23508771875 0.42000000000000004 0.245614034375 0.43 0.245614034375 0.43499999999999994 0.23508771875 0.43499999999999994 0.22807017499999999 0.4225 0.1578947375 0.4175 0.14385964843750002 0.4125 0.1368421046875 0.4125 0.13333333281249998 0.41 0.13333333281249998 0.41 0.1368421046875 0.40499999999999997 0.14385964843750002 0.3875 0.14385964843750002 0.3825 0.1473684203125 0.3825 0.15087719375 0.3875 0.16491228125 0.39249999999999996 0.171929825