1 0 0.4 0.052777778124999994 0.3925925921875 0.04444444375 0.33703703749999997 0.0083333328125 0.3 0 0.3 0 0.4
0 0.039127778125 0.2669296296875 0.0333333328125 0.2561481484375 0.020452778125 0.24914444375000003 0.0083333328125 0.25244444375 0 0.26355555625 0.0083333328125 0.2820740734375 0.0388888890625 0.285777778125 0.039127778125 0.2669296296875
0 0.2666666671875 0.2740740734375 0.25299722187499996 0.2687074078125 0.2416666671875 0.2740740734375 0.2416666671875 0.296296296875 0.2666666671875 0.30740740781250003 0.26989444375 0.2912370375 0.2666666671875 0.2740740734375
1 0.2388888890625 0.303703703125 0.2166666671875 0.32592592656249997 0.2166666671875 0.41111111093749997 0.2611111109375 0.41851851875 0.25555555625 0.32592592656249997 0.2388888890625 0.303703703125
0 0.50821944375 0.3451851859375 0.49265555625 0.3481481484375 0.48954444375 0.37245555625 0.5148888890625 0.37245555625 0.515777778125 0.3617851859375 0.50821944375 0.3451851859375
2 0.019444443750000002 0.41851851875 0.019444443750000002 0.4074074078125 0.0111111109375 0.396296296875 0.00555555625 0.4 0.002777778125 0.403703703125 0.00555555625 0.4148148140625 0.0111111109375 0.41851851875 0.019444443750000002 0.41851851875
2 0.06548333281249999 0.399403703125 0.062177778125000006 0.38969259218749996 0.052266667187500004 0.3998074078125 0.059775 0.412222221875 0.06548333281249999 0.40981851875 0.06548333281249999 0.399403703125
3 0.039650000000000005 0.522359259375 0.031238889062500004 0.5203592593749999 0.02493055625 0.5131481484375 0.0120138890625 0.5307703703125 0.020125 0.535977778125 0.04055 0.5347777781249999 0.039650000000000005 0.522359259375
3 0.27725 0.5439888890625 0.2823583328125 0.535177778125 0.27334444375 0.5315740734375 0.2658361109375 0.5307703703125 0.2511166671875 0.5339740734375 0.25201944374999996 0.5307703703125 0.2484138890625 0.5427851859375 0.27725 0.5439888890625
3 0.2373 0.5307703703125 0.21957777812499998 0.5323740734375 0.214472221875 0.5427851859375 0.24721388906250003 0.5411851859375 0.2373 0.5307703703125
2 0.26883888906250003 0.43985555625000006 0.2682388890625 0.4250370375 0.258927778125 0.427040740625 0.258927778125 0.4442629625 0.26793888906249996 0.44506296250000005 0.26883888906250003 0.43985555625000006
2 0.52805555625 0.5015740734375 0.52944444375 0.49120370312499995 0.5183333328125 0.493796296875 0.5191666671874999 0.4986111109375 0.5225 0.5045370375 0.52805555625 0.5015740734375
3 0.497777778125 0.6034259265624999 0.48666666718749996 0.5949074078125001 0.4861111109375 0.6141666671875 0.5038888890625 0.6145370375 0.5091666671875 0.608240740625 0.497777778125 0.6034259265624999