0 0.47006651875000005 0.44666666718750003 0.4722838140625 0.44000000000000006 0.4722838140625 0.4233333328125 0.47006651875000005 0.4166666671875 0.4611973390625 0.41 0.45011086406249995 0.41 0.441241684375 0.42000000000000004 0.43902439062500004 0.4266666671875 0.441241684375 0.43333333281249997 0.463414634375 0.44666666718750003 0.47006651875000005 0.44666666718750003
0 0.51884700625 0.4166666671875 0.52993348125 0.4166666671875 0.52993348125 0.4033333328125 0.523281596875 0.3933333328125 0.5099778265625 0.3933333328125 0.5033259421875 0.4 0.501108646875 0.4066666671875 0.501108646875 0.4266666671875 0.5121951218749999 0.4233333328125 0.51884700625 0.4166666671875
0 0.547671840625 0.45 0.5521064296875 0.44333333281250004 0.5521064296875 0.4266666671875 0.547671840625 0.41333333281250006 0.54323725 0.41 0.5343680703125 0.41333333281250006 0.5321507765625 0.4166666671875 0.5321507765625 0.44333333281250004 0.5365853656249999 0.45 0.547671840625 0.45
0 0.6230598671875 0.42000000000000004 0.6297117515624999 0.4166666671875 0.6341463421875 0.4033333328125 0.6341463421875 0.3866666671875 0.62749445625 0.37333333281250003 0.6230598671875 0.37 0.607538803125 0.37 0.596452328125 0.38333333281250004 0.5942350328125 0.39 0.5942350328125 0.3966666671875 0.596452328125 0.4 0.6230598671875 0.42000000000000004
0 0.6474501109374999 0.4 0.6430155203125001 0.3933333328125 0.6430155203125001 0.39 0.63858093125 0.38333333281250004 0.6363636359375 0.38333333281250004 0.6341463421875 0.3866666671875 0.6341463421875 0.41 0.645232815625 0.41 0.6474501109374999 0.4
0 0.6962305984375 0.43333333281249997 0.7006651890625 0.43 0.7006651890625 0.42000000000000004 0.7028824828125 0.4166666671875 0.7006651890625 0.4033333328125 0.6962305984375 0.4 0.68736141875 0.4 0.680709534375 0.4066666671875 0.6784922390625 0.41333333281250006 0.6784922390625 0.42000000000000004 0.680709534375 0.4233333328125 0.6962305984375 0.43333333281249997
0 0.7450110859375 0.38 0.7427937921875001 0.37333333281250003 0.7361419062500001 0.37333333281250003 0.7339246125 0.37 0.716186253125 0.37333333281250003 0.716186253125 0.37666666718749997 0.7117516625 0.38333333281250004 0.70953436875 0.39 0.70953436875 0.41 0.7450110859375 0.41 0.7450110859375 0.38
0 0.8403547671875 0.4066666671875 0.84478935625 0.4 0.85587583125 0.4 0.8580931265625 0.3966666671875 0.8647450109375001 0.3966666671875 0.8669623062499999 0.3933333328125 0.8691796015625 0.3866666671875 0.8691796015625 0.37666666718749997 0.8647450109375001 0.36 0.8580931265625 0.35 0.84478935625 0.35 0.8381374718749999 0.3566666671875 0.8337028828124999 0.37 0.8337028828124999 0.3933333328125 0.8403547671875 0.4033333328125 0.8403547671875 0.4066666671875
0 0.8403547671875 0.4166666671875 0.8403547671875 0.41 0.8381374718749999 0.4066666671875 0.8248337031249999 0.4066666671875 0.8226164078125 0.4166666671875 0.8292682921875001 0.4266666671875 0.8359201781250001 0.4233333328125 0.8403547671875 0.4166666671875
0 0.880266075 0.42000000000000004 0.8824833703125 0.41 0.880266075 0.3966666671875 0.8713968953125001 0.3866666671875 0.8691796015625 0.3933333328125 0.8691796015625 0.41333333281250006 0.8736141906249999 0.42000000000000004 0.880266075 0.42000000000000004
0 0.9423503328124999 0.42000000000000004 0.9379157421875 0.4066666671875 0.9312638578125 0.4033333328125 0.922394678125 0.41 0.9201773828125 0.4166666671875 0.9201773828125 0.4266666671875 0.9423503328124999 0.4266666671875 0.9423503328124999 0.42000000000000004
0 0.7250554328125001 0.37 0.7427937921875001 0.38 0.7427937921875001 0.3633333328125 0.7405764968749999 0.3566666671875 0.7339246125 0.3533333328125 0.7206208421875 0.3566666671875 0.716186253125 0.3633333328125 0.7184035484375 0.37333333281250003 0.716186253125 0.37666666718749997 0.7250554328125001 0.37
0 0.98669623125 0.4266666671875 0.9889135250000001 0.4233333328125 0.9889135250000001 0.41333333281250006 0.9800443453125001 0.3966666671875 0.9756097562500001 0.3933333328125 0.9667405765625 0.3933333328125 0.9623059859374999 0.3966666671875 0.9556541015625 0.4066666671875 0.9556541015625 0.4266666671875 0.9600886921875 0.43333333281249997 0.98669623125 0.4266666671875
0 0.662971175 0.44666666718750003 0.6651884703125 0.44000000000000006 0.662971175 0.43 0.6585365859375 0.4233333328125 0.6496674062500001 0.4233333328125 0.6430155203125001 0.43333333281249997 0.6430155203125001 0.43666666718749997 0.645232815625 0.44000000000000006 0.662971175 0.44666666718750003
3 0.45698669687500004 0.7633333328125 0.459203990625 0.76 0.4658558765625 0.76 0.4725077609375 0.7533333328125 0.4725077609375 0.74 0.47029046562500004 0.7366666671875 0.46807317031249995 0.74 0.45698669687500004 0.74 0.4547694015625 0.7333333328125 0.45255210625000003 0.7433333328125 0.44368292656249997 0.7566666671875 0.44368292656249997 0.7633333328125 0.45698669687500004 0.7633333328125
3 0.45684478906250003 0.7402866671874999 0.46920177343749997 0.7389366671875 0.47863858125 0.7308333328125001 0.4882971171875 0.7105833328125 0.4755410203125 0.6984166671875001 0.4631352546875 0.7105833328125 0.4579689578125 0.7132833328125 0.4552727265625 0.7291466671875 0.45684478906250003 0.7402866671874999
3 0.509414634375 0.7878766671874999 0.5260399109375 0.7787633328125 0.5298603109375 0.7747133328125 0.5224456765625 0.7683 0.5058203984375 0.7625633328125 0.5060465625 0.7632366671875 0.4988558765625 0.7757266671874999 0.49571175156249997 0.77944 0.49863192968750003 0.7882133328125 0.509414634375 0.7878766671874999
3 0.572062084375 0.75 0.572062084375 0.7333333328125 0.5698447890625 0.7333333328125 0.5698447890625 0.7433333328125 0.5631929046875 0.75 0.5565410203125001 0.7466666671875 0.5543237249999999 0.7666666671875 0.5654102 0.7666666671875 0.5698447890625 0.76 0.572062084375 0.75
3 0.5942350328125 0.8300000000000001 0.5986696234375 0.8233333328124999 0.6008869171875 0.8233333328124999 0.6031042125 0.8166666671874999 0.6031042125 0.8099999999999999 0.58980044375 0.8099999999999999 0.583148559375 0.8033333328125 0.57871396875 0.8066666671875 0.572062084375 0.8166666671874999 0.572062084375 0.8266666671875 0.5764966734375 0.8333333328125001 0.5942350328125 0.8300000000000001
3 0.656319290625 0.79 0.6585365859375 0.7866666671875 0.6585365859375 0.7733333328125 0.656319290625 0.77 0.6541019953125 0.7733333328125 0.63858093125 0.7733333328125 0.6297117515624999 0.78 0.6230598671875 0.79 0.6252771625 0.7966666671875 0.6363636359375 0.7966666671875 0.656319290625 0.79
3 0.6585365859375 0.7433333328125 0.6607538796875 0.7466666671875 0.6651884703125 0.7466666671875 0.669623059375 0.74 0.6718403546875 0.73 0.6718403546875 0.72 0.669623059375 0.7166666671875 0.669623059375 0.6966666671875 0.6651884703125 0.6933333328125 0.6651884703125 0.6966666671875 0.6585365859375 0.7066666671874999 0.656319290625 0.7133333328125 0.656319290625 0.7233333328125 0.6585365859375 0.7266666671875 0.6585365859375 0.7433333328125
3 0.7405764968749999 0.8333333328125001 0.7427937921875001 0.8300000000000001 0.7427937921875001 0.8166666671874999 0.7317073171875 0.8099999999999999 0.7206208421875 0.8099999999999999 0.716186253125 0.8166666671874999 0.7184035484375 0.8233333328124999 0.7317073171875 0.8333333328125001 0.7405764968749999 0.8333333328125001
3 0.81818181875 0.8066666671875 0.8292682921875001 0.8066666671875 0.8359201781250001 0.8 0.8425720625 0.8 0.8470066515625 0.7966666671875 0.849223946875 0.79 0.849223946875 0.7866666671875 0.8314855874999999 0.7866666671875 0.8270509984375 0.7833333328125 0.8226164078125 0.79 0.8159645234375 0.7933333328125001 0.8159645234375 0.8033333328125 0.81818181875 0.8066666671875
3 0.886917959375 0.7766666671875 0.886917959375 0.7666666671875 0.8780487812500001 0.7666666671875 0.8758314859375 0.7633333328125 0.8669623062499999 0.7666666671875 0.8647450109375001 0.7766666671875 0.8669623062499999 0.7833333328125 0.884700665625 0.7833333328125 0.886917959375 0.7766666671875
3 0.9822616406250001 0.7533333328125 0.9889135250000001 0.7466666671875 0.9889135250000001 0.7333333328125 0.98669623125 0.73 0.9733924609375 0.73 0.971175165625 0.7333333328125 0.971175165625 0.7433333328125 0.9733924609375 0.75 0.9822616406250001 0.7533333328125
3 0.9286873609375 0.6623833328125001 0.9286873609375 0.6468566671875 0.9217228375 0.6414566671874999 0.912929046875 0.6456166671875 0.9086917953125001 0.6556333328124999 0.9046496671875 0.6617066671875 0.9111640796874999 0.6687966671875001 0.9286873609375 0.6623833328125001