0 0.27 0.468571428125 0.294 0.4542857140625 0.29 0.3828571421875 0.264 0.3428571421875 0.22200000000000003 0.33142857187499997 0.186 0.371428571875 0.172 0.4142857140625 0.2 0.451428571875 0.23399999999999999 0.468571428125 0.27 0.468571428125
0 0.558 0.1857142859375 0.5820000000000001 0.1342857140625 0.58 0.0742857140625 0.562 0.048571428124999996 0.536 0.0428571421875 0.524 0.048571428124999996 0.51 0.0771428578125 0.506 0.12285714218749999 0.514 0.18 0.528 0.191428571875 0.558 0.1857142859375
0 0.8220000000000001 0.27999999999999997 0.826 0.22000000000000003 0.8099999999999999 0.18 0.768 0.171428571875 0.738 0.19714285781250002 0.712 0.248571428125 0.71 0.268571428125 0.726 0.291428571875 0.796 0.30285714218750004 0.8220000000000001 0.27999999999999997
0 0.8460000000000001 0.8057142859375 0.874 0.791428571875 0.9 0.7542857140625 0.8960000000000001 0.6342857140625 0.876 0.5885714281250001 0.8400000000000001 0.5571428578125001 0.8119999999999999 0.548571428125 0.76 0.5571428578125001 0.744 0.5685714281250001 0.6980000000000001 0.6428571421875 0.696 0.6742857140625 0.716 0.7257142859375 0.784 0.7942857140624999 0.8460000000000001 0.8057142859375
3 0 0.2057142859375 0.012 0.2142857140625 0.016 0.21142857187500003 0.028000000000000004 0.21142857187500003 0.028000000000000004 0.2 0.032 0.188571428125 0.032 0.1771428578125 0.008 0.16857142812499998 0.008 0.17428571406249999 0.002 0.1828571421875 0 0.1828571421875 0 0.2057142859375
3 0.196 0.1457142859375 0.20400000000000001 0.1371428578125 0.2 0.131428571875 0.2 0.128571428125 0.184 0.10857142812500001 0.184 0.10571428593750001 0.18 0.10857142812500001 0.16999999999999998 0.10857142812500001 0.162 0.11428571406250002 0.16 0.12 0.16599999999999998 0.131428571875 0.186 0.1457142859375 0.196 0.1457142859375
2 0.06999999999999999 0.3742857140625 0.08199999999999999 0.3742857140625 0.086 0.371428571875 0.096 0.3571428578125 0.096 0.351428571875 0.092 0.34857142812499997 0.086 0.33142857187499997 0.08399999999999999 0.3342857140625 0.076 0.3342857140625 0.06999999999999999 0.33999999999999997 0.062 0.3571428578125 0.062 0.371428571875 0.068 0.371428571875 0.06999999999999999 0.3742857140625
2 0.266 0.54 0.268 0.5428571421874999 0.27 0.54 0.27799999999999997 0.54 0.286 0.531428571875 0.288 0.52 0.29 0.5171428578125 0.296 0.5171428578125 0.298 0.5142857140625 0.298 0.4971428578125 0.29 0.4828571421875 0.272 0.4771428578125 0.264 0.48 0.25 0.5 0.25 0.5028571421875 0.26 0.5171428578125 0.266 0.54
2 0.378 0.6428571421875 0.382 0.6571428578125 0.386 0.6628571421875 0.398 0.6599999999999999 0.446 0.5914285718750001 0.446 0.5771428578125 0.43600000000000005 0.5685714281250001 0.40800000000000003 0.5714285718750001 0.394 0.5828571421875 0.372 0.6171428578125 0.362 0.6257142859375 0.368 0.628571428125 0.378 0.6428571421875
2 0.576 0.6914285718750001 0.584 0.6914285718750001 0.5900000000000001 0.6857142859375001 0.588 0.6799999999999999 0.568 0.668571428125 0.572 0.6542857140625 0.572 0.6428571421875 0.5740000000000001 0.64 0.5740000000000001 0.62 0.5700000000000001 0.6142857140625 0.5519999999999999 0.6028571421875 0.544 0.6028571421875 0.534 0.608571428125 0.532 0.6057142859375 0.526 0.6142857140625 0.524 0.62 0.526 0.6542857140625 0.544 0.7142857140625 0.576 0.6914285718750001
2 0.508 0.40571428593750003 0.512 0.40571428593750003 0.516 0.4 0.526 0.3942857140625 0.524 0.3857142859375 0.508 0.3628571421875 0.504 0.36 0.5 0.3628571421875 0.496 0.3771428578125 0.492 0.3828571421875 0.49000000000000005 0.3828571421875 0.488 0.391428571875 0.49400000000000005 0.4 0.506 0.4028571421875 0.508 0.40571428593750003
2 0.462 0.428571428125 0.46399999999999997 0.431428571875 0.48 0.42000000000000004 0.484 0.411428571875 0.48600000000000004 0.411428571875 0.49000000000000005 0.4 0.488 0.39714285781249997 0.488 0.3828571421875 0.484 0.3828571421875 0.48200000000000004 0.3857142859375 0.47000000000000003 0.3857142859375 0.46799999999999997 0.38 0.466 0.38 0.45999999999999996 0.388571428125 0.45999999999999996 0.40857142812499997 0.462 0.411428571875 0.462 0.428571428125
2 0.618 0.47428571406250003 0.62 0.47142857187500004 0.626 0.47428571406250003 0.63 0.468571428125 0.632 0.468571428125 0.636 0.4571428578125 0.648 0.44285714218749994 0.648 0.431428571875 0.644 0.42571428593749994 0.642 0.42571428593749994 0.64 0.42000000000000004 0.63 0.40571428593750003 0.622 0.411428571875 0.614 0.42285714218750003 0.606 0.42571428593749994 0.5940000000000001 0.44285714218749994 0.592 0.448571428125 0.592 0.45999999999999996 0.5900000000000001 0.46285714218749996 0.592 0.468571428125 0.618 0.47428571406250003
2 0.736 0.58 0.758 0.5599999999999999 0.776 0.548571428125 0.776 0.5457142859374999 0.768 0.5342857140625 0.768 0.531428571875 0.766 0.531428571875 0.76 0.5342857140625 0.756 0.54 0.742 0.548571428125 0.738 0.5542857140625 0.73 0.5599999999999999 0.724 0.58 0.724 0.5885714281250001 0.728 0.5914285718750001 0.736 0.58
3 0.64417 0.7120571421874999 0.6541159999999999 0.688251428125 0.629748 0.674748571875 0.615824 0.689671428125 0.612344 0.7141885718750001 0.6257699999999999 0.7173857140625 0.64417 0.7120571421874999
3 0.692406 0.7283999999999999 0.672514 0.7045942859375 0.663564 0.724848571875 0.66257 0.7372828578124999 0.674504 0.7419028578125 0.692406 0.7283999999999999
3 0.472 0.5714285718750001 0.472 0.5657142859375 0.46799999999999997 0.551428571875 0.46399999999999997 0.5457142859374999 0.458 0.548571428125 0.442 0.5771428578125 0.438 0.5885714281250001 0.44000000000000006 0.5914285718750001 0.45999999999999996 0.5914285718750001 0.472 0.5714285718750001
3 0.319516 0.9023542859375 0.328562 0.9277457140625 0.338254 0.9286714281249999 0.360868 0.8968142859375 0.372176 0.868191428125 0.372498 0.8501857140625001 0.366038 0.8446457140625 0.352468 0.84834 0.345362 0.8751171421875 0.3347 0.884811428125 0.319516 0.9023542859375