0 0.098 0.26347305312499997 0.132 0.27245508906250004 0.134 0.2754491015625 0.146 0.2754491015625 0.148 0.2784431140625 0.152 0.2784431140625 0.158586 0.2720868265625 0.16975400000000002 0.272754490625 0.1635 0.25670059843750004 0.16 0.24251497031249997 0.158 0.2395209578125 0.158 0.22754491093749998 0.152 0.20958083906249997 0.142 0.20059880312499997 0.13 0.197604790625 0.128 0.194610778125 0.12 0.194610778125 0.10600000000000001 0.20059880312499997 0.098 0.21257484999999998 0.094 0.22455089843749998 0.094 0.23353293437499997 0.09 0.24251497031249997 0.09 0.24850299374999998 0.098 0.26347305312499997
0 0.182 0.31736526875000004 0.188 0.3083832328125 0.192 0.3083832328125 0.194 0.305389221875 0.21400000000000002 0.305389221875 0.23199999999999998 0.3113772453125 0.23399999999999999 0.32035928125 0.238 0.31736526875000004 0.238 0.29640718593750004 0.22999999999999998 0.27245508906250004 0.22799999999999998 0.27245508906250004 0.22400000000000003 0.266467065625 0.21800000000000003 0.26347305312499997 0.21400000000000002 0.25748502968750003 0.20600000000000002 0.25149700625000004 0.194 0.25748502968750003 0.19 0.26347305312499997 0.184 0.266467065625 0.178 0.2754491015625 0.174 0.29041916093750003 0.174 0.299401196875 0.172 0.30239520937500003 0.174 0.32035928125 0.182 0.31736526875000004
0 0.27661199999999997 0.22607784375 0.283594 0.22702994062499998 0.288612 0.22907185624999998 0.292612 0.22607784375 0.292612 0.211107784375 0.288612 0.2021257484375 0.284612 0.1991317359375 0.27661199999999997 0.1991317359375 0.27261199999999997 0.2021257484375 0.27061199999999996 0.208113771875 0.27061199999999996 0.2200898203125 0.27261199999999997 0.2230838328125 0.27661199999999997 0.22607784375
0 0.344 0.218562875 0.33999999999999997 0.2035928140625 0.33599999999999997 0.197604790625 0.32999999999999996 0.194610778125 0.32437 0.1946676640625 0.32 0.20059880312499997 0.318 0.2065868265625 0.316 0.21556886249999999 0.318 0.22155688593749998 0.34199999999999997 0.22155688593749998 0.344 0.218562875
0 0.39232 0.233323353125 0.39776 0.2287724546875 0.41200000000000003 0.22155688593749998 0.4112 0.21607484999999998 0.41 0.21257484999999998 0.40671999999999997 0.2064910171875 0.40199999999999997 0.2035928140625 0.398 0.2035928140625 0.39 0.20958083906249997 0.388 0.21556886249999999 0.388 0.22455089843749998 0.39 0.23053892187499997 0.39232 0.233323353125
0 0.49400000000000005 0.24550898281250003 0.504 0.25149700625000004 0.516 0.25748502968750003 0.536 0.25748502968750003 0.5391600000000001 0.2568053890625 0.5409200000000001 0.2560868265625 0.54716 0.2546497 0.5519999999999999 0.25149700625000004 0.5599999999999999 0.23652694687500003 0.558 0.22455089843749998 0.5519999999999999 0.20958083906249997 0.55 0.1886227546875 0.54 0.17065868281250002 0.532 0.17065868281250002 0.53 0.1676646703125 0.516 0.1676646703125 0.514 0.17065868281250002 0.508 0.17065868281250002 0.496 0.1886227546875 0.492 0.20059880312499997 0.492 0.22455089843749998 0.49000000000000005 0.22754491093749998 0.49000000000000005 0.2395209578125 0.49400000000000005 0.24550898281250003
3 0.064 0.9281437125 0.068 0.9251497000000001 0.076 0.9131736531250001 0.07970000000000001 0.86592515 0.076 0.8622754484374999 0.062 0.8622754484374999 0.054000000000000006 0.8682634734375 0.048 0.89221556875 0.048 0.9191616765624999 0.054000000000000006 0.9281437125 0.064 0.9281437125
3 0.126 0.8652694609375 0.13 0.871257484375 0.13799999999999998 0.8682634734375 0.15 0.8532934125 0.149922 0.8488802390625001 0.148 0.8443113765625 0.144 0.838323353125 0.13799999999999998 0.82035928125 0.126 0.82035928125 0.124 0.82335329375 0.11599999999999999 0.82335329375 0.11399999999999999 0.8263473046875 0.11399999999999999 0.835329340625 0.119072 0.8407275453124999 0.126 0.8652694609375
3 0.182 0.9071856281249999 0.182 0.9251497000000001 0.188 0.9371257484375001 0.188 0.9401197609375 0.192 0.943113771875 0.202 0.943113771875 0.20600000000000002 0.9371257484375001 0.20800000000000002 0.9371257484375001 0.21200000000000002 0.9221556890624999 0.21200000000000002 0.8892215562500001 0.19 0.877245509375 0.186 0.877245509375 0.182 0.8802395203125 0.182 0.8952095812499999 0.184 0.8982035921874999 0.182 0.9071856281249999
3 0.498962 0.9553353296875 0.5069619999999999 0.9703053890625 0.5149619999999999 0.9762934124999999 0.5229619999999999 0.9732994015624999 0.5269619999999999 0.9673113765625001 0.5269619999999999 0.94335928125 0.528962 0.9403652687499999 0.528962 0.925395209375 0.5269619999999999 0.922401196875 0.5269619999999999 0.9134191609375 0.524962 0.91042515 0.5069619999999999 0.91042515 0.494962 0.9164131734375 0.492962 0.922401196875 0.494962 0.925395209375 0.494962 0.9403652687499999 0.498962 0.9553353296875
3 0.555126 0.904326346875 0.555126 0.907320359375 0.563126 0.9192964078125 0.565126 0.92528443125 0.575126 0.9312724546875 0.585126 0.9312724546875 0.593126 0.92229041875 0.587126 0.9013323359375001 0.577126 0.8833682640625 0.555126 0.8833682640625 0.547126 0.8743862281249999 0.541126 0.8743862281249999 0.537126 0.8773802390625001 0.547126 0.8893562875000001 0.547126 0.8923503 0.555126 0.904326346875
3 0.6519999999999999 0.8622754484374999 0.6639999999999999 0.8622754484374999 0.67 0.8592814375 0.674 0.8532934125 0.6719999999999999 0.8473053890625 0.6719999999999999 0.8263473046875 0.674248 0.8185508984375 0.654 0.8113772453125 0.65 0.8113772453125 0.648 0.8143712578125 0.646 0.82035928125 0.646 0.8443113765625 0.65 0.8592814375 0.6519999999999999 0.8622754484374999
3 0.792 0.9251497000000001 0.8019999999999999 0.9371257484375001 0.8119999999999999 0.943113771875 0.828 0.943113771875 0.8320000000000001 0.9371257484375001 0.828 0.9191616765624999 0.8220000000000001 0.9101796406249999 0.82 0.9101796406249999 0.808 0.89221556875 0.808 0.8892215562500001 0.8039999999999999 0.8862275453124999 0.762 0.8832335328124999 0.76 0.9011976046875001 0.7609619999999999 0.9133353296875001 0.783094 0.9133353296875001 0.792 0.9251497000000001
3 0.827614 0.78807485 0.8328519999999999 0.788329340625 0.834878 0.78807485 0.8374119999999999 0.7888353296874999 0.855152 0.7926287421875 0.866 0.799401196875 0.874 0.799401196875 0.876 0.802395209375 0.8859999999999999 0.799401196875 0.8880000000000001 0.7934131734375 0.882 0.781437125 0.8720000000000001 0.7754491015625 0.868 0.769461078125 0.8619999999999999 0.769461078125 0.8571799999999999 0.7675838328125 0.851436 0.7741616765625 0.8407920000000001 0.779473053125 0.828 0.781437125 0.827614 0.78807485
0 0.728 0.2035928140625 0.764 0.2035928140625 0.766 0.20059880312499997 0.78 0.20059880312499997 0.782 0.197604790625 0.788 0.197604790625 0.79 0.194610778125 0.788 0.17664670625 0.78 0.1526946109375 0.774 0.143712575 0.766 0.13772455156250002 0.746 0.13772455156250002 0.734 0.1497005984375 0.728 0.164670659375 0.728 0.1916167671875 0.726 0.194610778125 0.726 0.20059880312499997 0.728 0.2035928140625
3 0.952 0.8622754484374999 0.95 0.8263473046875 0.93 0.8083832328125 0.8939999999999999 0.81736526875 0.8960000000000001 0.838323353125 0.9279999999999999 0.8622754484374999 0.952 0.8622754484374999
0 0.298 0.2544910171875 0.304 0.2544910171875 0.308 0.25149700625000004 0.312 0.24550898281250003 0.312 0.23652694687500003 0.31 0.23053892187499997 0.306 0.22455089843749998 0.298 0.22455089843749998 0.296 0.22754491093749998 0.294 0.23353293437499997 0.294 0.24550898281250003 0.298 0.25149700625000004 0.298 0.2544910171875