0 0.144 0.41641337343749996 0.162 0.40425531875000004 0.16799999999999998 0.40425531875000004 0.16999999999999998 0.4072948328125 0.186 0.4072948328125 0.194 0.41641337343749996 0.196 0.425531915625 0.2 0.428571428125 0.20400000000000001 0.443768996875 0.20400000000000001 0.43465045625 0.21000000000000002 0.428571428125 0.21000000000000002 0.4194528875 0.20425200000000002 0.41204559218750003 0.204768 0.397118540625 0.202 0.38601823749999997 0.198 0.3738601828125 0.19 0.361702128125 0.184 0.361702128125 0.178 0.35562309999999997 0.16189 0.354306990625 0.148 0.3586626140625 0.144 0.361702128125 0.136 0.3768996953125 0.134 0.38601823749999997 0.13 0.3920972640625 0.136 0.41641337343749996 0.144 0.41641337343749996
0 0.254 0.49848024375 0.258 0.5106382984375 0.268 0.5106382984375 0.27 0.5075987843750001 0.282 0.5075987843750001 0.3 0.50151975625 0.308 0.49544072968749997 0.314 0.49544072968749997 0.32 0.48632218906249997 0.32 0.48024316093749997 0.314 0.4620060796875 0.309186 0.449750759375 0.302 0.4407294828125 0.29342999999999997 0.43757446875 0.27799999999999997 0.4376899703125 0.27599999999999997 0.4407294828125 0.27 0.4407294828125 0.266 0.443768996875 0.260366 0.455249240625 0.255976 0.46781762968749996 0.254 0.48024316093749997 0.254 0.49848024375
0 0.018387999999999998 0.4327902734375 0.025182 0.4283130703125 0.028282 0.42624924062499997 0.033124 0.42624924062499997 0.043778 0.4277234046875 0.051914 0.42624924062499997 0.058387999999999995 0.42671124687499995 0.058387999999999995 0.42063221874999995 0.054388000000000006 0.41455319218750003 0.054388000000000006 0.41151367812500006 0.040388 0.39935562343750003 0.028668 0.396796353125 0.020388 0.39935562343750003 0.016658 0.410343465625 0.014388000000000001 0.4236717328125 0.014388000000000001 0.42671124687499995 0.018387999999999998 0.4327902734375
0 0 0.43181155000000004 0.008 0.43181155000000004 0.012 0.4287720359375 0.015496 0.412702128125 0.019370000000000002 0.40180243125 0.018014 0.397382978125 0.012 0.392297871875 0.004648 0.390316109375 0 0.392297871875 0 0.43181155000000004
1 0.148 0.638297871875 0.152 0.6261398171875 0.144 0.6139817625 0.126 0.59574468125 0.10800000000000001 0.5866261390624999 0.10800000000000001 0.56534954375 0.122 0.48632218906249997 0.13 0.47720364687499994 0.146 0.47416413437499993 0.16599999999999998 0.48024316093749997 0.16799999999999998 0.47416413437499993 0.134 0.4407294828125 0.096 0.45896656562500004 0.08199999999999999 0.4711246203125 0.066 0.50151975625 0.05 0.5531914890625 0.041999999999999996 0.589665653125 0.044 0.5927051671875 0.078 0.59878419375 0.148 0.638297871875
1 0.282 0.8206686937500001 0.302 0.8054711250000001 0.312 0.7902735562500001 0.312 0.781155015625 0.294 0.7294832828125 0.288 0.6413373859375 0.27599999999999997 0.61094225 0.286 0.5592705171875 0.314 0.5440729484375 0.314 0.5379939203124999 0.286 0.5227963531250001 0.258 0.5197568390625 0.21800000000000003 0.5683890578125 0.186 0.6899696046875 0.186 0.799392096875 0.202 0.8237082062500001 0.266 0.8237082062500001 0.282 0.8206686937500001
1 0.05600000000000001 0.516717325 0.064 0.5045592703125 0.066 0.49544072968749997 0.076 0.48024316093749997 0.078 0.47416413437499993 0.078 0.4650455921875 0.064 0.4559270515625 0.057999999999999996 0.4559270515625 0.05600000000000001 0.4528875375 0.05 0.4528875375 0.03 0.46808510625000005 0.028000000000000004 0.47416413437499993 0.04 0.4893617015625 0.048 0.516717325 0.05600000000000001 0.516717325
3 0.206976 0.9145775078125 0.211354 0.9163738609375001 0.225354 0.9163738609375001 0.25135399999999997 0.898136778125 0.25335399999999997 0.8950972640625 0.25335399999999997 0.8768601828125 0.25535399999999997 0.87382066875 0.25335399999999997 0.8707811546875 0.229354 0.8707811546875 0.21379 0.8834954406250001 0.202108 0.8894164140624999 0.19578 0.9027355625 0.19578 0.9086565343749999 0.206976 0.9145775078125
3 0.16292 0.9331306984375001 0.16292 0.9179331312500001 0.16092 0.911854103125 0.15292 0.9027355625 0.13291999999999998 0.9057750765625 0.12618000000000001 0.906437690625 0.11985399999999999 0.9056960484375001 0.11892 0.911854103125 0.11692 0.9392097265625001 0.12092 0.9452887531249999 0.15692 0.942249240625 0.16292 0.9331306984375001
3 0.262 0.9817629171875 0.27 0.9756838906249999 0.274 0.9696048625 0.294 0.9331306984375001 0.298 0.9179331312500001 0.3 0.9179331312500001 0.298 0.911854103125 0.294 0.9088145890625 0.286 0.9179331312500001 0.284 0.9179331312500001 0.27599999999999997 0.9331306984375001 0.27213 0.9396048625000001 0.264 0.942249240625 0.256 0.942249240625 0.254 0.9452887531249999 0.25 0.9635258359375 0.25 0.9756838906249999 0.256 0.9817629171875 0.262 0.9817629171875
0 0.954 0.4194528875 0.9640000000000001 0.4194528875 0.9800000000000001 0.40121580625000003 0.978 0.39513677812500003 0.978 0.379939209375 0.976 0.3738601828125 0.966 0.361702128125 0.958 0.361702128125 0.9480000000000001 0.3677811546875 0.942 0.3829787234375 0.9400000000000001 0.40121580625000003 0.942 0.4072948328125 0.944 0.4072948328125 0.954 0.4194528875