0 0.686 0.3668639046875 0.692 0.3698224859375 0.7 0.3698224859375 0.702 0.372781065625 0.716 0.372781065625 0.718 0.37573964531250004 0.724 0.37573964531250004 0.726 0.378698225 0.732 0.37573964531250004 0.732 0.346153846875 0.73 0.3402366859375 0.722 0.331360946875 0.718 0.3284023671875 0.704 0.3284023671875 0.7 0.331360946875 0.692 0.343195265625 0.692 0.346153846875 0.6839999999999999 0.357988165625 0.6839999999999999 0.363905325 0.686 0.3668639046875
0 0.354 0.41420118281249996 0.358 0.41420118281249996 0.36 0.411242603125 0.368 0.411242603125 0.384 0.399408284375 0.384 0.3402366859375 0.382 0.33727810625 0.382 0.32544378749999997 0.36 0.32544378749999997 0.348 0.343195265625 0.346 0.34911242656249997 0.344 0.384615384375 0.344 0.4023668640625 0.346 0.40828402343750003 0.354 0.41420118281249996
0 0.3 0.5680473375 0.322 0.5680473375 0.32999999999999996 0.5502958578125 0.32999999999999996 0.5355029578125 0.33399999999999996 0.5266272187500001 0.33399999999999996 0.5177514796875 0.33599999999999997 0.5147929 0.33599999999999997 0.49704142031250004 0.32999999999999996 0.47633136093750006 0.318 0.4644970421875 0.296 0.4644970421875 0.286 0.4704142015625 0.27999999999999997 0.479289940625 0.27999999999999997 0.4911242609375 0.27799999999999997 0.49408284062499996 0.27799999999999997 0.520710059375 0.27599999999999997 0.5266272187500001 0.282 0.5502958578125 0.3 0.5680473375
1 0.262 0.636094675 0.268 0.621301775 0.286 0.615384615625 0.3 0.6035502953125 0.304 0.588757396875 0.302 0.5857988171875 0.286 0.5857988171875 0.268 0.59467455625 0.256 0.5828402359375 0.262 0.5295857984375 0.27 0.49408284062499996 0.284 0.47337278125 0.268 0.4615384609375 0.25 0.45857988125000004 0.248 0.4644970421875 0.248 0.615384615625 0.254 0.6331360953125 0.262 0.636094675
1 0.73 0.4911242609375 0.736 0.4911242609375 0.742 0.49704142031250004 0.742 0.520710059375 0.746 0.54142011875 0.75 0.5502958578125 0.756 0.5502958578125 0.758 0.54142011875 0.758 0.48520709999999995 0.754 0.479289940625 0.754 0.4704142015625 0.75 0.467455621875 0.744 0.452662721875 0.74 0.452662721875 0.73 0.4289940828125 0.73 0.4230769234375 0.736 0.42011834375 0.744 0.4023668640625 0.74 0.3964497046875 0.734 0.3964497046875 0.728 0.4023668640625 0.72 0.4349112421875 0.722 0.437869821875 0.71 0.45857988125000004 0.708 0.479289940625 0.712 0.48520709999999995 0.722 0.48520709999999995 0.73 0.4911242609375
1 0.774 0.5650887578125 0.776 0.559171596875 0.776 0.5295857984375 0.774 0.5266272187500001 0.774 0.5177514796875 0.768 0.51183431875 0.766 0.51183431875 0.766 0.5532544374999999 0.768 0.559171596875 0.774 0.5650887578125
2 0.27999999999999997 0.6597633140625 0.288 0.6597633140625 0.29 0.66272189375 0.296 0.653846153125 0.298 0.653846153125 0.3 0.6301775140625 0.294 0.6183431953125 0.27799999999999997 0.6183431953125 0.272 0.621301775 0.27 0.627218934375 0.27 0.642011834375 0.274 0.656804734375 0.27999999999999997 0.6597633140625
2 0.7192179999999999 0.48428994062499997 0.733528 0.492313609375 0.743398 0.48647633125 0.746852 0.4602130171875 0.739944 0.45 0.7254120000000001 0.4512514796875 0.723166 0.45 0.7216859999999999 0.46313313593750005 0.7192179999999999 0.48428994062499997
2 0.35832 0.584511834375 0.36261 0.5764378703124999 0.35949 0.549917159375 0.34467 0.5453047343749999 0.34389400000000003 0.5473994078125 0.34194 0.5643313609375 0.34506000000000003 0.5735562125 0.35247 0.58681656875 0.35832 0.584511834375
2 0.380646 0.63807100625 0.386106 0.6334585796875001 0.384156 0.62192899375 0.382986 0.6034792906249999 0.38025600000000004 0.5879112421875 0.361146 0.5919467453125 0.365436 0.6155857984375 0.373236 0.63173076875 0.380646 0.63807100625
3 0.28213 0.8462988171875001 0.29888 0.838044378125 0.301672 0.8045680468749999 0.29733 0.761917159375 0.292986 0.751369821875 0.27074 0.7491923078125 0.272824 0.7825532546875 0.272204 0.8064023671875 0.275306 0.829789940625 0.28213 0.8462988171875001
3 0.161716 0.838044378125 0.176296 0.833 0.17815799999999998 0.8160325437499999 0.177848 0.7793431953125001 0.162234 0.7786124265625001 0.161716 0.8073195265625 0.157994 0.82061834375 0.14899800000000002 0.8307071 0.161716 0.838044378125
3 0.40166599999999997 0.8479497046875 0.411968 0.8479497046875 0.412524 0.8323076921875 0.40751400000000004 0.814606509375 0.404728 0.7886745562499999 0.40166599999999997 0.7594497046875001 0.389254 0.766035503125 0.39025 0.7969082843749999 0.391642 0.8220177515625 0.393592 0.84012721875 0.40166599999999997 0.8479497046875
3 0.7766759999999999 0.7523550296875 0.789412 0.751917159375 0.790892 0.7422840234375 0.7867460000000001 0.73177810625 0.7772680000000001 0.7313402359375 0.769866 0.7357159765625 0.769272 0.73527810625 0.770162 0.751917159375 0.7766759999999999 0.7523550296875
3 0.78023 0.803091715625 0.785562 0.8052810656249999 0.78793 0.802653846875 0.789114 0.7895177515625 0.787338 0.7759467453125 0.7772680000000001 0.7781360953124999 0.7731220000000001 0.785139053125 0.77342 0.79433431875 0.78023 0.803091715625