0 0.33828125 0.3515625 0.0359375 0.040625
0 0.3953125 0.3671875 0.028125 0.040625
0 0.5578125 0.31015625 0.034375 0.0515625
0 0.5203125 0.30703125 0.0375 0.0421875
0 0.4390625 0.3828125 0.025 0.025
3 0.5171875 0.76328125 0.025 0.0265625
3 0.4640625 0.6046875 0.01875 0.028125
3 0.3984375 0.6734375 0.021875 0.021875
3 0.4390625 0.62578125 0.015625 0.0140625
3 0.3421875 0.7359375 0.021875 0.025
3 0.5421875 0.7421875 0.01875 0.034375
3 0.4203125 0.6796875 0.01875 0.015625
3 0.5734375 0.6453125 0.01875 0.015625
3 0.35703125 0.7140625 0.0171875 0.025