0 0.64 0.6426426421875 0.6799999999999999 0.6666666671875 0.688 0.6426426421875 0.688 0.6366366359375 0.686 0.633633634375 0.686 0.61861861875 0.6839999999999999 0.6126126125 0.6799999999999999 0.60660660625 0.6759999999999999 0.603603603125 0.67 0.603603603125 0.6679999999999999 0.6006006 0.654 0.603603603125 0.64 0.624624625 0.638 0.624624625 0.638 0.6396396390625 0.64 0.6426426421875
0 0.584 0.6126126125 0.5860000000000001 0.615615615625 0.6 0.615615615625 0.602 0.61861861875 0.61 0.615615615625 0.61 0.5915915921875 0.608 0.5885885890625 0.608 0.5795795796875 0.602 0.5705705703125 0.602 0.5675675671875 0.596 0.5675675671875 0.5940000000000001 0.5645645640625 0.5860000000000001 0.5645645640625 0.58 0.5675675671875 0.5740000000000001 0.5765765765624999 0.5700000000000001 0.5885885890625 0.568 0.6006006 0.576 0.615615615625 0.5780000000000001 0.6126126125 0.584 0.6126126125
0 0.46799999999999997 0.6126126125 0.48200000000000004 0.624624625 0.484 0.6216216218749999 0.496 0.61861861875 0.5 0.6126126125 0.5 0.5885885890625 0.49800000000000005 0.5825825828125 0.49000000000000005 0.5705705703125 0.484 0.5675675671875 0.476 0.5675675671875 0.46799999999999997 0.5765765765624999 0.46799999999999997 0.5795795796875 0.462 0.5885885890625 0.462 0.603603603125 0.46799999999999997 0.6126126125
0 0.296 0.5855855859375 0.31 0.5855855859375 0.318 0.5765765765624999 0.318 0.5585585578125001 0.314 0.552552553125 0.314 0.5495495499999999 0.31 0.5465465468749999 0.3 0.5465465468749999 0.292 0.5555555562500001 0.29 0.5615615609375 0.29 0.5795795796875 0.292 0.5825825828125 0.296 0.5855855859375
0 0.358 0.603603603125 0.366 0.597597596875 0.368 0.5915915921875 0.366 0.5765765765624999 0.36 0.5645645640625 0.348 0.5645645640625 0.33799999999999997 0.5795795796875 0.33799999999999997 0.6006006 0.33999999999999997 0.60660660625 0.358 0.603603603125
0 0.33799999999999997 0.61861861875 0.33799999999999997 0.5765765765624999 0.33199999999999996 0.5765765765624999 0.32599999999999996 0.5855855859375 0.324 0.5915915921875 0.324 0.60660660625 0.32999999999999996 0.61861861875 0.33799999999999997 0.61861861875
0 0.43 0.615615615625 0.434 0.60660660625 0.43 0.5795795796875 0.426 0.5735735734375 0.414 0.5765765765624999 0.404 0.5915915921875 0.404 0.60660660625 0.414 0.615615615625 0.43 0.615615615625
0 0.43600000000000005 0.609609609375 0.446 0.609609609375 0.45199999999999996 0.5915915921875 0.45199999999999996 0.5795795796875 0.44400000000000006 0.5675675671875 0.434 0.5675675671875 0.43 0.5705705703125 0.42800000000000005 0.5735735734375 0.42800000000000005 0.5825825828125 0.434 0.60660660625 0.43600000000000005 0.609609609375
0 0.272 0.696696696875 0.274 0.690690690625 0.284 0.678678678125 0.284 0.6666666671875 0.282 0.6636636640625 0.27599999999999997 0.6636636640625 0.27 0.6696696703125 0.266 0.68168168125 0.266 0.690690690625 0.268 0.696696696875 0.272 0.696696696875
0 0.17672000000000002 0.6961201203125 0.18104 0.703090090625 0.18808 0.7086156156250001 0.19448000000000001 0.69275675625 0.1924 0.6877087093750001 0.18839999999999998 0.6821831828125 0.18264 0.6843453453125 0.17704 0.695159159375 0.178 0.6932372375 0.1772 0.6937177171875 0.17672000000000002 0.6961201203125
0 0.21036000000000002 0.7769609609375 0.21516000000000002 0.764225225 0.21292 0.7579789796874999 0.20844000000000001 0.754372371875 0.20299999999999999 0.7541141140625001 0.19388 0.76590690625 0.19788 0.7767207203125001 0.20316 0.7827297296875 0.21036000000000002 0.7769609609375