4 0.642 0.4354354359375 0.674 0.48348348281250003 0.674 0.4984984984375 0.64 0.5375375375 0.592 0.624624625 0.524 0.6306306312500001 0.47000000000000003 0.60660660625 0.45599999999999996 0.6306306312500001 0.47400000000000003 0.6606606609375001 0.49800000000000005 0.6576576578125 0.554 0.684684684375 0.602 0.684684684375 0.626 0.6666666671875 0.6599999999999999 0.6606606609375001 0.67 0.6954084078125 0.6679999999999999 0.8048048046874999 0.6759999999999999 0.83183183125 0.6679999999999999 0.8798798796874999 0.674 0.996996996875 0.8119999999999999 0.996996996875 0.8300000000000001 0.8948948953125001 0.8859999999999999 0.8978978984375001 0.89 0.9429429421875 0.916 0.9339339343749999 0.924 0.9459459453125 0.9339999999999999 0.9009009015625 0.914 0.8078078078125 0.9119999999999999 0.7357357359375001 0.8880000000000001 0.624624625 0.85 0.5075075078125 0.8160000000000001 0.459459459375 0.772 0.4414414421875 0.752 0.42042042031250004 0.734 0.3123123125 0.712 0.27327327343749996 0.6900000000000001 0.2552552546875 0.662 0.2522522515625 0.63 0.2792792796875 0.614 0.32432432499999997 0.616 0.402402403125 0.632 0.39939939999999996 0.642 0.4354354359375
0 0.5 0.48048048125 0.5 0.5015015015625 0.52 0.4924924921875 0.51 0.471471471875 0.5 0.48048048125
4 0.22000000000000003 0.996996996875 0.20800000000000002 0.864864865625 0.236 0.828828828125 0.244 0.7237237234375 0.22400000000000003 0.69369369375 0.268 0.615615615625 0.314 0.6516516515624999 0.36 0.6546546546875 0.428334 0.7157147140625 0.43 0.6356366359375001 0.352 0.6216216218749999 0.298 0.5705705703125 0.248 0.48048048125 0.22599999999999998 0.41141141093750005 0.266 0.3453453453125 0.27999999999999997 0.291291290625 0.302 0.2852852859375 0.286 0.2132132125 0.266 0.1801801796875 0.21600000000000003 0.16816816875 0.188 0.20420420468749997 0.172 0.24324324375 0.178 0.291291290625 0.126 0.32732732656249997 0.086 0.39939939999999996 0.06999999999999999 0.46846846875 0.064 0.525525525 0.06999999999999999 0.5495495499999999 0.06 0.5645645640625 0.062 0.7417417421875 0.06999999999999999 0.76876876875 0.06999999999999999 0.99399399375 0.22000000000000003 0.996996996875
0 0 0.234234234375 0.016 0.2102102109375 0.026000000000000002 0.2102102109375 0.118 0.2792792796875 0.11399999999999999 0.2012012015625 0.098 0.153153153125 0.068 0.135135134375 0.041999999999999996 0.135135134375 0.012 0.165165165625 0 0.18318318281249998 0 0.234234234375
0 0.584 0.459459459375 0.571826 0.454996996875 0.5599999999999999 0.4624624625 0.5599999999999999 0.4984984984375 0.59382 0.502933934375 0.590982 0.4752372375 0.584 0.459459459375
0 0.726 0.3303303296875 0.736 0.3123123125 0.702 0.2612612609375 0.6559999999999999 0.2522522515625 0.628 0.2822822828125 0.614 0.321321321875 0.612 0.402402403125 0.618 0.4084084078125 0.704 0.32732732656249997 0.726 0.3303303296875
4 0.064 0.8138138140625 0.048 0.759759759375 0.05600000000000001 0.708708709375 0.05 0.5915915921875 0.068 0.4414414421875 0.062 0.4144144140625 0.074 0.3873873875 0.072 0.3603603609375 0.118 0.2762762765625 0.11599999999999999 0.21921921875 0.10400000000000001 0.16216216249999998 0.068 0.135135134375 0.038 0.13813813749999998 0.004 0.1771771765625 0 0.996996996875 0.044 0.996996996875 0.066 0.85585585625 0.064 0.8138138140625
0 0.298 0.2882882890625 0.302 0.2822822828125 0.288 0.2132132125 0.268 0.1801801796875 0.244 0.165165165625 0.20800000000000002 0.171171171875 0.172 0.23723723749999998 0.176 0.2612612609375 0.21600000000000003 0.23723723749999998 0.27 0.2582582578125 0.298 0.2882882890625
3 0.622 0.8348348343750001 0.628 0.8348348343750001 0.636 0.828828828125 0.63 0.8168168171874999 0.628 0.8168168171874999 0.624 0.8108108109375 0.62 0.8108108109375 0.618 0.8168168171874999 0.608 0.8168168171874999 0.61 0.8258258265625 0.622 0.8348348343750001
3 0.544 0.8408408406250001 0.5559999999999999 0.846846846875 0.558 0.828828828125 0.542 0.8228228234375001 0.54 0.8258258265625 0.542 0.828828828125 0.542 0.8378378375000001 0.544 0.8408408406250001
1 0.202 0.84384384375 0.23399999999999999 0.8348348343750001 0.25 0.6666666671875 0.244 0.61861861875 0.21600000000000003 0.603603603125 0.188 0.53153153125 0.13999999999999999 0.53153153125 0.124 0.5105105109375 0.11399999999999999 0.465465465625 0.12 0.4084084078125 0.134 0.3873873875 0.176 0.36936936875000004 0.20600000000000002 0.372372371875 0.16999999999999998 0.3123123125 0.142 0.309309309375 0.092 0.384384384375 0.068 0.4624624625 0.062 0.5495495499999999 0.054000000000000006 0.5705705703125 0.05600000000000001 0.753753753125 0.074 0.7927927921875 0.128 0.828828828125 0.202 0.84384384375
1 0.038 0.78078078125 0.032 0.6636636640625 0.038 0.471471471875 0.03 0.4264264265625 0.002 0.3513513515625 0 0.8618618625 0.014000000000000002 0.8618618625 0.028000000000000004 0.8408408406250001 0.038 0.78078078125
1 0.529054 0.5833423421874999 0.530948 0.56130630625 0.5162720000000001 0.5513543546874999 0.520532 0.5318048046875 0.5323680000000001 0.521852853125 0.519112 0.519009009375 0.50988 0.5318048046875 0.501358 0.5645045046875 0.502542 0.6036006 0.5229 0.6021801796874999 0.529054 0.5833423421874999
1 0.30779999999999996 0.5610360359375 0.308 0.5295045046875 0.3046 0.528003003125 0.3016 0.546321321875 0.29700000000000004 0.5478228234375 0.2956 0.5271021015625 0.2908 0.528603603125 0.2928 0.549324325 0.2984 0.559534534375 0.30779999999999996 0.5610360359375
1 0.38039999999999996 0.5784534531250001 0.38239999999999996 0.5361111109375 0.376 0.5367117109375 0.3758 0.559534534375 0.36419999999999997 0.5628378374999999 0.3654 0.5370120125 0.3594 0.5388138140625001 0.358 0.57454955 0.36 0.5802552546874999 0.38039999999999996 0.5784534531250001
1 0.433 0.5484234234375001 0.4286 0.5310060062499999 0.42939999999999995 0.5640390390625 0.4444 0.5613363359375 0.4418 0.5349099093749999 0.4378 0.534609609375 0.433 0.5484234234375001
0 0.3032 0.5075825828125 0.3 0.5051801796875 0.29460000000000003 0.5078828828125 0.29359999999999997 0.5177177171875 0.2976 0.5225975968750001 0.30419999999999997 0.5204954953125001 0.3032 0.5075825828125
0 0.3512 0.5117867875 0.3432 0.5132882890625 0.3412 0.5262012015625 0.352 0.528303303125 0.3532 0.51929429375 0.3512 0.5117867875
0 0.375 0.5141891890625 0.3694 0.5126876874999999 0.3648 0.515690690625 0.36419999999999997 0.5273273265625 0.36920000000000003 0.5295045046875 0.3748 0.527402403125 0.375 0.5141891890625
0 0.4324 0.5132882890625 0.4286 0.5168918921875 0.4286 0.5268018015625 0.4384 0.528903903125 0.437 0.5168918921875 0.4324 0.5132882890625
3 0.5322 0.7123873875 0.5277999999999999 0.6985735734375 0.5208 0.6990990984375001 0.5146 0.7111861859374999 0.5136000000000001 0.7189939937500001 0.5276 0.7168918921875 0.5322 0.7123873875