0 0.842 0.39221556875 0.8699999999999999 0.3832335328125 0.89 0.3592814375 0.8939999999999999 0.305389221875 0.866 0.26946107812500003 0.8380000000000001 0.26946107812500003 0.8039999999999999 0.299401196875 0.8 0.3143712578125 0.818 0.3263473046875 0.844 0.377245509375 0.842 0.39221556875
0 0.806 0.29640718593750004 0.796 0.2784431140625 0.77 0.2754491015625 0.75 0.3083832328125 0.75 0.3802395203125 0.786 0.37425149687500003 0.8019999999999999 0.356287425 0.806 0.29640718593750004
0 0.58 0.29640718593750004 0.5559999999999999 0.2934131734375 0.54 0.3143712578125 0.542 0.3682634734375 0.5559999999999999 0.371257484375 0.5980000000000001 0.3443113765625 0.58 0.29640718593750004
0 0.508 0.26347305312499997 0.48 0.25748502968750003 0.46399999999999997 0.29041916093750003 0.46799999999999997 0.3443113765625 0.512 0.3443113765625 0.518 0.30239520937500003 0.508 0.26347305312499997
0 0.38 0.3113772453125 0.34199999999999997 0.305389221875 0.33399999999999996 0.335329340625 0.33399999999999996 0.371257484375 0.39 0.377245509375 0.40599999999999997 0.3652694609375 0.38 0.3113772453125
3 0.32799999999999996 0.9401197609375 0.3 0.9251497000000001 0.302 0.96407185625 0.314 0.979041915625 0.33599999999999997 0.982035928125 0.32799999999999996 0.9401197609375
3 0.376 0.9520958078125 0.38 0.9580838328124999 0.388 0.96407185625 0.396 0.96407185625 0.4 0.9580838328124999 0.4 0.9461077843749999 0.388 0.9281437125 0.384 0.9161676640625 0.376 0.9191616765624999 0.374 0.9221556890624999 0.364 0.9221556890624999 0.36 0.9251497000000001 0.36 0.9401197609375 0.364 0.9461077843749999 0.376 0.9520958078125
3 0.41 0.9371257484375001 0.41600000000000004 0.9341317359374999 0.438 0.9071856281249999 0.43600000000000005 0.8982035921874999 0.41600000000000004 0.89221556875 0.40800000000000003 0.89221556875 0.40199999999999997 0.9011976046875001 0.394 0.9251497000000001 0.394 0.9341317359374999 0.398 0.9371257484375001 0.41 0.9371257484375001
3 0.48200000000000004 0.9401197609375 0.49800000000000005 0.9401197609375 0.502 0.9341317359374999 0.5 0.9281437125 0.5 0.9161676640625 0.49800000000000005 0.9131736531250001 0.496 0.8952095812499999 0.492 0.89221556875 0.47000000000000003 0.8982035921874999 0.472 0.9251497000000001 0.47400000000000003 0.9311377249999999 0.48200000000000004 0.9401197609375
3 0.542 0.9491017968750001 0.576 0.9281437125 0.576 0.9101796406249999 0.558 0.9101796406249999 0.5559999999999999 0.9071856281249999 0.548 0.9071856281249999 0.542 0.9101796406249999 0.526 0.9311377249999999 0.524 0.9371257484375001 0.524 0.9461077843749999 0.528 0.9520958078125 0.542 0.9491017968750001
3 0.608 0.9580838328124999 0.622 0.9700598796875 0.632 0.9700598796875 0.638 0.96407185625 0.638 0.9520958078125 0.626 0.9221556890624999 0.622 0.9191616765624999 0.602 0.9191616765624999 0.5980000000000001 0.9251497000000001 0.5980000000000001 0.9311377249999999 0.6 0.9401197609375 0.608 0.9580838328124999
3 0.716 0.9730538921875 0.724 0.9730538921875 0.73 0.9700598796875 0.73 0.9580838328124999 0.734 0.9491017968750001 0.736 0.9491017968750001 0.736 0.943113771875 0.732 0.9371257484375001 0.726 0.9371257484375001 0.706 0.9520958078125 0.704 0.9550898203125 0.704 0.9700598796875 0.714 0.9760479046875 0.716 0.9730538921875