2 0.5860000000000001 0.5945945953125 0.5740000000000001 0.597597596875 0.5700000000000001 0.6126126125 0.572 0.6396396390625 0.588 0.6486486484375 0.5940000000000001 0.6276276281250001 0.5860000000000001 0.5945945953125
0 0.604 0.4084084078125 0.604 0.39339339375 0.5780000000000001 0.37837837812499997 0.564 0.40540540468749997 0.562 0.4144144140625 0.5740000000000001 0.42042042031250004 0.588 0.40540540468749997 0.604 0.4084084078125
1 0.612 0.5465465468749999 0.624 0.5495495499999999 0.642 0.5375375375 0.65 0.5165165171874999 0.624 0.41741741718750003 0.608 0.41741741718750003 0.6083339999999999 0.460459459375 0.584 0.4624624625 0.5900000000000001 0.4984984984375 0.612 0.5465465468749999
0 0.45599999999999996 0.38138138125 0.434 0.3573573578125 0.40800000000000003 0.3573573578125 0.386 0.38138138125 0.388 0.40540540468749997 0.42000000000000004 0.39939939999999996 0.462 0.41741741718750003 0.45599999999999996 0.38138138125
2 0.536 0.5465465468749999 0.532 0.5675675671875 0.546 0.5795795796875 0.548 0.5495495499999999 0.536 0.5465465468749999
0 0.054000000000000006 0.396396396875 0.05 0.4234234234375 0.086 0.42042042031250004 0.076 0.396396396875 0.054000000000000006 0.396396396875
0 0.512 0.4144144140625 0.516 0.45045045000000006 0.534 0.4414414421875 0.53 0.42042042031250004 0.512 0.4144144140625
0 0.22599999999999998 0.3573573578125 0.21400000000000002 0.3363363359375 0.194 0.3393393390625 0.184 0.3543543546875 0.188 0.37837837812499997 0.22400000000000003 0.375375375 0.22599999999999998 0.3573573578125
1 0.1 0.453453453125 0.044 0.465465465625 0.048334 0.508009009375 0.05600000000000001 0.5615615609375 0.11200000000000002 0.5495495499999999 0.1 0.453453453125
2 0.426 0.8018018015624999 0.41200000000000003 0.76876876875 0.386 0.78078078125 0.396 0.8678678671875 0.41 0.8678678671875 0.426 0.828828828125 0.426 0.8018018015624999
2 0.196 0.5735735734375 0.174 0.5675675671875 0.18 0.6126126125 0.196 0.624624625 0.202 0.603603603125 0.196 0.5735735734375
2 0.658 0.54354354375 0.658 0.5765765765624999 0.678 0.5825825828125 0.6799999999999999 0.534534534375 0.658 0.54354354375
1 0.252 0.48048048125 0.246 0.43843843906249996 0.22799999999999998 0.41741741718750003 0.19 0.41741741718750003 0.16799999999999998 0.459459459375 0.16599999999999998 0.552552553125 0.174 0.5615615609375 0.21200000000000002 0.5645645640625 0.252 0.48048048125
1 0.356 0.6876876875 0.364 0.68168168125 0.376 0.60660660625 0.366 0.522522521875 0.384 0.459459459375 0.40800000000000003 0.4324324328125 0.38 0.4084084078125 0.326666 0.427927928125 0.27799999999999997 0.459459459375 0.26 0.471471471875 0.22000000000000003 0.54354354375 0.20800000000000002 0.5915915921875 0.20800000000000002 0.615615615625 0.24 0.609609609375 0.262 0.61861861875 0.356 0.6876876875
0 0.352 0.2852852859375 0.324 0.30630630625 0.324 0.3453453453125 0.358 0.321321321875 0.38 0.321321321875 0.352 0.2852852859375
3 0.11000000000000001 0.708708709375 0.11000000000000001 0.7267267265624999 0.132 0.7147147140625 0.13 0.6996997 0.11000000000000001 0.708708709375
1 0.32799999999999996 0.3573573578125 0.296 0.40540540468749997 0.298 0.4324324328125 0.308334 0.40790690625000003 0.344 0.41141141093750005 0.32799999999999996 0.3573573578125
3 0.22000000000000003 0.759759759375 0.202 0.765765765625 0.202 0.78078078125 0.22599999999999998 0.7867867875 0.22000000000000003 0.759759759375
3 0.03465 0.7357357359375001 0.01665 0.75075075 0.020649999999999998 0.765765765625 0.05665 0.765765765625 0.05865 0.7357357359375001 0.03465 0.7357357359375001
2 0.53 0.5615615609375 0.534 0.552552553125 0.534 0.5375375375 0.532 0.53153153125 0.528 0.5285285281250001 0.524 0.5285285281250001 0.522 0.53153153125 0.52 0.540540540625 0.52 0.5555555562500001 0.522 0.5585585578125001 0.53 0.5615615609375