0 0.914 0.2674418609375 0.8880000000000001 0.2674418609375 0.8640000000000001 0.296511628125 0.8539999999999999 0.3401162796875 0.942 0.3401162796875 0.9359999999999999 0.296511628125 0.914 0.2674418609375
0 0.6519999999999999 0.2994186046875 0.644 0.2877906984375 0.622 0.28197674375 0.608 0.2994186046875 0.5980000000000001 0.3197674421875 0.602 0.328488371875 0.654 0.3372093015625 0.6519999999999999 0.2994186046875
0 0.51 0.235465115625 0.49400000000000005 0.2325581390625 0.48 0.25 0.47000000000000003 0.2703488375 0.47800000000000004 0.27616279062500004 0.52 0.27616279062500004 0.51 0.235465115625
0 0.356 0.20058139531250002 0.33199999999999996 0.21802325625000002 0.32799999999999996 0.24418604687499998 0.376 0.2470930234375 0.37 0.21802325625000002 0.356 0.20058139531250002
0 0.26 0.2732558140625 0.248 0.2151162796875 0.22999999999999998 0.19767441875 0.198 0.20930232499999998 0.184 0.24418604687499998 0.182 0.27616279062500004 0.188 0.28197674375 0.22599999999999998 0.290697675 0.26 0.2732558140625
0 0.25 0.2122093015625 0.262 0.27616279062500004 0.286 0.2674418609375 0.274 0.2296511625 0.25 0.2122093015625
0 0.522 0.24418604687499998 0.522 0.264534884375 0.532 0.264534884375 0.534 0.25 0.522 0.24418604687499998
0 0.6639999999999999 0.2703488375 0.6639999999999999 0.255813953125 0.662 0.25 0.654 0.24418604687499998 0.65 0.2470930234375 0.646 0.2529069765625 0.646 0.264534884375 0.654 0.2703488375 0.6639999999999999 0.2703488375
0 0.852 0.2703488375 0.852 0.264534884375 0.8480000000000001 0.255813953125 0.842 0.2529069765625 0.834 0.2587209296875 0.8320000000000001 0.2703488375 0.844 0.2703488375 0.8460000000000001 0.2732558140625 0.852 0.2703488375
1 0.53 0.494186046875 0.524 0.42151162812500004 0.532 0.3720930234375 0.54 0.3662790703125 0.536 0.360465115625 0.534 0.3372093015625 0.518 0.308139534375 0.508 0.3110465109375 0.504 0.33139534843749996 0.496 0.3953488375 0.49000000000000005 0.485465115625 0.49000000000000005 0.540697675 0.508 0.540697675 0.528 0.5290697671875 0.53 0.494186046875
1 0.454 0.5232558140625 0.462 0.5232558140625 0.466 0.5174418609375 0.47000000000000003 0.4767441859375 0.48 0.3255813953125 0.47800000000000004 0.3110465109375 0.47000000000000003 0.3110465109375 0.45599999999999996 0.3255813953125 0.44800000000000006 0.4186046515625 0.45 0.45348837187499996 0.446 0.4709302328125 0.44800000000000006 0.51162790625 0.454 0.5232558140625
3 0.252 0.8662790703125 0.26 0.8662790703125 0.264 0.86337209375 0.264 0.8546511625000001 0.266 0.8517441859374999 0.264 0.8430232562500001 0.262 0.8401162796874999 0.248 0.8372093015625 0.244 0.8430232562500001 0.246 0.8691860468750001 0.25 0.8691860468750001 0.252 0.8662790703125
3 0.27 0.8255813953125 0.27799999999999997 0.8139534890625001 0.27799999999999997 0.8110465109374999 0.27 0.8023255812500001 0.264 0.8023255812500001 0.258 0.796511628125 0.256 0.7994186046875 0.252 0.816860465625 0.254 0.8226744187499999 0.26 0.8255813953125 0.27 0.8255813953125
3 0.29 0.796511628125 0.304 0.796511628125 0.308 0.7877906984374999 0.308 0.7732558140625 0.302 0.7674418609375 0.286 0.7674418609375 0.284 0.776162790625 0.286 0.78197674375 0.286 0.790697675 0.29 0.796511628125
3 0.346 0.7587209296874999 0.362 0.7587209296874999 0.364 0.755813953125 0.364 0.7470930234375001 0.356 0.7412790703125001 0.352 0.735465115625 0.346 0.7325581390625 0.33599999999999997 0.73837209375 0.324 0.7412790703125001 0.324 0.744186046875 0.346 0.7587209296874999
3 0.442 0.7470930234375001 0.466 0.735465115625 0.466 0.7267441859375 0.46799999999999997 0.7209302328125 0.466 0.71802325625 0.45599999999999996 0.71802325625 0.454 0.7151162796875 0.442 0.7151162796875 0.43200000000000005 0.7209302328125 0.42800000000000005 0.7267441859375 0.426 0.7325581390625 0.426 0.7412790703125001 0.434 0.7470930234375001 0.442 0.7470930234375001
3 0.51 0.7674418609375 0.514 0.755813953125 0.514 0.73837209375 0.512 0.735465115625 0.49400000000000005 0.735465115625 0.492 0.73837209375 0.492 0.76162790625 0.496 0.7674418609375 0.51 0.7674418609375
3 0.612 0.7703488375 0.62 0.76162790625 0.618 0.75 0.608 0.7529069765624999 0.602 0.7470930234375001 0.5900000000000001 0.7470930234375001 0.5700000000000001 0.7587209296874999 0.5700000000000001 0.7674418609375 0.5740000000000001 0.7703488375 0.612 0.7703488375
3 0.63 0.816860465625 0.636 0.8139534890625001 0.646 0.8023255812500001 0.646 0.790697675 0.644 0.790697675 0.638 0.78197674375 0.634 0.7790697671875 0.622 0.7790697671875 0.622 0.7848837203125 0.61 0.8052325578125 0.61 0.816860465625 0.63 0.816860465625
3 0.706 0.8720930234375001 0.724 0.8720930234375001 0.744 0.8662790703125 0.75 0.86337209375 0.75 0.860465115625 0.756 0.8546511625000001 0.756 0.8430232562500001 0.752 0.8401162796874999 0.714 0.834302325 0.6980000000000001 0.8430232562500001 0.6940000000000001 0.848837209375 0.6940000000000001 0.8575581390625 0.7 0.8691860468750001 0.706 0.8720930234375001
3 0.744 0.9244186046875 0.762 0.9244186046875 0.79 0.9186046515624999 0.794 0.915697675 0.796 0.9127906984375 0.796 0.9040697671875 0.798 0.901162790625 0.798 0.88662790625 0.776 0.8837209296875 0.774 0.8808139531249999 0.762 0.875 0.734 0.8982558140625001 0.732 0.9069767437499999 0.734 0.915697675 0.738 0.921511628125 0.744 0.9244186046875
3 0.842 0.9941860468750001 0.842 0.9825581390625 0.828 0.9651162796874999 0.818 0.9651162796874999 0.8 0.9767441859374999 0.798 0.9796511625000001 0.798 0.9970930234375001 0.8400000000000001 0.9970930234375001 0.842 0.9941860468750001