4 0.2133333328125 0.7166666671875 0.24 0.8166666671874999 0.2266666671875 0.8933333328125 0.23333333281250002 0.9033333328125 0.2666666671875 0.8933333328125 0.2866666671875 0.9133333328125 0.3088888890625 0.8300000000000001 0.3111111109375 0.71 0.3266666671875 0.63 0.34444444375 0.62 0.34888888906250004 0.5933333328125 0.3311111109375 0.44666666718750003 0.36444444374999996 0.43333333281249997 0.3288888890625 0.31 0.3111111109375 0.3 0.2866666671875 0.2066666671875 0.26888888906249997 0.2 0.2488888890625 0.2166666671875 0.242222221875 0.24 0.24666666718750002 0.3066666671875 0.21555555625 0.32 0.19555555625 0.4066666671875 0.1688888890625 0.47000000000000003 0.14666666718750002 0.5833333328125 0.157777778125 0.6 0.21555555625 0.6033333328125 0.2133333328125 0.7166666671875
0 0.50444444375 0.1633333328125 0.48444444375 0.16999999999999998 0.47555555624999996 0.1866666671875 0.4733333328125 0.2166666671875 0.5266666671875 0.2066666671875 0.522222221875 0.18 0.50444444375 0.1633333328125
0 0.29555555624999996 0.2166666671875 0.28444444375 0.2 0.24666666718750002 0.2166666671875 0.242222221875 0.2533333328125 0.2733333328125 0.24333333281249997 0.3 0.26 0.29555555624999996 0.2166666671875
0 0.7688888890625 0.1666666671875 0.7511111109375 0.14666666718750002 0.7311111109375 0.1533333328125 0.717777778125 0.18 0.71555555625 0.2033333328125 0.73555555625 0.19 0.7755555562499999 0.1966666671875 0.7688888890625 0.1666666671875
4 0.722222221875 0.77 0.717777778125 0.8333333328125001 0.74444444375 0.8333333328125001 0.7511111109375 0.85 0.7733333328125 0.8466666671875 0.78444444375 0.6966666671875 0.782222221875 0.5766666671875 0.7866666671875 0.5566666671875 0.8133333328125 0.54 0.8288888890624999 0.5599999999999999 0.8333333328125001 0.37666666718749997 0.8066666671875 0.2766666671875 0.7666666671875 0.24666666718750002 0.7733333328125 0.1833333328125 0.7533333328125 0.15 0.722222221875 0.1666666671875 0.71555555625 0.21000000000000002 0.7244444437500001 0.25 0.69555555625 0.27 0.6866666671874999 0.29333333281249996 0.6666666671875 0.49000000000000005 0.6666666671875 0.5366666671875 0.7066666671874999 0.6133333328125 0.7066666671874999 0.6766666671875 0.722222221875 0.77
4 0.45555555625000005 0.64 0.44666666718750003 0.8766666671875001 0.5266666671875 0.8833333328125 0.5333333328125 0.8766666671875001 0.5288888890625 0.8400000000000001 0.5488888890625 0.7666666671875 0.5466666671875 0.7033333328125 0.557777778125 0.64 0.5533333328125 0.5966666671875 0.5866666671874999 0.5233333328125 0.5933333328125 0.3933333328125 0.562222221875 0.29333333281249996 0.5288888890625 0.2633333328125 0.5266666671875 0.1966666671875 0.51555555625 0.16999999999999998 0.49555555625 0.1633333328125 0.47555555624999996 0.1866666671875 0.48 0.2666666671875 0.4511111109375 0.2866666671875 0.4311111109375 0.37666666718749997 0.43777777812499996 0.41 0.42000000000000004 0.5566666671875 0.43333333281249997 0.5666666671875 0.45555555625000005 0.64
3 0.242222221875 0.9033333328125 0.2511111109375 0.8966666671875 0.26 0.8833333328125 0.26444444375 0.8666666671875 0.27999999999999997 0.8333333328125001 0.27999999999999997 0.8099999999999999 0.2711111109375 0.8 0.26444444375 0.8 0.24444444375000002 0.8166666671874999 0.24 0.8266666671875 0.2311111109375 0.8666666671875 0.2266666671875 0.89 0.2266666671875 0.9 0.2288888890625 0.9033333328125 0.242222221875 0.9033333328125
3 0.44888888906249996 0.8833333328125 0.46444444375 0.8833333328125 0.46666666718750005 0.8800000000000001 0.477777778125 0.8800000000000001 0.48444444375 0.8733333328124999 0.48666666718749996 0.8666666671875 0.48666666718749996 0.8533333328125 0.48444444375 0.85 0.48444444375 0.8333333328125001 0.482222221875 0.8233333328124999 0.47555555624999996 0.82 0.46444444375 0.82 0.462222221875 0.8233333328124999 0.4533333328125 0.8233333328124999 0.4511111109375 0.8300000000000001 0.4511111109375 0.85 0.44444444375 0.8666666671875 0.44444444375 0.8766666671875001 0.44888888906249996 0.8833333328125
3 0.5311111109375 0.8833333328125 0.5377777781249999 0.8733333328124999 0.5377777781249999 0.8699999999999999 0.5333333328125 0.8633333328124999 0.5288888890625 0.8433333328125 0.5311111109375 0.8400000000000001 0.5311111109375 0.8300000000000001 0.5266666671875 0.8233333328124999 0.50444444375 0.8233333328124999 0.5 0.8300000000000001 0.497777778125 0.8366666671875 0.497777778125 0.8766666671875001 0.50444444375 0.8866666671875001 0.5311111109375 0.8833333328125
3 0.717777778125 0.8333333328125001 0.7244444437500001 0.8400000000000001 0.7333333328125 0.8400000000000001 0.742222221875 0.8333333328125001 0.74444444375 0.8233333328124999 0.7488888890625 0.8166666671874999 0.7488888890625 0.7933333328125001 0.762222221875 0.7666666671875 0.762222221875 0.7566666671875 0.76444444375 0.7533333328125 0.762222221875 0.74 0.75555555625 0.73 0.7466666671875 0.7266666671875 0.722222221875 0.7666666671875 0.722222221875 0.7766666671875 0.717777778125 0.79 0.717777778125 0.8033333328125 0.71555555625 0.8066666671875 0.71555555625 0.8233333328124999 0.717777778125 0.8333333328125001
3 0.7688888890625 0.85 0.7711111109375001 0.8466666671875 0.777777778125 0.8466666671875 0.78 0.8433333328125 0.777777778125 0.8300000000000001 0.7733333328125 0.8266666671875 0.75555555625 0.82 0.7511111109375 0.82 0.7488888890625 0.8233333328124999 0.7466666671875 0.8300000000000001 0.7466666671875 0.8433333328125 0.7488888890625 0.85 0.7688888890625 0.85
3 0.29111111093750003 0.9166666671874999 0.297777778125 0.9099999999999999 0.3 0.9 0.3 0.8866666671875001 0.29555555624999996 0.8800000000000001 0.27555555625 0.8800000000000001 0.26888888906249997 0.8833333328125 0.262222221875 0.8933333328125 0.262222221875 0.9 0.2711111109375 0.9166666671874999 0.29111111093750003 0.9166666671874999
2 0.68444444375 0.5433333328125001 0.68444444375 0.5333333328125 0.6799999999999999 0.5266666671875 0.682222221875 0.5133333328125 0.68444444375 0.51 0.682222221875 0.4933333328125 0.6799999999999999 0.49000000000000005 0.6688888890625 0.49000000000000005 0.66444444375 0.4933333328125 0.66444444375 0.5266666671875 0.6711111109375001 0.5433333328125001 0.68444444375 0.5433333328125001
2 0.42222222187499997 0.5766666671875 0.4266666671875 0.58 0.43777777812499996 0.5666666671875 0.43777777812499996 0.5466666671875 0.42444444375 0.54 0.42000000000000004 0.5433333328125001 0.42000000000000004 0.5633333328125001 0.41777777812499994 0.5666666671875 0.42222222187499997 0.5733333328125 0.42222222187499997 0.5766666671875