4 0.37 0.6467065875 0.368 0.8293413171875 0.376 0.841317365625 0.426 0.8473053890625 0.43 0.81736526875 0.44800000000000006 0.8113772453125 0.426 0.7844311375 0.44000000000000006 0.664670659375 0.443334 0.36427245468749997 0.425 0.3268473046875 0.43666600000000005 0.28692514999999996 0.43833399999999995 0.24451197656249998 0.43 0.23353293437499997 0.418 0.22455089843749998 0.398 0.23053892187499997 0.394 0.28443113750000004 0.358 0.356287425 0.354 0.413173653125 0.364 0.482035928125 0.36 0.550898203125 0.37 0.6467065875
3 0.624 0.7485029937500001 0.622 0.763473053125 0.666 0.7574850296875 0.65 0.730538921875 0.624 0.7485029937500001
4 0.466 0.802395209375 0.49400000000000005 0.8053892218750001 0.492 0.78742515 0.506 0.7754491015625 0.54 0.7784431140625 0.518 0.7485029937500001 0.512 0.6936137718750001 0.518 0.479041915625 0.528 0.38622754531250003 0.524 0.32934131718750004 0.536 0.3113772453125 0.544 0.266467065625 0.538 0.25149700625000004 0.512 0.24251497031249997 0.484 0.305389221875 0.466 0.29041916093750003 0.45 0.2934131734375 0.454 0.37425149687500003 0.44000000000000006 0.482035928125 0.44800000000000006 0.7754491015625 0.466 0.802395209375
3 0.7 0.7514970062499999 0.67 0.7514970062499999 0.6599999999999999 0.7754491015625 0.662 0.7934131734375 0.686 0.78742515 0.6980000000000001 0.7724550890625 0.7 0.7514970062499999
4 0.7616660000000001 0.766467065625 0.7436659999999999 0.7844311375 0.765666 0.7904191609375 0.79 0.7784431140625 0.811666 0.5938113765625 0.819666 0.7784431140625 0.825666 0.8083832328125 0.843666 0.8143712578125 0.8536659999999999 0.7514970062499999 0.8716659999999999 0.44910179687499996 0.885666 0.3592814375 0.8696659999999999 0.2934131734375 0.843666 0.26946107812500003 0.831666 0.1886227546875 0.8056660000000001 0.1856287421875 0.798334 0.19211676718749998 0.79 0.21207484999999998 0.795666 0.29041916093750003 0.775666 0.32934131718750004 0.7536660000000001 0.5029940125000001 0.755666 0.517964071875 0.771666 0.5299401203125 0.769666 0.7425149703125 0.7616660000000001 0.766467065625
4 0.54 0.700598803125 0.554 0.700598803125 0.562 0.67664670625 0.575 0.5464071859375 0.58 0.6786437125 0.62 0.6916167671875 0.6066659999999999 0.6536916171875 0.6083339999999999 0.5938113765625 0.602 0.5299401203125 0.604 0.46107784374999994 0.622 0.4221556890625 0.626 0.38622754531250003 0.608 0.3263473046875 0.588 0.3113772453125 0.592 0.25748502968750003 0.584 0.24550898281250003 0.5599999999999999 0.25149700625000004 0.5599999999999999 0.2934131734375 0.538334 0.3268473046875 0.528334 0.4416167671875 0.531666 0.516467065625 0.54 0.5289431140625 0.54 0.700598803125
3 0.522 0.7544910171875 0.488 0.766467065625 0.49000000000000005 0.7754491015625 0.54 0.781437125 0.54 0.769461078125 0.522 0.7544910171875
3 0.8 0.766467065625 0.798 0.7544910171875 0.768 0.7514970062499999 0.744 0.7754491015625 0.746 0.7904191609375 0.766 0.7904191609375 0.794 0.7844311375 0.8 0.766467065625
3 0.538 0.6706586828125001 0.538 0.697604790625 0.554 0.7035928140625 0.5599999999999999 0.6736526953124999 0.538 0.6706586828125001
4 0.645 0.3517964078125 0.611666 0.518961078125 0.631666 0.5339311375 0.63 0.5738532937499999 0.6433340000000001 0.7285419156249999 0.62 0.7574850296875 0.6599999999999999 0.7784431140625 0.6599999999999999 0.7904191609375 0.6759999999999999 0.7904191609375 0.696 0.7754491015625 0.702 0.7395209578124999 0.6940000000000001 0.61077844375 0.702 0.5089820359375 0.6980000000000001 0.45508982031249995 0.712 0.338323353125 0.6900000000000001 0.29640718593750004 0.688 0.24550898281250003 0.6799999999999999 0.22754491093749998 0.6599999999999999 0.22455089843749998 0.646 0.23652694687500003 0.636 0.29640718593750004 0.61 0.281437125 0.601666 0.30439221562499996 0.6083339999999999 0.319362275 0.635 0.319362275 0.645 0.3517964078125
3 0.454 0.7844311375 0.46399999999999997 0.802395209375 0.49400000000000005 0.8053892218750001 0.48 0.766467065625 0.454 0.7844311375
4 0.8460000000000001 0.769461078125 0.818 0.763473053125 0.8240000000000001 0.8113772453125 0.8460000000000001 0.8083832328125 0.8460000000000001 0.769461078125
3 0.596 0.6886227546875 0.5980000000000001 0.6916167671875 0.62 0.6916167671875 0.62 0.6826347312500001 0.608 0.6736526953124999 0.602 0.664670659375 0.6 0.664670659375 0.5980000000000001 0.6706586828125001 0.5820000000000001 0.6676646703125 0.58 0.6736526953124999 0.5820000000000001 0.6856287421875 0.588 0.6886227546875 0.596 0.6886227546875
3 0.426 0.8502994015625 0.42800000000000005 0.8473053890625 0.42800000000000005 0.841317365625 0.42400000000000004 0.835329340625 0.422 0.835329340625 0.41600000000000004 0.8263473046875 0.41 0.8263473046875 0.39 0.838323353125 0.39 0.8443113765625 0.404 0.8502994015625 0.426 0.8502994015625
3 0.418 0.81736526875 0.446 0.81736526875 0.45199999999999996 0.8113772453125 0.45199999999999996 0.8083832328125 0.446 0.802395209375 0.438 0.802395209375 0.434 0.799401196875 0.42400000000000004 0.8083832328125 0.41600000000000004 0.8083832328125 0.41600000000000004 0.8143712578125 0.418 0.81736526875
3 0.75 0.730538921875 0.752 0.7275449109375 0.758 0.7275449109375 0.762 0.7215568859375 0.762 0.71257485 0.758 0.700598803125 0.756 0.7035928140625 0.748 0.7035928140625 0.74 0.7155688625 0.738 0.7155688625 0.736 0.718562875 0.736 0.7275449109375 0.738 0.730538921875 0.75 0.730538921875