0 0.6666666671875 0.5549999999999999 0.6866666671874999 0.5549999999999999 0.74 0.525 0.7866666671875 0.465 0.8099999999999999 0.41 0.8133333328125 0.34500000000000003 0.8099999999999999 0.32999999999999996 0.7933333328125001 0.31 0.78 0.31 0.7433333328125 0.29 0.7233333328125 0.29 0.6733333328125 0.315 0.6333333328124999 0.395 0.63 0.42000000000000004 0.65 0.47000000000000003 0.6599999999999999 0.54 0.6666666671875 0.5549999999999999
0 0.6333333328124999 0.31 0.6666666671875 0.31 0.67 0.305 0.73 0.28500000000000003 0.7466666671875 0.275 0.7666666671875 0.25 0.7666666671875 0.22999999999999998 0.75 0.185 0.7233333328125 0.155 0.7133333328125 0.155 0.71 0.15 0.6733333328125 0.155 0.65 0.18 0.6333333328124999 0.22000000000000003 0.6266666671875 0.225 0.63 0.305 0.6333333328124999 0.31
0 0.6233333328125 0.08499999999999999 0.6566666671875 0.12 0.67 0.12 0.6733333328125 0.125 0.6799999999999999 0.12 0.6900000000000001 0.12 0.6933333328125 0.11499999999999999 0.6933333328125 0.09 0.7 0.06999999999999999 0.7 0.05500000000000001 0.6966666671875 0.05 0.6966666671875 0.034999999999999996 0.6933333328125 0.025 0.6866666671874999 0.015 0.6733333328125 0.005 0.6666666671875 0.01 0.65 0.01 0.6366666671875 0.02 0.6333333328124999 0.03 0.62 0.045 0.62 0.075 0.6233333328125 0.08499999999999999
0 0.32999999999999996 0.13999999999999999 0.3433333328125 0.16 0.36666666718749996 0.175 0.37333333281250003 0.185 0.3866666671875 0.195 0.41 0.195 0.4233333328125 0.185 0.41333333281250006 0.10500000000000001 0.4033333328125 0.08499999999999999 0.4033333328125 0.08 0.3933333328125 0.065 0.3866666671875 0.06 0.3566666671875 0.06 0.35 0.065 0.3333333328125 0.095 0.3333333328125 0.1 0.3266666671875 0.11000000000000001 0.3266666671875 0.13 0.32999999999999996 0.13999999999999999
0 0.24 0.215 0.2766666671875 0.22999999999999998 0.3266666671875 0.23500000000000001 0.3333333328125 0.225 0.3233333328125 0.11000000000000001 0.3166666671875 0.08499999999999999 0.3 0.065 0.2766666671875 0.05 0.23333333281250002 0.05 0.2 0.09 0.1833333328125 0.125 0.1833333328125 0.15 0.2066666671875 0.19 0.24 0.215
3 0.13999999999999999 0.8949999999999999 0.15 0.9 0.1633333328125 0.9199999999999999 0.19 0.9400000000000001 0.2133333328125 0.9400000000000001 0.2166666671875 0.9349999999999999 0.2366666671875 0.9349999999999999 0.24333333281249997 0.93 0.24666666718750002 0.9199999999999999 0.24333333281249997 0.905 0.2233333328125 0.875 0.2133333328125 0.8699999999999999 0.21000000000000002 0.86 0.2033333328125 0.86 0.1833333328125 0.825 0.1766666671875 0.82 0.16 0.82 0.1533333328125 0.805 0.15 0.8099999999999999 0.13999999999999999 0.8099999999999999 0.13999999999999999 0.8150000000000001 0.13333333281249998 0.825 0.13333333281249998 0.8800000000000001 0.13999999999999999 0.8949999999999999
3 0.9566666671874999 0.885 0.95 0.9349999999999999 0.9533333328125 0.945 0.9533333328125 0.96 0.96 0.9650000000000001 0.96 0.97 0.9800000000000001 0.9800000000000001 0.9966666671875 0.9800000000000001 0.9966666671875 0.86 0.9533333328125 0.8550000000000001 0.95 0.86 0.9533333328125 0.865 0.9533333328125 0.8800000000000001 0.9566666671874999 0.885
3 0.76 0.825 0.7666666671875 0.845 0.7966666671875 0.845 0.8 0.8400000000000001 0.8099999999999999 0.8400000000000001 0.8233333328124999 0.8300000000000001 0.8366666671875 0.8300000000000001 0.8566666671875 0.8150000000000001 0.8566666671875 0.8099999999999999 0.8633333328124999 0.8 0.8633333328124999 0.77 0.8533333328125 0.755 0.8333333328125001 0.74 0.8233333328124999 0.74 0.82 0.735 0.8099999999999999 0.74 0.7766666671875 0.78 0.75 0.8 0.75 0.8099999999999999 0.76 0.825
2 0.33999999999999997 0.47000000000000003 0.3433333328125 0.47000000000000003 0.3566666671875 0.53 0.36666666718749996 0.525 0.37 0.515 0.38333333281250004 0.5 0.38 0.45999999999999996 0.37666666718749997 0.45499999999999996 0.35 0.44000000000000006 0.33999999999999997 0.44000000000000006 0.3333333328125 0.445 0.3266666671875 0.45499999999999996 0.3266666671875 0.45999999999999996 0.3333333328125 0.45999999999999996 0.33999999999999997 0.47000000000000003
2 0.2766666671875 0.475 0.29333333281249996 0.475 0.3166666671875 0.45999999999999996 0.3166666671875 0.45499999999999996 0.3 0.445 0.3 0.43 0.2966666671875 0.425 0.2733333328125 0.41 0.2666666671875 0.41 0.2633333328125 0.425 0.2633333328125 0.45 0.27 0.47000000000000003 0.2766666671875 0.475
1 0.8566666671875 0.465 0.8766666671875001 0.53 0.9233333328125 0.595 0.9533333328125 0.62 0.9666666671874999 0.62 0.9533333328125 0.595 0.9400000000000001 0.595 0.9133333328125 0.515 0.9199999999999999 0.465 0.9966666671875 0.39 0.9966666671875 0.21000000000000002 0.96 0.21000000000000002 0.9066666671875 0.225 0.8400000000000001 0.3 0.8266666671875 0.32 0.8266666671875 0.335 0.8466666671875 0.36 0.8566666671875 0.465
1 0.22000000000000003 0.57704 0.33999999999999997 0.56704 0.35 0.54204 0.35 0.49204 0.32999999999999996 0.46204 0.2966666671875 0.47704 0.25666666718750003 0.41204 0.26 0.33204 0.1666666671875 0.19704 0.11000000000000001 0.24704 0.0733333328125 0.32204 0.04 0.42203999999999997 0.02 0.52204 0.02 0.63204 0.06 0.6520400000000001 0.0666666671875 0.63204 0.22000000000000003 0.57704
2 0.43666666718749997 0.625 0.45999999999999996 0.625 0.46333333281250005 0.62 0.4766666671875 0.62 0.48666666718749996 0.615 0.4933333328125 0.605 0.4966666671875 0.605 0.51 0.585 0.5133333328125 0.5650000000000001 0.4966666671875 0.5549999999999999 0.4766666671875 0.5549999999999999 0.47000000000000003 0.55 0.46666666718750005 0.5549999999999999 0.44666666718750003 0.5599999999999999 0.4266666671875 0.575 0.42000000000000004 0.585 0.42000000000000004 0.6 0.4233333328125 0.61 0.43666666718749997 0.625
2 0.46666666718750005 0.55 0.4733333328125 0.545 0.48 0.53 0.4766666671875 0.495 0.4566666671875 0.495 0.45 0.505 0.45 0.5349999999999999 0.4533333328125 0.55 0.46666666718750005 0.55
3 0.5533333328125 0.8099999999999999 0.61 0.8150000000000001 0.6366666671875 0.8300000000000001 0.6566666671875 0.8300000000000001 0.6799999999999999 0.845 0.7 0.8699999999999999 0.7266666671875 0.8699999999999999 0.7466666671875 0.82 0.7333333328125 0.805 0.6900000000000001 0.78 0.6599999999999999 0.775 0.5733333328125 0.72 0.5366666671875 0.7150000000000001 0.5233333328125 0.735 0.5233333328125 0.755 0.5166666671875 0.775 0.52 0.795 0.5533333328125 0.8099999999999999
4 0.76 0.5599999999999999 0.8 0.5549999999999999 0.82 0.5349999999999999 0.8666666671875 0.5349999999999999 0.9199999999999999 0.5900000000000001 0.9199999999999999 0.65 0.8833333328125 0.775 0.9099999999999999 0.82 0.95 0.825 0.9666666671874999 0.8099999999999999 0.9966666671875 0.735 0.9966666671875 0.21000000000000002 0.9066666671875 0.225 0.8099999999999999 0.32 0.7433333328125 0.29 0.7066666671874999 0.29500000000000004 0.6733333328125 0.315 0.64 0.385 0.6333333328124999 0.42000000000000004 0.67 0.5549999999999999 0.74 0.52 0.76 0.5599999999999999
4 0.13333333281249998 0.72 0.16 0.74 0.1366666671875 0.8699999999999999 0.19 0.93 0.2133333328125 0.9349999999999999 0.38333333281250004 0.485 0.37 0.445 0.3366666671875 0.445 0.27999999999999997 0.48 0.26 0.41500000000000004 0.2633333328125 0.325 0.3333333328125 0.215 0.3166666671875 0.09 0.2733333328125 0.05 0.22000000000000003 0.06 0.1833333328125 0.125 0.1866666671875 0.155 0.16999999999999998 0.195 0.1166666671875 0.23500000000000001 0.0666666671875 0.33999999999999997 0.0166666671875 0.52 0.02 0.65 0.06 0.725 0.11333333281249999 0.735 0.13333333281249998 0.72
3 0.5533333328125 0.6599999999999999 0.5866666671874999 0.6849999999999999 0.5933333328125 0.6950000000000001 0.5933333328125 0.7 0.6133333328125 0.71 0.6366666671875 0.7150000000000001 0.6433333328125 0.705 0.6466666671875 0.705 0.65 0.7 0.6366666671875 0.665 0.6366666671875 0.625 0.6233333328125 0.615 0.6166666671875001 0.605 0.6166666671875001 0.6 0.6066666671875 0.595 0.5966666671875 0.58 0.5766666671875 0.58 0.5733333328125 0.585 0.5599999999999999 0.625 0.55 0.64 0.5466666671875 0.64 0.5533333328125 0.6599999999999999