0 0.596 0.48648648593750005 0.5940000000000001 0.45045045000000006 0.5740000000000001 0.4294294296875 0.542 0.4414414421875 0.54 0.4624624625 0.562 0.525525525 0.58 0.534534534375 0.596 0.48648648593750005
1 0.454 0.6396396390625 0.52 0.6216216218749999 0.536 0.5945945953125 0.54 0.5555555562500001 0.524 0.471471471875 0.492 0.46846846875 0.43200000000000005 0.5045045046875 0.386 0.5675675671875 0.384 0.624624625 0.4 0.6546546546875 0.434 0.6726726734375 0.454 0.6396396390625
0 0.25 0.5015015015625 0.237434 0.49275075 0.22999999999999998 0.5075075078125 0.23199999999999998 0.5285285281250001 0.258346 0.5268738734375 0.256554 0.51160660625 0.25 0.5015015015625
3 0.392 0.9459459453125 0.364 0.9519519515624999 0.36 0.9729729734375001 0.368 0.996996996875 0.41200000000000003 0.99399399375 0.392 0.9459459453125
3 0.5940000000000001 0.7297297296874999 0.592 0.7207207203125 0.5559999999999999 0.7237237234375 0.54 0.75075075 0.546 0.765765765625 0.58 0.75075075 0.5940000000000001 0.7297297296874999
3 0.238 0.6876876875 0.236 0.7237237234375 0.252 0.7327327328125001 0.252 0.6876876875 0.238 0.6876876875
3 0.268 0.68168168125 0.264 0.7057057062500001 0.27799999999999997 0.708708709375 0.284 0.6726726734375 0.268 0.68168168125
2 0.5323019999999999 0.7517387390625 0.528294 0.7246456453125 0.518022 0.7187447453125 0.498728 0.7412042046875 0.515266 0.7758258265625 0.528796 0.772060059375 0.5323019999999999 0.7517387390625
2 0.294152 0.616933934375 0.284876 0.6108828828124999 0.282118 0.6195705703125001 0.28287 0.631996996875 0.28989 0.62860660625 0.294152 0.616933934375
4 0.542 0.36336336406249997 0.544 0.3603603609375 0.544 0.3363363359375 0.546 0.3333333328125 0.544 0.3303303296875 0.544 0.321321321875 0.536 0.3123123125 0.534 0.3123123125 0.532 0.31531531562500004 0.532 0.3393393390625 0.538 0.3603603609375 0.542 0.36336336406249997
4 0.506 0.390390390625 0.508 0.390390390625 0.512 0.38138138125 0.516 0.36336336406249997 0.516 0.3453453453125 0.512 0.3453453453125 0.506 0.3543543546875 0.504 0.3603603609375 0.504 0.375375375 0.506 0.37837837812499997 0.506 0.390390390625
4 0.6679999999999999 0.2852852859375 0.6719999999999999 0.2852852859375 0.682 0.2672672671875 0.682 0.240240240625 0.6799999999999999 0.234234234375 0.67 0.222222221875 0.662 0.23123123125 0.6599999999999999 0.24924925 0.666 0.2672672671875 0.666 0.2792792796875 0.6679999999999999 0.2852852859375
4 0.786 0.1861861859375 0.8 0.1921921921875 0.8039999999999999 0.1981981984375 0.806 0.1981981984375 0.8160000000000001 0.1861861859375 0.8160000000000001 0.159159159375 0.818 0.15615615625 0.818 0.141141140625 0.8140000000000001 0.135135134375 0.798 0.135135134375 0.79 0.141141140625 0.784 0.15015015 0.784 0.16216216249999998 0.786 0.165165165625 0.786 0.1861861859375