0 0.3180952375 0.18 0.32952380937500003 0.17333333281250002 0.33142857187499997 0.16999999999999998 0.33142857187499997 0.16 0.3257142859375 0.14666666718750002 0.3219047625 0.1433333328125 0.3161904765625 0.1433333328125 0.312380953125 0.14666666718750002 0.308571428125 0.1533333328125 0.308571428125 0.1766666671875 0.310476190625 0.18 0.3180952375 0.18
0 0.37523809531249996 0.29333333281249996 0.37523809531249996 0.27999999999999997 0.3771428578125 0.2766666671875 0.3771428578125 0.27 0.3866666671875 0.2533333328125 0.3866666671875 0.24666666718750002 0.3847619046875 0.24333333281249997 0.371428571875 0.24333333281249997 0.367619046875 0.24666666718750002 0.3638095234375 0.2533333328125 0.3638095234375 0.2766666671875 0.371428571875 0.29 0.37523809531249996 0.29333333281249996
0 0.4266666671875 0.16999999999999998 0.4342857140625 0.1633333328125 0.43809523749999996 0.1533333328125 0.4361904765625 0.1433333328125 0.432380953125 0.1366666671875 0.42095238124999995 0.13333333281249998 0.4152380953125 0.1433333328125 0.4152380953125 0.1633333328125 0.41904761874999996 0.16999999999999998 0.4266666671875 0.16999999999999998
0 0.529523809375 0.2666666671875 0.5352380953125 0.2666666671875 0.5428571421874999 0.25666666718750003 0.548571428125 0.2533333328125 0.548571428125 0.24333333281249997 0.5447619046875001 0.23333333281250002 0.53904761875 0.22999999999999998 0.529523809375 0.23333333281250002 0.529523809375 0.2366666671875 0.5257142859374999 0.24333333281249997 0.5257142859374999 0.2633333328125 0.529523809375 0.2666666671875
0 0.531428571875 0.3166666671875 0.5333333328125 0.3066666671875 0.531428571875 0.2833333328125 0.5257142859374999 0.2733333328125 0.512380953125 0.2733333328125 0.508571428125 0.2766666671875 0.5047619046875 0.29 0.5066666671875 0.2966666671875 0.5180952375000001 0.3166666671875 0.531428571875 0.3166666671875
0 0.508571428125 0.1933333328125 0.510476190625 0.19 0.510476190625 0.1833333328125 0.5066666671875 0.1766666671875 0.5009523812500001 0.1766666671875 0.49904761875 0.18 0.4971428578125 0.1866666671875 0.4971428578125 0.1966666671875 0.5066666671875 0.19 0.508571428125 0.1933333328125
1 0.548571428125 0.27 0.5561904765625 0.2766666671875 0.5580952375 0.2833333328125 0.5561904765625 0.2966666671875 0.550476190625 0.3066666671875 0.550476190625 0.3266666671875 0.5561904765625 0.3366666671875 0.5638095234375 0.33999999999999997 0.5657142859375 0.3366666671875 0.5714285718750001 0.3366666671875 0.5828571421875 0.3266666671875 0.5961904765625 0.3266666671875 0.5961904765625 0.3166666671875 0.5923809531249999 0.31 0.5866666671874999 0.2866666671875 0.57904761875 0.2733333328125 0.57904761875 0.27 0.5619047625 0.25666666718750003 0.548571428125 0.25666666718750003 0.5447619046875001 0.2633333328125 0.5428571421874999 0.2633333328125 0.5428571421874999 0.27 0.548571428125 0.27
1 0.4171428578125 0.24666666718750002 0.42285714218750003 0.25666666718750003 0.4342857140625 0.2666666671875 0.44571428593749995 0.2866666671875 0.449523809375 0.2866666671875 0.451428571875 0.2833333328125 0.451428571875 0.24333333281249997 0.449523809375 0.23333333281250002 0.44571428593749995 0.2266666671875 0.447619046875 0.2133333328125 0.449523809375 0.21000000000000002 0.447619046875 0.2066666671875 0.447619046875 0.19 0.43809523749999996 0.18 0.4331428578125 0.23575 0.41904761874999996 0.1833333328125 0.41904761874999996 0.1866666671875 0.41333333281250006 0.1966666671875 0.411428571875 0.2033333328125 0.4152380953125 0.22999999999999998 0.4171428578125 0.23333333281250002 0.4171428578125 0.24666666718750002
1 0.30285714218750004 0.32 0.308571428125 0.31 0.312380953125 0.3133333328125 0.3180952375 0.3133333328125 0.32 0.3166666671875 0.3257142859375 0.3166666671875 0.327619046875 0.3133333328125 0.33714285781250003 0.3133333328125 0.33904761875 0.3066666671875 0.33714285781250003 0.25 0.3333333328125 0.23333333281250002 0.32952380937500003 0.2266666671875 0.32952380937500003 0.2133333328125 0.327619046875 0.2066666671875 0.32 0.1933333328125 0.310476190625 0.1933333328125 0.3047619046875 0.2 0.30285714218750004 0.22999999999999998 0.30095238125 0.22999999999999998 0.2971428578125 0.2866666671875 0.2971428578125 0.3166666671875 0.29904761875 0.32 0.30285714218750004 0.32
2 0.3171428578125 0.3214166671875 0.3137142859375 0.3090833328125 0.305523809375 0.311 0.303428571875 0.3300833328125 0.3133333328125 0.34208333281250003 0.3180952375 0.3344166671875 0.3171428578125 0.3214166671875
3 0.4900952375 0.43174999999999997 0.5047619046875 0.4324166671875 0.512571428125 0.42774999999999996 0.503619046875 0.41441666718750003 0.495619046875 0.4230833328125 0.4899100953125 0.4170889328125 0.4900952375 0.43174999999999997
2 0.528 0.38 0.524 0.3980833328125 0.5371428578125 0.39775 0.535428571875 0.38775 0.528 0.38
3 0.4493333328125 0.41841666718750004 0.447428571875 0.40175 0.43961904687500003 0.4016666671875 0.4379047625 0.4140833328125 0.44038095312500003 0.4210833328125 0.4493333328125 0.41841666718750004
3 0.42284380937500005 0.4319433328125 0.4156057140625 0.4221933328125 0.404748571875 0.44027666718749997 0.42970095312499995 0.4392766671875 0.43427238125 0.42894333281249997 0.42284380937500005 0.4319433328125
3 0.3097333328125 0.3887866671875 0.306963809375 0.3742466671875 0.292125390625 0.372046109375 0.2926095234375 0.3949566671875 0.3097333328125 0.3887866671875
3 0.561523809375 0.38175 0.55104761875 0.3780833328125 0.5472380953125 0.37333333281250003 0.5373333328125 0.3900833328125 0.5413333328125 0.3960833328125 0.565523809375 0.3894166671875 0.561523809375 0.38175
3 0.32552380937500003 0.4230833328125 0.3093333328125 0.42241666718750004 0.3091428578125 0.4244166671875 0.30685714218750004 0.43475 0.334476190625 0.43674999999999997 0.3268571421875 0.4290833328125 0.32552380937500003 0.4230833328125
2 0.3598095234375 0.35475 0.357523809375 0.3444166671875 0.35028571406250003 0.3493333328125 0.3506666671875 0.3604166671875 0.3567619046875 0.37075 0.3598095234375 0.35475
2 0.39295238125 0.38908333281249996 0.3979047625 0.3740833328125 0.394476190625 0.365 0.38952380937500003 0.3670833328125 0.3872380953125 0.3750833328125 0.39295238125 0.38908333281249996
2 0.3857142859375 0.35175 0.379428571875 0.34808333281250003 0.3782857140625 0.3564166671875 0.384380953125 0.35975 0.3857142859375 0.35175