0 0.446 0.3175 0.43600000000000005 0.2725 0.41600000000000004 0.24500000000000002 0.382 0.2525 0.364 0.2925 0.362 0.3275 0.368 0.335 0.42400000000000004 0.32999999999999996 0.446 0.3175
4 0.682 0.52 0.658 0.5325 0.722 0.5599999999999999 0.732 0.525 0.768 0.485 0.766 0.445 0.728 0.41 0.728 0.3825 0.712 0.3625 0.6900000000000001 0.3625 0.6759999999999999 0.3975 0.6759999999999999 0.43 0.702 0.475 0.702 0.49375 0.682 0.52
0 0.708 0.3625 0.688 0.365 0.678 0.385 0.6759999999999999 0.41500000000000004 0.73 0.395 0.724 0.3725 0.708 0.3625
0 0.9099999999999999 0.3125 0.9119999999999999 0.27 0.8960000000000001 0.2425 0.868 0.2375 0.844 0.27 0.8400000000000001 0.2925 0.8619999999999999 0.3125 0.898 0.32 0.9099999999999999 0.3125
0 0.922 0.26 0.922 0.22749999999999998 0.9099999999999999 0.20750000000000002 0.8960000000000001 0.20249999999999999 0.8800000000000001 0.215 0.874 0.23500000000000001 0.898 0.24500000000000002 0.9119999999999999 0.265 0.922 0.26
2 0.852 0.53 0.86 0.51 0.8539999999999999 0.47750000000000004 0.8300000000000001 0.485 0.8240000000000001 0.4925 0.8300000000000001 0.5175 0.844 0.5325 0.852 0.53
2 0.496 0.5075000000000001 0.508 0.5125 0.516 0.5075000000000001 0.518 0.5025000000000001 0.518 0.485 0.512 0.46749999999999997 0.506 0.45999999999999996 0.48200000000000004 0.45999999999999996 0.476 0.4625 0.472 0.465 0.472 0.47000000000000003 0.48200000000000004 0.49749999999999994 0.496 0.5075000000000001
2 0.782 0.48 0.786 0.47750000000000004 0.786 0.45999999999999996 0.784 0.4575 0.78 0.45499999999999996 0.77 0.45499999999999996 0.768 0.4575 0.766 0.4625 0.766 0.475 0.774 0.48 0.782 0.48
3 0.908 0.975 0.874 0.9425000000000001 0.8539999999999999 0.9475 0.85 0.9574999999999999 0.858 0.9650000000000001 0.8859999999999999 0.9775 0.908 0.975
3 0.954 0.9949999999999999 0.962 0.9949999999999999 0.966 0.9925 0.9720000000000001 0.9775 0.97 0.9724999999999999 0.9535 0.9800000000000001 0.8939999999999999 0.9775 0.8880000000000001 0.9824999999999999 0.884 0.99 0.884 0.9974999999999999 0.952 0.9974999999999999 0.954 0.9949999999999999
3 0.506 0.9775 0.514 0.9724999999999999 0.52 0.9650000000000001 0.52 0.9475 0.516 0.9425000000000001 0.502 0.9425000000000001 0.5 0.9400000000000001 0.492 0.9400000000000001 0.492 0.9425000000000001 0.48600000000000004 0.95 0.484 0.9625 0.47000000000000003 0.9724999999999999 0.466 0.9824999999999999 0.464408 0.9974999999999999 0.49000000000000005 0.9824999999999999 0.506 0.9775
4 0.358 0.6775 0.368 0.7075 0.386 0.835 0.384 0.8699999999999999 0.404 0.985 0.41 0.9949999999999999 0.43600000000000005 0.9949999999999999 0.504 0.975 0.518 0.9650000000000001 0.518 0.9475 0.49400000000000005 0.9125 0.488 0.885 0.49400000000000005 0.755 0.47800000000000004 0.6275000000000001 0.49800000000000005 0.5725 0.49800000000000005 0.5325 0.44000000000000006 0.375 0.446 0.31 0.434 0.27 0.418 0.2475 0.382 0.2525 0.366 0.28250000000000003 0.362 0.3225 0.374 0.3625 0.33599999999999997 0.43499999999999994 0.33599999999999997 0.5025000000000001 0.35 0.6 0.362 0.625 0.358 0.6775
4 0.774 0.47000000000000003 0.79 0.485 0.818 0.4925 0.852 0.9550000000000001 0.9460000000000001 0.99 0.97 0.975 0.9380000000000001 0.8618750000000001 0.9359999999999999 0.82 0.9380000000000001 0.72 0.954 0.6925 0.96 0.6325000000000001 0.944 0.5225 0.9460000000000001 0.475 0.954 0.45999999999999996 0.9460000000000001 0.3675 0.9400000000000001 0.33999999999999997 0.916 0.325 0.908 0.2525 0.876 0.23500000000000001 0.852 0.2525 0.844 0.27 0.8460000000000001 0.3275 0.8380000000000001 0.3825 0.8140000000000001 0.4325 0.774 0.47000000000000003
4 0.634 0.67 0.642 0.605 0.634 0.505 0.638 0.46749999999999997 0.6519999999999999 0.45499999999999996 0.654 0.4375 0.642 0.37 0.61 0.3275 0.614 0.2725 0.606 0.26 0.5740000000000001 0.2525 0.564 0.2625 0.562 0.325 0.524 0.36 0.518 0.3825 0.518 0.4575 0.5519999999999999 0.6425 0.62 0.6725 0.634 0.67