0 0.344 0.48048048125 0.35 0.46846846875 0.376 0.465465465625 0.378 0.4624624625 0.40800000000000003 0.465465465625 0.414 0.47447447499999995 0.418 0.47447447499999995 0.426 0.5075075078125 0.434 0.4984984984375 0.434 0.48348348281250003 0.42800000000000005 0.44744744687500004 0.422 0.4294294296875 0.414 0.41741741718750003 0.40199999999999997 0.4084084078125 0.382 0.40540540468749997 0.364 0.4144144140625 0.354 0.4264264265625 0.346 0.45645645625000003 0.33799999999999997 0.46846846875 0.33599999999999997 0.48048048125 0.33999999999999997 0.4924924921875 0.34199999999999997 0.4924924921875 0.344 0.48048048125
0 0.476 0.42042042031250004 0.49000000000000005 0.42042042031250004 0.506 0.41141141093750005 0.508 0.4084084078125 0.504 0.390390390625 0.49800000000000005 0.38138138125 0.484 0.38138138125 0.48 0.384384384375 0.476 0.39339339375 0.476 0.402402403125 0.47400000000000003 0.40540540468749997 0.47400000000000003 0.41741741718750003 0.476 0.42042042031250004
4 0.414 0.171171171875 0.394 0.0990990984375 0.396 0.0630630625 0.374 0.0630630625 0.354 0.14414414375 0.346 0.20420420468749997 0.384 0.23123123125 0.40599999999999997 0.16816816875 0.414 0.171171171875
0 0.38 0.078078078125 0.392 0.08108108124999999 0.396 0.08108108124999999 0.398 0.078078078125 0.398 0.06906906874999999 0.39 0.0540540546875 0.382 0.0540540546875 0.376 0.0570570578125 0.372 0.0630630625 0.372 0.075075075 0.378 0.075075075 0.38 0.078078078125
0 0.648 0.1741741734375 0.648 0.1771771765625 0.6519999999999999 0.1801801796875 0.6519999999999999 0.165165165625 0.646 0.15615615625 0.64 0.15615615625 0.636 0.159159159375 0.632 0.165165165625 0.63 0.165165165625 0.63 0.171171171875 0.648 0.1741741734375
0 0.5519999999999999 0.4294294296875 0.558 0.4264264265625 0.562 0.42042042031250004 0.562 0.40540540468749997 0.564 0.402402403125 0.564 0.39339339375 0.562 0.3873873875 0.554 0.384384384375 0.54 0.40540540468749997 0.538 0.41141141093750005 0.538 0.4234234234375 0.542 0.4294294296875 0.5519999999999999 0.4294294296875
2 0.2 0.9339339343749999 0.21000000000000002 0.939939940625 0.22999999999999998 0.939939940625 0.23399999999999999 0.9369369375 0.238 0.927927928125 0.236 0.90690690625 0.248 0.8918918921874999 0.256 0.8738738734375 0.256 0.8408408406250001 0.254 0.8378378375000001 0.244 0.8378378375000001 0.21600000000000003 0.85585585625 0.202 0.8678678671875 0.192 0.8858858859375 0.19 0.90690690625 0.192 0.909909909375 0.192 0.91891891875 0.2 0.9339339343749999
2 0.504 0.9429429421875 0.506 0.9369369375 0.5 0.924924925 0.48200000000000004 0.9159159156250001 0.47000000000000003 0.9159159156250001 0.46799999999999997 0.91891891875 0.46799999999999997 0.9369369375 0.466 0.939939940625 0.462 0.996996996875 0.512 0.996996996875 0.51 0.9669669671875001 0.504 0.9429429421875
2 0.625382 0.34756456406249997 0.629136 0.33754955 0.624756 0.33442042031249997 0.613816 0.3347867875 0.615162 0.35069369375 0.618916 0.35445045 0.625382 0.34756456406249997
4 0.22000000000000003 0.9129129125000001 0.24 0.9009009015625 0.256 0.8708708703125 0.296 0.8888888890625 0.304 0.924924925 0.302 0.9639639640625 0.312 0.9699699703125001 0.316 0.996996996875 0.51 0.996996996875 0.516 0.9489489484375 0.526 0.9339339343749999 0.516 0.759759759375 0.484 0.6366366359375 0.46799999999999997 0.60660660625 0.42400000000000004 0.5765765765624999 0.41 0.540540540625 0.434 0.4984984984375 0.41600000000000004 0.42042042031250004 0.374 0.4084084078125 0.352 0.4324324328125 0.196 0.8768768765624999 0.192 0.9159159156250001 0.2 0.9339339343749999 0.21600000000000003 0.9339339343749999 0.22000000000000003 0.9129129125000001
4 0.46399999999999997 0.597597596875 0.47400000000000003 0.597597596875 0.54 0.48648648593750005 0.53 0.45045045000000006 0.514 0.43843843906249996 0.49800000000000005 0.38138138125 0.48 0.384384384375 0.47400000000000003 0.40540540468749997 0.476 0.45045045000000006 0.44800000000000006 0.5645645640625 0.44800000000000006 0.5795795796875 0.46399999999999997 0.597597596875
4 0.5980000000000001 0.5135135140625 0.5940000000000001 0.465465465625 0.604 0.4144144140625 0.58 0.45045045000000006 0.5700000000000001 0.48048048125 0.572 0.51951951875 0.5900000000000001 0.525525525 0.5980000000000001 0.5135135140625
4 0.624 0.3393393390625 0.632 0.3123123125 0.584 0.23123123125 0.572 0.234234234375 0.564 0.2552552546875 0.5700000000000001 0.3003003 0.5559999999999999 0.38138138125 0.568 0.4294294296875 0.624 0.3393393390625
4 0.638 0.3513513515625 0.642 0.37837837812499997 0.6679999999999999 0.36636636562499997 0.67 0.297297296875 0.638 0.3513513515625
4 0.64 0.159159159375 0.63 0.171171171875 0.632 0.20420420468749997 0.622 0.234234234375 0.618 0.2762762765625 0.638 0.309309309375 0.682 0.222222221875 0.64 0.159159159375
3 0.595336 0.5165015015625001 0.573428 0.4979369375 0.576236 0.5139699703125 0.569494 0.52578078125 0.59646 0.52915615625 0.595336 0.5165015015625001