0 0.29453125 0.240625 0.09765625 0.11328125
0 0.403125 0.265625 0.0984375 0.10078125
0 0.49609375 0.2765625 0.078125 0.11875
0 0.59296875 0.31171875 0.06953125 0.0890625
0 0.69921875 0.278125 0.078125 0.103125
0 0.821875 0.28828125 0.1046875 0.1078125
3 0.25 0.746875 0.1015625 0.11875
3 0.3265625 0.73125 0.0671875 0.09765625
3 0.36484375 0.728125 0.078125 0.090625
3 0.4296875 0.71484375 0.0859375 0.12421875
3 0.46953125 0.73046875 0.075 0.1046875
3 0.53515625 0.73984375 0.078125 0.1078125
3 0.56953125 0.71171875 0.06875 0.1265625
3 0.61484375 0.70859375 0.065625 0.1078125
3 0.66171875 0.715625 0.065625 0.10625
3 0.73515625 0.73125 0.09765625 0.11875
3 0.7875 0.7265625 0.09296875 0.09375
3 0.8484375 0.72578125 0.0953125 0.1265625