3 0.1953458213256484 0.45286021505376345 0.16011527377521614 0.7391182795698925
3 0.19969740634005764 0.7626451612903226 0.06724783861671473 0.12774193548387092
3 0.24144092219020175 0.7230537634408603 0.050547550432276635 0.10593548387096773
3 0.3161239193083573 0.7568387096774194 0.055806916426513 0.12434408602150548
3 0.39365994236311236 0.7464301075268817 0.05992795389048996 0.13015053763440856
3 0.4403314121037464 0.681763440860215 0.04621037463976953 0.11754838709677412
3 0.36953890489913543 0.6810752688172043 0.032247838616714694 0.10391397849462376
3 0.5368587896253602 0.7669032258064516 0.07044668587896252 0.13423655913978486
3 0.6512247838616715 0.7568387096774194 0.0658789625360231 0.11204301075268822
3 0.7953314121037465 0.7092903225806452 0.04528818443804044 0.15202150537634396
3 0.7335734870317003 0.7024731182795698 0.08097982708933724 0.14658064516129024
0 0.21181556195965417 0.1295483870967742 0.08390489913544669 0.09419354838709677
0 0.3378386167146974 0.18079569892473116 0.07906340057636885 0.09468817204301075
0 0.4286455331412104 0.13445161290322583 0.07423631123919305 0.07617204301075269
0 0.5769308357348703 0.12335483870967742 0.09528818443804034 0.09419354838709676
0 0.7170317002881844 0.12079569892473119 0.08691642651296828 0.06055913978494623
1 0.20969740634005765 0.34038709677419354 0.1440201729106628 0.2996989247311828
1 0.4365273775216138 0.3286021505376344 0.10076368876080684 0.2501505376344086
1 0.5921469740634006 0.31481720430107524 0.15087896253602312 0.2981720430107526
1 0.7517291066282421 0.3234838709677419 0.12976945244956764 0.26352688172043015
3 0.3504178674351585 0.4643440860215053 0.15008645533141204 0.7295268817204301
3 0.43125360230547555 0.40578494623655914 0.1139481268011528 0.6430967741935486
3 0.5947838616714697 0.44268817204301075 0.18463976945244956 0.745247311827957
3 0.7560806916426513 0.4298494623655914 0.1843659942363113 0.681784946236559