3 0.6890625 0.86796875 0.0953125 0.1296875
1 0.61171875 0.38671875 0.14765625 0.25
1 0.4734375 0.39140625 0.15234375 0.2296875
1 0.34609375 0.37734375 0.1671875 0.24296875
1 0.32578125 0.5125 0.19453125 0.85859375
1 0.47890625 0.54375 0.184375 0.76484375
1 0.6640625 0.53125 0.278125 0.79296875
3 0.61328125 0.86328125 0.096875 0.1171875
3 0.303125 0.90859375 0.0984375 0.12421875
3 0.3640625 0.8421875 0.14296875 0.10703125
3 0.465625 0.80859375 0.05546875 0.1203125
3 0.51328125 0.82421875 0.053125 0.11171875