1 0.2109375 0.55390625 0.3359375 0.675
1 0.43828125 0.48828125 0.2859375 0.5953125
1 0.67265625 0.68515625 0.3953125 0.40546875
1 0.90859375 0.303125 0.1375 0.27578125
1 0.79921875 0.30390625 0.1390625 0.28125
1 0.5515625 0.30078125 0.1515625 0.23046875
0 0.20546875 0.2640625 0.16484375 0.121875
0 0.62890625 0.5375 0.13671875 0.140625
1 0.66484375 0.66015625 0.3328125 0.1875
1 0.49375 0.4109375 0.20546875 0.20390625
1 0.16953125 0.42734375 0.2265625 0.228125
3 0.2515625 0.821875 0.1984375 0.125
3 0.7296875 0.8453125 0.19140625 0.1
2 0.3546875 0.25390625 0.1015625 0.11640625
2 0.0609375 0.5765625 0.0578125 0.0671875
2 0.38515625 0.1984375 0.0609375 0.08125
2 0.615625 0.703125 0.20078125 0.06640625
2 0.51796875 0.6703125 0.096875 0.08359375