3 0.7078125 0.953125 0.73125 0.946875 0.740625 0.934375 0.7296875 0.8375 0.7234375 0.834375 0.6921875 0.8453125 0.69375 0.9 0.6859375 0.9234375 0.6859375 0.95 0.7078125 0.953125
3 0.6375 0.91875 0.6421875 0.903125 0.63125 0.859375 0.5953125 0.846875 0.5796875 0.8796875 0.546875 0.909375 0.54375 0.928125 0.553125 0.9390625 0.575 0.9390625 0.6375 0.91875
3 0.4984375 0.89375 0.5171875 0.8984375 0.540625 0.8890625 0.5515625 0.875 0.540625 0.7640625 0.528125 0.7578125 0.50625 0.7671875 0.515625 0.84375 0.509375 0.8609375 0.5 0.8671875 0.4984375 0.89375
3 0.4796875 0.7765625 0.4703125 0.771875 0.446875 0.78125 0.44375 0.8484375 0.4265625 0.8734375 0.409375 0.8796875 0.4078125 0.896875 0.421875 0.903125 0.4859375 0.8859375 0.4796875 0.7765625
3 0.4078125 0.8796875 0.4 0.8265625 0.38125 0.828125 0.3765625 0.85625 0.384375 0.90625 0.40625 0.9 0.4078125 0.8796875
3 0.3203125 0.9 0.3140625 0.8609375 0.2921875 0.85625 0.2734375 0.89375 0.2515625 0.9078125 0.246875 0.9171875 0.2515625 0.93125 0.315625 0.9140625 0.3203125 0.9
2 0.478125 0.459375 0.46875 0.44375 0.4609375 0.44375 0.434375 0.471875 0.434375 0.5 0.440625 0.5078125 0.4515625 0.5078125 0.478125 0.459375
2 0.25 0.5359375 0.2390625 0.546875 0.2375 0.5734375 0.24375 0.5828125 0.253125 0.565625 0.25 0.5359375
2 0.3921875 0.5359375 0.38125 0.5171875 0.3734375 0.521875 0.36875 0.5328125 0.378125 0.540625 0.38125 0.5625 0.3921875 0.5359375
2 0.615625 0.321875 0.6125 0.303125 0.6 0.2890625 0.5703125 0.3125 0.56875 0.321875 0.575 0.325 0.596875 0.3171875 0.615625 0.321875
2 0.5481359375 0.34231406249999996 0.5438265624999999 0.31646718749999997 0.5327421875 0.320775 0.527759375 0.32594375000000003 0.5247359375 0.34846875 0.5253515625 0.3657 0.539515625 0.36631562500000003 0.5481359375 0.34231406249999996
0 0.553125 0.0578125 0.559375 0.05625 0.58125 0.071875 0.5796875 0.0328125 0.5546875 0.0140625 0.5375 0.0203125 0.525 0.0484375 0.525 0.0796875 0.53125 0.090625 0.5359375 0.075 0.553125 0.0578125
0 0.46875 0.246875 0.4734375 0.2609375 0.475 0.234375 0.465625 0.2125 0.4375 0.2046875 0.425 0.228125 0.4265625 0.259375 0.4375 0.2390625 0.4515625 0.2359375 0.46875 0.246875
0 0.3578125 0.321875 0.3375 0.296875 0.3171875 0.3171875 0.31875 0.334375 0.340625 0.3296875 0.35625 0.3359375 0.3578125 0.321875
1 0.5234375 0.309375 0.546875 0.325 0.540625 0.371875 0.54375 0.43125 0.559375 0.4359375 0.621875 0.4203125 0.6609375 0.4203125 0.6640625 0.31875 0.66875 0.3015625 0.6890625 0.2796875 0.6953125 0.2625 0.6921875 0.1984375 0.653125 0.1453125 0.6046875 0.1328125 0.5984375 0.11875 0.5828125 0.11875 0.5625 0.1671875 0.534375 0.1625 0.528125 0.18125 0.5359375 0.209375 0.5296875 0.2265625 0.53125 0.2625 0.5234375 0.309375
1 0.5109375 0.453125 0.5375 0.41875 0.5375 0.390625 0.51875 0.3734375 0.515625 0.3171875 0.475 0.2828125 0.4453125 0.296875 0.4359375 0.3125 0.434375 0.3328125 0.421875 0.3515625 0.4171875 0.384375 0.41875 0.54375 0.460546875 0.5296875 0.5125 0.528125 0.5109375 0.453125
1 0.3703125 0.503125 0.3921875 0.528125 0.403125 0.528125 0.4125 0.4859375 0.4109375 0.465625 0.3890625 0.40625 0.3625 0.3890625 0.35 0.3671875 0.334375 0.375 0.315625 0.375 0.28125 0.4375 0.265625 0.4890625 0.2640625 0.5140625 0.253125 0.53125 0.3703125 0.503125