1 0.1515625 0.48828125 0.30234375 0.38203125
1 0.4625 0.5046875 0.1703125 0.49140625
1 0.57109375 0.50390625 0.2 0.6546875
1 0.7578125 0.61015625 0.3625 0.7796875
1 0.88671875 0.61640625 0.22578125 0.75859375
1 0.9171875 0.31171875 0.165625 0.3078125
0 0.94375 0.25 0.10234375 0.11875
0 0.86171875 0.3703125 0.1109375 0.14609375
0 0.68203125 0.34921875 0.153125 0.18828125
0 0.5734375 0.28359375 0.1453125 0.11953125
0 0.42578125 0.36640625 0.12265625 0.08984375
0 0.13828125 0.3546875 0.09296875 0.084375
3 0.2796875 0.62265625 0.08203125 0.1421875
3 0.4671875 0.7140625 0.1078125 0.07421875
2 0.68046875 0.76015625 0.053125 0.07578125
2 0.80625 0.67578125 0.053125 0.075
2 0.5953125 0.55703125 0.04453125 0.09296875
2 0.546875 0.47265625 0.0390625 0.06640625
2 0.409375 0.57421875 0.0328125 0.0546875
2 0.0546875 0.37578125 0.0390625 0.0453125