1 0.265625 0.5125 0.53125 0.971875
1 0.45078125 0.25625 0.16484375 0.49296875
1 0.78515625 0.35625 0.24375 0.4390625
0 0.865625 0.2796875 0.11484375 0.19140625
0 0.3796875 0.18203125 0.2046875 0.29140625
0 0.44375 0.05234375 0.15078125 0.10390625
3 0.27890625 0.80703125 0.18671875 0.3859375
3 0.6828125 0.44765625 0.06171875 0.13515625
3 0.45078125 0.4046875 0.0875 0.20625
2 0.40078125 0.75859375 0.1109375 0.1703125
2 0.4765625 0.69296875 0.09609375 0.1640625
2 0.8109375 0.51640625 0.05546875 0.1015625
2 0.8421875 0.50625 0.04140625 0.0875
2 0.484375 0.3296875 0.03125 0.07734375