0 0.91171875 0.39453125 0.175 0.20546875
0 0.55 0.21484375 0.08984375 0.1265625
0 0.45546875 0.18984375 0.11640625 0.1015625
0 0.27734375 0.228125 0.0625 0.084375
0 0.31484375 0.31328125 0.06640625 0.0671875
0 0.17109375 0.25078125 0.071875 0.0515625
1 0.1515625 0.30625 0.1234375 0.09140625
1 0.7359375 0.49609375 0.2609375 0.3140625
1 0.259375 0.34375 0.09921875 0.096875
3 0.5125 0.95625 0.1265625 0.0875
3 0.7703125 0.88359375 0.1265625 0.1484375
3 0.46015625 0.71171875 0.18828125 0.15546875
3 0.23671875 0.53203125 0.12890625 0.08984375
3 0.1390625 0.49296875 0.10859375 0.05546875