1 0.134375 0.39765625 0.1890625 0.4140625
1 0.33828125 0.3703125 0.16875 0.384375
1 0.509375 0.42421875 0.45859375 0.53046875
1 0.4359375 0.22265625 0.0546875 0.0890625
0 0.50390625 0.215625 0.14765625 0.10625
0 0.36640625 0.22734375 0.115625 0.0828125
0 0.15 0.228125 0.15859375 0.084375
0 0.42890625 0.2296875 0.06015625 0.06328125
3 0.1359375 0.54921875 0.15546875 0.05859375
3 0.65078125 0.64296875 0.165625 0.08984375
3 0.35078125 0.6546875 0.13828125 0.06640625
2 0.5671875 0.34453125 0.0515625 0.065625
2 0.496875 0.41484375 0.090625 0.0484375