3 0.44375 0.79375 0.44375 0.80625 0.471875 0.803125 0.4546875 0.778125 0.44375 0.79375
3 0.6765625 0.8375 0.653125 0.8453125 0.6546875 0.8640625 0.696875 0.8671875 0.6953125 0.85 0.6765625 0.8375
1 0.7046875 0.6703125 0.7109375 0.659375 0.7140625 0.590625 0.709375 0.534375 0.6921875 0.521875 0.671875 0.5296875 0.6546875 0.5484375 0.65 0.5671875 0.65625 0.571875 0.65 0.66875 0.6734375 0.675 0.7046875 0.6703125
1 0.3875 0.6078125 0.384375 0.5390625 0.375 0.525 0.353125 0.521875 0.3453125 0.540625 0.346875 0.6140625 0.35 0.61875 0.378125 0.6203125 0.3875 0.6078125
1 0.465625 0.6453125 0.4640625 0.60625 0.4453125 0.5359375 0.4359375 0.5265625 0.4234375 0.5265625 0.415625 0.5375 0.409375 0.5921875 0.4078125 0.65 0.421875 0.6578125 0.4578125 0.6578125 0.465625 0.6453125
3 0.3640625 0.725 0.3546875 0.725 0.353125 0.7484375 0.36875 0.7546875 0.371875 0.74375 0.3640625 0.725
0 0.690625 0.5015625 0.6921875 0.4765625 0.6859375 0.4640625 0.671875 0.459375 0.6546875 0.4625 0.653125 0.46875 0.6515625 0.48125 0.659375 0.4953125 0.684375 0.5046875 0.690625 0.5015625
3 0.4171875 0.7828125 0.4109375 0.790625 0.4109375 0.809375 0.425 0.8078125 0.4234375 0.7859375 0.4171875 0.7828125
0 0.375 0.48125 0.365625 0.4734375 0.3546875 0.478125 0.3515625 0.5 0.3578125 0.503125 0.3734375 0.49375 0.375 0.48125
0 0.446875 0.5 0.45 0.48125 0.4390625 0.46875 0.425 0.4765625 0.4203125 0.4984375 0.4234375 0.509375 0.4328125 0.509375 0.446875 0.5
3 0.3890625 0.715625 0.378125 0.71875 0.3796875 0.7375 0.4046875 0.734375 0.4046875 0.728125 0.3890625 0.715625