1 0.11015625 0.66171875 0.190625 0.5890625
1 0.21015625 0.61328125 0.1625 0.6046875
1 0.30078125 0.615625 0.13203125 0.50390625
1 0.28828125 0.3578125 0.13125 0.16328125
1 0.38828125 0.534375 0.115625 0.50078125
1 0.4265625 0.6421875 0.1453125 0.396875
1 0.5125 0.76484375 0.1734375 0.4203125
1 0.46953125 0.4203125 0.09453125 0.27265625
1 0.5546875 0.57109375 0.13984375 0.35546875
1 0.56328125 0.38359375 0.103125 0.1765625
1 0.67265625 0.6109375 0.17890625 0.51328125
1 0.6984375 0.3484375 0.08671875 0.153125
1 0.7984375 0.60546875 0.17421875 0.5109375
1 0.88984375 0.621875 0.1625 0.65
0 0.9 0.37421875 0.11171875 0.11796875
0 0.7640625 0.40078125 0.0984375 0.1140625
0 0.70703125 0.3203125 0.08125 0.10078125
0 0.65703125 0.39296875 0.075 0.09296875
0 0.5515625 0.45703125 0.08671875 0.09609375
0 0.53828125 0.6359375 0.115625 0.134375
0 0.5671875 0.36796875 0.0796875 0.10546875
0 0.4859375 0.3625 0.0890625 0.1
0 0.4203125 0.49921875 0.0828125 0.1421875
0 0.39375 0.353125 0.1078125 0.13125
0 0.303125 0.33828125 0.0859375 0.09296875
0 0.28671875 0.41640625 0.10390625 0.1140625
0 0.19375 0.3703125 0.1015625 0.125
0 0.1109375 0.4390625 0.1203125 0.13828125
1 0.903125 0.5375 0.16484375 0.234375
1 0.7765625 0.5640625 0.1421875 0.21640625
1 0.67578125 0.5390625 0.15625 0.221875
1 0.7046875 0.4140625 0.0734375 0.125
1 0.5453125 0.74765625 0.15546875 0.18984375
1 0.56171875 0.58203125 0.13125 0.22109375
1 0.4859375 0.4625 0.0828125 0.15390625
1 0.42578125 0.62890625 0.16640625 0.18671875
1 0.38515625 0.4515625 0.09765625 0.14765625
1 0.3125 0.571875 0.1484375 0.21328125
1 0.21796875 0.53984375 0.15390625 0.22734375
1 0.11328125 0.59140625 0.1875 0.2484375
3 0.11640625 0.92890625 0.07890625 0.0921875
3 0.2046875 0.8625 0.06796875 0.0875
3 0.9125 0.90390625 0.0984375 0.0703125
3 0.87734375 0.86640625 0.09765625 0.0640625
3 0.25390625 0.83984375 0.09375 0.0828125