0 0.81796875 0.271875 0.090625 0.125
0 0.65859375 0.28984375 0.06640625 0.0984375
0 0.57109375 0.3109375 0.11875 0.10625
0 0.46484375 0.2765625 0.09453125 0.10625
0 0.3671875 0.3140625 0.09296875 0.115625
0 0.2078125 0.30546875 0.0953125 0.11796875
0 0.109375 0.36015625 0.1171875 0.13359375
1 0.13046875 0.5375 0.190625 0.234375
1 0.22109375 0.48515625 0.16328125 0.2546875
1 0.36953125 0.4671875 0.109375 0.21015625
1 0.46640625 0.43828125 0.175 0.2234375
1 0.55625 0.45859375 0.1046875 0.2234375
1 0.66015625 0.46171875 0.16640625 0.2203125
1 0.8375 0.4765625 0.19296875 0.284375
3 0.834375 0.80078125 0.0734375 0.07734375
3 0.165625 0.93984375 0.09921875 0.1078125
3 0.5234375 0.7515625 0.06484375 0.06875
3 0.69375 0.82421875 0.04296875 0.0703125
3 0.23359375 0.865625 0.12734375 0.09375