1 0.1640625 0.61328125 0.2 0.7734375
1 0.275 0.59453125 0.13046875 0.72734375
1 0.421875 0.5859375 0.14296875 0.54140625
1 0.471875 0.58515625 0.10234375 0.5609375
1 0.53046875 0.559375 0.06015625 0.5125
1 0.59296875 0.56015625 0.09453125 0.4203125
1 0.54609375 0.3078125 0.084375 0.11875
1 0.66015625 0.47890625 0.16328125 0.5671875
3 0.64609375 0.6421875 0.09140625 0.1625
3 0.28125 0.86640625 0.0953125 0.1390625
3 0.49609375 0.7890625 0.09375 0.13203125
3 0.215625 0.95 0.09609375 0.09921875
2 0.11640625 0.7234375 0.059375 0.09296875
2 0.26484375 0.63359375 0.034375 0.07734375
2 0.4078125 0.64765625 0.03359375 0.0921875
2 0.48984375 0.6265625 0.02421875 0.065625
2 0.66484375 0.48125 0.0390625 0.06015625
2 0.5375 0.51796875 0.03046875 0.0390625