0 0.7828125 0.3953125 0.053125 0.06875
0 0.4734375 0.2234375 0.046875 0.090625
0 0.396875 0.2609375 0.034375 0.04375
0 0.31640625 0.24765625 0.0453125 0.0671875
0 0.16875 0.14453125 0.059375 0.0890625
0 0.6046875 0.2890625 0.04375 0.08125
2 0.2609375 0.571875 0.01875 0.040625
2 0.6671875 0.6359375 0.025 0.05625
2 0.36015625 0.54765625 0.0296875 0.0359375
2 0.115625 0.5609375 0.028125 0.0625
2 0.77578125 0.4453125 0.0359375 0.040625
2 0.525 0.50390625 0.025 0.0234375
2 0.1140625 0.5484375 0.028125 0.0875
2 0.578125 0.4359375 0.021875 0.03125
2 0.7984375 0.7234375 0.025 0.040625
3 0.4984375 0.74375 0.0375 0.115625
3 0.28125 0.75390625 0.03125 0.1015625
3 0.2171875 0.7765625 0.040625 0.0875
3 0.440625 0.74765625 0.04375 0.1078125
3 0.35703125 0.7515625 0.0296875 0.109375
3 0.1328125 0.8234375 0.04375 0.125
3 0.6109375 0.70390625 0.028125 0.0796875
3 0.5515625 0.6984375 0.04375 0.0875
3 0.6609375 0.765625 0.0375 0.040625
3 0.78203125 0.8921875 0.0265625 0.028125
3 0.68515625 0.78125 0.0484375 0.05625
1 0.4640625 0.4109375 0.125 0.26875
1 0.15390625 0.3671875 0.1484375 0.3125
1 0.4703125 0.41015625 0.13125 0.2609375
1 0.3078125 0.459375 0.109375 0.253125
1 0.3984375 0.40390625 0.06875 0.2078125
1 0.59765625 0.4328125 0.0859375 0.196875
1 0.7671875 0.58203125 0.109375 0.2484375
1 0.66015625 0.5671875 0.1015625 0.365625