0 0.9515625 0.08359375 0.096875 0.1671875
0 0.74609375 0.096875 0.13046875 0.1453125
0 0.56171875 0.075 0.15390625 0.15
0 0.328125 0.0671875 0.121875 0.11171875
0 0.4875 0.08671875 0.0546875 0.07890625
0 0.15234375 0.07578125 0.10234375 0.11171875
0 0.2109375 0.0640625 0.09453125 0.1140625
1 0.16171875 0.25703125 0.19765625 0.23515625
1 0.203125 0.18984375 0.00234375 0.2078125
1 0.5609375 0.31640625 0.20078125 0.31953125
1 0.7390625 0.30390625 0.1828125 0.26875
1 0.92421875 0.31328125 0.15078125 0.35703125
1 0.80234375 0.20625 0.07890625 0.1625
1 0.65625 0.11796875 0.1140625 0.115625
1 0.459375 0.22421875 0.08515625 0.18125
3 0.17109375 0.68125 0.13984375 0.096875
3 0.334375 0.62265625 0.07890625 0.0875
3 0.27734375 0.5625 0.1015625 0.078125
3 0.60390625 0.8484375 0.13984375 0.08984375
3 0.68359375 0.53203125 0.103125 0.1109375
3 0.25 0.64765625 0.14375 0.0953125
3 0.43359375 0.60625 0.13203125 0.08671875