1 0.2609375 0.4359375 0.3953125 0.440625 0.4953125 0.4328125 0.50625 0.4203125 0.5125 0.3796875 0.5328125 0.3734375 0.5484375 0.35 0.5796875 0.3375 0.5828125 0.3296875 0.5390625 0.24375 0.509375 0.2125 0.4828125 0.2015625 0.4140625 0.190625 0.4078125 0.19375 0.4078125 0.203125 0.375 0.228125 0.35625 0.215625 0.3234375 0.209375 0.315625 0.1953125 0.2984375 0.1921875 0.2 0.2328125 0.1484375 0.35 0.15 0.3625 0.2515625 0.3859375 0.2515625 0.4078125 0.2609375 0.4359375
2 0.234375 0.575 0.2421875 0.575 0.2453125 0.565625 0.221875 0.53125 0.2125 0.5234375 0.1890625 0.51875 0.1625 0.525 0.171875 0.5703125 0.1953125 0.5921875 0.23125 0.6 0.234375 0.575
1 0.6171875 0.43125 0.8078125 0.434375 0.809375 0.40625 0.8 0.3875 0.7984375 0.3671875 0.8359375 0.353125 0.8234375 0.303125 0.825 0.2765625 0.8078125 0.2515625 0.790625 0.2453125 0.7875 0.2625 0.7625 0.2640625 0.746875 0.2484375 0.690625 0.246875 0.6703125 0.2265625 0.6609375 0.234375 0.653125 0.2296875 0.590625 0.2515625 0.5734375 0.2828125 0.5703125 0.3 0.596875 0.353125 0.6234375 0.36875 0.6171875 0.43125
3 0.759375 0.909375 0.7578125 0.896875 0.7453125 0.884375 0.7484375 0.871875 0.6625 0.878125 0.665625 0.8953125 0.6984375 0.91875 0.7515625 0.9203125 0.759375 0.909375
0 0.4359375 0.1015625 0.4390625 0.1109375 0.446875 0.1109375 0.4734375 0.103125 0.44375 0.0890625 0.4328125 0.0671875 0.4109375 0.046875 0.371875 0.0359375 0.3296875 0.040625 0.3078125 0.05 0.2765625 0.090625 0.2734375 0.1140625 0.278125 0.1171875 0.3078125 0.1046875 0.4359375 0.1015625
3 0.446875 0.9421875 0.4578125 0.91875 0.446875 0.875 0.3875 0.871875 0.384375 0.8765625 0.38125 0.9125 0.3859375 0.9328125 0.4015625 0.9453125 0.446875 0.9421875
2 0.5484375 0.5734375 0.6015625 0.540625 0.6046875 0.515625 0.58125 0.5 0.54375 0.4984375 0.5078125 0.5359375 0.5015625 0.5484375 0.51875 0.55 0.5203125 0.575 0.5484375 0.5734375
0 0.7890625 0.1578125 0.7703125 0.1140625 0.75 0.0984375 0.7265625 0.0921875 0.675 0.1046875 0.6484375 0.14375 0.6453125 0.1609375 0.65 0.1625 0.69453125 0.15625 0.7890625 0.1578125
3 0.403125 0.9703125 0.396875 0.946875 0.365625 0.9203125 0.340625 0.9171875 0.290625 0.9296875 0.296875 0.9578125 0.3078125 0.96875 0.3625 0.975 0.403125 0.9703125
3 0.75625 0.8671875 0.7578125 0.8453125 0.74375 0.825 0.7375 0.8296875 0.73125 0.8578125 0.7296875 0.8703125 0.7359375 0.878125 0.7484375 0.878125 0.75625 0.8671875
2 0.871875 0.5265625 0.8578125 0.490625 0.8265625 0.4890625 0.8265625 0.56875 0.846875 0.5703125 0.865625 0.553125 0.871875 0.5265625