3 0.26171875 0.678125 0.0671875 0.02890625
3 0.259375 0.9171875 0.07421875 0.02890625
3 0.25703125 0.7484375 0.0625 0.04296875
3 0.2515625 0.31875 0.06953125 0.040625
3 0.2359375 0.275 0.09140625 0.03359375
3 0.21171875 0.0765625 0.07421875 0.03828125
3 0.196875 0.7640625 0.04296875 0.0890625
3 0.16328125 0.4671875 0.06953125 0.0671875
3 0.140625 0.34609375 0.09375 0.0578125
3 0.13359375 0.80625 0.05078125 0.0890625
3 0.071875 0.49296875 0.06484375 0.0765625
3 0.071875 0.23046875 0.0984375 0.0578125
3 0.06640625 0.18046875 0.08203125 0.0484375
3 0.0515625 0.6453125 0.071875 0.08203125
3 0.54921875 0.91484375 0.65859375 0.1390625
3 0.52734375 0.8078125 0.875 0.14453125
3 0.5 0.56875 0.959375 0.240625
3 0.5328125 0.39765625 0.9109375 0.1921875
3 0.453125 0.20546875 0.86796875 0.17578125
3 0.509375 0.0921875 0.67578125 0.11328125