1 0.35 0.4296875 0.3609375 0.4046875 0.3578125 0.3359375 0.3390625 0.29375 0.3234375 0.2828125 0.321875 0.2609375 0.303125 0.271875 0.309375 0.4234375 0.31875 0.4390625 0.33125 0.4421875 0.35 0.4296875
1 0.3453125 0.5234375 0.371875 0.5390625 0.4078125 0.4984375 0.399871875 0.410640625 0.39375 0.340625 0.378125 0.3328125 0.3768515625 0.4154046875 0.374271875 0.442003125 0.3546875 0.340625 0.346875 0.3453125 0.3359375 0.3875 0.3421875 0.403125 0.3522453125 0.468603125 0.3530390625 0.51306875 0.3453125 0.5234375
1 0.7703125 0.365625 0.78125 0.3796875 0.790625 0.415625 0.79375 0.4765625 0.821875 0.48125 0.840625 0.3953125 0.8453125 0.3203125 0.853125 0.2890625 0.8265625 0.259375 0.8180015624999999 0.29685937500000004 0.79636875 0.3445421875 0.7919625 0.3689859375 0.7911609375 0.3080796875 0.7947671875 0.2852390625 0.7879562499999999 0.2764234375 0.79375 0.2546875 0.7765625 0.271875 0.7820484375000001 0.3042765625 0.7804453125 0.3311234375 0.768828125 0.351159375 0.7703125 0.365625
1 0.8859375 0.521875 0.9 0.5359375 0.91875 0.5375 0.9671875 0.3453125 0.959375 0.3265625 0.9359375 0.3046875 0.921875 0.296875 0.9322687500000001 0.32029687500000004 0.9162453125000001 0.35555781249999996 0.8930109375 0.4232765625 0.8862015624999999 0.3571609375 0.8781890625000001 0.310278125 0.8875 0.29375 0.859375 0.3015625 0.859375 0.3109375 0.8484375 0.325 0.840625 0.4078125 0.8296875 0.45 0.8296875 0.4984375 0.8375 0.5078125 0.86875 0.5234375 0.8859375 0.521875
3 0.884375 0.778125 0.859375 0.7546875 0.85625 0.76875 0.8671875 0.8125 0.8859375 0.8328125 0.884375 0.778125
1 0.68580625 0.3470390625 0.691815625 0.333815625 0.703125 0.265625 0.6890625 0.2625 0.6882109375 0.2969515625 0.6781953125 0.3326140625 0.6713859375 0.31378125 0.6734375 0.2765625 0.665625 0.2640625 0.6578125 0.2640625 0.653125 0.271875 0.6525578125 0.290140625 0.6673796875 0.3033625 0.6801984375 0.340628125 0.68580625 0.3470390625
3 0.8078125 0.728125 0.80625 0.7765625 0.8203125 0.784375 0.834375 0.73125 0.8078125 0.728125
3 0.734375 0.81875 0.7265625 0.7515625 0.7078125 0.7453125 0.709375 0.8140625 0.71875 0.8390625 0.7296875 0.8421875 0.734375 0.81875
3 0.7953125 0.6890625 0.8015625 0.64375 0.778125 0.6421875 0.7734375 0.6546875 0.7734375 0.6859375 0.778125 0.69375 0.7890625 0.69375 0.7953125 0.6890625
3 0.6953125 0.815625 0.7015625 0.7703125 0.6984375 0.7375 0.68125 0.73125 0.678125 0.7453125 0.6734375 0.8 0.6765625 0.8140625 0.6890625 0.8234375 0.6953125 0.815625
3 0.6484375 0.6984375 0.646875 0.6515625 0.6296875 0.6515625 0.63125 0.69375 0.6375 0.709375 0.6484375 0.6984375
1 0.665625 0.5199125 0.670584375 0.5276375 0.675 0.5730375000000001 0.6859375 0.5824125 0.687809375 0.56009375 0.6898125 0.5348499999999999 0.7010296874999999 0.533646875 0.7070375 0.558490625 0.7226609374999999 0.5556859375000001 0.7334765625 0.5420625 0.7458953125 0.5624984375000001 0.75350625 0.5612953125 0.765625 0.5574125000000001 0.7875 0.5230375 0.790625 0.427725 0.7796875 0.3824125 0.7671875 0.3621 0.759375 0.3605375 0.74375 0.3246 0.7416890625 0.3601453125 0.7200578125 0.35213125 0.71875 0.340225 0.7125 0.333975 0.70625 0.3386625 0.678125 0.36835 0.6734375 0.3855375 0.6632734375 0.41133437500000003 0.6625 0.43710000000000004 0.6625 0.44960000000000006 0.665625 0.5199125
1 0.5451359375 0.524184375 0.5625 0.5421875 0.578125 0.528125 0.584375 0.4703125 0.5859375 0.403125 0.575 0.334375 0.5640625 0.325 0.5506921874999999 0.40031875 0.5296875 0.321875 0.5109375 0.334375 0.5078125 0.3703125 0.50625 0.4859375 0.5140625 0.521875 0.534375 0.5390625 0.5451359375 0.524184375
3 0.7796875 0.65 0.7671875 0.6296875 0.7546875 0.6375 0.753125 0.675 0.76875 0.6796875 0.775 0.675 0.7796875 0.65
3 0.7515625 0.66875 0.74375 0.6609375 0.7390625 0.6765625 0.7390625 0.715625 0.75 0.73125 0.75625 0.73125 0.7515625 0.66875
3 0.6109375 0.6625 0.6046875 0.65 0.59375 0.653125 0.5859375 0.6765625 0.60625 0.7046875 0.6125 0.6984375 0.6109375 0.6625
3 0.3328125 0.7 0.3296875 0.6578125 0.325 0.6484375 0.3140625 0.65 0.309375 0.6546875 0.3125 0.7078125 0.3234375 0.7140625 0.3328125 0.7
3 0.4 0.628125 0.3875 0.6296875 0.3875 0.665625 0.3953125 0.6734375 0.4046875 0.65 0.4 0.628125
3 0.4515625 0.5890625 0.440625 0.590625 0.428125 0.6203125 0.425 0.6421875 0.43125 0.6515625 0.453125 0.609375 0.4515625 0.5890625
3 0.375 0.6390625 0.35625 0.640625 0.35625 0.6703125 0.3640625 0.6796875 0.375 0.6578125 0.375 0.6390625
3 0.2484375 0.659375 0.24375 0.653125 0.2234375 0.6546875 0.2296875 0.6953125 0.2453125 0.7046875 0.253125 0.69375 0.2484375 0.659375
3 0.1359375 0.9046875 0.109375 0.91875 0.1125 0.9984375 0.15 0.9984375 0.15 0.965625 0.1359375 0.9046875
1 0.1953125 0.425 0.203125 0.484375 0.2125 0.509375 0.209375 0.5390625 0.2140625 0.546875 0.2203125 0.5421875 0.2203125 0.5296875 0.209375 0.48125 0.2 0.3796875 0.1875 0.340625 0.1890625 0.290625 0.184375 0.2765625 0.146875 0.3171875 0.1453125 0.36875 0.159375 0.3828125 0.184375 0.39375 0.1953125 0.425
1 0.265625 0.534375 0.2671875 0.48125 0.265625 0.38125 0.25625 0.3296875 0.259375 0.290625 0.2453125 0.278125 0.2203125 0.26875 0.2390625 0.375 0.2453125 0.5390625 0.253125 0.54375 0.265625 0.534375
3 0.25 0.8796875 0.2484375 0.8515625 0.21875 0.8171875 0.215625 0.8015625 0.1984375 0.8171875 0.1984375 0.8640625 0.2328125 0.8984375 0.2453125 0.890625 0.25 0.8796875
3 0.4953125 0.659375 0.4984375 0.646875 0.49375 0.603125 0.48125 0.6046875 0.48125 0.6484375 0.4875 0.6625 0.4953125 0.659375
1 0.5944734375 0.46484531249999994 0.60889375 0.4760640625 0.6217125 0.46604687499999997 0.6229140625 0.3358203125 0.60889375 0.2885234375 0.5852593749999999 0.3033625 0.57845 0.3346171875 0.5864609375 0.3470390625 0.5944734375 0.46484531249999994
1 0.663775 0.30296249999999997 0.6505546875 0.290540625 0.6437453125 0.3161859375 0.6394390624999999 0.3285828125 0.6429437499999999 0.387509375 0.66016875 0.451621875 0.666178125 0.3666734375 0.663775 0.30296249999999997
1 0.0625 0.4421875 0.075 0.4421875 0.0765625 0.4203125 0.084375 0.4140625 0.0984375 0.3765625 0.0859375 0.340625 0.0828125 0.296875 0.0734375 0.278125 0.065625 0.2734375 0.0375 0.2953125 0.0546875 0.3796875 0.046875 0.4140625 0.0515625 0.4609375 0.0625 0.4421875