0 0.091346153125 0.3397590359375 0.06971153906250001 0.3542168671875 0.0673076921875 0.3734939765625 0.11538461562499999 0.3662650609375 0.11298076875 0.3542168671875 0.091346153125 0.3397590359375
0 0.3173076921875 0.3518072296875 0.314903846875 0.378313253125 0.35576923125 0.3807228921875 0.346153846875 0.34939759062500003 0.3173076921875 0.3518072296875
0 0.3798076921875 0.41686747031250004 0.3605769234375 0.4120481921875 0.341346153125 0.4289156625 0.341346153125 0.4409638546875 0.38701923125 0.4530120484375 0.3894230765625 0.43373493906249994 0.3798076921875 0.41686747031250004
0 0.40384615312500005 0.3542168671875 0.3822115390625 0.3542168671875 0.372596153125 0.3662650609375 0.3692355765625 0.384233734375 0.415865384375 0.3879518078125 0.415865384375 0.3686746984375 0.40384615312500005 0.3542168671875
0 0.4447572109375 0.3780963859375 0.46733653906250006 0.3794433734375 0.4644302890625 0.3565783125 0.45695432656249996 0.3469879515625 0.440127403125 0.34216867500000003 0.42570432656249996 0.3518072296875 0.42172836562500005 0.3754072296875 0.44028605781249996 0.377424096875 0.444533653125 0.39872048125 0.4447572109375 0.3780963859375
0 0.49932451875000006 0.43374939687499997 0.5020072109375 0.4333012046875 0.4991009609375 0.4218674703125 0.49977163437499994 0.40348674687499997 0.51923076875 0.407228915625 0.5198918265625 0.38457349375 0.509615384375 0.3734939765625 0.490384615625 0.3710843375 0.48076923125000004 0.3807228921875 0.47406249999999994 0.40303855468750005 0.49351201875 0.40281445781249997 0.49530048125 0.41962650625000003 0.49932451875000006 0.43374939687499997
0 0.59375 0.47469879531250003 0.5793269234375 0.465060240625 0.5576923078125 0.4674698796875 0.5456730765625 0.48433735 0.54326923125 0.49397590312500006 0.564903846875 0.5036144578124999 0.5985576921875 0.50120481875 0.59375 0.47469879531250003
3 0.5003677890625 0.7597590359375 0.5362259609375 0.759371084375 0.541622596875 0.7481614453125001 0.5319831734375 0.741975903125 0.51617548125 0.73733735 0.5080480765625001 0.7276385546874999 0.47222355781249997 0.7462289156249999 0.47260817343749995 0.7574385546875 0.5003677890625 0.7597590359375
3 0.394122596875 0.702544578125 0.42535336562500003 0.697518071875 0.42458173125 0.6878530125 0.4134014421875 0.6882385546875 0.40800240312499997 0.68282650625 0.3879543265625 0.6921060234375 0.3821706734375 0.6994506031250001 0.394122596875 0.702544578125
3 0.370990384375 0.713368675 0.3914230765625 0.7110481921875 0.394122596875 0.705250603125 0.3891105765625 0.700997590625 0.3813990390625 0.6936530125 0.3493990390625 0.700997590625 0.3482427890625 0.7122072296875 0.370990384375 0.713368675
3 0.31816826875 0.7408168671875 0.34901201875 0.7334698796875 0.35017067343749997 0.7245783125 0.341302884375 0.7226457828124999 0.3250865390625 0.71487951875 0.2969639421875 0.7319253015625 0.29040865312499997 0.7435228921875 0.31816826875 0.7408168671875
3 0.133314903125 0.742508434375 0.15451923125 0.736708434375 0.155290865625 0.72511084375 0.1452668265625 0.7227903609374999 0.12560336562500002 0.7142867468749999 0.0901322109375 0.73091084375 0.093216346875 0.7444409640625 0.133314903125 0.742508434375