0 0.58173076875 0.1826923078125 0.6201923078125 0.10576923125 0.622596153125 0.064903846875 0.61298076875 0.0456730765625 0.572115384375 0.021634615625 0.5456730765625 0.01923076875 0.5072115390625 0.03125 0.48076923125000004 0.0769230765625 0.478365384375 0.12259615312500001 0.5 0.189903846875 0.5384615390625 0.20432692343749997 0.58173076875 0.1826923078125
0 0.44951923125000004 0.1514423078125 0.4375 0.1394230765625 0.40865384687499995 0.14423076875000002 0.40144230781249995 0.177884615625 0.41105769218750005 0.1706730765625 0.4543269234375 0.185096153125 0.44951923125000004 0.1514423078125
0 0.310096153125 0.29326923125 0.3076923078125 0.302884615625 0.3269230765625 0.302884615625 0.322115384375 0.2884615390625 0.310096153125 0.29326923125
0 0.33173076875 0.2668269234375 0.3269230765625 0.2860576921875 0.34375 0.2884615390625 0.34375 0.26923076875 0.33173076875 0.2668269234375
0 0.247596153125 0.2451923078125 0.247596153125 0.259615384375 0.271634615625 0.2644230765625 0.2668269234375 0.2427884609375 0.247596153125 0.2451923078125
0 0.002403846875 0.2884615390625 0.009615384375 0.2860576921875 0.0048076921875 0.2668269234375 0.002403846875 0.2884615390625
0 0.01201923125 0.302884615625 0.028846153125000003 0.30048076875 0.01201923125 0.2884615390625 0.01201923125 0.302884615625
0 0.0673076921875 0.2427884609375 0.060096153124999996 0.26201923125 0.08653846093749999 0.259615384375 0.08173076875 0.24038461562500002 0.0673076921875 0.2427884609375
2 0.07537019218749999 0.3287115390625 0.06043990312500001 0.3319423078125 0.062459134375 0.347689903125 0.0785985578125 0.34244230781249996 0.07537019218749999 0.3287115390625
2 0.274509615625 0.333153846875 0.26482451875 0.3319423078125 0.258771634375 0.3392115390625 0.27571875 0.34607451875 0.2781418265625 0.3408269234375 0.274509615625 0.333153846875
2 0.58458173125 0.559947115625 0.606572115625 0.528509615625 0.608459134375 0.5002139421875 0.5751538468749999 0.4725480765625 0.544365384375 0.49895673125 0.5299134609375 0.5398269234375 0.550021634375 0.5574326921874999 0.58458173125 0.559947115625
1 0.8338846156249999 0.49844951875000004 0.9595721156250001 0.582634615625 0.997596153125 0.571478365625 0.997596153125 0.10819951875 0.9420769234374999 0.1735769234375 0.8910817312500001 0.254103365625 0.8663197109375 0.35239423125 0.8338846156249999 0.49844951875000004
1 0.76810576875 0.5490360578125 0.8280168265625001 0.46695192343749997 0.781009615625 0.29540625 0.761653846875 0.2280793265625 0.7091177890625 0.16720673125000002 0.6344615390625 0.1070480765625 0.639990384375 0.1513173078125 0.61510576875 0.222334134375 0.5911418265624999 0.2832043265625 0.57455048125 0.35698798125 0.573724646875 0.390079540625 0.53561298125 0.21001201875 0.549665865625 0.356278846875 0.582846153125 0.44481730781250006 0.601278846875 0.530591346875 0.608653846875 0.5794735578125 0.76810576875 0.5490360578125
3 0.5113581734375 0.8969399031249999 0.5584759609375001 0.905697115625 0.5719375 0.8639374999999999 0.5110264421874999 0.8158125 0.44539423125 0.803990384375 0.41644951875 0.8167884609374999 0.440009615625 0.8450769234375001 0.5113581734375 0.8969399031249999
3 0.7637740390625 0.9589062500000001 0.8001201921875 0.9238822109375 0.7967548078125 0.8848173078125001 0.711271634375 0.8686514421875 0.7052139421875 0.9077187500000001 0.6856923078125 0.9366802890624999 0.706560096875 0.9514975968750001 0.7637740390625 0.9589062500000001
3 0.954935096875 0.8982884609375 0.94551201875 0.8827956734375 0.8660865390625 0.8922259609375001 0.8916634609375 0.9555384609375001 0.9401274031250001 0.9616009609375 0.9805144234375 0.9380264421875 0.954935096875 0.8982884609375
3 0.40849519218749997 0.5582019234375 0.40038221093750004 0.56891826875 0.4192043265625 0.580935096875 0.43445913437500006 0.5695673078125 0.43543269218749997 0.548134615625 0.4146077 0.5437130140625 0.40849519218749997 0.5582019234375
3 0.464966346875 0.5328701921875 0.4600985578125 0.5241009609375 0.44311298125 0.5317668265625 0.4435456734375 0.5549543265625 0.46366826874999995 0.564372596875 0.4704831734375 0.5549543265625 0.464966346875 0.5328701921875
1 0.3575264421875 0.28167067343749996 0.355346153125 0.33351201874999997 0.35698076875 0.38098798125 0.398427884375 0.383716346875 0.460596153125 0.3777139421875 0.49713221093750004 0.3635264421875 0.5096754812500001 0.3040456734375 0.50367548125 0.28221634687499997 0.4905889421875 0.25875240312500003 0.48404567343749993 0.23528846093750003 0.456778846875 0.22328365312499998 0.44478125 0.213459134375 0.437689903125 0.2385625 0.4284206734375 0.25493269218750003 0.42351201875 0.28549038437499996 0.42787499999999995 0.32641826875 0.4393269234375 0.37716826875 0.398427884375 0.3749855765625 0.4087884609375 0.3182331734375 0.41696875 0.289310096875 0.415877403125 0.250021634375 0.4087884609375 0.2238293265625 0.40891105781250003 0.2102980765625 0.3820673078125 0.2292860578125 0.36843269218749997 0.23528846093750003 0.36079807656249996 0.2494759609375 0.3575264421875 0.28167067343749996
1 0.23818990312500002 0.34494951875 0.2680673078125 0.35069951875 0.28300721093750003 0.33230048125 0.28415625 0.31562740312500004 0.2778365390625 0.295502403125 0.26691826875 0.280552884375 0.24163701875000002 0.27940384687500003 0.2318701921875 0.289177884375 0.228997596875 0.3173509609375 0.23818990312500002 0.34494951875
1 0.3206322109375 0.365971153125 0.34462259687499996 0.37588701874999997 0.3498365390625 0.3466610578125 0.34827163437499997 0.322134615625 0.3367980765625 0.3090865390625 0.30633173125 0.3078485578125 0.2982043265625 0.3367451921875 0.302377403125 0.350314903125 0.3206322109375 0.365971153125