0 0.8798076921875 0.3807228921875 0.8798076921875 0.320481928125 0.85576923125 0.2819277109375 0.814903846875 0.27228915625 0.771634615625 0.2963855421875 0.7451923078125 0.33012048125 0.7572115390625 0.34457831250000004 0.8581730765625 0.38554216874999997 0.8798076921875 0.3807228921875
0 0.09984375 0.43898072343749994 0.0934326921875 0.4374144578125 0.08173076875 0.4409638546875 0.0769230765625 0.4602409640625 0.1081730765625 0.4602409640625 0.10859855781250001 0.44556867499999997 0.09984375 0.43898072343749994
0 0.25597596093749997 0.3794698796875 0.2497115390625 0.3773253015625 0.23588942343750002 0.3787831328125 0.2575240390625 0.40528915625 0.260665865625 0.3917012046875 0.25992788437500003 0.383602409375 0.25597596093749997 0.3794698796875
0 0.375 0.3467783125 0.3644543265625 0.34384337343750004 0.346153846875 0.3491879515625 0.346153846875 0.3829228921875 0.3890048078125 0.36467951875 0.38103125000000004 0.35205060312500003 0.375 0.3467783125
0 0.135125 0.36591807187500003 0.13465625 0.3563518078125 0.12339903906250001 0.35148915625 0.1105769234375 0.35662650625 0.1081730765625 0.3662650609375 0.1293389421875 0.374228915625 0.1348125 0.3737590359375 0.135125 0.36591807187500003
0 0.2091947109375 0.3368771078125 0.20192307656250003 0.3397590359375 0.200908653125 0.35506747031249997 0.20673076875000002 0.3590361453125 0.2226418265625 0.3400120484375 0.2091947109375 0.3368771078125
2 0.8057307687499999 0.66897349375 0.809603365625 0.6364771078125 0.8233365390625 0.6393036140625 0.8127740390625 0.6145783125000001 0.8053798078125001 0.5997445781249999 0.770165865625 0.5760795187500001 0.7640552890625 0.60425783125 0.78284375 0.620231325 0.7821394234375 0.6442481921875001 0.79340625 0.6679132531249999 0.8057307687499999 0.66897349375
2 0.33570432656250004 0.5037012046875 0.33948076875 0.488968675 0.347872596875 0.4891783125 0.3560576921875 0.4933879515625 0.35416826874999996 0.4881253015625 0.353747596875 0.4811807234375 0.34581249999999997 0.4737590359375 0.32982692343750003 0.480549396875 0.3271009609375 0.48980963906249997 0.32814903906250004 0.498860240625 0.33570432656250004 0.5037012046875
2 0.346603365625 0.47252048125 0.3440865390625 0.460944578125 0.331915865625 0.46494216875000005 0.32709134687499997 0.4727301203125 0.328560096875 0.47967710781250006 0.340310096875 0.47630843437500003 0.346603365625 0.47252048125
2 0.27018509687500003 0.458149396875 0.26948076875 0.450628915625 0.26620192343750004 0.445224096875 0.25251442343749997 0.4456650609375 0.25214663437499996 0.4529783125 0.25636298125 0.45744337343749997 0.2647956734375 0.46073252968749995 0.27018509687500003 0.458149396875
3 0.16616826875 0.5787951812500001 0.16898076875 0.5710409640624999 0.16125 0.5661060234375 0.155158653125 0.5628144578125001 0.15492307656249998 0.5513012046875 0.14368028906250002 0.5458963859375 0.1371201921875 0.558349396875 0.130560096875 0.5686891562499999 0.1485985578125 0.57292048125 0.16616826875 0.5787951812500001
3 0.23644951875000003 0.546366265625 0.23457451875 0.5374361453125001 0.22778125 0.5362626500000001 0.22075480781249998 0.539081928125 0.2179423078125 0.5285060234375 0.2031105765625 0.5326072296875 0.200372596875 0.5466 0.21185096093750003 0.548481928125 0.2256730765625 0.5491855421875 0.23644951875000003 0.546366265625
2 0.0679375 0.43767951875 0.067627403125 0.43148915624999995 0.056634615624999995 0.4319012046875 0.05636778906249999 0.44402409687500005 0.0626923078125 0.450833734375 0.0667019234375 0.44773735 0.0679375 0.43767951875