0 0.8125 0.26923076875 0.8485576921875 0.283653846875 0.8798076921875 0.283653846875 0.908653846875 0.271634615625 0.9326923078125 0.2451923078125 0.94951923125 0.1418269234375 0.935096153125 0.1081730765625 0.903846153125 0.08653846093749999 0.8798076921875 0.0793269234375 0.8389423078125 0.08413461562499999 0.8125 0.0985576921875 0.7572115390625 0.15625 0.752403846875 0.185096153125 0.759615384375 0.20432692343749997 0.7884615390625 0.25 0.8125 0.26923076875
0 0.9639423078125 0.19951923124999998 0.939903846875 0.20192307656250003 0.935096153125 0.247596153125 0.9831730765625 0.252403846875 0.9855769234375 0.216346153125 0.9639423078125 0.19951923124999998
0 0.716346153125 0.2259615390625 0.7115384609375 0.197115384375 0.6947115390625 0.1802884609375 0.6634615390625 0.1802884609375 0.6490384609375 0.1947115390625 0.63701923125 0.216346153125 0.6394230765625 0.23317307656250003 0.671875 0.216346153125 0.716346153125 0.2259615390625
0 0.46394230781249995 0.17548076875000002 0.4375 0.1947115390625 0.43509615312500005 0.216346153125 0.49759615312500005 0.2259615390625 0.48076923125000004 0.1802884609375 0.46394230781249995 0.17548076875000002
0 0.5168269234375 0.185096153125 0.4855769234375 0.1826923078125 0.49759615312500005 0.22836538437499998 0.5168269234375 0.22836538437499998 0.5264423078125 0.2139423078125 0.5168269234375 0.185096153125
0 0.302884615625 0.197115384375 0.30048076875 0.221153846875 0.3365384609375 0.216346153125 0.3269230765625 0.1947115390625 0.302884615625 0.197115384375
0 0.2980769234375 0.189903846875 0.28125 0.15625 0.259615384375 0.1418269234375 0.23076923124999998 0.14423076875000002 0.20913461562500002 0.165865384375 0.20913461562500002 0.2115384609375 0.2235576921875 0.221153846875 0.26923076875 0.20913461562500002 0.2980769234375 0.189903846875
0 0.16826923124999998 0.1947115390625 0.146634615625 0.2139423078125 0.146634615625 0.25 0.216346153125 0.23557692343749997 0.189903846875 0.1947115390625 0.16826923124999998 0.1947115390625
0 0.0048076921875 0.153846153125 0 0.20192307656250003 0.05528846093749999 0.1875 0.0384615390625 0.158653846875 0.0048076921875 0.153846153125
3 0.5280865390625 0.7127259609375 0.516802884375 0.6855264421875 0.496685096875 0.682427884375 0.48552163437500007 0.7142644234375 0.494752403125 0.73119951875 0.5198798078125 0.7301730765625 0.5280865390625 0.7127259609375
3 0.4665480765625 0.6870673078125 0.46295673125 0.662435096875 0.42859134687499995 0.6672067312500001 0.4265480765625 0.6752644234375 0.40911057656249994 0.6896322109375 0.41936778906249994 0.699896634375 0.4665480765625 0.6870673078125
3 0.38723317343749997 0.822709134375 0.37133413437499996 0.7842235578125 0.34005288437500003 0.7898677890625 0.348771634375 0.8391298078125 0.37492548124999997 0.8601706734375 0.389283653125 0.847853365625 0.38723317343749997 0.822709134375
3 0.198002403125 0.7980769234375 0.20928365312500002 0.808853365625 0.22979567343750001 0.8032091343750001 0.25338701874999997 0.792947115625 0.28671875 0.7744735578124999 0.280052884375 0.7457355765625 0.24466826875 0.74830048125 0.24056490312499998 0.7626706734375001 0.2169759609375 0.7729326921874999 0.20620673125 0.7862740390625 0.198002403125 0.7980769234375
3 0.1176418265625 0.699278846875 0.12579326875000002 0.655158653125 0.09260576875 0.6504735578124999 0.0902259609375 0.669247596875 0.07688701875000001 0.6922331734375 0.08726201875 0.7066923078125 0.1176418265625 0.699278846875
3 0.0817043265625 0.6559014421875 0.07762740312500001 0.6306899031250001 0.0431706734375 0.6255 0.03501923125 0.63736298125 0.00575 0.6503389421875 0.0035264421875 0.6640576921875 0.0817043265625 0.6559014421875
3 0.23279326875 0.6877860578125 0.22871875 0.66257451875 0.196209134375 0.6568413468750001 0.18944471093749998 0.668134615625 0.15869230781250002 0.6848197109374999 0.1620264421875 0.7037259609375 0.23279326875 0.6877860578125
3 0.9564230765625 0.7875144234375 0.954283653125 0.745259615625 0.9252235578124999 0.7422331734375 0.914728365625 0.7666538468749999 0.9120552890625 0.7864447109375 0.9222115390625 0.7923293265625 0.9564230765625 0.7875144234375