0 0.73046875 0.03125 0.053125 0.03125
0 0.371875 0.0046875 0.0875 0.009375
0 0.9359375 0.3546875 0.075 0.11875
0 0.9109375 0.05234375 0.075 0.0421875
0 0.47734375 0.33046875 0.0515625 0.0703125
0 0.94140625 0.05859375 0.109375 0.053125
0 0.98984375 0.3921875 0.0203125 0.084375
0 0.77265625 0.053125 0.125 0.0734375
0 0.90546875 0.36875 0.1125 0.140625
0 0.6015625 0.04765625 0.1109375 0.090625
0 0.58203125 0.30390625 0.11875 0.15625
0 0.06953125 0.33125 0.09375 0.1203125
0 0.140625 0.3328125 0.1171875 0.146875
0 0.7484375 0.3515625 0.1484375 0.19375
0 0.34453125 0.34765625 0.1296875 0.16875