1 0.23376157407407408 0.29375 0.17067129629629632 0.259375
1 0.40075810185185184 0.31953125 0.13126157407407407 0.2125
1 0.5222337962962963 0.3734375 0.1366203703703704 0.303125
1 0.8125694444444445 0.30703125 0.1903240740740742 0.38125
1 0.4851446759259259 0.8453125 0.20385416666666673 0.309375
1 0.3983333333333333 0.8578125 0.21148148148148155 0.284375
1 0.28589699074074076 0.84921875 0.2147222222222222 0.3
1 0.16345486111111113 0.8203125 0.222974537037037 0.359375
1 0.07245659722222222 0.84296875 0.14491319444444445 0.3125
1 0.02949074074074074 0.8421875 0.05898148148148148 0.3125
1 0.8339004629629629 0.9078125 0.3201157407407408 0.184375