1 0.01640625 0.1951909722222222 0.0328125 0.13461805555555556
1 0.38203125 0.39951388888888884 0.2796875 0.3005092592592593
1 0.96328125 0.3748958333333333 0.0734375 0.24273148148148155
1 0.70546875 0.43852430555555555 0.115625 0.16179398148148144
1 0.78203125 0.40748842592592593 0.1078125 0.17111111111111105
1 0.60078125 0.4377372685185185 0.1140625 0.15396990740740737
1 0.6390625 0.40542245370370367 0.059375 0.0988773148148148
1 0.21015625 0.771099537037037 0.4140625 0.4577546296296296
1 0.9109375 0.6846585648148148 0.178125 0.38100694444444444
1 0.846875 0.6968518518518518 0.28125 0.3973958333333332
1 0.6515625 0.762361111111111 0.203125 0.38900462962962956
1 0.584375 0.7995775462962962 0.05625 0.27854166666666663