3 0.681000 0.765125 0.052375 0.085719
0 0.188937 0.168305 0.112687 0.044453
0 0.502430 0.151633 0.104766 0.065078
0 0.733383 0.127031 0.119047 0.069844
2 0.665133 0.455609 0.058734 0.053969
2 0.118305 0.526234 0.025391 0.046031
3 0.177031 0.817508 0.079375 0.066672
3 0.213547 0.783383 0.038094 0.049203
3 0.464336 0.800844 0.079359 0.068250
3 0.537352 0.789734 0.092078 0.074594
3 0.777828 0.815133 0.100000 0.071422
1 0.506141 0.490703 0.187812 0.493594
1 0.209969 0.489469 0.187812 0.493594
1 0.729953 0.465391 0.187812 0.493594
1 0.203187 0.538289 0.231656 0.545328
1 0.503187 0.487930 0.169781 0.507922
1 0.729078 0.465625 0.166906 0.497844