0 0.4703125 0.33203125 0.0921875 0.1015625
0 0.3875 0.3796875 0.0796875 0.10625
0 0.30703125 0.34921875 0.06640625 0.1140625
0 0.2359375 0.309375 0.0734375 0.09765625
1 0.19765625 0.46875 0.08203125 0.234375
1 0.28359375 0.50625 0.08203125 0.234375
1 0.40546875 0.50625 0.09140625 0.153125
1 0.48671875 0.478125 0.08203125 0.21640625
3 0.5 0.8015625 0.08671875 0.07890625
3 0.47265625 0.79921875 0.075 0.07421875
3 0.40859375 0.80625 0.05078125 0.06015625
3 0.38984375 0.81484375 0.03203125 0.05859375
3 0.3171875 0.81484375 0.0640625 0.04609375
3 0.26875 0.81171875 0.05234375 0.0640625
3 0.21328125 0.8265625 0.090625 0.10625