0 0.3578125 0.259375 0.3546875 0.296875 0.3671875 0.275 0.3671875 0.25 0.3578125 0.225 0.3375 0.2078125 0.30625 0.2109375 0.309375 0.246875 0.3359375 0.225 0.35 0.2359375 0.3578125 0.259375
0 0.503125 0.2 0.4859375 0.1796875 0.4671875 0.1828125 0.4546875 0.196875 0.4546875 0.2078125 0.46875 0.20625 0.5015625 0.2234375 0.503125 0.2
0 0.7171875 0.2046875 0.7265625 0.2296875 0.7265625 0.1921875 0.7109375 0.16875 0.6921875 0.1671875 0.6625 0.1890625 0.665625 0.20625 0.6875 0.1890625 0.7046875 0.1953125 0.7171875 0.2046875
1 0.296875 0.5296875 0.30625 0.5453125 0.3265625 0.54375 0.3421875 0.5671875 0.3546875 0.571875 0.365625 0.5421875 0.3671875 0.49375 0.359375 0.459375 0.365625 0.353125 0.35625 0.35 0.3546875 0.3578125 0.3359375 0.3640625 0.3296875 0.340625 0.3109375 0.3109375 0.2875 0.303125 0.2828125 0.309375 0.296875 0.34375 0.2890625 0.459375 0.296875 0.5296875
1 0.45 0.4703125 0.4671875 0.3578125 0.4578125 0.275 0.4328125 0.2671875 0.4203125 0.325 0.403125 0.35 0.3921875 0.45625 0.4234375 0.48125 0.4375 0.48125 0.45 0.4703125
1 0.4890625 0.428125 0.4828125 0.4515625 0.4609375 0.4671875 0.459375 0.4875 0.4734375 0.4984375 0.490625 0.453125 0.4890625 0.428125
1 0.715625 0.4953125 0.7375 0.45 0.740625 0.3765625 0.765625 0.3625 0.778125 0.365625 0.7515625 0.3078125 0.7203125 0.2859375 0.7125 0.2875 0.6984375 0.315625 0.6828125 0.359375 0.675 0.40625 0.6671875 0.4921875 0.675 0.509375 0.6921875 0.5109375 0.715625 0.4953125
1 0.6453125 0.5046875 0.6546875 0.5015625 0.6609375 0.45625 0.6671875 0.45 0.6765625 0.29375 0.6484375 0.3234375 0.6546875 0.340625 0.6484375 0.3453125 0.64375 0.40625 0.6453125 0.5046875
3 0.328125 0.915625 0.328125 0.9 0.3203125 0.8875 0.2765625 0.9015625 0.278125 0.9109375 0.29375 0.921875 0.3171875 0.921875 0.328125 0.915625
3 0.3984375 0.7984375 0.3765625 0.796875 0.375 0.8015625 0.36875 0.8734375 0.3875 0.88125 0.4015625 0.8734375 0.3984375 0.7984375
3 0.478125 0.8359375 0.4453125 0.796875 0.4265625 0.8 0.4234375 0.809375 0.425 0.8375 0.4515625 0.8484375 0.478125 0.8484375 0.478125 0.8359375
3 0.521875 0.825 0.5203125 0.7984375 0.4828125 0.790625 0.4609375 0.8078125 0.46875 0.825 0.48125 0.8359375 0.521875 0.825
3 0.5953125 0.8171875 0.565625 0.8109375 0.5546875 0.8359375 0.55625 0.8578125 0.5796875 0.8578125 0.59375 0.8421875 0.5953125 0.8171875
3 0.665625 0.825 0.6578125 0.7828125 0.6359375 0.784375 0.6 0.8125 0.5984375 0.834375 0.6046875 0.8359375 0.6609375 0.83125 0.665625 0.825
3 0.728125 0.8515625 0.7265625 0.8125 0.7 0.8078125 0.6875 0.8390625 0.6890625 0.8640625 0.7046875 0.8671875 0.721875 0.8609375 0.728125 0.8515625