1 0.13923032407407407 0.18932291666666667 0.13403935185185184 0.16660879629629632
1 0.267349537037037 0.19105324074074076 0.11364583333333336 0.15552083333333333
1 0.20460648148148147 0.3288773148148148 0.13171296296296298 0.06347222222222229
1 0.36778356481481483 0.34414930555555556 0.11604166666666664 0.05710648148148145
1 0.3043460648148148 0.04835069444444444 0.11005787037037038 0.09299768518518518
1 0.38966435185185183 0.23805555555555555 0.11686342592592594 0.16804398148148145
1 0.40816550925925926 0.06083912037037037 0.10554398148148145 0.11640046296296298
1 0.5103645833333333 0.2920775462962963 0.11532407407407401 0.17115740740740737
1 0.4718229166666667 0.22147569444444448 0.08518518518518511 0.10999999999999996
1 0.6063136574074074 0.3123206018518519 0.13084490740740726 0.1572106481481482
1 0.6446412037037037 0.0954050925925926 0.09016203703703703 0.14909722222222221