1 0.624363425925926 0.0625 0.2237268518518519 0.125
1 0.7066319444444444 0.02578125 0.11013888888888879 0.0515625
1 0.7628587962962963 0.02421875 0.19446759259259264 0.0484375
1 0.11458912037037036 0.4046875 0.22403935185185184 0.4625
1 0.20154513888888886 0.2625 0.1677893518518519 0.2515625
1 0.4644444444444444 0.13125 0.09795138888888885 0.178125
1 0.39271990740740736 0.14140625 0.1102662037037037 0.165625
1 0.48286458333333326 0.05625 0.026435185185185263 0.096875
1 0.7609143518518519 0.8421875 0.3293055555555554 0.290625
1 0.904693287037037 0.8484375 0.1906134259259261 0.21875
1 0.11748263888888888 0.8109375 0.18841435185185182 0.378125
1 0.14927083333333332 0.79453125 0.2507523148148148 0.3671875
1 0.22590856481481483 0.746875 0.2778819444444444 0.3
1 0.31889467592592596 0.6953125 0.27525462962962965 0.228125
1 0.41984374999999996 0.65390625 0.2102662037037037 0.165625
1 0.48654513888888895 0.62109375 0.1860879629629629 0.115625