1 0.7734375 0.62890625 0.21796875 0.70234375
1 0.55703125 0.61171875 0.16875 0.67109375
1 0.40078125 0.54921875 0.228125 0.85390625
0 0.39453125 0.2 0.10078125 0.14140625
0 0.55 0.33515625 0.08671875 0.1109375
0 0.75859375 0.334375 0.0875 0.090625
1 0.7625 0.5265625 0.1484375 0.303125
1 0.55078125 0.5515625 0.13125 0.32578125
1 0.384375 0.41953125 0.1359375 0.3578125
3 0.43046875 0.8984375 0.071875 0.16640625
2 0.6921875 0.6234375 0.04140625 0.090625
2 0.32265625 0.62421875 0.0375 0.08671875
2 0.4765625 0.54921875 0.02578125 0.05625