1 0.115625 0.7007060185185185 0.096875 0.17415509259259246
1 0.95078125 0.8132696759259259 0.0546875 0.23790509259259274
1 0.9328125 0.7634027777777778 0.0625 0.18015046296296297
1 0.8921875 0.7574537037037038 0.0828125 0.17561342592592588
1 0.86171875 0.6764293981481482 0.040625 0.05342592592592581
1 0.81484375 0.6986516203703703 0.0484375 0.05192129629629623
1 0.75390625 0.7873842592592593 0.1234375 0.17435185185185187
1 0.68125 0.7691724537037038 0.059375 0.18481481481481482
1 0.59453125 0.7635648148148148 0.1515625 0.2167476851851852
1 0.52421875 0.7367418981481482 0.0796875 0.18340277777777772
1 0.46015625 0.7262789351851853 0.09375 0.20225694444444428
1 0.36328125 0.7379340277777777 0.0984375 0.21322916666666672
1 0.27265625 0.6839178240740741 0.0921875 0.1288078703703704