0 0.2234375 0.3796875 0.07890625 0.13984375
0 0.51015625 0.36328125 0.0640625 0.12265625
0 0.2765625 0.39765625 0.08359375 0.10625
0 0.59765625 0.38828125 0.0484375 0.09140625
0 0.67421875 0.40703125 0.0640625 0.08125
3 0.78125 0.928125 0.0890625 0.0578125
3 0.8484375 0.953125 0.053125 0.09375
3 0.67734375 0.86484375 0.0578125 0.06796875
3 0.66328125 0.82734375 0.04375 0.0546875
3 0.6234375 0.80234375 0.06015625 0.075
3 0.59140625 0.78671875 0.05703125 0.05390625
3 0.55703125 0.85234375 0.0578125 0.0953125
3 0.50078125 0.86328125 0.059375 0.10390625
3 0.42421875 0.8328125 0.05625 0.0703125
3 0.37109375 0.8140625 0.05078125 0.08984375
3 0.25390625 0.93046875 0.0765625 0.071875
3 0.2046875 0.9671875 0.09140625 0.065625
3 0.2796875 0.825 0.059375 0.07890625