2 0.4728312671875 0.7657142859375 0.4785510015625 0.781428571875 0.48141086718750004 0.781428571875 0.4880838890625 0.7571428578125 0.5138226875 0.7171428578125 0.5166825546875 0.7042857140625001 0.5166825546875 0.7 0.5014299328125 0.7 0.497616778125 0.688571428125 0.48999046718750006 0.6942857140625 0.4880838890625 0.708571428125 0.46234509062500007 0.738571428125 0.46520495781250004 0.7628571421875 0.4728312671875 0.7657142859375
1 0.49189704531249995 0.508571428125 0.5033365109375 0.508571428125 0.515729265625 0.5242857140625 0.515729265625 0.538571428125 0.5204957109375 0.54 0.52621544375 0.5242857140625 0.5424213531250001 0.5071428578125 0.5452812203125 0.4971428578125 0.5653736890625 0.46153857187499997 0.568160153125 0.5028571421875 0.5786463296875 0.501428571875 0.617731171875 0.42428571406250004 0.62821735 0.41285714218749997 0.630123928125 0.4028571421875 0.6072449953125 0.3671428578125 0.5843660625 0.35285714218750003 0.56148713125 0.3471428578125 0.5204957109375 0.34857142812499997 0.49857006718749997 0.3571428578125 0.467111534375 0.3857142859375 0.45281220156249996 0.40714285781250004 0.445185890625 0.4357142859375 0.44899904687500003 0.5042857140625 0.45567206875000005 0.518571428125 0.48331744531250004 0.521428571875 0.49189704531249995 0.508571428125
0 0.318398475 0.5442857140624999 0.31363203125 0.538571428125 0.3069590078125 0.538571428125 0.2993326984375 0.548571428125 0.29647283125 0.5557142859375 0.2993326984375 0.5628571421874999 0.320305053125 0.5642857140624999 0.318398475 0.5442857140624999
3 0.69494756875 0.8099999999999999 0.6959008578125 0.7971428578124999 0.683508103125 0.76 0.681601525 0.7371428578125 0.673021925 0.731428571875 0.6587225921875 0.7357142859375 0.653002859375 0.7428571421875 0.6558627265625 0.7642857140625 0.653002859375 0.7942857140624999 0.6653956156249999 0.8028571421875 0.69494756875 0.8099999999999999
2 0.33269780781249997 0.63 0.3307912296875 0.621428571875 0.320305053125 0.6128571421875 0.318398475 0.631428571875 0.3222116296875 0.6371428578125 0.329837940625 0.6371428578125 0.33269780781249997 0.63
2 0.3412774078125 0.6242857140625 0.333651096875 0.62 0.3222116296875 0.6271428578125 0.3260247859375 0.6371428578125 0.3412774078125 0.6371428578125 0.34318398437500003 0.631428571875 0.3412774078125 0.6242857140625
3 0.29038608125 0.6747257140625 0.28965300312500003 0.661538571875 0.27931363125 0.6571428578125 0.2774070546875 0.6771428578124999 0.281220209375 0.6871428578125001 0.29647283125 0.688571428125 0.29038608125 0.6747257140625
2 0.4957102 0.688571428125 0.5014299328125 0.6571428578125 0.470924690625 0.6357142859375 0.4613918015625 0.6757142859374999 0.4585319359375 0.7257142859375 0.46234509062500007 0.7328571421875 0.48713059999999997 0.71 0.4957102 0.688571428125
0 0.49857006718749997 0.4857142859375 0.50047664375 0.47000000000000003 0.5100095328124999 0.45857142812499996 0.5119161109375 0.431428571875 0.5014299328125 0.40571428593750003 0.48236415624999995 0.3957142859375 0.4747378453125 0.381428571875 0.45567206875000005 0.4028571421875 0.445185890625 0.4357142859375 0.4480457578125 0.501428571875 0.4566253578125 0.52 0.48141086718750004 0.5228571421875 0.49857006718749997 0.4857142859375
3 0.3060057203125 0.668571428125 0.309818875 0.651428571875 0.30123927500000003 0.65 0.2936129640625 0.6585714281249999 0.294566253125 0.6828571421875 0.309818875 0.688571428125 0.31077216406249997 0.6799999999999999 0.3060057203125 0.668571428125
3 0.555767396875 0.78 0.5586272640625001 0.7671428578125 0.5481410875 0.7271428578125 0.5452812203125 0.7328571421875 0.5166825546875 0.7242857140625001 0.507149665625 0.7671428578125 0.48999046718750006 0.7828571421875 0.49094375625 0.7942857140624999 0.5100095328124999 0.8028571421875 0.5214489984374999 0.8014285718749999 0.555767396875 0.78
1 0.3219180171875 0.6153842859374999 0.3260247859375 0.5900000000000001 0.320305053125 0.578571428125 0.3126787421875 0.5771428578125 0.3087187796875 0.6054942859375 0.2955195421875 0.5714285718750001 0.2802669203125 0.5914285718750001 0.27454718749999996 0.611428571875 0.272640609375 0.63 0.2936129640625 0.621428571875 0.3088655859375 0.6271428578125 0.3219180171875 0.6153842859374999