1 0.5890625 0.8296875 0.1234375 0.340625
1 0.4171875 0.81953125 0.1078125 0.3296875
1 0.3046875 0.7953125 0.071875 0.22265625
1 0.23125 0.79765625 0.0765625 0.19765625
1 0.1625 0.79921875 0.0609375 0.271875
1 0.12265625 0.79609375 0.0484375 0.18125
1 0.065625 0.809375 0.0625 0.26015625
1 0.0421875 0.6984375 0.0296875 0.059375
1 0.24609375 0.72734375 0.028125 0.0546875
0 0.58046875 0.6890625 0.0671875 0.06171875
0 0.4046875 0.68984375 0.05625 0.05859375
0 0.29140625 0.7125 0.05390625 0.04140625
0 0.2421875 0.71796875 0.0234375 0.03984375
0 0.2234375 0.71875 0.02890625 0.04453125
0 0.15546875 0.69375 0.03671875 0.040625
0 0.128125 0.72578125 0.03515625 0.03359375
0 0.0734375 0.7015625 0.04296875 0.059375
0 0.0484375 0.6984375 0.028125 0.0484375
1 0.59453125 0.78515625 0.08515625 0.1296875
1 0.4125 0.74921875 0.09609375 0.0875
1 0.29609375 0.7609375 0.06640625 0.0765625
1 0.2359375 0.77890625 0.06328125 0.07734375
1 0.1625 0.7609375 0.059375 0.0953125
1 0.12109375 0.775 0.05546875 0.0828125
1 0.0609375 0.775 0.06953125 0.12890625
3 0.59453125 0.98203125 0.09375 0.0359375
3 0.415625 0.93046875 0.06796875 0.0796875
3 0.30234375 0.878125 0.05078125 0.06171875
3 0.2265625 0.9 0.06328125 0.03203125
3 0.16484375 0.909375 0.05390625 0.0359375
3 0.0625 0.9359375 0.084375 0.046875
2 0.55234375 0.8484375 0.025 0.03828125
2 0.42890625 0.6546875 0.02890625 0.03203125
2 0.29140625 0.7734375 0.01640625 0.02421875