0 0.88828125 0.265625 0.08828125 0.115625
0 0.6828125 0.36328125 0.07109375 0.09453125
0 0.47890625 0.39453125 0.05625 0.06640625
0 0.32578125 0.32265625 0.065625 0.08203125
0 0.1078125 0.29921875 0.11484375 0.1734375
1 0.32109375 0.44375 0.0921875 0.13984375
1 0.47578125 0.4859375 0.053125 0.1015625
1 0.69140625 0.475 0.05625 0.134375
1 0.8921875 0.41796875 0.115625 0.2015625
1 0.1015625 0.41015625 0.15703125 0.21640625
3 0.04140625 0.7625 0.07890625 0.0765625
3 0.09296875 0.7875 0.0703125 0.10625
3 0.2640625 0.73515625 0.046875 0.096875
3 0.34375 0.7109375 0.06484375 0.0578125
3 0.9015625 0.7953125 0.0984375 0.07109375
3 0.8625 0.74375 0.07265625 0.06875
3 0.65234375 0.703125 0.08046875 0.08046875
3 0.5046875 0.6515625 0.0453125 0.05546875