1 0.1921875 0.77578125 0.18359375 0.44765625
1 0.6484375 0.7609375 0.21875 0.478125
1 0.76796875 0.78046875 0.115625 0.29765625
1 0.27890625 0.79140625 0.121875 0.375
0 0.61328125 0.59296875 0.065625 0.0890625
0 0.23515625 0.59765625 0.07734375 0.09375
0 0.26953125 0.625 0.040625 0.04296875
0 0.1921875 0.64296875 0.0265625 0.015625
3 0.18515625 0.9640625 0.046875 0.0640625
3 0.16796875 0.96953125 0.05 0.0546875
3 0.28125 0.95234375 0.06484375 0.0578125
3 0.78203125 0.909375 0.0546875 0.0484375
2 0.834375 0.78671875 0.01640625 0.02890625