0 0.282271528125 0.54901944375 0.2888888890625 0.5481481484375 0.2826388890625 0.534259259375 0.275 0.527777778125 0.2645833328125 0.5324074078125001 0.259722221875 0.5416666671875 0.259027778125 0.5509259265625001 0.26633958281250003 0.548475 0.27532708281249996 0.54793055625 0.282271528125 0.54901944375
1 0.26805555625 0.6009259265625 0.26715694375 0.617102778125 0.26593125 0.635621296875 0.26470555625 0.65305 0.26597222187499997 0.665740740625 0.28635625 0.6655777781250001 0.2916666671875 0.6666666671875 0.290972221875 0.6564814812499999 0.2875 0.5935185187500001 0.278472221875 0.5796296296875 0.280228471875 0.6023962968750001 0.27491805625 0.5795203703125 0.263072221875 0.57461851875 0.25833333281250004 0.577777778125 0.26633958281250003 0.583877778125 0.26756527812500003 0.5898694437499999 0.26805555625 0.6009259265625
1 0.2451388890625 0.6777777781250001 0.252777778125 0.66944444375 0.2486111109375 0.652777778125 0.2479166671875 0.597222221875 0.2416666671875 0.6138888890625 0.2434638890625 0.624727778125 0.24550624999999998 0.643790740625 0.24097222187499998 0.66851851875 0.2451388890625 0.6777777781250001
3 0.259027778125 0.8129629625 0.2491833328125 0.79901944375 0.2520833328125 0.775 0.23611111093749998 0.772222221875 0.23333333281250002 0.777777778125 0.2298611109375 0.8138888890624999 0.240277778125 0.81851851875 0.2576388890625 0.8175925921875 0.259027778125 0.8129629625
3 0.28513055625 0.8055555562500001 0.2867645828125 0.7924833328124999 0.27410138906250003 0.7903046296875 0.27430555624999997 0.7768518515625 0.2673611109375 0.765740740625 0.25347222187499996 0.7731481484375 0.252777778125 0.796296296875 0.25486111093749997 0.8027777781250001 0.2611111109375 0.8055555562500001 0.28513055625 0.8055555562500001
0 0.3458333328125 0.553703703125 0.3416666671875 0.5351851859375001 0.334027778125 0.5268518515625 0.3298611109375 0.5259259265625 0.321527778125 0.5314814812499999 0.31597222187499996 0.54444444375 0.31781041718749997 0.5517425921875 0.3227125 0.5495638890625 0.340972221875 0.55648148125 0.3458333328125 0.553703703125
1 0.30555555624999997 0.6863425921874999 0.3196611109375 0.684027778125 0.32465277812500004 0.6802666671875001 0.32883958281250003 0.6775601859375 0.3325166671875 0.6732027781250001 0.32843125 0.6704796296875 0.32148680625 0.6628537031249999 0.3129083328125 0.6465138890625 0.3129083328125 0.6225490734375 0.3083763890625 0.6154518515625 0.30841527812499997 0.6111111109375 0.30946180624999997 0.6053240734374999 0.310546528125 0.5975120375 0.3120916671875 0.5898694437499999 0.31597222187499996 0.5833333328125 0.31821875 0.5827888890625 0.32598055625 0.583877778125 0.3298611109375 0.588252778125 0.3321076390625 0.5947712968750001 0.33660138906250003 0.6225490734375 0.3337673609375 0.625578703125 0.33138055624999996 0.6261574078125001 0.32964444375 0.6319444437499999 0.3292104171875 0.6429398140625 0.3322486109375 0.650752778125 0.337890971875 0.6585648140625 0.3381076390625 0.6657990734375 0.34027777812500004 0.66898148125 0.3400611109375 0.67274351875 0.3458333328125 0.671296296875 0.34444444375 0.6425925921875 0.330128471875 0.5790601859375 0.319978471875 0.571225 0.3104166671875 0.5759259265625001 0.3005638890625 0.600984259375 0.29405347187499997 0.6252898140625 0.29296875 0.6484379625 0.29752569375000004 0.6707175921874999 0.2986111109375 0.6861111109375 0.30555555624999997 0.6863425921874999
3 0.28125 0.8296296296874999 0.2916666671875 0.8282824078125 0.2986111109375 0.825 0.29930555625 0.8166666671874999 0.2954548609375 0.8072388890625 0.2897729171875 0.80808055625 0.28611111093749997 0.8046296296875 0.28440625 0.8093435187500001 0.282828471875 0.8160777781249999 0.2791666671875 0.8203703703125 0.279040278125 0.8253370375 0.28125 0.8296296296874999
3 0.3263888890625 0.834259259375 0.3358583328125 0.8333333328125001 0.33541666718749996 0.8296296296874999 0.33554305625 0.826178703125 0.3267048609375 0.821127778125 0.31736111093749997 0.8111111109375001 0.309659028125 0.8164981484375 0.3046083328125 0.8127101859374999 0.3027145828125 0.8148148140625 0.3020833328125 0.823652778125 0.2986111109375 0.83055555625 0.3020833328125 0.8351851859374999 0.3263888890625 0.834259259375
0 0.404040278125 0.5635518515625 0.4236111109375 0.5638888890625 0.42083333281249996 0.546296296875 0.41180555625000004 0.5361111109375 0.40138888906250003 0.5398148140625 0.3958333328125 0.5481481484375 0.39444444375 0.5611111109375 0.396527778125 0.5638888890625 0.3977270828125 0.56186851875 0.404040278125 0.5635518515625
1 0.38194444375000003 0.64730648125 0.377209721875 0.65361944375 0.37941944375 0.6662453703125 0.3885729171875 0.68686851875 0.403409028125 0.6923398140625 0.40277777812500004 0.6952861109375 0.3970958328125 0.6944444437499999 0.4 0.702777778125 0.42222222187499997 0.6972222218749999 0.4223486109375 0.6792925921874999 0.4201388890625 0.6645620375 0.4217173609375 0.6599324078125 0.4232951390625 0.65361944375 0.4207701390625 0.6367842593749999 0.4236111109375 0.60555555625 0.41875 0.5962962968750001 0.41256319374999995 0.5942759265625 0.41382569374999995 0.60521851875 0.41224722187499996 0.627946296875 0.39993680625 0.59890555625 0.39393958281249997 0.5883842593749999 0.3885729171875 0.5900675921875 0.38005069375 0.5980638890625001 0.38446944375 0.5993268515625 0.3869951390625 0.6043768515625 0.3892048609375 0.6136361109374999 0.3907826390625 0.6258416671875 0.3917298609375 0.6384675921875 0.3885729171875 0.6439398140625 0.38194444375000003 0.64730648125
3 0.40561875000000003 0.85774444375 0.39867430625 0.8434342593749999 0.3936236109375 0.8375416671875 0.3916666671875 0.8324074078124999 0.3826388890625 0.834259259375 0.3791666671875 0.8444444437499999 0.38055555625 0.85555555625 0.3895201390625 0.8611111109375 0.40277777812500004 0.8629629624999999 0.40561875000000003 0.85774444375
3 0.41875 0.8379629625 0.4048611109375 0.8259259265625 0.39375 0.8333333328125001 0.39375 0.8398148140625 0.40277777812500004 0.847222221875 0.4201388890625 0.8453703703125001 0.41875 0.8379629625
0 0.50315625 0.5782824078125001 0.49936875000000003 0.5723907406250001 0.497475 0.56186851875 0.49116180624999994 0.5547138890625 0.479734721875 0.5510101859375001 0.4686236109375 0.5611953703125 0.466540278125 0.5787879625000001 0.4714013890625 0.58434351875 0.4845326390625 0.578703703125 0.50315625 0.5782824078125001
1 0.503472221875 0.7296296296875 0.5048611109375 0.7212962968750001 0.502777778125 0.7148148140624999 0.50625 0.7046296296875 0.502777778125 0.7018518515625 0.502777778125 0.6870370375 0.49526527812500004 0.6717175921874999 0.49210833281250005 0.6574074078125001 0.49179305624999997 0.6376259265625001 0.49652777812500004 0.6271046296875 0.5020833328125 0.622222221875 0.49375 0.6101851859375 0.46875 0.6148990734375 0.465972221875 0.6083333328125 0.4513888890625 0.6268518515625 0.447222221875 0.647222221875 0.447222221875 0.678703703125 0.45208333281249996 0.7296296296875 0.4798611109375 0.734259259375 0.503472221875 0.7296296296875
3 0.47569444375 0.8674240734374999 0.48125 0.8611111109375 0.47430555625000004 0.853703703125 0.4583333328125 0.8546296296874999 0.4548611109375 0.8611111109375 0.4548611109375 0.872222221875 0.4576388890625 0.8740740734375001 0.47083333281249995 0.872222221875 0.47569444375 0.8674240734374999
3 0.5270833328125 0.865740740625 0.5263888890625 0.8583333328125 0.5129416671875 0.8510101859375 0.504734721875 0.8598481484375 0.497159028125 0.8594277781249999 0.49444444374999996 0.8546296296874999 0.4923611109375 0.86944444375 0.49583333281249997 0.872222221875 0.5215277781250001 0.8703703703125001 0.5270833328125 0.865740740625
0 0.5833333328125 0.5481481484375 0.5791666671875 0.5351851859375001 0.5701388890625 0.527777778125 0.5604166671875 0.5305555562500001 0.5527777781250001 0.5453703703125 0.5555555562500001 0.5518518515624999 0.56313125 0.548821296875 0.5845958328124999 0.5492425921875 0.5833333328125 0.5481481484375
1 0.588384028125 0.6645620375 0.587121528125 0.5938555562500001 0.5830173609375 0.584596296875 0.5738638890625001 0.5938555562500001 0.567234721875 0.61531944375 0.5666034718749999 0.6085861109375 0.562815971875 0.6010101859375 0.55934375 0.589646296875 0.5482951390624999 0.5795453703125 0.5395833328124999 0.5833333328125 0.54135069375 0.6077444437499999 0.5473486109375 0.6174240734375 0.5482951390624999 0.6271046296875 0.5473486109375 0.6363638890625001 0.5470326390625 0.6691916671875 0.5697604171874999 0.6620370375 0.5732326390625 0.6544611109375 0.5770201390625 0.6633 0.588384028125 0.6645620375
3 0.5555555562500001 0.8 0.553472221875 0.796296296875 0.5438763890625 0.797559259375 0.5423611109375 0.8046296296875 0.5416666671875 0.8138888890624999 0.54444444375 0.8203703703125 0.5548611109375 0.81851851875 0.5555555562500001 0.8
3 0.590277778125 0.81691944375 0.5916666671875 0.8138888890624999 0.590909028125 0.8089222218750001 0.58428055625 0.8017675921875 0.5798611109375 0.7888888890625 0.5736111109375 0.79351851875 0.5673611109375 0.790740740625 0.565277778125 0.803703703125 0.5694444437499999 0.8101851859375 0.5826388890625 0.8166666671874999 0.590277778125 0.81691944375
0 0.6631944437499999 0.54444444375 0.653472221875 0.5305555562500001 0.64375 0.5305555562500001 0.6375 0.5379629625 0.63680555625 0.553703703125 0.6388888890625 0.5574074078125 0.6643520828125 0.5501546296875001 0.6631944437499999 0.54444444375
1 0.6458333328125 0.641975 0.6464118062499999 0.676697221875 0.6729166671875 0.6805555562500001 0.6944444437499999 0.6740740734374999 0.6979166671875 0.66944444375 0.690972221875 0.6074074078125 0.6923611109375 0.6 0.70555555625 0.5870370375 0.7204861109375 0.5833333328125 0.7413194437499999 0.5709879625000001 0.7372687499999999 0.5640435187499999 0.6645833328124999 0.5740740734374999 0.659722221875 0.5833333328125 0.6458333328125 0.5870370375 0.6361111109375 0.5953703703125 0.6326388890625 0.6046296296875 0.63125 0.627777778125 0.63055555625 0.68148148125 0.6333333328124999 0.6888888890625 0.6383104171875 0.688271296875 0.6458333328125 0.641975
3 0.652777778125 0.8138888890624999 0.65 0.8074074078125 0.6347222218749999 0.8046296296875 0.625 0.81851851875 0.6270833328125 0.8259259265625 0.63819444375 0.8268518515625001 0.65 0.821296296875 0.652777778125 0.8138888890624999
3 0.6798611109375 0.8222222218749999 0.6770833328125 0.803703703125 0.66180555625 0.7990740734374999 0.6611111109375 0.8018518515625 0.6604166671875 0.8138888890624999 0.6666666671875 0.8231481484375 0.6770833328125 0.825 0.6798611109375 0.8222222218749999