3 0.9301886796875 0.7743702078125 0.9333333328125001 0.7557502734375 0.932704403125 0.742606790625 0.92767295625 0.734939759375 0.9150943390625 0.734939759375 0.9018867921875 0.7568455640625 0.8905660375 0.7677984671875 0.8924528296875 0.7853231109375 0.9018867921875 0.7951807234375 0.90880503125 0.7776560781249999 0.9301886796875 0.7743702078125
3 0.368553459375 0.824753559375 0.3716981125 0.81818181875 0.3710691828125 0.80832420625 0.3635220125 0.8017524640625 0.35597484218750003 0.782037240625 0.3477987421875 0.782037240625 0.3339622640625 0.7743702078125 0.32767295625 0.782037240625 0.327044025 0.79846659375 0.34528301875 0.824753559375 0.3610062890625 0.8280394296875 0.368553459375 0.824753559375
3 0.2842767296875 0.836801753125 0.28805031406250003 0.83351588125 0.3025157234375 0.7907995624999999 0.304402515625 0.76341730625 0.2905660375 0.7590361453125001 0.286792453125 0.7645125953125 0.277987421875 0.7656078859375001 0.269182390625 0.7776560781249999 0.2635220125 0.797371303125 0.26289308125 0.8127053671875 0.27232704375 0.8214676890625 0.2798742140625 0.8357064624999999 0.2842767296875 0.836801753125
1 0.581132075 0.6538882796875 0.5968553453125 0.662650603125 0.6150943390625 0.660460021875 0.61823899375 0.650602409375 0.6283018874999999 0.6451259578124999 0.6333333328124999 0.6210295734375 0.64528301875 0.587075575 0.6421383640625 0.5750273828125 0.6289031453125 0.5673548734375 0.6222930812499999 0.5854446875 0.60907295625 0.618335159375 0.595597484375 0.5662650609375001 0.59119496875 0.5542168671875001 0.5842767296875 0.5596933187500001 0.577987421875 0.5837897046875 0.5798742140625001 0.605695509375 0.5761006296875 0.625410734375 0.577358490625 0.6418400875 0.581132075 0.6538882796875
0 0.21320754687500001 0.595837896875 0.204402515625 0.568455640625 0.1930817609375 0.5575027375 0.18238993750000002 0.5596933187500001 0.177987421875 0.5651697703125 0.169182390625 0.5914567359375 0.169182390625 0.603504928125 0.17358490625 0.6067908 0.20880503125 0.6013143484375 0.21320754687500001 0.595837896875
0 0.7094339625 0.5345016421875 0.718867925 0.541073384375 0.7207547171875001 0.54983570625 0.7251572328125 0.5476451265625 0.72641509375 0.5366922234375 0.7201257859375 0.511500546875 0.712578615625 0.503833515625 0.7062893078125 0.503833515625 0.6968553453124999 0.513691128125 0.6905660375 0.5323110625 0.6930817609375 0.542168675 0.70062893125 0.5345016421875 0.7094339625 0.5345016421875
0 0.822012578125 0.5016429359375 0.82641509375 0.49397590312500006 0.82641509375 0.48521358125 0.8213836484374999 0.4676889375 0.8125786156249999 0.457831325 0.7987421390625 0.4622124859375 0.7905660375 0.48192771093750003 0.7905660375 0.49288061406250006 0.8025157234375 0.48630887187500005 0.8144654093750001 0.48630887187500005 0.822012578125 0.5016429359375
1 0.8710691828125 0.6396495078125 0.8748427671875 0.64950711875 0.8823899374999999 0.658269440625 0.8987421390625 0.6648411828125 0.9144654093750001 0.658269440625 0.92767295625 0.603504928125 0.92767295625 0.58488499375 0.9232704406250001 0.576122671875 0.918867925 0.5739320921875 0.9100628937499999 0.5805038328125 0.910304403125 0.6117568453125 0.9018056609375 0.6364238765625 0.8951955968749999 0.633135815625 0.882919496875 0.641358159375 0.8781981125 0.6084676890625 0.8781981125 0.5755772171875 0.88176100625 0.5596933187500001 0.8836477984375 0.5553121578125 0.8805031453125001 0.5531215765625 0.872955975 0.5553121578125 0.8584905656249999 0.5728368015624999 0.8572327046874999 0.5826944140625 0.86415094375 0.588170865625 0.8716981125000001 0.6265060234375001 0.8710691828125 0.6396495078125
3 0.7421383640625 0.7710843374999999 0.750314465625 0.762322015625 0.7522012578124999 0.7546549828125 0.750943396875 0.74370208125 0.7207547171875001 0.7185104046874999 0.718867925 0.7207009859375 0.712578615625 0.73603505 0.7169811328125 0.7557502734375 0.7352201265625 0.7710843374999999 0.7421383640625 0.7710843374999999
3 0.713207546875 0.7469879515625 0.70880503125 0.7283680171875 0.70062893125 0.7130339546875 0.6968553453124999 0.716319825 0.68993710625 0.7382256296875 0.68993710625 0.7524644031250001 0.7031446546875 0.7645125953125 0.7056603781249999 0.7645125953125 0.713207546875 0.7469879515625
1 0.6981132078125001 0.652792990625 0.7025157234375 0.670317634375 0.70880503125 0.680175246875 0.713207546875 0.6823658265625 0.71823899375 0.677984665625 0.722012578125 0.670317634375 0.7213836484375 0.65936473125 0.7062893078125 0.6538882796875 0.7018867921874999 0.6440306687499999 0.7018867921874999 0.635268346875 0.7308176093750001 0.630887184375 0.7345911953125001 0.6188389921875 0.731446540625 0.605695509375 0.7339622640625 0.5837897046875 0.7213836484375 0.5739320921875 0.7091685531249999 0.6166900328125 0.694968553125 0.5739320921875 0.6798742140625 0.5826944140625 0.686792453125 0.598028478125 0.6886792453125 0.61445783125 0.6924528296875 0.6210295734375 0.6981132078125001 0.652792990625
3 0.618867925 0.7940854328125 0.618867925 0.78094195 0.6106918234375 0.7699890468749999 0.605031446875 0.76889375625 0.6031446546875 0.76341730625 0.5849056609375001 0.762322015625 0.5754716984375 0.7667031765625001 0.5698113203124999 0.7743702078125 0.5716981125 0.7951807234375 0.5987421390625001 0.80832420625 0.61006289375 0.80832420625 0.618867925 0.7940854328125
3 0.9471698109375 0.81818181875 0.9496855343749999 0.814895946875 0.9503144656250001 0.7940854328125 0.9314465406249999 0.7699890468749999 0.9081761 0.7765607890624999 0.9037735843749999 0.7831325296875 0.9037735843749999 0.799561884375 0.912578615625 0.8127053671875 0.9308176093749999 0.81818181875 0.9471698109375 0.81818181875
3 0.5566037734375 0.7907995624999999 0.558490565625 0.7732749171875 0.5515723265625 0.7568455640625 0.522012578125 0.73384446875 0.513836478125 0.73384446875 0.5075471703125001 0.7458926609375001 0.5062893078124999 0.7579408546875 0.5094339625 0.7656078859375001 0.5484276734375 0.7951807234375 0.5566037734375 0.7907995624999999
1 0.79937106875 0.548740415625 0.80062893125 0.5443592546875 0.7918239 0.533406353125 0.7905660375 0.521358159375 0.7792452828124999 0.5268346109375 0.776729559375 0.533406353125 0.7830188671875 0.5531215765625 0.8012578609375 0.5520262875 0.79937106875 0.548740415625
1 0.8062893078125001 0.6440306687499999 0.8251572328125001 0.6067908 0.8069182390625 0.5936473171875 0.7997905656250001 0.6002190578125 0.7893081765625001 0.5991237671875 0.7880503140624999 0.603504928125 0.795597484375 0.6418400875 0.7987421390625 0.6473165390625 0.8062893078125001 0.6440306687499999
1 0.8295597484374999 0.5618839 0.8345911953125 0.5443592546875 0.8339622640625001 0.53997809375 0.822012578125 0.5290251921875 0.8188679249999999 0.5290251921875 0.81006289375 0.543263965625 0.8069182390625 0.548740415625 0.8081761000000001 0.5553121578125 0.81823899375 0.5618839 0.8295597484374999 0.5618839
3 0.4440251578125 0.782037240625 0.43899371093750006 0.7743702078125 0.42327044062499997 0.7754654984375 0.4150943390625 0.7710843374999999 0.404402515625 0.7765607890624999 0.4 0.772179628125 0.395597484375 0.7907995624999999 0.395597484375 0.8138006578124999 0.405031446875 0.817086528125 0.43899371093750006 0.8017524640625 0.4440251578125 0.782037240625
1 0.17987421406249998 0.8499452359375 0.1822496859375 0.80745345 0.1992471703125 0.7498948515625 0.1784723265625 0.7416725078125 0.1614748421875 0.753184009375 0.1595867921875 0.69727163125 0.1775283015625 0.6742475359375 0.20566037812500002 0.6944140203125 0.19937106875 0.676889375 0.20062893124999998 0.6736035046875 0.169182390625 0.6516976999999999 0.16289308125 0.660460021875 0.1566037734375 0.6856516984375001 0.15345911875 0.7217962765625 0.15471698125 0.7677984671875 0.17295597499999998 0.844468784375 0.17987421406249998 0.8499452359375