0 0.79453125 0.27265625 0.0515625 0.10703125
0 0.1359375 0.29921875 0.0859375 0.15703125
0 0.2328125 0.42578125 0.0671875 0.10390625
0 0.3046875 0.41953125 0.07265625 0.096875
0 0.3890625 0.3875 0.05703125 0.09609375
0 0.43984375 0.3984375 0.03984375 0.08046875
0 0.47734375 0.38125 0.040625 0.071875
0 0.53125 0.38125 0.03984375 0.065625
0 0.57109375 0.3671875 0.0359375 0.0671875
0 0.5921875 0.3546875 0.03125 0.05546875
0 0.65 0.3703125 0.03984375 0.06171875
1 0.8140625 0.3828125 0.07421875 0.14375
1 0.646875 0.428125 0.0515625 0.07578125
1 0.60078125 0.4234375 0.03671875 0.1015625
1 0.5640625 0.43671875 0.03046875 0.09140625
1 0.528125 0.478125 0.0453125 0.12109375
1 0.475 0.47890625 0.04453125 0.134375
1 0.4390625 0.4921875 0.03984375 0.13125
1 0.38828125 0.51875 0.0609375 0.1703125
1 0.31875 0.54296875 0.09296875 0.1875
1 0.2328125 0.5453125 0.06796875 0.1328125
1 0.13984375 0.5109375 0.09609375 0.2859375
3 0.16484375 0.8828125 0.096875 0.15703125
3 0.25859375 0.68984375 0.0328125 0.0703125
3 0.28515625 0.6546875 0.0375 0.06640625
3 0.3625 0.76328125 0.046875 0.1484375
3 0.38828125 0.73671875 0.03515625 0.1328125
3 0.409375 0.7421875 0.0390625 0.07421875
3 0.4609375 0.74921875 0.04921875 0.065625
3 0.496875 0.67421875 0.0515625 0.109375
3 0.51796875 0.63046875 0.0328125 0.109375
3 0.5359375 0.6359375 0.03046875 0.06171875
3 0.55 0.62265625 0.02734375 0.06015625
3 0.5640625 0.59921875 0.0296875 0.07265625
3 0.60546875 0.59375 0.02421875 0.0453125
3 0.62421875 0.59296875 0.02578125 0.0375
3 0.63359375 0.56875 0.028125 0.053125
3 0.64921875 0.56328125 0.0234375 0.040625
3 0.671875 0.53828125 0.03984375 0.08125
3 0.79375 0.62890625 0.04296875 0.1
3 0.82734375 0.64296875 0.02734375 0.10390625