0 0.178125 0.1125 0.121875 0.15859375
0 0.41328125 0.18671875 0.09609375 0.15234375
0 0.5109375 0.13984375 0.1078125 0.17421875
0 0.8609375 0.18125 0.11640625 0.15703125
1 0.809375 0.39609375 0.22265625 0.30703125
1 0.4875 0.38125 0.165625 0.296875
1 0.16640625 0.39453125 0.2140625 0.38515625
3 0.24296875 0.95 0.11484375 0.07421875
3 0.14609375 0.95859375 0.09921875 0.0828125
3 0.35625 0.96171875 0.13359375 0.0765625
3 0.48359375 0.96328125 0.0828125 0.0734375
1 0.3734375 0.3953125 0.121875 0.28203125
1 0.334375 0.9078125 0.06328125 0.08515625
1 0.41640625 0.91015625 0.05234375 0.0640625