1 0.7122222218750001 0.4888888890625 0.70055555625 0.38444444375 0.6966666671875 0.3866666671875 0.6950000000000001 0.3940740734375 0.69055555625 0.4 0.687222221875 0.41851851875 0.6900000000000001 0.497777778125 0.692777778125 0.5059259265625 0.712777778125 0.51851851875 0.7122222218750001 0.4888888890625
1 0.7483333328125 0.37333333281250003 0.7666666671875 0.5170370375 0.7711111109375001 0.5229629625000001 0.8088888890625 0.5081481484375 0.82 0.49925925937500004 0.8222222218749999 0.4940740734375 0.8233333328124999 0.36148148125 0.8283333328125 0.34444444375 0.8316666671874999 0.3 0.8316666671874999 0.2896296296875 0.827222221875 0.2748148140625 0.8294444437499999 0.263703703125 0.8011111109375 0.257777778125 0.79444444375 0.2533333328125 0.7537038890625001 0.3506170375 0.747222221875 0.3496296296875 0.7537038890625001 0.390123703125 0.747777778125 0.3570370375 0.7483333328125 0.37333333281250003
1 0.13055555624999998 0.4140740734375 0.1438888890625 0.43407407343750004 0.1483333328125 0.44925925937500005 0.1411111109375 0.4940740734375 0.15555555625 0.5318518515624999 0.16055555625 0.536296296875 0.17555555625000002 0.540740740625 0.1866666671875 0.540740740625 0.20055555625000002 0.5333333328125 0.202222221875 0.5251851859375 0.19555555625 0.5074074078125 0.19 0.46296296249999996 0.17555555625000002 0.45259259218750003 0.1716666671875 0.4370370375 0.16944444375 0.3881481484375 0.1661111109375 0.37555555625000003 0.16 0.3718518515625 0.15444444375 0.3725925921875 0.14444444375 0.360740740625 0.142222221875 0.35407407343749997 0.137777778125 0.35555555625 0.13444444375 0.3481481484375 0.11888888906249999 0.35111111093749997 0.1161111109375 0.35925925937500003 0.1211111109375 0.3725925921875 0.125 0.4 0.13055555624999998 0.4140740734375
3 0.6811111109375 0.79555555625 0.692222221875 0.7911111109375 0.705 0.7948148140625 0.7150000000000001 0.7918518515625 0.7194444437499999 0.7792592593750001 0.7188888890625 0.7496296296875 0.7238888890624999 0.72 0.7233333328125 0.7022222218749999 0.72055555625 0.699259259375 0.7016666671875 0.70148148125 0.6888888890625 0.6970370375 0.6866666671874999 0.7074074078125 0.687222221875 0.739259259375 0.6833333328125 0.757777778125 0.6738888890625 0.7711111109375001 0.65444444375 0.7740740734375 0.652222221875 0.777777778125 0.6511111109375001 0.7866666671875 0.6538888890625 0.7918518515625 0.6599999999999999 0.7948148140625 0.6811111109375 0.79555555625
0 0.7833333328125 0.2288888890625 0.7988888890625 0.2311111109375 0.8066666671875 0.22444444375 0.8116666671875 0.21259259218749998 0.81444444375 0.18222222187499998 0.8138888890624999 0.160740740625 0.8061111109375 0.13999999999999999 0.7977777781250001 0.1318518515625 0.7816666671875 0.1303703703125 0.76444444375 0.142222221875 0.7538888890625 0.15925925937500002 0.747222221875 0.1651851859375 0.7438888890625 0.17629629687499998 0.7433333328125 0.1851851859375 0.747222221875 0.196296296875 0.7633333328125 0.22148148124999997 0.7833333328125 0.2288888890625
2 0.6933333328125 0.34888888906250004 0.6933333328125 0.33259259218750004 0.6977777781250001 0.3 0.6950000000000001 0.28296296249999997 0.68444444375 0.2740740734375 0.6788888890625 0.28444444375 0.6772222218749999 0.303703703125 0.6805555562500001 0.3296296296875 0.6849999999999999 0.33999999999999997 0.6933333328125 0.34888888906250004
2 0.45055555625 0.4533333328125 0.45499999999999996 0.462222221875 0.467777778125 0.4681481484375 0.4761111109375 0.456296296875 0.47888888906249993 0.4474074078125 0.482222221875 0.41777777812499994 0.48166666718749995 0.3859259265625 0.47444444375000006 0.38074074062499996 0.47444444375000006 0.37555555625000003 0.462222221875 0.38 0.44166666718750003 0.4066666671875 0.44555555625 0.42000000000000004 0.44055555625 0.4303703703125 0.442222221875 0.4474074078125 0.45055555625 0.4533333328125
2 0.297777778125 0.6681481484375 0.29500000000000004 0.6599999999999999 0.2983333328125 0.6518518515625 0.2983333328125 0.6303703703125 0.29500000000000004 0.6288888890625 0.2783333328125 0.6340740734375 0.27555555625 0.63851851875 0.272222221875 0.6570370375000001 0.27444444375 0.676296296875 0.2961111109375 0.6718518515625 0.297777778125 0.6681481484375
3 0.3783333328125 0.77851851875 0.38055555625 0.7711111109375001 0.38055555625 0.7311111109375 0.365 0.7281481484375 0.36 0.7311111109375 0.3411111109375 0.7311111109375 0.33944444375 0.7333333328125 0.3383333328125 0.7481481484375 0.342222221875 0.780740740625 0.37333333281250003 0.780740740625 0.3783333328125 0.77851851875
3 0.35111111093749997 0.8740740734375001 0.35944444375 0.8851851859375 0.36833333281249997 0.8911111109375 0.37333333281250003 0.8918518515624999 0.39055555625 0.8859259265625001 0.39444444375 0.8807407406250001 0.39444444375 0.8770370375000001 0.3883333328125 0.8718518515625 0.38166666718750003 0.8488888890625 0.377222221875 0.8103703703124999 0.37944444375 0.7881481484374999 0.37555555625000003 0.78444444375 0.3461111109375 0.7903703703125 0.3438888890625 0.7933333328125001 0.3438888890625 0.8103703703124999 0.347777778125 0.86 0.35111111093749997 0.8740740734375001
0 0.13055555624999998 0.30962962968749996 0.16999999999999998 0.2888888890625 0.18 0.2851851859375 0.18944444375 0.2859259265625 0.19277777812500002 0.28296296249999997 0.1888888890625 0.2681481484375 0.17944444375 0.2548148140625 0.1738888890625 0.24814814843750002 0.15722222187499998 0.24 0.14555555625 0.24 0.13 0.24814814843750002 0.12277777812499999 0.25555555625 0.11777777812500001 0.2711111109375 0.11777777812500001 0.28444444375 0.1211111109375 0.30222222187500003 0.1183333328125 0.3111111109375 0.13055555624999998 0.30962962968749996
2 0.86944444375 0.5866666671874999 0.88055555625 0.556296296875 0.8800000000000001 0.54444444375 0.872222221875 0.5281481484375 0.8727777781249999 0.52444444375 0.8661111109374999 0.5259259265625 0.8638888890624999 0.52148148125 0.8488888890625 0.520740740625 0.8444444437499999 0.540740740625 0.8416666671874999 0.5718518515625 0.852777778125 0.580740740625 0.857222221875 0.5881481484375 0.86944444375 0.5866666671874999
2 0.16944444375 0.6088888890625 0.17333333281250002 0.6148148140624999 0.17555555625000002 0.6044444437500001 0.1788888890625 0.6044444437500001 0.182777778125 0.599259259375 0.18111111093750001 0.5785185187499999 0.1661111109375 0.560740740625 0.1583333328125 0.5629629625 0.1383333328125 0.580740740625 0.137222221875 0.5837037031250001 0.1616666671875 0.616296296875 0.1661111109375 0.616296296875 0.16944444375 0.6088888890625
0 0.317777778125 0.120740740625 0.352777778125 0.12740740781249998 0.36 0.12222222187500001 0.362777778125 0.11259259218749999 0.3633333328125 0.09851851874999999 0.35722222187499997 0.051851851562499995 0.35 0.0311111109375 0.32999999999999996 0.008888889062499999 0.32055555625 0.003703703125 0.31055555625000003 0.0029629625 0.29 0.0096296296875 0.28055555625 0.023703703125 0.2716666671875 0.057777778125 0.27 0.07555555625 0.27611111093749996 0.0933333328125 0.28611111093749997 0.1074074078125 0.317777778125 0.120740740625
3 0.24500000000000002 0.8548148140625 0.2561111109375 0.737777778125 0.25555555625 0.7259259265625 0.247777778125 0.7325925921875001 0.2366666671875 0.736296296875 0.22777777812500002 0.73555555625 0.21611111093750002 0.7266666671875 0.2138888890625 0.7325925921875001 0.21000000000000002 0.7829629625 0.21277777812499998 0.8866666671875001 0.22611111093749997 0.87851851875 0.23777777812499998 0.8666666671875 0.24500000000000002 0.8548148140625
2 0.20055555625000002 0.516296296875 0.205 0.5148148140625 0.207222221875 0.500740740625 0.2133333328125 0.49629629687500004 0.222777778125 0.502222221875 0.22777777812500002 0.5096296296875 0.2383333328125 0.5066666671875 0.24444444375000002 0.47555555624999996 0.24 0.4703703703125 0.232777778125 0.47851851874999995 0.22999999999999998 0.477777778125 0.22722222187500002 0.45407407343750006 0.222222221875 0.436296296875 0.22444444375 0.4348148140625 0.20833333281250002 0.42444444375 0.195 0.423703703125 0.19055555625 0.42740740781250003 0.19 0.44296296249999995 0.19444444375 0.48962962968749996 0.1966666671875 0.5066666671875 0.20055555625000002 0.516296296875
1 0.185 0.376296296875 0.18055555625 0.379259259375 0.18055555625 0.3866666671875 0.177777778125 0.3918518515625 0.1788888890625 0.396296296875 0.1738888890625 0.40444444375 0.17333333281250002 0.420740740625 0.17555555625000002 0.436296296875 0.18222222187499998 0.44296296249999995 0.18555555625 0.439259259375 0.1866666671875 0.4311111109375 0.1911111109375 0.42740740781250003 0.192222221875 0.42296296250000004 0.19555555625 0.42222222187499997 0.202592778125 0.42222222187499997 0.21611111093750002 0.42888888906249995 0.21833333281249998 0.42444444375 0.23333333281250002 0.4311111109375 0.23611111093749998 0.43555555625000003 0.25944444375 0.41111111093749997 0.292777778125 0.38962962968750003 0.3138888890625 0.3829629625 0.33388888906249997 0.38148148125 0.38444444375 0.3851851859375 0.3883333328125 0.3651851859375 0.3883333328125 0.33629629687499996 0.39388888906249997 0.322222221875 0.4 0.3281481484375 0.41333333281250006 0.3296296296875 0.41166666718749995 0.3281481484375 0.417222221875 0.2629629625 0.41444444375 0.26 0.41555555625 0.25555555625 0.41333333281250006 0.2548148140625 0.412222221875 0.243703703125 0.407777778125 0.23629629687499998 0.392222221875 0.21851851875 0.38333333281250004 0.2148148140625 0.37666666718749997 0.2029629625 0.3638888890625 0.1940740734375 0.357777778125 0.17333333281250002 0.35444444375 0.1688888890625 0.352222221875 0.1696296296875 0.352222221875 0.1748148140625 0.3483333328125 0.18148148125000002 0.35055555625 0.1874074078125 0.3466666671875 0.20148148125 0.3266666671875 0.22148148124999997 0.3138888890625 0.22074074062500001 0.307222221875 0.2140740734375 0.297777778125 0.202222221875 0.287777778125 0.18 0.282777778125 0.1740740734375 0.2733333328125 0.1711111109375 0.2633333328125 0.1718518515625 0.22944444375 0.1933333328125 0.205 0.2296296296875 0.19444444375 0.2511111109375 0.192222221875 0.26 0.19444444375 0.27999999999999997 0.18222222187499998 0.3118518515625 0.17944444375 0.3140740734375 0.17555555625000002 0.3333333328125 0.17555555625000002 0.34148148125 0.18055555625 0.3451851859375 0.1866666671875 0.3651851859375 0.185 0.376296296875
1 0.26277777812499997 0.46296296249999996 0.2666666671875 0.46666666718750005 0.2788888890625 0.4651851859375 0.2811111109375 0.46148148125 0.3116666671875 0.4503703703125 0.3416666671875 0.4511111109375 0.3483333328125 0.45407407343750006 0.372777778125 0.4511111109375 0.372777778125 0.442222221875 0.3688888890625 0.4311111109375 0.375 0.40814814843749997 0.365 0.40518518593749997 0.33388888906249997 0.40444444375 0.30055555625 0.40814814843749997 0.28944444375 0.41925925937499997 0.2766666671875 0.423703703125 0.2783333328125 0.4281481484375 0.26555555625 0.439259259375 0.265 0.443703703125 0.2561111109375 0.44666666718750003 0.2538888890625 0.45555555625000005 0.2611111109375 0.45407407343750006 0.2633333328125 0.456296296875 0.26277777812499997 0.46296296249999996