3 0.5791015625 0.7496339671875 0.603515625 0.7423133234375 0.603515625 0.7306002921875 0.587890625 0.7188872625 0.5712890625 0.6910688140625 0.5595703125 0.68814055625 0.5458984375 0.7027818453125 0.53515625 0.701317715625 0.529296875 0.727672034375 0.5322265625 0.739385065625 0.5546875 0.739385065625 0.5791015625 0.7496339671875
0 0.533203125 0.20058565156250002 0.541015625 0.20058565156250002 0.599609375 0.12591508125 0.5927734375 0.11566617812499999 0.5986328125 0.0922401171875 0.595703125 0.08052708593749999 0.552734375 0.04978038125 0.53125 0.05270863906249999 0.513671875 0.06442166875000001 0.5 0.0849194734375 0.4912109375 0.1112737921875 0.4892578125 0.139092240625 0.4921875 0.1493411421875 0.5166015625 0.191800878125 0.533203125 0.20058565156250002
3 0.7353515625 0.937042459375 0.751953125 0.9033674968750001 0.708984375 0.9062957546874999 0.69921875 0.9019033671875001 0.671875 0.929721815625 0.6728515625 0.9443631046875 0.69140625 0.9516837484374999 0.7119140625 0.9516837484374999 0.7353515625 0.937042459375
3 0.4052734375 0.7730600296875 0.4296875 0.7686676421875 0.4287109375 0.743777453125 0.40885449218750003 0.7257203515625 0.3974609375 0.70717423125 0.392578125 0.6896046859375 0.380859375 0.7027818453125 0.37890625 0.7159590046875 0.3818359375 0.727672034375 0.3974609375 0.7686676421875 0.4052734375 0.7730600296875
2 0.7255859375 0.5754026359375 0.724609375 0.560761346875 0.697265625 0.5329428984375 0.693359375 0.515373353125 0.68359375 0.51683748125 0.6640625 0.53587115625 0.6767578125 0.6105417281250001 0.693359375 0.6325036609375 0.7099609375 0.6398243046875 0.7255859375 0.5754026359375
0 0.5263671875 0.3718887265625 0.5361328125 0.38945827187500004 0.5517578125 0.38360175625 0.55078125 0.33089311875 0.53515625 0.3030746703125 0.5029296875 0.3089311859375 0.4814453125 0.344070278125 0.48046875 0.35578330937499997 0.4873046875 0.3660322109375 0.509765625 0.36017569531250004 0.5263671875 0.3718887265625
2 0.4951171875 0.743777453125 0.505859375 0.7423133234375 0.5107421875 0.7188872625 0.5078125 0.686676428125 0.4833984375 0.6983894578125 0.474609375 0.6837481703125 0.46484375 0.6778916546875 0.4580078125 0.6954612 0.4580078125 0.7086383609375 0.478515625 0.7481698390625 0.486328125 0.7525622249999999 0.4951171875 0.743777453125
2 0.7431640625 0.32650073281249997 0.759765625 0.3221083453125 0.76953125 0.3001464125 0.77734375 0.23572474375 0.75390625 0.21229868281250003 0.7412109375 0.23572474375 0.712890625 0.26500732031249996 0.705078125 0.29428989687499996 0.7041015625 0.3221083453125 0.7177734375 0.323572475 0.7294921875 0.3147877015625 0.7431640625 0.32650073281249997
3 0.849609375 0.9677891656250001 0.8701171875 0.9502196187499999 0.865234375 0.9033674968750001 0.8193359375 0.918008784375 0.8173828125 0.9238652999999999 0.818359375 0.95461200625 0.8251953125 0.9590043921875001 0.83544921875 0.956076134375 0.849609375 0.9677891656250001
1 0.6279296875 0.3221083453125 0.650390625 0.3411420203125 0.6767578125 0.34992679375 0.6787109375 0.3572474375 0.673828125 0.3806735 0.6787109375 0.40117130312500004 0.705078125 0.42606149374999996 0.7109375 0.41727672031249996 0.71484375 0.3923865296875 0.7509765625 0.39677891718749997 0.7666015625 0.4099560765625 0.80078125 0.4040995609375 0.810546875 0.3953147875 0.8271484375 0.3572474375 0.826171875 0.2898975109375 0.810546875 0.24158125937500002 0.7978515625 0.2240117125 0.7822265625 0.234260615625 0.77734375 0.247437775 0.7685546875 0.2518301609375 0.763671875 0.2430453875 0.75830078125 0.2430453875 0.7548828125 0.2137628109375 0.7626953125 0.20058565156250002 0.763671875 0.1698389453125 0.75 0.14787701250000002 0.751953125 0.0790629578125 0.697265625 0.0790629578125 0.6220703125 0.1185944359375 0.6181640625 0.1376281109375 0.62890625 0.1420204984375 0.640625 0.210834553125 0.623046875 0.222547584375 0.603515625 0.2181551984375 0.591796875 0.234260615625 0.576171875 0.2386530015625 0.57421875 0.2620790625 0.595703125 0.31918008750000004 0.6064453125 0.3338213765625 0.6279296875 0.3221083453125
1 0.416015625 0.5871156656250001 0.4013671875 0.5622254765625 0.3740234375 0.5314787703125 0.3671875 0.53587115625 0.3564453125 0.5695461203125001 0.3603515625 0.63103953125 0.3681640625 0.6383601750000001 0.3876953125 0.6237188875 0.416015625 0.5871156656250001
1 0.4404296875 0.572474378125 0.443359375 0.5563689609375 0.4765625 0.5446559296875 0.478515625 0.5622254765625 0.48828125 0.5651537328125 0.498046875 0.5505124453125 0.50390625 0.52122986875 0.5205078125 0.47877013125 0.5234375 0.45827232812499996 0.521484375 0.446559296875 0.5146484375 0.4377745234375 0.509765625 0.4377745234375 0.5009765625 0.4553440703125 0.486328125 0.4304538796875 0.4794921875 0.393850659375 0.4736328125 0.3909224015625 0.419921875 0.4289897515625 0.3798828125 0.496339678125 0.375 0.5109809656250001 0.3779296875 0.522693996875 0.427734375 0.57393850625 0.4404296875 0.572474378125