0 0.72734375 0.40078125 0.06328125 0.10703125
0 0.8171875 0.39296875 0.05390625 0.10546875
0 0.6359375 0.38984375 0.0609375 0.10234375
0 0.4734375 0.4046875 0.0765625 0.0953125
0 0.40546875 0.38515625 0.08046875 0.1015625
1 0.3859375 0.525 0.0921875 0.2140625
1 0.4703125 0.540625 0.09609375 0.1921875
1 0.6453125 0.521875 0.0859375 0.2
1 0.73828125 0.53125 0.0921875 0.2015625
1 0.8203125 0.53125 0.05859375 0.18125
3 0.38046875 0.9265625 0.07265625 0.071875
3 0.39375 0.88046875 0.05390625 0.05703125
3 0.45625 0.87578125 0.0484375 0.08359375
3 0.5171875 0.87421875 0.05703125 0.0890625
3 0.61875 0.8015625 0.05 0.08203125
3 0.65546875 0.81484375 0.04375 0.096875
3 0.82890625 0.84921875 0.04375 0.10390625