1 0.84140625 0.46953125 0.17421875 0.32578125
1 0.68828125 0.43828125 0.17109375 0.2828125
1 0.4421875 0.39609375 0.2 0.22265625
1 0.128125 0.36796875 0.06953125 0.134375
1 0.2890625 0.37109375 0.06875 0.1125
3 0.47734375 0.91171875 0.078125 0.090625
3 0.6265625 0.85 0.0796875 0.10078125
3 0.7265625 0.86953125 0.0859375 0.12265625
3 0.7859375 0.94765625 0.071875 0.1046875
3 0.88671875 0.953125 0.08984375 0.09375
3 0.040625 0.5890625 0.05 0.0390625
3 0.11484375 0.6 0.03828125 0.05625
3 0.315625 0.584375 0.04765625 0.0546875
3 0.2890625 0.575 0.0328125 0.0390625