1 0.17109375 0.5234375 0.0796875 0.59453125
0 0.190625 0.2828125 0.05703125 0.1046875
1 0.17265625 0.43515625 0.07890625 0.21875
3 0.17109375 0.78828125 0.07265625 0.071875
0 0.48046875 0.54609375 0.11953125 0.5875
1 0.48203125 0.446875 0.09296875 0.2265625
3 0.525 0.778125 0.03125 0.1390625
3 0.4875 0.7859375 0.053125 0.1109375
1 0.24453125 0.540625 0.15 0.60859375
0 0.23828125 0.28671875 0.053125 0.096875
1 0.24140625 0.4328125 0.0875 0.21171875
3 0.25703125 0.80234375 0.046875 0.08046875
2 0.1484375 0.540625 0.0265625 0.053125
2 0.15390625 0.46953125 0.0234375 0.0484375
2 0.31015625 0.29453125 0.02109375 0.053125
2 0.20234375 0.4796875 0.0125 0.0421875
2 0.52734375 0.51171875 0.021875 0.053125
2 0.43359375 0.50703125 0.0265625 0.046875