3 0.09140625 0.9640625 0.0625 0.07109375
3 0.54921875 0.94765625 0.05 0.1015625
3 0.659375 0.95859375 0.0921875 0.08203125
3 0.75078125 0.91875 0.07109375 0.096875
3 0.8453125 0.93984375 0.08671875 0.11953125
3 0.26875 0.95625 0.084375 0.08671875
3 0.30078125 0.93828125 0.04765625 0.065625
0 0.37421875 0.24609375 0.09296875 0.16484375
0 0.55859375 0.265625 0.0953125 0.14296875
0 0.76875 0.26015625 0.0890625 0.134375
0 0.86953125 0.23515625 0.1015625 0.146875
0 0.29765625 0.29921875 0.08984375 0.12890625
0 0.07109375 0.325 0.11171875 0.16953125