1 0.30234375 0.49765625 0.11015625 0.45546875
1 0.39609375 0.503125 0.09375 0.47890625
1 0.47421875 0.4984375 0.09765625 0.43125
1 0.5375 0.4921875 0.096875 0.39609375
1 0.57890625 0.4875 0.07421875 0.36171875
1 0.65859375 0.4890625 0.09453125 0.3625
1 0.828125 0.56484375 0.171875 0.75625
0 0.83203125 0.2625 0.0921875 0.1234375
0 0.6578125 0.3609375 0.04296875 0.06484375
0 0.58984375 0.34375 0.03984375 0.06796875
0 0.5453125 0.32734375 0.0421875 0.08125
0 0.46953125 0.3234375 0.06328125 0.0984375
0 0.4046875 0.30859375 0.05625 0.08515625
0 0.3171875 0.31015625 0.053125 0.08125
3 0.80390625 0.8796875 0.0984375 0.08984375
3 0.28984375 0.70625 0.03984375 0.07109375
3 0.41328125 0.67890625 0.05078125 0.040625
3 0.3703125 0.68671875 0.040625 0.0578125
3 0.62890625 0.63828125 0.0359375 0.0453125
3 0.6515625 0.63515625 0.04453125 0.04140625
3 0.5859375 0.6390625 0.05 0.04375
3 0.565625 0.64921875 0.04375 0.0484375
2 0.6265625 0.509375 0.02421875 0.04609375
2 0.67578125 0.5109375 0.0171875 0.0328125