0 0.47421875 0.11640625 0.08984375 0.1765625
0 0.65390625 0.17578125 0.05234375 0.06796875
0 0.8 0.16328125 0.0578125 0.09921875
0 0.8984375 0.12265625 0.065625 0.0875
0 0.1328125 0.1484375 0.05703125 0.08203125
1 0.47109375 0.3515625 0.146875 0.3046875
1 0.653125 0.27578125 0.0703125 0.13515625
1 0.803125 0.3125 0.10234375 0.19140625
1 0.91171875 0.25703125 0.08046875 0.18359375
1 0.13359375 0.25078125 0.08359375 0.1296875
3 0.10546875 0.46484375 0.02734375 0.06484375
3 0.12734375 0.475 0.0390625 0.0546875
3 0.4328125 0.89375 0.065625 0.2125
3 0.471875 0.875 0.065625 0.1484375
3 0.834375 0.5546875 0.0546875 0.12890625
3 0.6765625 0.50078125 0.05 0.06015625
3 0.6515625 0.48203125 0.059375 0.078125
3 0.88984375 0.5703125 0.06484375 0.0796875