0 0.17806249999999996 0.11667187500000001 0.14921874999999998 0.10934374999999999
2 0.163578125 0.19624999999999998 0.09773437500000001 0.04693750000000001
1 0.115203125 0.379796875 0.18626562500000002 0.26082812499999997
3 0.11768749999999999 0.264640625 0.23073437499999994 0.48903125000000003
3 0.6118750000000001 0.25650000000000006 0.33874999999999994 0.500609375
0 0.617015625 0.0405 0.12728125000000007 0.08065625000000001
1 0.5977812499999999 0.25793750000000004 0.17448437499999994 0.31703125000000004
2 0.474578125 0.295109375 0.05206250000000008 0.09818750000000005
2 0.70446875 0.35315625 0.04609375 0.10107812499999999
2 0.675859375 0.7301562500000001 0.049203125000000014 0.018093750000000065
0 0.678265625 0.67725 0.07815624999999997 0.08134375000000009
1 0.68796875 0.83921875 0.10154687500000001 0.17990625000000007
2 0.6684375 0.9605937499999999 0.06842187499999994 0.045468749999999857
2 0.61153125 0.93590625 0.042640624999999946 0.047265625
2 0.515625 0.9765625 0.04375 0.046875
0 0.562109375 0.6053437500000001 0.09792187499999994 0.09196875000000002
1 0.479796875 0.83246875 0.10587499999999998 0.31123437500000006
3 0.5078125 0.7640625 0.178125 0.471875
3 0.676390625 0.795734375 0.15942187499999996 0.40851562500000005